12145,11798,11462,11117,10770,10435,10090,9754.6,9409.8,9063.9,8730.3,8385.9,8041.5,7750.6,7459.8,7179.1,6910.7,6597.4,6346.8,6260,6160,5959.2,5686.7,5411.5,5135,4845.5,4566.7,4300.2,4024.9
12198,11851,11515,11170,10823,10487,10142,9806.2,9461.4,9115.6,8781.4,8437,8092.6,7791.1,7505.3,7224.6,6950.7,6642.4,6386.9,6299.6,6200,6004.2,5726.3,5450.7,5174.6,4889.6,4610.8,4339,4063.7
12252,11905,11568,11222,10876,10539,10194,9857.9,9513.1,9167.2,8832.5,8488.1,8143.7,7831.5,7550.8,7270.1,6990.8,6687.4,6426.9,6339.2,6240,6049.2,5765.9,5489.9,5214.2,4933.6,4654.9,4377.8,4102.5
12305,11958,11621,11274,10934,10591,10245,9910.1,9564.7,9218.9,8884.1,8539.2,8194.8,7872.3,7595.6,7315.6,7035,6732.1,6466.9,6378.8,6279.6,6091.3,5805.5,5529.1,5253.5,4977.7,4699,4416.8,4141.3
12358,12011,11673,11327,10990,10644,10301,9962.2,9616.4,9273.6,8935.7,8590.3,8248.5,7913.2,7636,7358.8,7080.5,6772.2,6506.9,6419.5,6319.2,6130.9,5849.4,5569.4,5292.7,5017.2,4741.5,4456,4180.5
12412,12064,11727,11380,11043,10696,10359,10014,9668,9330.4,8986.9,8642.6,8304.7,7962.1,7677.3,7399.2,7121.6,6812.2,6546.9,6464.5,6364.1,6170.7,5894,5614,5334.7,5056.4,4780.3,4498.1,4219.7
12465,12120,11780,11438,11095,10748,10412,10066,9719.7,9383.8,9037.9,8699.5,8358.1,8012.7,7722.7,7439.7,7161.7,6852.2,6589,6508.5,6409.1,6210.7,5934.2,5657.6,5378.7,5095.5,4819.1,4541.7,4263.2
12521,12179,11833,11495,11148,10804,10464,10118,9773.4,9435.4,9089.6,8754.6,8409.1,8063.7,7767.3,7480.1,7202,6892.5,6634,6548.5,6449.2,6253.1,5973.8,5697.2,5420.5,5134.7,4858.3,4582.8,4306.9
12579,12233,11886,11548,11202,10862,10516,10171,9830.3,9487.1,9141.3,8805.7,8460.2,8114.8,7807.8,7523.1,7242.4,6937.5,6676.9,6589.6,6489.3,6297.6,6017.6,5737.6,5460.1,5178.2,4898.5,4622,4346
12635,12286,11943,11601,11260,10916,10569,10228,9884.9,9538.7,9198.2,8857,8511.3,8170.4,7849.3,7568.6,7287,6982.5,6717,6634.6,6534.2,6339.9,6062.2,5782.2,5502.2,5222.2,4942.5,4663.8,4384.8
12688,12343,12001,11654,11316,10968,10626,10284,9937.1,9594.4,9254.5,8908.6,8565.7,8226.6,7895.3,7614.1,7332.5,7028,6759.1,6678.5,6579.2,6379.9,6102.6,5826,5546.7,5266.7,4986.6,4707.9,4428.2
12744,12402,12054,11708,11369,11025,10683,10336,9991.9,9651.2,9306.2,8962.1,8621.9,8278,7942.5,7659.6,7378,7073.1,6804.1,6718.6,6624.2,6422.4,6142.2,5865.6,5588.9,5311.3,5030.7,4749.3,4472.3
12803,12456,12108,11766,11424,11083,10735,10390,10049,9704.2,9358.6,9018.3,8674.6,8329.1,7993.6,7702.3,7423.5,7113.6,6847,6759.6,6669.2,6467.4,6186.2,5905.8,5628.5,5351.5,5074.3,4788.1,4512
12858,12510,12166,11824,11483,11136,10788,10447,10106,9756.4,9415.4,9074.7,8725.7,8385.2,8046,7742.7,7464.6,7154.5,6887,6804.7,6709.3,6512.5,6231.2,5950.3,5670.1,5390.7,5113.9,4829.2,4550.8
12911,12568,12225,11882,11536,11188,10846,10504,10163,9812.9,9472.2,9131.6,8780.9,8441.4,8101.6,7786.3,7505.1,7199.5,6929.4,6849.8,6749.3,6557.5,6276.2,5994.9,5714.2,5433.9,5153.9,4873.3,4593.6
12969,12626,12283,11937,11589,11246,10904,10562,10217,9869.7,9529,9185.5,8837.7,8497.6,8155.8,7832.3,7550,7244.5,6974.8,6895.3,6794.3,6602.5,6321.2,6039.4,5758.5,5478.5,5198,4917.4,4637.7
13028,12685,12341,11990,11646,11304,10962,10617,10269,9926.5,9585.8,9236.6,8894.1,8553.8,8206.9,7878,7595.4,7290,7020.1,6940.7,6839.3,6647.5,6365.9,6084,5803,5522.7,5242.1,4961.5,4681.4
13087,12743,12400,12047,11704,11361,11019,10669,10325,9983.3,9642.6,9290.8,8950.3,8610,8259.8,7923.5,7640.9,7335.5,7065.1,6985.7,6884.3,6690,6410.4,6129,5847.8,5566.8,5286.2,5005.5,4725.1
13147,12802,12458,12106,11762,11419,11076,10724,10382,10041,9697.7,9347.6,9007,8665.7,8316,7975.8,7686.4,7381,7110.4,7029.5,6929.3,6730,6451.4,6174,5892.8,5611.2,5330.3,5049.6,4769
13205,12861,12517,12164,11820,11477,11134,10782,10439,10098,9749.3,9404.4,9063.8,8716.8,8372.2,8032,7731.9,7426.5,7155.9,7069.5,6974.8,6772.5,6491.4,6218.6,5937.6,5655.7,5374.8,5093.9,4813.1
13264,12919,12575,12222,11878,11535,11192,10839,10497,10155,9803.1,9461.2,9120,8768.7,8428.4,8087.8,7777.4,7472,7201.1,7110.8,7020.3,6817.6,6535.3,6263.1,5982.2,5700.3,5419.3,5138.4,4857.2
13323,12978,12634,12280,11936,11593,11250,10896,10554,10212,9859.9,9518,9176.2,8825.5,8484.6,8143.4,7823.4,7517.5,7246.1,7156.3,7065.3,6862.6,6580.4,6308.1,6026.7,5744.8,5463.9,5182.8,4901.3
13381,13037,12692,12338,11994,11651,11307,10954,10612,10269,9919.1,9574.9,9233,8883.3,8540.8,8199.4,7869.4,7563,7291.4,7203.1,7110.3,6907.6,6629.3,6353.2,6071.3,5789.4,5508.4,5226.9,4945.4
13440,13096,12751,12397,12052,11708,11365,11012,10669,10327,9981.1,9631.7,9289.8,8944.6,8597,8255.6,7914.9,7608.5,7336.9,7253.7,7155.8,6952.8,6679.3,6398.2,6116,5833.9,5552.5,5271,4989.4
13499,13154,12809,12456,12110,11766,11423,11075,10726,10383,10041,9688.5,9346.6,9004.8,8653.2,8311.8,7960.5,7654,7382.4,7302.8,7201.3,6998.3,6725.4,6443.2,6161,5878.5,5596.6,5315.1,5033.8
13558,13213,12867,12519,12170,11824,11481,11137,10784,10440,10098,9745.3,9403.4,9061.6,8709.4,8368,8021.8,7699.5,7427.9,7348.3,7246.8,7046.2,6770.4,6488.2,6205.8,5923,5641.1,5359.3,5078.3
13617,13272,12926,12582,12234,11882,11538,11195,10842,10498,10155,9802.1,9460.3,9118.2,8765.6,8424.2,8082.8,7745,7473.4,7393.8,7292.3,7096.2,6815.4,6533.2,6250.4,5967.8,5685.7,5403.8,5122.6
13676,13331,12985,12640,12296,11940,11596,11252,10905,10555,10212,9863.4,9517.7,9174.4,8825.1,8480.4,8139,7790.6,7518.9,7439.3,7337.3,7143.9,6860.4,6578.2,6295.1,6012.9,5730.2,5448.4,5166.7
13739,13389,13044,12699,12354,12002,11654,11310,10966,10613,10269,9925.3,9579.7,9230.8,8887.1,8540.9,8195.2,7836.5,7567,7484.8,7382.6,7189.3,6905.8,6623.2,6340.1,6057.6,5774.8,5492.9,5213.1
13803,13453,13103,12757,12412,12065,11717,11369,11024,10673,10327,9983.1,9640.7,9287.6,8945.4,8602.2,8250.8,7883.8,7617.6,7530.3,7433.1,7234.8,6951.3,6668.3,6386.8,6102.1,5823.7,5538.3,5262.1
13863,13517,13167,12818,12470,12125,11781,11432,11081,10736,10388,10041,9697.5,9346.7,9001.6,8659,8307,7934.3,7665.3,7577.5,7483.3,7280.3,6996.4,6713.6,6436.8,6150,5873.2,5587.8,5309.2
13923,13575,13230,12882,12532,12183,11838,11493,11139,10795,10450,10103,9755.6,9408.7,9061.3,8715.2,8368.4,7988,7710.8,7628.1,7528.8,7328.4,7041.4,6763.7,6485.1,6200,5918.8,5636.5,5353.7
13987,13635,13288,12942,12596,12245,11896,11551,11199,10852,10508,10164,9817.6,9467.8,9122.6,8776.1,8428.9,8049.3,7756.6,7676.7,7574.3,7378.4,7090.9,6813.3,6530.1,6246.7,5963.8,5681.1,5398.3
14050,13700,13350,13000,12655,12309,11959,11611,11262,10914,10565,10222,9877.9,9524,9180.7,8837.4,8485.1,8108.9,7802.6,7722.2,7619.8,7425.9,7141.5,6858.3,6575.2,6291.3,6008.4,5726.3,5442.8
14109,13764,13414,13062,12713,12367,12022,11674,11325,10976,10627,10280,9934.7,9583.3,9237.5,8894.4,8542.3,8165.1,7851.4,7769.7,7665.9,7471.3,7187.8,6903.7,6620.2,6339,6053,5775.7,5489.1
14170,13829,13478,13127,12777,12427,12080,11734,11388,11039,10690,10342,9993.5,9645.3,9298.3,8951.3,8603.6,8223,7901.9,7820.2,7717,7519.8,7233.3,6954.3,6666.9,6389,6102.1,5824.7,5538.1
14234,13890,13542,13191,12841,12490,12139,11793,11447,11101,10753,10404,10055,9707.2,9360.3,9012.6,8664.9,8283.7,7956.1,7868.9,7768,7570.4,7282.7,7004.3,6716.9,6436.1,6152.2,5869.3,5587.2
14299,13949,13602,13255,12904,12553,12203,11853,11505,11160,10815,10467,10118,9769.2,9421.7,9074,8726.2,8344.6,8012.3,7914.9,7818.6,7618.1,7332.7,7049.3,6766.9,6481.1,6201.7,5914.2,5636.7
14364,14012,13661,13314,12968,12617,12266,11917,11567,11217,10872,10527,10180,9831.2,9483,9136,8787.7,8405.9,8071.6,7967.5,7868.3,7664.1,7383.2,7094.9,6816.9,6529,6251.2,5963.7,5684.8
14428,14076,13724,13373,13032,12680,12329,11980,11630,11279,10931,10584,10240,9893.2,9540.3,9197.2,8849.7,8464.9,8132.2,8028.2,7914.3,7713.1,7433.7,7145.4,6865.4,6579,6297,6013.3,5729.8
14493,14141,13788,13437,13094,12744,12393,12042,11693,11342,10993,10643,10297,9951.8,9597.1,9253.4,8909.6,8521.2,8193.4,8089.2,7963.5,7763.6,7479.8,7196,6910.9,6629.1,6342.1,6063.3,5776.3
14557,14205,13852,13501,13152,12808,12457,12105,11756,11405,11056,10706,10357,10009,9658.9,9310.6,8965.8,8579.8,8254.7,8150.5,8024.2,7814.2,7525.3,7246.5,6958,6679.1,6391.2,6112.9,5825.8
14621,14269,13916,13565,13212,12872,12521,12169,11819,11469,11119,10769,10419,10070,9720.8,9372.6,9024.1,8641.1,8316,8211.8,8085,7864.7,7575.4,7296.4,7008,6726.2,6441.2,6157.5,5875.2
14686,14333,13981,13629,13277,12935,12584,12232,11882,11531,11181,10831,10481,10132,9782.8,9434.5,9085.4,8702.5,8377.3,8273.1,8146.3,7915.7,7625.9,7341.9,7058.2,6771.2,6491.2,6202.3,5924.7
14751,14398,14046,13693,13343,12999,12648,12296,11945,11594,11244,10894,10544,10194,9844.8,9496.5,9147,8763.8,8438.6,8334.4,8207.6,7966.7,7677,7388.1,7108.8,6819.4,6541.2,6252.3,5974.4
14816,14463,14110,13757,13413,13063,12711,12359,12008,11658,11307,10957,10606,10256,9906.8,9559.8,9208.9,8825.5,8499.9,8395.7,8268.9,8024.9,7728,7438.1,7159.1,6870,6591.2,6302.3,6024.4
14881,14527,14174,13821,13479,13126,12774,12422,12072,11721,11369,11019,10669,10319,9969.6,9626.2,9273.5,8887.4,8561.2,8457,8331.7,8085.6,7778.6,7488.3,7209.2,6920.2,6641.3,6352.3,6074.3
14945,14592,14238,13888,13543,13190,12838,12486,12135,11783,11432,11082,10736,10382,10037,9691.2,9340.6,8952.2,8622.5,8518.3,8397.4,8150.6,7829.2,7539.4,7259.4,6970.2,6691.3,6402.3,6123.8
15010,14656,14305,13958,13607,13254,12902,12549,12198,11849,11496,11148,10804,10449,10104,9753.1,9404.5,9018.7,8683.8,8579.7,8461.6,8217,7879.7,7590.4,7309.9,7020.6,6741.3,6452.3,6173.4
15075,14723,14375,14023,13671,13318,12966,12613,12263,11917,11562,11216,10866,10516,10166,9815.1,9465.8,9081.6,8745.2,8641,8522.9,8279.3,7930.3,7640.9,7360.5,7071.1,6791.3,6502.4,6223.4
15142,14793,14441,14088,13735,13381,13029,12678,12332,11983,11630,11280,10928,10578,10228,9877.1,9527.5,9142.9,8811.2,8705.8,8584.2,8340.7,7991.6,7691.4,7411,7121.3,6841.3,6552.4,6273.4
15212,14860,14506,14152,13799,13451,13094,12747,12398,12046,11694,11342,10991,10641,10290,9939.4,9589.5,9204.7,8877.6,8772.2,8645.5,8402,8052.9,7742,7461.6,7171.3,6891.8,6602.4,6323.4
15279,14925,14570,14217,13868,13519,13163,12814,12462,12109,11757,11405,11054,10703,10354,10002,9651.5,9266.7,8939.1,8834.9,8707.1,8463.3,8114.2,7793.8,7512.1,7221.7,6942.3,6652.4,6373.5
15344,14990,14635,14286,13937,13583,13230,12877,12525,12172,11820,11468,11122,10766,10422,10067,9713.4,9332.7,9000.4,8896.2,8769.1,8529.1,8176,7849.4,7562.7,7272.2,6992.4,6702.5,6423.5
15409,15054,14704,14355,14001,13647,13294,12943,12588,12239,11883,11536,11189,10834,10487,10134,9779.2,9399.9,9062.4,8957.5,8833.3,8595.6,8241.7,7905.2,7613.2,7326.1,7042.4,6753,6473.5
15474,15124,14773,14419,14067,13711,13360,13013,12655,12307,11951,11604,11252,10900,10549,10198,9846.3,9462,9124.7,9018.8,8899.7,8657.2,8306.9,7961.4,7664,7381.7,7092.9,6803.9,6523.5
15543,15194,14838,14485,14136,13778,13429,13078,12724,12372,12020,11667,11316,10963,10614,10260,9909.4,9523.4,9191.1,9084.9,8963.4,8718.5,8368.2,8019.2,7715.1,7433.9,7143.5,6858.9,6573.5
15613,15258,14904,14555,14203,13847,13496,13142,12788,12435,12088,11731,11384,11028,10682,10326,9971.3,9589.9,9257,9152,9024.7,8784.8,8430.3,8080.5,7768.5,7484.4,7194,6913.6,6623.5
15684,15323,14974,14623,14267,13916,13560,13209,12852,12503,12155,11799,11451,11096,10747,10394,10038,9657,9319,9214,9089.4,8851.1,8496.7,8143.3,7824.1,7535,7244.6,6964.1,6674.9
15753,15393,15044,14687,14335,13986,13627,13279,12920,12572,12219,11868,11514,11163,10809,10457,10105,9719.2,9381.9,9275.4,9156.5,8912.4,8562.1,8209.1,7877,7585.5,7299.6,7014.6,6729.9
15819,15464,15114,14754,14405,14052,13697,13343,12988,12635,12283,11936,11578,11231,10875,10519,10172,9781.3,9449,9342.1,9223.2,8974.1,8623.4,8275,7927.6,7640.1,7355.2,7064.6,6783.7
15886,15535,15182,14824,14474,14116,13766,13407,13058,12699,12352,12002,11646,11296,10942,10586,10239,9848.4,9516,9409.2,9289.6,9041.3,8686,8341.5,7986.9,7696.3,7406.2,7115.2,6834.3
15956,15605,15246,14894,14544,14184,13834,13476,13127,12768,12420,12065,11715,11359,11010,10654,10302,9915.6,9582.4,9476.3,9356.6,9108.2,8752.4,8405.7,8053.4,7748.2,7456.7,7170.8,6884.5
16026,15676,15314,14963,14609,14253,13904,13545,13196,12837,12489,12131,11783,11424,11078,10721,10365,9982.7,9649,9543.5,9423.7,9174.1,8819,8467,8119.4,7798.8,7512,7225.8,6934.3
16096,15746,15384,15033,14673,14322,13973,13614,13264,12906,12557,12199,11851,11493,11142,10789,10432,10050,9716.2,9610.5,9486.9,9241.3,8886.2,8530.4,8185.9,7849.3,7567.6,7276.4,6986.4
16168,15816,15454,15103,14743,14392,14036,13682,13328,12975,12626,12267,11919,11561,11204,10857,10499,10117,9783.3,9676.3,9548.9,9308.4,8952.8,8596.8,8252.2,7899.9,7618.4,7327.6,7042
16238,15882,15524,15174,14813,14462,14102,13751,13393,13044,12692,12335,11984,11630,11271,10924,10567,10184,9850.4,9743.5,9613.9,9375.2,9019,8663.2,8318.8,7963.7,7668.9,7383.2,7097.6
16308,15947,15594,15244,14883,14533,14172,13821,13462,13113,12755,12404,12047,11697,11339,10993,10635,10252,9915.5,9810.6,9680.8,9441.3,9085.6,8729.6,8385,8029.7,7724.4,7438,7153.2
16379,16017,15664,15314,14952,14602,14240,13891,13531,13181,12822,12473,12114,11766,11406,11060,10702,10320,9977.4,9877.8,9748,9508.4,9151.9,8796.8,8450.7,8096.6,7781.1,7488.5,7207.1
16450,16087,15735,15384,15022,14671,14309,13960,13600,13250,12891,12541,12182,11833,11475,11128,10769,10387,10045,9944.9,9815.1,9575.6,9219,8863.1,8517.4,8162.5,7831.6,7540,7257.2
16520,16164,15805,15454,15092,14740,14380,14029,13672,13319,12963,12610,12251,11902,11544,11196,10837,10454,10118,10012,9882.3,9642.7,9286.2,8929.7,8583.5,8228.2,7882.7,7595.6,7308.8
16591,16239,15875,15523,15162,14810,14450,14099,13747,13389,13037,12679,12319,11970,11612,11263,10905,10521,10188,10079,9949.4,9709.8,9353.3,8996.8,8650.3,8295.2,7944.6,7651.2,7364.4
16661,16309,15946,15593,15234,14881,14523,14168,13818,13457,13106,12747,12393,12039,11680,11332,10973,10588,10255,10147,10017,9777,9420.5,9063,8717.4,8361,8005.7,7707.1,7420.4
16732,16379,16017,15663,15309,14951,14598,14237,13886,13526,13176,12816,12467,12107,11750,11400,11044,10656,10322,10215,10084,9844.1,9487.6,9129.7,8784.6,8426.7,8071.4,7763.6,7476.8
16803,16449,16090,15734,15382,15020,14668,14307,13956,13596,13245,12885,12535,12176,11823,11468,11117,10725,10389,10282,10156,9911.3,9553.9,9200.4,8850.5,8492.4,8137.6,7819.2,7530.3
16873,16519,16166,15804,15452,15090,14738,14377,14025,13664,13314,12953,12604,12244,11894,11536,11186,10793,10457,10349,10229,9978.4,9620.5,9272.7,8917.4,8559.5,8208.6,7875.1,7580.9
16947,16591,16238,15874,15522,15160,14808,14446,14094,13733,13382,13023,12673,12314,11963,11605,11254,10860,10525,10416,10297,10046,9687.6,9340,8983.3,8631.8,8280.1,7931.6,7633.6
17024,16661,16308,15948,15592,15235,14878,14519,14164,13809,13451,13098,12741,12387,12031,11678,11322,10927,10592,10486,10364,10113,9758.2,9406.8,9050.3,8703.7,8347,7990.3,7689.2
17096,16731,16378,16024,15662,15309,14948,14595,14234,13882,13520,13170,12810,12459,12098,11749,11390,10999,10659,10559,10431,10184,9830.5,9474,9117.4,8769.5,8412.7,8056,7745.3
17167,16806,16448,16096,15733,15379,15017,14665,14304,13951,13592,13239,12881,12528,12170,11818,11458,11071,10732,10629,10499,10257,9899,9541.1,9188.1,8836.6,8478.7,8123.9,7801.6
17242,16883,16525,16166,15808,15450,15093,14736,14378,14023,13667,13310,12955,12596,12244,11887,11526,11140,10804,10696,10572,10326,9966.2,9612.7,9260.3,8903.6,8546.7,8195.6,7857.2
17318,16953,16600,16236,15883,15525,15167,14811,14452,14098,13739,13384,13026,12665,12314,11954,11599,11208,10873,10763,10644,10393,10037,9685,9327.4,8970.2,8617.9,8264.5,7912.8
17389,17025,16670,16308,15953,15600,15237,14883,14521,14169,13807,13456,13094,12737,12383,12026,11671,11280,10940,10832,10711,10460,10110,9752.5,9394.9,9042.6,8688.3,8330.8,7976.1
17462,17101,16742,16383,16025,15670,15308,14953,14592,14239,13879,13525,13166,12811,12456,12100,11740,11353,11013,10903,10782,10527,10179,9819.7,9467.2,9113.5,8754.4,8400.1,8047.7
17537,17176,16819,16459,16101,15742,15384,15025,14667,14312,13954,13597,13240,12881,12530,12170,11809,11421,11085,10976,10854,10600,10246,9891.9,9538.9,9179.5,8823.3,8471.7,8116.3
17611,17247,16892,16535,16174,15818,15459,15101,14743,14386,14024,13671,13310,12950,12598,12237,11883,11490,11152,11046,10924,10672,10318,9963.9,9605.8,9247.9,8895.6,8540.8,8182.9
17682,17320,16962,16607,16244,15890,15533,15172,14818,14457,14094,13741,13380,13023,12666,12310,11955,11564,11221,11113,10992,10746,10390,10031,9672.6,9320.3,8965.3,8607.2,8252.2
17757,17397,17037,16679,16317,15961,15606,15242,14890,14526,14169,13811,13454,13097,12740,12384,12029,11637,11294,11185,11063,10818,10459,10099,9745,9392.1,9031.6,8676.3,8323.9
17833,17473,17113,16753,16393,16035,15676,15316,14959,14601,14243,13886,13527,13171,12814,12458,12102,11704,11367,11259,11136,10885,10527,10171,9817.3,9463.3,9101,8747.7,8396.2
17909,17549,17189,16829,16469,16110,15750,15392,15032,14675,14317,13960,13601,13244,12888,12531,12169,11773,11440,11331,11210,10953,10599,10243,9889.6,9533.8,9173.3,8819.3,8467.4
17986,17624,17264,16904,16544,16186,15826,15467,15107,14749,14392,14034,13677,13319,12961,12600,12239,11846,11512,11405,11282,11027,10671,10316,9960.3,9601,9244.8,8891.7,8535.7
18058,17701,17341,16981,16621,16261,15901,15541,15183,14824,14468,14108,13751,13393,13031,12670,12313,11920,11581,11478,11351,11099,10745,10390,10028,9670.3,9316.3,8964,8601.9
18129,17773,17417,17057,16697,16337,15977,15617,15259,14899,14541,14183,13824,13461,13101,12744,12386,11994,11651,11551,11419,11172,10817,10462,10098,9742.6,9388.7,9035.3,8671.2
18206,17845,17487,17132,16773,16413,16053,15693,15334,14973,14610,14256,13894,13532,13175,12818,12459,12067,11724,11619,11491,11245,10890,10533,10170,9814.9,9461,9103.7,8743.1
18283,17921,17560,17202,16847,16488,16128,15768,15407,15043,14681,14325,13964,13606,13249,12892,12533,12140,11798,11688,11564,11318,10962,10601,10243,9887.2,9533.3,9170.8,8815.4
18360,17998,17637,17275,16917,16562,16204,15842,15477,15115,14756,14397,14039,13679,13323,12966,12607,12214,11871,11761,11637,11392,11036,10670,10315,9959.5,9605.6,9241.7,8887.7
18436,18074,17713,17351,16989,16632,16277,15912,15549,15189,14830,14472,14113,13754,13396,13040,12681,12288,11944,11834,11711,11465,11108,10743,10387,10033,9677.9,9312.8,8958.8
18512,18150,17790,17427,17066,16705,16347,15985,15625,15265,14905,14546,14187,13830,13470,13114,12755,12362,12018,11908,11785,11537,11181,10816,10460,10106,9750.2,9384.7,9030.8
18590,18226,17865,17503,17142,16781,16423,16061,15701,15340,14981,14621,14261,13904,13545,13187,12829,12436,12091,11982,11858,11610,11254,10889,10533,10178,9822.5,9457.1,9103.1
18666,18303,17941,17584,17218,16859,16504,16139,15775,15415,15055,14696,14336,13978,13620,13261,12903,12510,12164,12055,11931,11684,11327,10962,10606,10250,9894.8,9529.4,9175.4
18743,18379,18022,17666,17297,16942,16582,16219,15854,15490,15130,14771,14412,14052,13694,13335,12977,12583,12238,12128,12005,11758,11401,11035,10678,10323,9967.1,9601.7,9247.8
18820,18462,18103,17742,17380,17019,16657,16296,15935,15570,15206,14845,14486,14127,13768,13409,13051,12656,12312,12202,12079,11832,11474,11107,10751,10395,10039,9678.5,9318.6
18903,18544,18179,17818,17458,17095,16733,16371,16011,15651,15284,14920,14560,14202,13842,13483,13125,12730,12386,12279,12152,11905,11548,11181,10825,10468,10112,9756,9390.8
18983,18621,18256,17895,17533,17170,16809,16448,16087,15725,15365,15000,14635,14275,13917,13557,13199,12804,12460,12358,12225,11978,11621,11257,10898,10541,10184,9828.6,9463.4
19059,18697,18332,17971,17609,17247,16884,16524,16163,15801,15441,15081,14716,14351,13998,13633,13273,12878,12539,12433,12301,12052,11695,11336,10975,10613,10256,9900.9,9540.8
19136,18773,18410,18048,17685,17323,16961,16600,16238,15877,15517,15156,14795,14432,14076,13712,13348,12952,12616,12506,12380,12126,11768,11411,11052,10686,10330,9973.2,9617.8
19214,18850,18487,18123,17762,17398,17037,16675,16314,15952,15592,15230,14869,14510,14150,13790,13428,13026,12690,12580,12457,12199,11842,11483,11126,10759,10402,10046,9690.1
19290,18926,18564,18200,17839,17475,17114,16751,16391,16028,15666,15305,14945,14585,14225,13865,13506,13105,12764,12654,12531,12277,11914,11556,11199,10837,10475,10119,9762.4
19367,19006,18641,18279,17921,17553,17195,16828,16472,16105,15742,15382,15020,14660,14300,13940,13580,13183,12838,12728,12605,12356,11993,11629,11271,10916,10554,10192,9834.7
19448,19089,18720,18361,18001,17634,17274,16909,16550,16186,15819,15463,15098,14735,14374,14015,13654,13258,12912,12802,12678,12430,12072,11709,11345,10988,10631,10270,9907
19531,19168,18802,18439,18077,17712,17351,16988,16626,16264,15900,15541,15178,14811,14448,14091,13728,13333,12986,12881,12755,12504,12146,11787,11417,11060,10703,10346,9979.3
19609,19244,18879,18516,18153,17789,17426,17063,16702,16340,15978,15615,15255,14891,14526,14170,13805,13407,13062,12960,12834,12578,12218,11861,11492,11133,10776,10419,10053
19686,19321,18956,18598,18228,17869,17502,17144,16777,16416,16053,15691,15329,14969,14606,14247,13885,13483,13141,13034,12909,12651,12292,11933,11571,11208,10849,10492,10131
19768,19399,19039,18679,18310,17952,17583,17225,16857,16491,16132,15766,15408,15044,14682,14322,13962,13562,13218,13109,12983,12730,12367,12006,11649,11287,10924,10565,10208
19849,19480,19119,18754,18391,18028,17664,17302,16938,16571,16213,15846,15489,15121,14757,14397,14036,13638,13293,13188,13061,12808,12446,12081,11721,11363,11002,10640,10280
19926,19563,19197,18833,18468,18104,17740,17377,17014,16652,16289,15927,15565,15202,14837,14472,14114,13713,13370,13265,13142,12882,12524,12160,11796,11437,11078,10718,10355
20004,19645,19276,18916,18545,18185,17818,17460,17090,16733,16365,16003,15640,15278,14916,14550,14194,13791,13450,13339,13216,12958,12597,12238,11875,11513,11151,10793,10433
20087,19725,19358,18996,18626,18267,17899,17540,17171,16814,16445,16077,15720,15354,14991,14630,14270,13870,13525,13416,13290,13037,12672,12312,11954,11591,11226,10866,10511
20170,19801,19439,19071,18709,18344,17980,17616,17253,16889,16526,16158,15801,15435,15066,14711,14345,13946,13599,13496,13370,13114,12751,12387,12033,11670,11305,10943,10589
20253,19881,19521,19150,18790,18421,18062,17693,17334,16966,16602,16239,15877,15514,15147,14790,14426,14021,13677,13572,13448,13188,12831,12466,12109,11748,11384,11021,10663
20332,19964,19599,19232,18870,18503,18142,17775,17414,17047,16678,16320,15952,15595,15228,14864,14505,14101,13758,13646,13522,13266,12910,12545,12182,11823,11462,11100,10736
20409,20047,19676,19315,18947,18585,18217,17856,17490,17128,16759,16400,16033,15675,15308,14941,14584,14181,13837,13724,13597,13346,12986,12624,12259,11897,11537,11178,10814
20492,20130,19758,19398,19027,18666,18297,17937,17569,17209,16840,16475,16114,15750,15388,15021,14662,14260,13917,13804,13677,13425,13060,12700,12338,11975,11611,11255,10892
20575,20213,19841,19480,19109,18748,18378,18018,17650,17287,16921,16553,16195,15826,15468,15101,14737,14339,13997,13884,13757,13504,13139,12773,12417,12053,11689,11334,10971
20657,20294,19924,19561,19191,18830,18459,18099,17731,17363,17002,16634,16273,15907,15547,15180,14814,14418,14075,13963,13836,13583,13218,12851,12496,12131,11767,11409,11048
20740,20372,20006,19639,19272,18907,18540,18178,17812,17442,17083,16715,16349,15988,15622,15261,14895,14498,14150,14044,13917,13662,13297,12931,12571,12211,11844,11481,11121
20824,20451,20089,19716,19355,18983,18623,18254,17893,17523,17164,16796,16428,16069,15700,15342,14976,14573,14227,14123,13997,13737,13377,13010,12645,12290,11923,11560,11195
20906,20534,20172,19798,19436,19066,18704,18334,17974,17604,17245,16876,16507,16149,15780,15420,15056,14650,14306,14204,14072,13812,13456,13089,12724,12367,12002,11637,11274
20984,20618,20255,19881,19519,19147,18787,18415,18057,17685,17326,16956,16588,16229,15860,15495,15135,14730,14385,14282,14147,13892,13535,13168,12803,12447,12082,11715,11352
21067,20702,20338,19964,19602,19230,18868,18498,18138,17767,17407,17037,16669,16309,15940,15574,15215,14810,14465,14357,14226,13972,13616,13247,12882,12525,12159,11794,11429
21150,20784,20421,20048,19685,19312,18951,18579,18219,17848,17488,17118,16748,16390,16021,15653,15295,14890,14545,14433,14305,14052,13695,13327,12962,12599,12238,11873,11508
21233,20869,20505,20132,19768,19394,19032,18661,18300,17929,17569,17199,16829,16471,16102,15738,15376,14969,14625,14512,14384,14131,13774,13407,13041,12674,12317,11952,11587
21318,20954,20588,20215,19851,19477,19115,18742,18382,18011,17650,17280,16915,16552,16183,15823,15455,15050,14705,14592,14465,14212,13853,13487,13120,12753,12397,12031,11665
21402,21037,20671,20297,19934,19560,19198,18824,18463,18093,17731,17361,17001,16631,16263,15903,15536,15129,14786,14673,14544,14291,13933,13566,13199,12833,12476,12109,11744
21486,21120,20756,20380,20017,19643,19280,18907,18545,18175,17812,17442,17082,16712,16343,15983,15615,15208,14865,14755,14626,14370,14013,13645,13278,12912,12555,12188,11823
21571,21205,20839,20465,20101,19726,19362,18990,18627,18257,17894,17523,17163,16793,16424,16064,15694,15292,14944,14839,14711,14452,14093,13724,13358,12993,12634,12268,11902
21655,21290,20924,20548,20184,19814,19445,19077,18709,18341,17976,17607,17244,16874,16510,16144,15775,15378,15025,14920,14793,14536,14172,13803,13437,13077,12713,12347,11980
21740,21375,21008,20633,20267,19901,19528,19164,18792,18427,18058,17695,17325,16955,16594,16225,15856,15458,15105,15001,14873,14619,14251,13883,13516,13159,12793,12426,12059
21832,21459,21092,20724,20350,19985,19611,19247,18875,18511,18140,17778,17406,17038,16674,16306,15942,15539,15189,15080,14952,14699,14330,13962,13598,13239,12871,12505,12139
21922,21544,21177,20810,20434,20069,19694,19330,18958,18594,18222,17859,17487,17125,16755,16386,16026,15618,15273,15159,15032,14778,14409,14044,13683,13317,12949,12584,12217
22007,21630,21262,20894,20518,20152,19779,19413,19040,18675,18303,17941,17568,17208,16836,16468,16106,15699,15354,15239,15112,14857,14492,14129,13764,13395,13029,12662,12298
22092,21720,21347,20979,20602,20236,19868,19496,19128,18758,18389,18023,17653,17289,16917,16555,16187,15779,15433,15319,15192,14938,14577,14209,13843,13474,13108,12743,12383
22178,21809,21431,21062,20689,20319,19954,19578,19215,18841,18477,18105,17741,17370,16998,16637,16267,15861,15513,15404,15275,15017,14657,14289,13922,13554,13189,12827,12464
22264,21894,21518,21147,20779,20406,20038,19664,19298,18924,18558,18187,17823,17451,17083,16717,16350,15946,15595,15489,15360,15101,14736,14368,14000,13637,13273,12908,12542
22350,21980,21608,21233,20864,20497,20121,19754,19383,19012,18643,18275,17906,17537,17169,16798,16437,16029,15680,15569,15442,15185,14817,14447,14083,13721,13354,12986,12623
22439,22065,21696,21324,20950,20582,20204,19839,19472,19098,18731,18360,17992,17625,17251,16879,16518,16109,15763,15651,15521,15265,14897,14531,14168,13801,13433,13069,12707
22531,22155,21781,21411,21041,20667,20294,19922,19556,19181,18817,18442,18077,17706,17332,16965,16598,16193,15843,15737,15605,15347,14981,14617,14247,13879,13515,13153,12787
22618,22247,21870,21498,21129,20756,20382,20011,19639,19267,18899,18526,18159,17788,17420,17051,16684,16280,15928,15820,15691,15433,15066,14696,14327,13963,13600,13233,12865
22708,22333,21962,21587,21214,20844,20467,20099,19727,19356,18984,18613,18244,17875,17507,17138,16770,16362,16013,15900,15772,15518,15150,14776,14411,14048,13679,13310,12947
22800,22421,22049,21678,21302,20929,20554,20182,19817,19439,19073,18702,18332,17960,17593,17223,16851,16441,16099,15983,15852,15603,15235,14861,14496,14132,13758,13395,13031
22889,22513,22135,21764,21393,21018,20643,20269,19900,19522,19157,18790,18417,18042,17678,17305,16933,16527,16185,16069,15938,15686,15315,14945,14581,14215,13843,13479,13110
22976,22603,22227,21851,21478,21108,20733,20359,19986,19611,19240,18874,18499,18127,17760,17389,17020,16613,16265,16154,16023,15766,15398,15031,14665,14295,13927,13564,13189
23068,22690,22316,21942,21564,21194,20823,20448,20074,19702,19328,18957,18586,18215,17845,17475,17106,16700,16346,16241,16110,15849,15483,15116,14744,14375,14011,13646,13273
23160,22782,22403,22033,21656,21279,20909,20539,20163,19791,19417,19045,18674,18303,17932,17562,17192,16786,16432,16325,16195,15934,15568,15201,14825,14460,14095,13725,13357
23248,22874,22495,22125,21747,21370,20994,20625,20254,19880,19507,19134,18762,18390,18020,17650,17279,16872,16518,16412,16281,16021,15652,15283,14910,14544,14179,13806,13441
23339,22967,22588,22212,21839,21461,21085,20708,20344,19969,19595,19222,18849,18478,18107,17736,17366,16959,16603,16493,16367,16106,15738,15363,14995,14629,14264,13889,13524
23431,23061,22680,22299,21931,21553,21175,20798,20433,20060,19683,19310,18937,18566,18193,17824,17453,17045,16690,16574,16453,16192,15824,15447,15080,14713,14348,13973,13607
23526,23154,22773,22391,22022,21644,21266,20889,20518,20149,19773,19399,19026,18653,18282,17911,17540,17132,16776,16661,16538,16278,15909,15532,15165,14798,14430,14057,13692
23619,23243,22866,22484,22115,21736,21356,20979,20604,20237,19862,19488,19114,18741,18370,17999,17626,17218,16863,16747,16624,16363,15995,15616,15249,14883,14509,14142,13776
23714,23330,22958,22577,22207,21828,21448,21071,20694,20327,19952,19578,19204,18830,18458,18085,17714,17304,16949,16833,16711,16449,16082,15703,15334,14969,14595,14226,13860
23808,23423,23051,22670,22299,21918,21539,21162,20785,20416,20041,19667,19293,18918,18546,18174,17801,17392,17035,16922,16797,16535,16166,15789,15420,15053,14684,14311,13943
23902,23518,23146,22762,22391,22009,21632,21253,20881,20507,20131,19756,19381,19006,18633,18262,17889,17479,17122,17014,16884,16622,16251,15874,15505,15137,14770,14395,14028
23997,23613,23239,22855,22484,22102,21724,21343,20976,20597,20222,19845,19470,19095,18722,18349,17977,17565,17210,17103,16970,16708,16337,15965,15591,15222,14855,14479,14112
24092,23712,23333,22950,22576,22195,21815,21441,21067,20688,20312,19935,19558,19183,18810,18436,18064,17652,17296,17189,17056,16795,16424,16055,15677,15308,14941,14564,14197
24187,23811,23427,23042,22669,22288,21907,21537,21157,20778,20401,20025,19649,19272,18899,18524,18152,17740,17383,17275,17143,16881,16510,16140,15762,15394,15026,14653,14281
24282,23906,23521,23138,22762,22380,22002,21629,21248,20869,20491,20114,19739,19362,18987,18612,18239,17827,17470,17362,17231,16970,16596,16225,15852,15479,15110,14742,14370
24378,24001,23615,23238,22856,22478,22099,21719,21339,20959,20586,20203,19829,19456,19075,18704,18326,17916,17563,17448,17320,17062,16685,16312,15942,15569,15195,14827,14460
24478,24096,23711,23333,22949,22576,22192,21811,21433,21057,20680,20297,19924,19549,19169,18798,18417,18009,17654,17536,17411,17150,16777,16400,16027,15658,15286,14912,14545
24579,24191,23812,23427,23045,22668,22285,21907,21531,21152,20773,20393,20016,19639,19262,18887,18511,18100,17741,17628,17501,17236,16866,16491,16115,15743,15375,14996,14629
24676,24286,23910,23522,23145,22761,22378,22006,21623,21243,20863,20483,20105,19730,19351,18976,18601,18187,17831,17719,17588,17327,16952,16579,16206,15830,15460,15081,14714
24774,24386,24005,23619,23239,22855,22472,22099,21716,21336,20954,20573,20200,19825,19443,19070,18689,18278,17924,17806,17680,17419,17043,16666,16295,15921,15546,15172,14799
24878,24489,24105,23720,23335,22953,22571,22191,21811,21433,21047,20671,20294,19917,19537,19163,18783,18371,18013,17895,17772,17506,17134,16756,16381,16010,15636,15263,14888
24977,24585,24205,23821,23436,23053,22671,22289,21909,21528,21143,20768,20385,20006,19631,19253,18877,18460,18101,17988,17861,17595,17221,16848,16471,16096,15726,15353,14978
25072,24685,24300,23922,23534,23152,22770,22385,22002,21618,21239,20864,20476,20101,19726,19344,18971,18548,18192,18082,17948,17687,17308,16935,16561,16184,15811,15441,15068
25176,24787,24398,24017,23628,23251,22863,22478,22097,21716,21337,20957,20573,20197,19818,19438,19063,18642,18285,18176,18042,17780,17400,17021,16653,16276,15900,15527,15156
25277,24888,24500,24114,23727,23344,22959,22577,22195,21813,21433,21047,20669,20292,19907,19532,19151,18736,18379,18270,18134,17873,17492,17113,16745,16366,15990,15615,15241
25375,24991,24602,24215,23828,23442,23058,22676,22294,21912,21531,21142,20765,20388,20002,19627,19244,18830,18473,18362,18226,17963,17585,17205,16831,16458,16081,15705,15328
25477,25095,24705,24317,23929,23542,23158,22774,22392,22010,21623,21240,20861,20484,20098,19723,19339,18924,18565,18451,18319,18051,17678,17299,16918,16550,16171,15795,15419
25580,25195,24808,24419,24031,23643,23258,22873,22491,22109,21717,21337,20959,20577,20193,19817,19433,19018,18659,18539,18412,18143,17771,17390,17010,16641,16263,15885,15509
25684,25292,24910,24520,24133,23744,23357,22973,22589,22207,21815,21435,21055,20668,20289,19912,19526,19112,18753,18631,18506,18235,17863,17482,17102,16733,16355,15975,15598
25787,25395,25013,24623,24234,23845,23458,23073,22688,22306,21912,21533,21152,20767,20385,20008,19622,19206,18847,18726,18600,18333,17956,17575,17193,16825,16445,16066,15689
25893,25501,25117,24726,24335,23946,23559,23172,22788,22404,22010,21630,21248,20868,20481,20104,19717,19300,18941,18826,18694,18431,18048,17668,17288,16917,16536,16158,15780
25999,25612,25220,24828,24438,24049,23660,23273,22887,22504,22114,21727,21346,20967,20577,20199,19812,19395,19035,18924,18788,18524,18142,17761,17387,17009,16628,16250,15874
26105,25718,25324,24932,24540,24150,23761,23373,22987,22603,22217,21830,21443,21063,20674,20294,19909,19491,19129,19019,18881,18618,18234,17853,17481,17100,16720,16347,15970
26210,25824,25429,25033,24642,24253,23862,23473,23088,22702,22316,21934,21542,21161,20770,20390,20011,19586,19223,19113,18976,18712,18328,17951,17573,17192,16812,16441,16061
26319,25930,25533,25138,24749,24361,23963,23577,23188,22800,22416,22032,21638,21257,20872,20487,20109,19686,19319,19207,19076,18806,18427,18049,17666,17284,16905,16533,16152
26432,26034,25639,25243,24858,24465,24072,23684,23290,22906,22515,22131,21742,21355,20972,20588,20204,19786,19421,19305,19173,18900,18525,18142,17758,17379,17002,16623,16242
26535,26139,25744,25350,24962,24568,24177,23786,23396,23010,22620,22229,21845,21458,21069,20689,20304,19881,19518,19404,19268,18997,18619,18235,17857,17476,17095,16715,16335
26642,26247,25854,25460,25065,24671,24278,23888,23498,23110,22724,22331,21942,21560,21170,20785,20406,19980,19612,19501,19366,19097,18716,18333,17954,17571,17188,16809,16432
26753,26357,25963,25569,25169,24776,24385,23995,23599,23213,22822,22435,22043,21656,21273,20884,20502,20080,19710,19595,19466,19194,18814,18430,18046,17663,17284,16906,16528
26863,26467,26073,25677,25277,24886,24494,24101,23706,23320,22924,22535,22147,21756,21373,20987,20600,20177,19810,19695,19563,19288,18910,18524,18140,17760,17381,17000,16619
26973,26576,26182,25780,25385,24996,24596,24203,23812,23422,23030,22636,22251,21860,21470,21087,20702,20273,19912,19794,19657,19387,19005,18621,18238,17859,17479,17092,16712
27089,26686,26292,25893,25494,25103,24700,24312,23921,23523,23136,22741,22358,21965,21573,21184,20803,20374,20013,19889,19756,19487,19104,18721,18338,17957,17576,17187,16809
27205,26801,26400,26005,25603,25210,24809,24419,24025,23630,23242,22846,22456,22069,21676,21287,20905,20475,20108,19989,19858,19587,19203,18820,18437,18055,17668,17285,16906
27320,26916,26511,26113,25710,25317,24921,24526,24126,23737,23343,22951,22556,22173,21780,21390,21005,20576,20205,20091,19960,19688,19302,18919,18536,18153,17762,17382,17003
27436,27030,26626,26225,25824,25425,25033,24633,24238,23844,23446,23058,22662,22278,21883,21493,21101,20679,20307,20191,20061,19789,19402,19019,18634,18253,17860,17479,17101
27551,27144,26742,26339,25937,25536,25140,24740,24349,23951,23553,23164,22767,22382,21987,21595,21205,20782,20409,20292,20161,19889,19503,19118,18733,18351,17959,17578,17198
27665,27259,26854,26452,26049,25649,25249,24851,24456,24058,23661,23269,22873,22487,22091,21698,21307,20884,20510,20394,20263,19990,19603,19218,18833,18450,18057,17675,17295
27784,27375,26967,26565,26162,25760,25362,24962,24565,24171,23773,23376,22978,22593,22196,21802,21410,20986,20612,20496,20365,20091,19704,19318,18932,18549,18159,17773,17392
27904,27489,27084,26684,26275,25873,25473,25072,24677,24281,23879,23482,23085,22697,22302,21907,21517,21088,20714,20598,20467,20193,19805,19419,19032,18647,18262,17870,17489
28023,27608,27205,26800,26393,25985,25585,25184,24787,24391,23984,23590,23195,22803,22406,22017,21625,21192,20821,20702,20569,20295,19905,19519,19133,18746,18363,17969,17587
28145,27730,27324,26913,26509,26101,25701,25296,24898,24501,24094,23700,23305,22913,22510,22125,21730,21295,20928,20811,20670,20398,20007,19620,19233,18845,18461,18069,17686
28265,27857,27443,27030,26627,26218,25816,25411,25008,24611,24207,23810,23415,23020,22619,22230,21835,21401,21030,20915,20774,20506,20109,19723,19332,18946,18560,18173,17785
28387,27976,27560,27147,26743,26334,25927,25527,25121,24721,24322,23921,23526,23124,22729,22337,21938,21510,21133,21017,20882,20611,20216,19830,19434,19051,18659,18274,17887
28512,28097,27681,27271,26860,26451,26044,25642,25236,24832,24433,24036,23633,23234,22839,22445,22042,21615,21236,21119,20986,20712,20320,19932,19541,19154,18764,18373,17988
28637,28221,27806,27392,26981,26572,26166,25758,25352,24947,24542,24148,23743,23348,22948,22553,22150,21717,21344,21224,21089,20818,20422,20032,19644,19254,18868,18478,18086
28762,28346,27928,27515,27105,26692,26283,25874,25468,25060,24657,24256,23852,23457,23061,22660,22262,21825,21452,21332,21198,20926,20527,20138,19744,19358,18967,18580,18189
28893,28469,28053,27638,27227,26808,26399,25992,25581,25175,24772,24368,23965,23565,23171,22768,22375,21935,21560,21441,21306,21028,20634,20244,19849,19463,19069,18680,18294
29024,28598,28182,27762,27349,26931,26520,26112,25698,25293,24890,24481,24078,23678,23279,22877,22484,22048,21668,21547,21411,21132,20742,20345,19956,19565,19174,18780,18397
29154,28728,28311,27889,27470,27058,26640,26234,25817,25412,25007,24599,24191,23791,23388,22990,22592,22156,21780,21658,21520,21245,20849,20450,20061,19665,19279,18885,18501
29285,28856,28440,28017,27595,27181,26760,26353,25938,25530,25120,24718,24306,23908,23501,23102,22702,22262,21889,21769,21632,21355,20956,20558,20169,19770,19386,18990,18601
29416,28988,28568,28144,27722,27303,26883,26472,26063,25649,25237,24834,24424,24024,23619,23212,22813,22371,21994,21879,21740,21460,21063,20668,20275,19877,19491,19095,18701
29552,29123,28696,28274,27848,27428,27009,26592,26183,25768,25356,24953,24543,24134,23735,23328,22924,22482,22104,21992,21845,21568,21173,20778,20380,19984,19596,19200,18806
29689,29257,28830,28407,27975,27557,27134,26716,26302,25888,25477,25071,24660,24253,23851,23445,23038,22597,22220,22103,21958,21678,21284,20889,20485,20091,19703,19305,18911
29830,29391,28966,28538,28108,27687,27259,26844,26426,26011,25601,25190,24781,24375,23967,23558,23153,22713,22333,22213,22074,21789,21394,20999,20594,20202,19809,19410,19023
29971,29530,29099,28671,28238,27819,27392,26974,26551,26135,25723,25311,24901,24490,24083,23674,23268,22829,22443,22323,22183,21897,21503,21109,20705,20311,19919,19515,19131
30111,29672,29236,28804,28369,27950,27522,27100,26679,26258,25847,25433,25017,24606,24201,23788,23384,22943,22556,22433,22293,22013,21611,21217,20813,20420,20027,19623,19235
30253,29811,29372,28939,28504,28080,27652,27224,26809,26384,25968,25557,25138,24727,24321,23905,23502,23058,22670,22547,22406,22126,21723,21325,20921,20529,20135,19733,19341
30395,29953,29511,29077,28642,28211,27785,27359,26937,26514,26092,25676,25265,24850,24443,24026,23621,23173,22788,22663,22521,22240,21836,21436,21035,20637,20243,19841,19449
30542,30098,29651,29217,28781,28347,27919,27492,27064,26641,26219,25798,25387,24976,24562,24145,23740,23292,22906,22782,22640,22355,21950,21549,21148,20748,20351,19951,19557
30686,30243,29795,29359,28917,28482,28054,27627,27194,26769,26348,25925,25508,25098,24681,24263,23858,23411,23020,22901,22758,22472,22063,21666,21259,20861,20462,20063,19665
30831,30388,29938,29501,29058,28618,28190,27760,27326,26901,26480,26054,25636,25217,24800,24385,23977,23528,23136,23017,22875,22590,22180,21783,21374,20974,20574,20174,19777
30981,30533,30082,29645,29200,28757,28323,27894,27458,27034,26608,26186,25768,25341,24924,24509,24097,23646,23259,23136,22992,22707,22298,21895,21491,21086,20685,20286,19890
31133,30681,30229,29787,29341,28899,28461,28031,27596,27167,26736,26315,25893,25471,25048,24632,24219,23763,23379,23252,23110,22823,22414,22006,21608,21202,20796,20398,20000
31289,30835,30379,29929,29486,29042,28607,28169,27734,27301,26873,26445,26017,25600,25176,24755,24342,23883,23495,23374,23230,22939,22532,22126,21723,21317,20911,20508,20111
31446,30986,30531,30076,29633,29189,28748,28307,27873,27438,27008,26576,26147,25730,25305,24883,24464,24007,23616,23495,23351,23059,22653,22247,21838,21432,21025,20619,20220
31602,31136,30685,30227,29777,29336,28886,28445,28010,27574,27144,26707,26278,25859,25434,25011,24590,24133,23743,23617,23471,23180,22775,22363,21954,21547,21139,20734,20332
31760,31297,30840,30382,29924,29479,29030,28589,28146,27711,27281,26841,26413,25989,25564,25140,24717,24260,23865,23739,23592,23304,22895,22478,22072,21661,21255,20854,20445
31921,31458,30993,30532,30076,29624,29174,28733,28287,27851,27416,26976,26547,26124,25697,25267,24846,24384,23985,23863,23717,23430,23016,22602,22191,21778,21374,20974,20561
32084,31617,31145,30684,30229,29772,29322,28876,28431,27995,27554,27116,26680,26256,25829,25399,24978,24511,24114,23990,23842,23557,23140,22725,22310,21902,21492,21088,20680
32247,31779,31305,30842,30385,29923,29472,29022,28578,28138,27694,27256,26817,26388,25961,25531,25110,24643,24244,24116,23966,23681,23264,22844,22429,22024,21611,21200,20798
32414,31945,31472,31001,30543,30077,29626,29171,28725,28280,27835,27396,26956,26520,26095,25662,25240,24772,24369,24242,24092,23805,23388,22965,22550,22143,21730,21320,20915
32582,32109,31637,31165,30700,30232,29780,29323,28870,28426,27975,27535,27096,26658,26228,25793,25369,24901,24495,24372,24221,23929,23512,23094,22673,22263,21852,21443,21032
32754,32276,31801,31327,30857,30387,29929,29476,29020,28572,28120,27680,27234,26799,26364,25931,25501,25033,24629,24503,24350,24055,23636,23221,22799,22384,21973,21560,21149
32931,32446,31965,31489,31013,30545,30081,29629,29171,28717,28266,27823,27376,26942,26499,26070,25637,25165,24763,24630,24484,24184,23763,23342,22928,22508,22094,21677,21268
33107,32615,32131,31654,31176,30706,30239,29781,29322,28866,28413,27967,27521,27084,26640,26211,25772,25297,24892,24761,24619,24319,23890,23466,23055,22636,22217,21802,21389
33282,32785,32299,31823,31342,30867,30400,29937,29474,29017,28565,28115,27669,27227,26783,26348,25911,25437,25022,24895,24753,24453,24020,23598,23181,22762,22343,21928,21512
33461,32959,32470,31993,31511,31033,30560,30097,29630,29172,28716,28264,27817,27370,26925,26484,26050,25574,25161,25029,24884,24584,24152,23732,23307,22887,22470,22052,21637
33636,33140,32645,32159,31678,31199,30724,30254,29786,29329,28868,28414,27964,27517,27065,26625,26190,25707,25298,25162,25016,24718,24283,23863,23434,23013,22595,22176,21762
33819,33321,32825,32330,31850,31365,30887,30415,29946,29486,29024,28563,28113,27664,27210,26770,26332,25844,25434,25302,25151,24850,24414,23995,23562,23138,22721,22300,21886
34008,33502,33002,32507,32021,31532,31057,30578,30108,29642,29179,28715,28266,27812,27358,26914,26471,25989,25573,25444,25287,24982,24550,24125,23694,23269,22852,22426,22009
34194,33683,33184,32686,32194,31702,31225,30744,30270,29804,29339,28868,28419,27961,27508,27059,26609,26134,25710,25582,25424,25118,24686,24256,23830,23404,22980,22554,22133
34381,33865,33366,32863,32370,31878,31396,30911,30432,29963,29499,29026,28572,28114,27661,27207,26759,26277,25850,25719,25566,25256,24826,24393,23963,23535,23109,22683,22261
34577,34057,33551,33042,32547,32054,31568,31079,30598,30125,29657,29184,28727,28267,27810,27357,26908,26420,25991,25861,25710,25397,24968,24530,24100,23664,23239,22816,22393
34769,34250,33736,33224,32729,32231,31741,31249,30765,30289,29818,29347,28884,28417,27961,27506,27056,26563,26134,26003,25852,25540,25109,24669,24234,23798,23372,22947,22524
34962,34442,33926,33406,32911,32405,31914,31421,30938,30459,29977,29511,29039,28571,28116,27656,27205,26707,26281,26149,25994,25686,25249,24808,24372,23937,23504,23078,22652
35156,34634,34118,33593,33093,32588,32088,31594,31110,30628,30144,29675,29196,28729,28271,27810,27352,26854,26429,26295,26138,25830,25387,24949,24511,24075,23640,23211,22782
35354,34827,34307,33781,33276,32771,32266,31771,31280,30793,30312,29838,29360,28892,28428,27965,27505,27005,26574,26446,26286,25977,25528,25089,24649,24212,23778,23349,22918
35556,35028,34504,33979,33461,32956,32447,31949,31454,30965,30481,30002,29529,29053,28587,28124,27664,27158,26722,26595,26438,26123,25671,25233,24788,24352,23917,23485,23054
35760,35231,34702,34176,33650,33144,32633,32133,31632,31141,30654,30169,29695,29218,28747,28281,27820,27313,26879,26746,26589,26267,25815,25376,24931,24495,24053,23621,23189
35969,35434,34896,34369,33846,33329,32818,32316,31813,31319,30828,30343,29863,29383,28909,28441,27974,27470,27034,26897,26740,26415,25964,25520,25072,24637,24193,23757,23325
36179,35634,35097,34567,34041,33520,33006,32500,31994,31495,31002,30517,30032,29549,29075,28601,28129,27627,27186,27047,26889,26569,26114,25665,25216,24778,24334,23894,23460
36392,35840,35305,34768,34235,33713,33196,32685,32176,31673,31176,30690,30198,29718,29240,28766,28292,27783,27340,27198,27038,26725,26266,25812,25364,24921,24477,24033,23594
36604,36050,35509,34967,34432,33911,33388,32874,32360,31852,31352,30862,30371,29889,29403,28928,28456,27944,27501,27357,27192,26878,26419,25960,25513,25067,24618,24177,23733
36817,36262,35714,35166,34631,34110,33580,33065,32550,32037,31537,31036,30542,30059,29570,29095,28618,28105,27659,27516,27353,27033,26573,26113,25659,25215,24761,24322,23874
37030,36474,35926,35374,34835,34305,33779,33256,32742,32226,31721,31216,30717,30229,29740,29265,28782,28267,27815,27677,27511,27189,26726,26267,25808,25360,24906,24468,24019
37245,36684,36136,35584,35040,34505,33975,33448,32931,32414,31900,31401,30896,30403,29914,29432,28950,28426,27972,27839,27671,27344,26883,26419,25961,25507,25056,24612,24162
37461,36899,36346,35794,35250,34710,34172,33643,33120,32600,32084,31586,31080,30585,30090,29603,29121,28591,28139,28002,27833,27507,27039,26572,26118,25657,25206,24756,24309
37680,37114,36558,36005,35459,34915,34375,33845,33314,32794,32274,31768,31261,30768,30266,29778,29293,28758,28306,28165,27997,27671,27196,26732,26274,25809,25358,24905,24457
37907,37335,36779,36221,35666,35122,34580,34045,33509,32987,32464,31953,31447,30949,30446,29951,29467,28928,28475,28331,28163,27834,27355,26895,26429,25964,25512,25056,24607
38133,37557,36998,36436,35879,35329,34785,34245,33708,33186,32656,32142,31633,31130,30627,30131,29640,29100,28646,28495,28326,27997,27520,27053,26584,26120,25667,25208,24754
38360,37784,37216,36651,36091,35538,34994,34445,33910,33386,32854,32332,31820,31311,30808,30308,29815,29272,28815,28663,28493,28161,27688,27209,26743,26280,25820,25360,24906
38584,38011,37437,36867,36309,35752,35204,34656,34115,33584,33051,32526,32010,31496,30993,30488,29992,29441,28986,28834,28669,28325,27856,27374,26903,26440,25974,25513,25058
38808,38237,37655,37087,36530,35963,35410,34866,34320,33784,33246,32721,32200,31688,31175,30666,30169,29620,29155,29010,28842,28499,28022,27542,27065,26600,26130,25668,25210
39040,38467,37881,37308,36746,36184,35626,35075,34525,33990,33445,32917,32393,31878,31361,30849,30346,29802,29329,29184,29015,28672,28189,27710,27230,26757,26289,25825,25360
39274,38695,38110,37533,36963,36400,35844,35284,34733,34192,33645,33122,32594,32066,31546,31035,30528,29981,29507,29361,29189,28849,28358,27875,27395,26922,26450,25982,25517
39510,38922,38336,37760,37189,36622,36063,35500,34941,34396,33850,33322,32792,32261,31741,31223,30715,30162,29685,29542,29365,29023,28531,28045,27562,27087,26612,26147,25679
39744,39149,38568,37987,37411,36843,36279,35716,35153,34610,34056,33523,32988,32462,31932,31416,30905,30344,29864,29721,29541,29201,28708,28218,27731,27253,26775,26309,25840
39980,39385,38795,38215,37638,37065,36495,35932,35369,34821,34268,33725,33189,32659,32129,31612,31093,30526,30048,29899,29724,29379,28882,28388,27900,27422,26940,26470,26002
40218,39618,39028,38447,37866,37288,36717,36148,35590,35037,34483,33933,33395,32859,32325,31807,31286,30716,30234,30084,29908,29557,29058,28558,28072,27592,27108,26632,26163
40456,39856,39266,38679,38096,37515,36944,36369,35811,35253,34695,34144,33600,33064,32525,31998,31480,30908,30418,30268,30094,29736,29239,28737,28247,27762,27279,26797,26324
40694,40094,39503,38911,38325,37742,37170,36590,36032,35465,34909,34355,33806,33270,32722,32193,31675,31100,30607,30458,30278,29919,29422,28919,28423,27933,27453,26964,26486
40937,40337,39741,39143,38555,37969,37393,36811,36249,35681,35125,34566,34016,33476,32925,32395,31871,31296,30799,30647,30467,30103,29604,29102,28602,28106,27624,27134,26657
41180,40580,39978,39378,38788,38199,37619,37038,36466,35899,35344,34777,34227,33677,33132,32596,32067,31488,30992,30838,30659,30296,29785,29282,28782,28285,27795,27305,26828
41425,40821,40219,39616,39026,38432,37846,37270,36690,36120,35560,34992,34439,33889,33342,32800,32264,31684,31187,31030,30851,30489,29970,29466,28961,28464,27970,27479,26996
41673,41064,40462,39857,39259,38664,38078,37496,36920,36342,35777,35212,34650,34100,33548,33009,32468,31885,31379,31226,31043,30677,30158,29653,29141,28641,28146,27655,27167
41919,41312,40705,40096,39496,38901,38316,37721,37149,36568,35999,35434,34871,34316,33756,33217,32675,32083,31573,31418,31235,30869,30350,29841,29326,28819,28322,27831,27343
42164,41557,40947,40342,39734,39139,38553,37957,37379,36798,36223,35655,35092,34529,33970,33424,32881,32289,31772,31619,31430,31066,30545,30026,29511,29004,28507,28006,27515
42416,41800,41195,40586,39976,39382,38786,38191,37609,37028,36448,35877,35308,34745,34186,33630,33088,32491,31975,31821,31632,31263,30740,30217,29700,29193,28687,28184,27691
42669,42051,41443,40834,40220,39624,39022,38427,37838,37257,36675,36099,35522,34963,34400,33840,33295,32698,32180,32023,31835,31461,30935,30410,29893,29380,28871,28365,27867
42923,42309,41691,41077,40468,39861,39256,38661,38068,37488,36902,36326,35749,35183,34615,34056,33501,32905,32386,32220,32041,31658,31132,30606,30086,29568,29052,28547,28044
43176,42558,41939,41325,40715,40099,39494,38902,38300,37720,37129,36553,35976,35402,34835,34276,33718,33116,32596,32427,32243,31861,31334,30800,30275,29758,29241,28734,28224
43430,42806,42188,41573,40959,40340,39734,39141,38536,37952,37361,36780,36203,35624,35060,34494,33935,33328,32805,32638,32446,32067,31535,30997,30468,29952,29434,28922,28408
43688,43059,42441,41821,41208,40591,39980,39379,38774,38184,37594,37008,36430,35851,35283,34711,34151,33540,33017,32850,32653,32275,31734,31198,30662,30147,29624,29107,28593
43946,43318,42694,42070,41454,40842,40228,39620,39016,38422,37826,37240,36657,36081,35501,34928,34364,33753,33228,33057,32862,32482,31939,31404,30869,30343,29817,29294,28781
44205,43577,42948,42319,41699,41087,40476,39863,39259,38659,38059,37474,36884,36305,35726,35154,34586,33968,33438,33274,33076,32690,32148,31608,31072,30539,30014,29488,28971
44463,43835,43201,42574,41949,41333,40720,40110,39502,38897,38297,37710,37114,36530,35958,35376,34808,34183,33650,33491,33291,32902,32358,31814,31270,30736,30208,29682,29161
44722,44094,43456,42833,42203,41581,40967,40358,39745,39135,38534,37944,37347,36764,36185,35604,35030,34405,33867,33703,33505,33115,32565,32021,31473,30938,30406,29876,29353
44985,44352,43714,43089,42456,41836,41215,40607,39993,39379,38774,38182,37582,36998,36408,35836,35255,34627,34084,33920,33720,33333,32774,32229,31685,31144,30608,30074,29549
45249,44612,43973,43345,42712,42091,41463,40849,40240,39627,39018,38422,37823,37235,36640,36063,35486,34849,34305,34138,33937,33554,32987,32436,31893,31348,30811,30277,29748
45513,44875,44233,43604,42967,42340,41716,41098,40484,39875,39266,38662,38062,37468,36877,36291,35713,35073,34530,34360,34159,33773,33202,32651,32101,31556,31013,30476,29949
45780,45137,44497,43862,43224,42592,41974,41351,40733,40121,39510,38900,38300,37700,37109,36522,35941,35301,34757,34582,34384,33993,33422,32869,32313,31764,31223,30680,30150
46045,45397,44760,44120,43483,42855,42227,41599,40985,40366,39750,39141,38541,37937,37342,36751,36170,35528,34985,34805,34608,34211,33644,33082,32525,31973,31432,30888,30349
46313,45660,45023,44378,43741,43113,42480,41852,41233,40614,39995,39387,38784,38180,37580,36983,36402,35755,35212,35032,34834,34430,33863,33294,32738,32186,31640,31091,30549
46582,45925,45284,44640,44003,43372,42734,42105,41481,40862,40243,39631,39022,38418,37822,37219,36635,35985,35439,35261,35061,34654,34083,33515,32955,32398,31848,31293,30753
46850,46196,45545,44903,44267,43630,42992,42360,41732,41112,40491,39878,39265,38660,38060,37460,36867,36217,35663,35492,35288,34879,34306,33737,33173,32611,32059,31506,30960
47117,46467,45811,45171,44530,43893,43245,42619,41993,41368,40743,40126,39512,38904,38300,37700,37103,36453,35893,35721,35519,35105,34531,33960,33396,32825,32275,31719,31166
47385,46735,46082,45435,44788,44151,43504,42880,42252,41624,40996,40374,39760,39151,38547,37942,37343,36690,36126,35953,35752,35338,34755,34186,33618,33044,32492,31932,31379
47655,47003,46352,45702,45056,44415,43768,43134,42505,41877,41249,40626,40008,39395,38789,38185,37583,36928,36363,36188,35980,35568,34981,34409,33841,33267,32706,32144,31592
47926,47271,46620,45970,45319,44678,44031,43395,42763,42133,41502,40879,40261,39642,39032,38428,37817,37165,36596,36423,36211,35798,35212,34632,34063,33489,32925,32362,31805
48197,47538,46888,46237,45582,44941,44295,43658,43024,42392,41755,41132,40514,39892,39277,38671,38060,37403,36833,36658,36444,36030,35444,34859,34285,33710,33145,32575,32018
48473,47808,47156,46505,45845,45204,44564,43921,43285,42646,42012,41385,40767,40145,39525,38913,38308,37640,37070,36895,36685,36265,35680,35091,34510,33931,33365,32792,32236
48745,48084,47423,46773,46118,45467,44831,44182,43545,42903,42271,41643,41020,40398,39773,39156,38552,37886,37313,37135,36923,36506,35918,35323,34741,34159,33588,33014,32454
49017,48359,47694,47041,46391,45736,45094,44445,43803,43161,42528,41901,41273,40649,40023,39402,38795,38130,37551,37376,37165,36746,36152,35556,34969,34388,33814,33241,32672
49291,48631,47971,47309,46659,46004,45356,44713,44064,43423,42791,42160,41522,40900,40276,39653,39037,38372,37794,37616,37403,36986,36388,35793,35202,34621,34038,33464,32890
49568,48903,48245,47581,46927,46276,45623,44978,44327,43685,43055,42417,41781,41159,40529,39906,39284,38611,38036,37856,37641,37226,36622,36026,35435,34851,34267,33687,33114
49847,49178,48521,47853,47199,46544,45896,45241,44590,43953,43313,42671,42039,41417,40785,40155,39537,38861,38280,38099,37883,37463,36858,36268,35667,35079,34500,33914,33341
50127,49455,48798,48125,47477,46814,46167,45509,44856,44217,43575,42934,42296,41673,41040,40407,39790,39114,38527,38344,38126,37704,37100,36506,35901,35311,34729,34146,33568
50404,49732,49071,48402,47744,47091,46433,45782,45124,44480,43838,43196,42554,41928,41293,40660,40042,39367,38776,38590,38373,37951,37343,36743,36138,35548,34960,34374,33793
50680,50008,49346,48679,48011,47363,46699,46052,45395,44747,44101,43455,42814,42185,41549,40917,40295,39615,39028,38841,38621,38195,37586,36981,36377,35786,35192,34606,34024
50958,50285,49623,48956,48288,47635,46971,46317,45668,45015,44364,43719,43077,42446,41807,41179,40553,39863,39276,39090,38874,38445,37828,37225,36622,36024,35425,34839,34252
51239,50563,49897,49233,48566,47907,47243,46585,45941,45282,44632,43987,43340,42706,42064,41438,40806,40111,39525,39341,39127,38694,38076,37472,36868,36261,35661,35076,34480
51520,50845,50174,49510,48837,48179,47517,46857,46210,45554,44900,44255,43604,42967,42326,41696,41059,40369,39776,39591,39375,38942,38323,37714,37110,36499,35899,35309,34713
51801,51124,50455,49786,49114,48452,47795,47129,46477,45827,45167,44522,43872,43230,42588,41953,41317,40621,40027,39838,39627,39189,38571,37958,37353,36739,36140,35546,34946
52076,51401,50737,50062,49396,48729,48070,47401,46744,46095,45440,44785,44138,43495,42851,42211,41575,40879,40284,40093,39881,39441,38819,38206,37596,36982,36383,35784,35185
52357,51683,51015,50339,49673,49010,48342,47676,47015,46362,45707,45053,44403,43760,43114,42469,41833,41137,40541,40355,40138,39694,39072,38453,37840,37227,36625,36021,35427
52637,51968,51291,50618,49949,49282,48615,47953,47287,46630,45980,45325,44672,44023,43377,42736,42096,41395,40793,40610,40392,39946,39324,38701,38088,37475,36864,36264,35669
52922,52248,51568,50899,50225,49554,48893,48228,47563,46901,46247,45594,44943,44288,43640,43004,42358,41653,41049,40863,40649,40199,39577,38950,38337,37722,37109,36507,35908
53202,52528,51849,51180,50510,49835,49174,48502,47840,47173,46515,45866,45210,44558,43910,43262,42621,41916,41312,41120,40907,40456,39835,39202,38590,37970,37357,36749,36150
53485,52808,52130,51461,50791,50116,49449,48778,48117,47450,46792,46139,45480,44828,44179,43524,42879,42178,41575,41381,41164,40714,40093,39456,38843,38218,37605,36992,36392
53774,53093,52410,51741,51068,50392,49721,49055,48393,47722,47069,46410,45752,45096,44446,43796,43141,42436,41838,41644,41418,40976,40345,39714,39096,38468,37852,37239,36631
54060,53378,52690,52021,51348,50673,49998,49333,48673,47997,47346,46677,46025,45366,44713,44064,43409,42699,42099,41907,41681,41239,40603,39971,39348,38721,38100,37482,36878
54344,53658,52976,52303,51628,50958,50279,49614,48951,48278,47618,46950,46295,45638,44981,44331,43677,42961,42358,42170,41943,41497,40861,40224,39599,38974,38352,37729,37122
54625,53942,53265,52589,51911,51239,50560,49894,49225,48556,47890,47227,46563,45908,45252,44599,43950,43230,42623,42428,42201,41759,41119,40483,39851,39226,38604,37982,37368
54904,54226,53550,52872,52193,51520,50841,50171,49498,48832,48161,47498,46837,46177,45524,44871,44222,43502,42888,42694,42465,42022,41381,40746,40110,39482,38853,38235,37612
55186,54509,53834,53151,52473,51800,51121,50452,49774,49112,48437,47770,47113,46449,45793,45139,44489,43769,43153,42957,42732,42280,41639,41007,40371,39740,39104,38493,37860
55474,54793,54118,53432,52755,52084,51406,50732,50052,49393,48713,48048,47385,46721,46063,45406,44757,44037,43420,43224,42998,42542,41902,41266,40626,39994,39361,38745,38113
55761,55076,54401,53721,53040,52365,51691,51012,50333,49671,48994,48329,47663,46995,46335,45677,45024,44304,43687,43491,43262,42809,42169,41529,40883,40250,39618,38998,38366
56049,55359,54685,54010,53324,52647,51976,51293,50613,49947,49275,48610,47944,47272,46610,45953,45291,44576,43954,43758,43529,43076,42432,41791,41148,40510,39880,39255,38624
56337,55645,54968,54289,53608,52932,52257,51573,50895,50225,49552,48886,48219,47548,46887,46226,45563,44849,44222,44025,43797,43343,42694,42054,41413,40773,40139,39508,38881
56624,55937,55251,54567,53892,53216,52536,51853,51180,50508,49831,49157,48492,47825,47160,46502,45840,45121,44489,44296,44065,43611,42961,42317,41674,41033,40392,39760,39134
56911,56223,55534,54853,54175,53500,52816,52137,51464,50789,50112,49437,48773,48101,47435,46775,46112,45387,44757,44569,44337,43878,43229,42585,41936,41293,40653,40018,39392
57194,56505,55818,55141,54458,53784,53098,52422,51744,51066,50392,49722,49054,48379,47714,47050,46383,45659,45030,44837,44609,44149,43496,42852,42203,41555,40920,40280,39649
57479,56793,56107,55426,54742,54067,53382,52706,52029,51346,50672,50003,49329,48659,47993,47326,46660,45936,45307,45107,44881,44422,43763,43119,42470,41821,41183,40543,39907
57765,57079,56399,55711,55025,54350,53666,52990,52309,51627,50955,50284,49605,48935,48271,47602,46936,46213,45583,45383,45148,44694,44035,43386,42737,42088,41445,40805,40169
58051,57369,56685,55998,55311,54634,53949,53274,52588,51911,51237,50564,49885,49217,48549,47879,47213,46485,45855,45656,45419,44962,44308,43649,43005,42355,41708,41067,40427
58337,57657,56967,56285,55601,54917,54233,53558,52876,52196,51519,50844,50165,49502,48825,48158,47489,46761,46127,45928,45691,45232,44580,43922,43270,42623,41970,41330,40685
58622,57943,57253,56572,55888,55199,54521,53841,53165,52480,51803,51124,50450,49782,49103,48436,47761,47037,46404,46199,45967,45504,44847,44194,43535,42890,42240,41592,40947
58913,58227,57540,56859,56171,55486,54809,54126,53450,52764,52088,51404,50735,50062,49383,48714,48040,47314,46680,46474,46249,45783,45118,44465,43808,43154,42508,41854,41209
59198,58509,57826,57146,56454,55773,55097,54414,53733,53048,52372,51686,51016,50337,49664,48995,48317,47585,46951,46750,46526,46061,45389,44737,44079,43421,42775,42121,41472
59483,58795,58114,57432,56741,56060,55379,54702,54016,53331,52656,51970,51295,50617,49944,49275,48596,47860,47228,47029,46802,46337,45665,45009,44351,43694,43042,42388,41739
59771,59085,58402,57718,57032,56344,55666,54989,54299,53615,52940,52255,51578,50907,50224,49555,48880,48139,47504,47307,47078,46610,45942,45285,44623,43965,43309,42655,42006
60058,59374,58687,58007,57318,56628,55953,55271,54584,53901,53223,52544,51862,51191,50509,49836,49159,48420,47784,47586,47350,46884,46218,45557,44895,44237,43576,42927,42274
60342,59664,58972,58294,57609,56915,56236,55554,54871,54189,53507,52832,52146,51472,50794,50114,49437,48700,48070,47864,47625,47160,46494,45828,45171,44508,43846,43194,42541
60626,59950,59257,58579,57896,57201,56520,55836,55154,54477,53794,53115,52430,51751,51074,50392,49719,48981,48347,48142,47904,47439,46770,46105,45443,44780,44121,43461,42813
60905,60234,59547,58865,58179,57486,56807,56125,55441,54762,54082,53399,52714,52033,51358,50681,50002,49261,48622,48422,48185,47719,47050,46376,45716,45053,44394,43731,43079
61197,60517,59832,59150,58464,57777,57093,56413,55727,55046,54366,53682,52997,52320,51642,50966,50284,49541,48897,48702,48465,47998,47327,46651,45996,45330,44666,44007,43346
61486,60797,60119,59439,58753,58067,57379,56699,56018,55333,54651,53965,53281,52606,51925,51250,50567,49823,49176,48983,48742,48273,47606,46931,46272,45606,44940,44280,43617
61773,61085,60405,59724,59042,58354,57670,56985,56306,55620,54939,54248,53569,52889,52212,51534,50848,50106,49456,49264,49020,48552,47887,47208,46543,45882,45216,44552,43894
62059,61369,60690,60011,59326,58639,57955,57270,56591,55907,55225,54534,53857,53174,52498,51813,51132,50385,49739,49548,49303,48837,48167,47488,46819,46159,45493,44827,44171
62342,61656,60978,60297,59610,58924,58240,57551,56877,56189,55512,54821,54145,53462,52781,52096,51416,50666,50027,49828,49585,49120,48445,47768,47099,46434,45767,45099,44447
62624,61941,61261,60580,59894,59208,58525,57837,57161,56474,55799,55108,54428,53749,53064,52380,51699,50950,50314,50107,49869,49395,48722,48049,47380,46710,46039,45377,44719
62907,62225,61544,60865,60179,59492,58810,58126,57443,56760,56080,55394,54710,54031,53348,52663,51988,51234,50598,50387,50157,49676,49002,48329,47660,46986,46317,45658,44986
63192,62511,61830,61153,60462,59781,59096,58416,57729,57045,56366,55682,54994,54314,53631,52949,52272,51523,50880,50670,50440,49960,49283,48611,47940,47267,46598,45936,45264
63478,62798,62117,61436,60747,60069,59385,58702,58014,57332,56652,55972,55281,54600,53913,53237,52555,51807,51159,50955,50719,50244,49567,48893,48221,47547,46878,46211,45541
63763,63081,62404,61722,61035,60354,59673,58988,58299,57621,56937,56258,55568,54887,54195,53522,52841,52090,51438,51242,51003,50529,49847,49175,48501,47828,47158,46487,45817
64044,63363,62690,62007,61318,60640,59962,59276,58584,57907,57225,56544,55855,55174,54482,53805,53129,52373,51723,51527,51282,50813,50127,49458,48781,48107,47439,46763,46096
64329,63646,62973,62290,61605,60927,60250,59561,58871,58192,57514,56826,56141,55458,54769,54088,53414,52660,52012,51811,51566,51096,50416,49738,49060,48392,47719,47040,46374
64609,63931,63254,62572,61892,61210,60536,59845,59160,58476,57799,57110,56427,55741,55055,54375,53697,52947,52295,52094,51849,51383,50705,50018,49342,48672,47994,47320,46649
64887,64212,63538,62854,62179,61497,60819,60133,59449,58764,58084,57398,56712,56027,55345,54662,53980,53232,52577,52379,52132,51669,50984,50303,49626,48952,48274,47600,46924
65169,64493,63823,63136,62464,61781,61102,60418,59737,59053,58374,57688,57001,56314,55633,54944,54267,53515,52864,52667,52419,51952,51267,50587,49911,49231,48559,47881,47202
65453,64776,64104,63420,62746,62063,61390,60701,60020,59341,58658,57976,57288,56604,55919,55229,54554,53798,53148,52953,52707,52235,51551,50870,50195,49511,48839,48166,47484
65737,65060,64381,63705,63028,62347,61673,60985,60308,59629,58942,58261,57573,56894,56205,55519,54835,54085,53434,53236,52994,52517,51834,51159,50479,49793,49122,48451,47767
66017,65340,64660,63986,63309,62633,61955,61272,60592,59912,59227,58541,57860,57180,56491,55809,55122,54372,53718,53518,53281,52797,52120,51442,50762,50077,49406,48730,48048
66294,65621,64943,64271,63593,62919,62237,61559,60877,60201,59511,58828,58148,57465,56771,56098,55408,54654,54002,53805,53566,53084,52405,51726,51041,50363,49687,49010,48332
66574,65901,65227,64556,63877,63201,62521,61846,61164,60489,59794,59117,58432,57753,57061,56382,55694,54940,54289,54092,53849,53376,52687,52012,51329,50650,49969,49289,48612
66854,66182,65512,64839,64158,63483,62807,62129,61446,60773,60077,59403,58721,58040,57354,56663,55979,55226,54575,54379,54132,53663,52971,52297,51617,50933,50255,49572,48896
67134,66465,65792,65119,64440,63764,63088,62413,61729,61055,60365,59686,59009,58324,57645,56949,56267,55512,54867,54662,54423,53950,53258,52579,51901,51216,50542,49859,49181
67414,66741,66073,65399,64723,64046,63373,62699,62015,61338,60653,59970,59294,58609,57932,57234,56556,55798,55153,54946,54709,54233,53540,52864,52180,51500,50825,50145,49459
67693,67017,66353,65675,65007,64331,63656,62980,62299,61621,60940,60258,59578,58893,58216,57522,56841,56085,55438,55232,54995,54514,53827,53150,52464,51782,51108,50426,49743
67973,67293,66634,65954,65292,64612,63938,63266,62580,61907,61226,60545,59861,59176,58501,57808,57126,56374,55728,55518,55281,54801,54118,53432,52751,52069,51391,50709,50031
68253,67569,66914,66235,65576,64892,64219,63548,62862,62190,61513,60829,60145,59460,58785,58094,57410,56659,56018,55803,55567,55090,54405,53719,53038,52356,51674,50997,50316
68533,67845,67195,66515,65860,65172,64499,63829,63148,62474,61795,61112,60428,59745,59068,58383,57698,56944,56306,56094,55854,55377,54691,54011,53325,52643,51962,51285,50599
68812,68121,67475,66796,66145,65453,64779,64110,63430,62759,62073,61396,60715,60033,59352,58671,57985,57233,56591,56379,56143,55667,54977,54297,53611,52930,52244,51571,50882
69092,68397,67755,67076,66429,65733,65060,64391,63711,63040,62357,61682,61001,60320,59638,58954,58269,57522,56876,56664,56428,55952,55264,54583,53898,53217,52527,51854,51167
69372,68673,68036,67356,66713,66014,65340,64672,63992,63321,62643,61964,61286,60603,59925,59242,58554,57809,57160,56949,56713,56237,55555,54869,54179,53504,52813,52136,51453
69651,68948,68316,67637,66998,66294,65621,64954,64273,63602,62929,62249,61569,60885,60212,59527,58842,58093,57450,57235,57002,56522,55844,55152,54465,53789,53099,52419,51737
69931,69224,68597,67917,67282,66575,65901,65235,64554,63883,63214,62535,61855,61168,60495,59811,59126,58377,57735,57523,57292,56810,56129,55435,54751,54072,53386,52705,52024
70211,69500,68877,68198,67566,66855,66182,65516,64835,64165,63500,62821,62137,61451,60777,60095,59413,58660,58019,57807,57578,57097,56415,55723,55037,54358,53674,52992,52311
70491,69776,69158,68478,67850,67135,66462,65797,65116,64446,63786,63107,62419,61738,61063,60382,59700,58944,58303,58092,57862,57381,56703,56017,55324,54643,53964,53275,52597
70770,70052,69438,68759,68135,67416,66742,66078,65397,64727,64072,63393,62701,62025,61347,60669,59986,59231,58588,58380,58146,57666,56989,56307,55613,54929,54250,53560,52884
71050,70328,69718,69039,68419,67696,67023,66359,65679,65008,64358,63679,62983,62311,61629,60952,60268,59518,58876,58665,58430,57950,57273,56587,55898,55217,54536,53848,53167
71330,70604,69999,69319,68703,67977,67303,66640,65960,65289,64644,63964,63265,62598,61911,61234,60551,59806,59159,58950,58719,58233,57558,56871,56183,55505,54817,54138,53452
71610,70880,70279,69600,68988,68257,67584,66922,66241,65570,64930,64250,63547,62885,62193,61517,60833,60092,59443,59238,58998,58521,57842,57158,56473,55790,55102,54427,53738
71889,71156,70560,69880,69272,68537,67864,67203,66522,65851,65216,64536,63829,63171,62475,61800,61116,60375,59728,59525,59280,58809,58125,57447,56762,56076,55390,54708,54024
72169,71431,70840,70161,69556,68818,68144,67484,66803,66132,65502,64822,64110,63458,62756,62082,61399,60658,60015,59813,59563,59096,58413,57735,57048,56365,55679,54994,54312
72449,71707,71120,70441,69841,69098,68425,67765,67084,66414,65787,65108,64392,63745,63038,62365,61681,60940,60302,60096,59847,59384,58698,58023,57332,56655,55967,55279,54601
72728,71983,71401,70722,70125,69379,68705,68046,67365,66695,66073,65394,64674,64032,63320,62647,61964,61223,60588,60379,60130,59671,58981,58307,57618,56940,56251,55564,54886
73008,72259,71681,71002,70409,69659,68986,68327,67647,66976,66359,65680,64956,64318,63602,62930,62247,61506,60875,60661,60414,59959,59265,58590,57905,57224,56532,55852,55171
73288,72535,71962,71282,70694,69940,69266,68608,67928,67257,66645,65966,65238,64605,63884,63213,62529,61788,61162,60944,60697,60247,59548,58873,58188,57510,56820,56139,55457
73568,72811,72242,71563,70978,70220,69547,68889,68209,67538,66931,66252,65520,64892,64166,63495,62812,62071,61449,61227,60981,60534,59832,59157,58472,57797,57113,56423,55745
73847,73087,72523,71843,71262,70500,69827,69171,68490,67819,67217,66537,65802,65179,64448,63778,63095,62353,61735,61509,61264,60822,60115,59440,58755,58080,57400,56708,56031
74127,73363,72803,72124,71547,70781,70107,69452,68771,68100,67503,66823,66084,65465,64729,64061,63377,62636,62022,61792,61547,61109,60399,59724,59039,58364,57686,56997,56316
74407,73639,73083,72404,71831,71061,70388,69733,69052,68382,67789,67109,66365,65752,65011,64343,63660,62919,62309,62074,61831,61397,60682,60007,59322,58647,57974,57287,56601
74687,73915,73364,72684,72115,71342,70668,70014,69333,68663,68075,67395,66647,66039,65293,64626,63942,63201,62596,62357,62114,61684,60965,60291,59606,58931,58262,57576,56890
74967,74191,73645,72964,72399,71623,70948,70295,69614,68944,68361,67681,66929,66326,65575,64909,64224,63483,62883,62640,62397,61971,61248,60575,59890,59215,58550,57865,57179
75247,74467,73926,73244,72683,71904,71228,70576,69895,69225,68647,67967,67211,66613,65857,65192,64506,63765,63170,62923,62680,62258,61531,60859,60174,59499,58838,58154,57468
75527,74743,74207,73524,72967,72185,71508,70857,70176,69506,68933,68253,67493,66900,66139,65475,64788,64047,63457,63206,62963,62545,61814,61143,60458,59783,59126,58443,57757
75807,75019,74488,73804,73251,72466,71788,71138,70457,69787,69219,68539,67775,67187,66421,65758,65070,64329,63744,63489,63246,62832,62097,61427,60742,60067,59414,58732,58046
76087,75295,74769,74084,73535,72747,72068,71419,70738,70068,69505,68825,68057,67474,66703,66041,65352,64611,64031,63772,63529,63119,62380,61711,61026,60351,59702,59021,58335
76367,75571,75050,74364,73819,73028,72348,71700,71019,70349,69791,69111,68339,67761,66985,66324,65634,64893,64318,64055,63812,63406,62663,61995,61310,60635,59990,59310,58624
76647,75847,75331,74644,74103,73309,72628,71981,71300,70630,70077,69397,68621,68048,67267,66607,65916,65175,64605,64338,64095,63693,62946,62279,61594,60919,60278,59599,58913
76927,76123,75612,74924,74387,73590,72908,72262,71581,70911,70363,69683,68903,68335,67549,66890,66198,65457,64892,64621,64378,63980,63229,62563,61878,61203,60566,59888,59202
77207,76399,75893,75204,74671,73871,73188,72543,71862,71192,70649,69969,69185,68622,67831,67173,66480,65739,65179,64904,64661,64267,63512,62847,62162,61487,60854,60177,59491
77487,76675,76174,75484,74955,74152,73468,72824,72143,71473,70935,70255,69467,68909,68113,67456,66762,66021,65466,65187,64944,64554,63795,63131,62446,61771,61142,60466,59780
77767,76951,76455,75764,75239,74433,73748,73105,72424,71754,71221,70541,69749,69196,68395,67739,67044,66303,65753,65470,65227,64841,64078,63415,62730,62055,61430,60755,60069
78047,77227,76736,76044,75523,74714,74028,73386,72705,72035,71507,70827,70031,69483,68677,68022,67326,66585,66040,65753,65510,65128,64361,63699,63014,62339,61718,61044,60358
78327,77503,77017,76324,75807,74995,74308,73667,72986,72316,71793,71113,70313,69770,68959,68305,67608,66867,66327,66036,65793,65415,64644,63983,63298,62623,62006,61333,60647
78607,77779,77298,76604,76091,75276,74588,73948,73267,72597,72079,71399,70595,70057,69241,68588,67890,67149,66614,66319,66076,65702,64927,64267,63582,62907,62294,61622,60936
78887,78055,77579,76884,76375,75557,74868,74229,73548,72878,72365,71685,70877,70344,69523,68871,68172,67431,66901,66602,66359,65989,65210,64551,63866,63191,62582,61911,61225
79167,78331,77860,77164,76659,75838,75148,74510,73829,73159,72651,71971,71159,70631,69805,69154,68454,67713,67188,66885,66642,66276,65493,64835,64150,63475,62870,62200,61514
79447,78607,78141,77444,76943,76119,75428,74791,74110,73440,72937,72257,71441,70918,70087,69437,68736,67995,67475,67168,66925,66563,65776,65119,64434,63759,63158,62489,61803
79727,78883,78422,77724,77227,76400,75708,75072,74391,73721,73223,72543,71723,71205,70369,69720,69018,68277,67762,67451,67208,66850,66059,65403,64718,64043,63446,62778,62092
80007,79159,78703,78004,77511,76681,75988,75353,74672,74002,73509,72829,72005,71492,70651,70003,69300,68559,68049,67734,67491,67137,66342,65687,65002,64327,63734,63067,62381
80287,79435,78984,78284,77795,76962,76268,75634,74953,74283,73795,73115,72287,71779,70933,70286,69582,68841,68336,68017,67774,67424,66625,65971,65286,64611,64022,63356,62670
80567,79711,79265,78564,78079,77243,76548,75915,75234,74564,74081,73401,72569,72066,71215,70569,69864,69123,68623,68300,68057,67711,66908,66255,65570,64895,64310,63645,62959
80847,79987,79546,78844,78363,77524,76828,76196,75515,74845,74367,73687,72851,72353,71497,70852,70146,69405,68910,68583,68340,67998,67191,66539,65854,65179,64598,63934,63248
81127,80263,79827,79124,78647,77805,77108,76477,75796,75126,74653,73973,73133,72640,71779,71135,70428,69687,69197,68866,68623,68285,67474,66823,66138,65463,64886,64223,63537
81407,80539,80108,79404,78931,78086,77388,76758,76077,75407,74939,74259,73415,72927,72061,71418,70710,69969,69484,69149,68906,68572,67757,67107,66422,65747,65174,64512,63826
81687,80815,80389,79684,79215,78367,77668,77039,76358,75688,75225,74545,73697,73214,72343,71701,70992,70251,69771,69432,69189,68859,68040,67391,66706,66031,65462,64801,64115
81967,81091,80670,79964,79499,78648,77948,77320,76639,75969,75511,74831,73979,73501,72625,71984,71274,70533,70058,69715,69472,69146,68323,67675,66990,66315,65750,65090,64404
82247,81367,80951,80244,79783,78929,78228,77601,76920,76250,75797,75117,74261,73788,72907,72267,71556,70815,70345,69998,69755,69433,68606,67959,67274,66599,66038,65379,64693
82527,81643,81232,80524,80067,79210,78508,77882,77201,76531,76083,75403,74543,74075,73189,72550,71838,71097,70632,70281,70038,69720,68889,68243,67558,66883,66326,65668,64982
82807,81919,81513,80804,80351,79491,78788,78163,77482,76812,76369,75689,74825,74362,73471,72833,72120,71379,70919,70564,70321,70007,69172,68527,67842,67167,66614,65957,65271
83087,82195,81794,81084,80635,79772,79068,78444,77763,77093,76655,75975,75107,74649,73753,73116,72402,71661,71206,70847,70604,70294,69455,68811,68126,67451,66902,66246,65560
83367,82471,82075,81364,80919,80053,79348,78725,78044,77374,76941,76261,75389,74936,74035,73399,72684,71943,71493,71130,70887,70581,69738,69095,68410,67735,67190,66535,65849
83647,82747,82356,81644,81203,80334,79628,79006,78325,77655,77227,76547,75671,75223,74317,73682,72966,72225,71780,71413,71170,70868,70021,69379,68694,68019,67478,66824,66138
83927,83023,82637,81924,81487,80615,79908,79287,78606,77936,77513,76833,75953,75510,74599,73965,73248,72507,72067,71696,71453,71155,70304,69663,68978,68303,67766,67113,66427
84207,83299,82918,82204,81771,80896,80188,79568,78887,78217,77799,77119,76235,75797,74881,74248,73530,72789,72354,71979,71736,71442,70587,69947,69262,68587,68054,67402,66716
84487,83575,83199,82484,82055,81177,80468,79849,79168,78498,78085,77405,76517,76084,75163,74531,73812,73071,72641,72262,72019,71729,70870,70231,69546,68871,68342,67691,67005
84767,83851,83480,82764,82339,81458,80748,80130,79449,78779,78371,77691,76799,76371,75445,74814,74094,73353,72928,72545,72302,72016,71153,70515,69830,69155,68630,67980,67294
85047,84127,83761,83044,82623,81739,81028,80411,79730,79060,78657,77977,77081,76658,75727,75097,74376,73635,73215,72828,72585,72303,71436,70799,70114,69439,68918,68269,67583
85327,84403,84042,83324,82907,82020,81308,80692,80011,79341,78943,78263,77363,76945,76009,75380,74658,73917,73502,73111,72868,72590,71719,71083,70398,69723,69206,68558,67872
85607,84679,84323,83604,83191,82301,81588,80973,80292,79622,79229,78549,77645,77232,76291,75663,74940,74199,73789,73394,73151,72877,72002,71367,70682,70007,69494,68847,68161
85887,84955,84604,83884,83475,82582,81868,81254,80573,79903,79515,78835,77927,77519,76573,75946,75222,74481,74076,73677,73434,73164,72285,71651,70966,70291,69782,69136,68450
86167,85231,84885,84164,83759,82863,82148,81535,80854,80184,79801,79121,78209,77806,76855,76229,75504,74763,74363,73960,73717,73451,72568,71935,71250,70575,70070,69425,68739
86447,85507,85166,84444,84043,83144,82428,81816,81135,80465,80087,79407,78491,78093,77137,76512,75786,75045,74650,74243,74000,73738,72851,72219,71534,70859,70358,69714,69028
86727,85783,85447,84724,84327,83425,82708,82097,81416,80746,80373,79693,78773,78380,77419,76795,76068,75327,74937,74526,74283,74025,73134,72503,71818,71143,70646,70003,69317
87007,86059,85728,85004,84611,83706,82988,82378,81697,81027,80659,79979,79055,78667,77701,77078,76350,75609,75224,74809,74566,74312,73417,72787,72102,71427,70934,70292,69606
87287,86335,86009,85284,84895,83987,83268,82659,81978,81308,80945,80265,79337,78954,77983,77361,76632,75891,75511,75092,74849,74599,73700,73071,72386,71711,71222,70581,69895
87567,86611,86290,85564,85179,84268,83548,82940,82259,81589,81231,80551,79619,79241,78265,77644,76914,76173,75798,75375,75132,74886,73983,73355,72670,71995,71510,70870,70184
87847,86887,86571,85844,85463,84549,83828,83221,82540,81870,81517,80837,79901,79528,78547,77927,77196,76455,76085,75658,75415,75173,74266,73639,72954,72279,71798,71159,70473
88127,87163,86852,86124,85747,84830,84108,83502,82821,82151,81803,81123,80183,79815,78829,78210,77478,76737,76372,75941,75698,75460,74549,73923,73238,72563,72086,71448,70762
88407,87439,87133,86404,86031,85111,84388,83783,83102,82432,82089,81409,80465,80102,79111,78493,77760,77019,76659,76224,75981,75747,74832,74207,73522,72847,72374,71737,71051
88687,87715,87414,86684,86315,85392,84668,84064,83383,82713,82375,81695,80747,80389,79393,78776,78042,77301,76946,76507,76264,76034,75115,74491,73806,73131,72662,72026,71340
88967,87991,87695,86964,86599,85673,84948,84345,83664,82994,82661,81981,81029,80676,79675,79059,78324,77583,77233,76790,76547,76321,75398,74775,74090,73415,72950,72315,71629
89247,88267,87976,87244,86883,85954,85228,84626,83945,83275,82947,82267,81311,80963,79957,79342,78606,77865,77520,77073,76830,76608,75681,75059,74374,73699,73238,72604,71918
89527,88543,88257,87524,87167,86235,85508,84907,84226,83556,83233,82553,81593,81250,80239,79625,78888,78147,77807,77356,77113,76895,75964,75343,74658,73983,73526,72893,72207
89807,88819,88538,87804,87451,86516,85788,85188,84507,83837,83519,82839,81875,81537,80521,79908,79170,78429,78094,77639,77396,77182,76247,75627,74942,74267,73814,73182,72496
90087,89095,88819,88084,87735,86797,86068,85469,84788,84118,83805,83125,82157,81824,80803,80191,79452,78711,78381,77922,77679,77469,76530,75911,75226,74551,74102,73471,72785
90367,89371,89100,88364,88019,87078,86348,85750,85069,84399,84091,83411,82439,82111,81085,80474,79734,78993,78668,78205,77962,77756,76813,76195,75510,74835,74390,73760,73074
90647,89647,89381,88644,88303,87359,86628,86031,85350,84680,84377,83697,82721,82398,81367,80757,80016,79275,78955,78488,78245,78043,77096,76479,75794,75119,74678,74049,73363
90927,89923,89662,88924,88587,87640,86908,86312,85631,84961,84663,83983,83003,82685,81649,81040,80298,79557,79242,78771,78528,78330,77379,76763,76078,75403,74966,74338,73652
91207,90199,89943,89204,88871,87921,87188,86593,85912,85242,84949,84269,83285,82972,81931,81323,80580,79839,79529,79054,78811,78617,77662,77047,76362,75687,75254,74627,73941
91487,90475,90224,89484,89155,88202,87468,86874,86193,85523,85235,84555,83567,83259,82213,81606,80862,80121,79816,79337,79094,78904,77945,77331,76646,75971,75542,74916,74230
91767,90751,90505,89764,89439,88483,87748,87155,86474,85804,85521,84841,83849,83546,82495,81889,81144,80403,80103,79620,79377,79191,78228,77615,76930,76255,75830,75205,74519
92047,91027,90786,90044,89723,88764,88028,87436,86755,86085,85807,85127,84131,83833,82777,82172,81426,80685,80390,79903,79660,79478,78511,77899,77214,76539,76118,75494,74808
92327,91303,91067,90324,90007,89045,88308,87717,87036,86366,86093,85413,84413,84120,83059,82455,81708,80967,80677,80186,79943,79765,78794,78183,77498,76823,76406,75783,75097
92607,91579,91348,90604,90291,89326,88588,87998,87317,86647,86379,85699,84695,84407,83341,82738,81990,81249,80964,80469,80226,80052,79077,78467,77782,77107,76694,76072,75386
92887,91855,91629,90884,90575,89607,88868,88279,87598,86928,86665,85985,84977,84694,83623,83021,82272,81531,81251,80752,80509,80339,79360,78751,78066,77391,76982,76361,75675
93167,92131,91910,91164,90859,89888,89148,88560,87879,87209,86951,86271,85259,84981,83905,83304,82554,81813,81538,81035,80792,80626,79643,79035,78350,77675,77270,76650,75964
93447,92407,92191,91444,91143,90169,89428,88841,88160,87490,87237,86557,85541,85268,84187,83587,82836,82095,81825,81318,81075,80913,79926,79319,78634,77959,77558,76939,76253
93727,92683,92472,91724,91427,90450,89708,89122,88441,87771,87523,86843,85823,85555,84469,83870,83118,82377,82112,81601,81358,81200,80209,79603,78918,78243,77846,77228,76542
94007,92959,92753,92004,91711,90731,89988,89403,88722,88052,87809,87129,86105,85842,84751,84153,83400,82659,82399,81884,81641,81487,80492,79887,79202,78527,78134,77517,76831
94287,93235,93034,92284,91995,91012,90268,89684,89003,88333,88095,87415,86387,86129,85033,84436,83682,82941,82686,82167,81924,81774,80775,80171,79486,78811,78422,77806,77120
94567,93511,93315,92564,92279,91293,90548,89965,89284,88614,88381,87701,86669,86416,85315,84719,83964,83223,82973,82450,82207,82061,81058,80455,79770,79095,78710,78095,77409
94847,93787,93596,92844,92563,91574,90828,90246,89565,88895,88667,87987,86951,86703,85597,85002,84246,83505,83260,82733,82490,82348,81341,80739,80054,79379,78998,78384,77698
95127,94063,93877,93124,92847,91855,91108,90527,89846,89176,88953,88273,87233,86990,85879,85285,84528,83787,83547,83016,82773,82635,81624,81023,80338,79663,79286,78673,77987
95407,94339,94158,93404,93131,92136,91388,90808,90127,89457,89239,88559,87515,87277,86161,85568,84810,84069,83834,83299,83056,82922,81907,81307,80622,79947,79574,78962,78276
95687,94615,94439,93684,93415,92417,91668,91089,90408,89738,89525,88845,87797,87564,86443,85851,85092,84351,84121,83582,83339,83209,82190,81591,80906,80231,79862,79251,78565
95967,94891,94720,93964,93699,92698,91948,91370,90689,90019,89811,89131,88079,87851,86725,86134,85374,84633,84408,83865,83622,83496,82473,81875,81190,80515,80150,79540,78854
96247,95167,95001,94244,93983,92979,92228,91651,90970,90300,90097,89417,88361,88138,87007,86417,85656,84915,84695,84148,83905,83783,82756,82159,81474,80799,80438,79829,79143
96527,95443,95282,94524,94267,93260,92508,91932,91251,90581,90383,89703,88643,88425,87289,86700,85938,85197,84982,84431,84188,84070,83039,82443,81758,81083,80726,80118,79432
96807,95719,95563,94804,94551,93541,92788,92213,91532,90862,90669,89989,88925,88712,87571,86983,86220,85479,85269,84714,84471,84357,83322,82727,82042,81367,81014,80407,79721
97087,95995,95844,95084,94835,93822,93068,92494,91813,91143,90955,90275,89207,88999,87853,87266,86502,85761,85556,84997,84754,84644,83605,83011,82326,81651,81302,80696,80010
97367,96271,96125,95364,95119,94103,93348,92775,92094,91424,91241,90561,89489,89286,88135,87549,86784,86043,85843,85280,85037,84931,83888,83295,82610,81935,81590,80985,80299
97647,96547,96406,95644,95403,94384,93628,93056,92375,91705,91527,90847,89771,89573,88417,87832,87066,86325,86130,85563,85320,85218,84171,83579,82894,82219,81878,81274,80588
97927,96823,96687,95924,95687,94665,93908,93337,92656,91986,91813,91133,90053,89860,88699,88115,87348,86607,86417,85846,85603,85505,84454,83863,83178,82503,82166,81563,80877
98207,97099,96968,96204,95971,94946,94188,93618,92937,92267,92099,91419,90335,90147,88981,88398,87630,86889,86704,86129,85886,85792,84737,84147,83462,82787,82454,81852,81166
98487,97375,97249,96484,96255,95227,94468,93899,93218,92548,92385,91705,90617,90434,89263,88681,87912,87171,86991,86412,86169,86079,85020,84431,83746,83071,82742,82141,81455
98767,97651,97530,96764,96539,95508,94748,94180,93499,92829,92671,91991,90899,90721,89545,88964,88194,87453,87278,86695,86452,86366,85303,84715,84030,83355,83030,82430,81744
99047,97927,97811,97044,96823,95789,95028,94461,93780,93110,92957,92277,91181,91008,89827,89247,88476,87735,87565,86978,86735,86653,85586,84999,84314,83639,83318,82719,82033
99327,98203,98092,97324,97107,96070,95308,94742,94061,93391,93243,92563,91463,91295,90109,89530,88758,88017,87852,87261,87018,86940,85869,85283,84598,83923,83606,83008,82322
99607,98479,98373,97604,97391,96351,95588,95023,94342,93672,93529,92849,91745,91582,90391,89813,89040,88299,88139,87544,87301,87227,86152,85567,84882,84207,83894,83297,82611
99887,98755,98654,97884,97675,96632,95868,95304,94623,93953,93815,93135,92027,91869,90673,90096,89322,88581,88426,87827,87584,87514,86435,85851,85166,84491,84182,83586,82900
100167,99031,98935,98164,97959,96913,96148,95585,94904,94234,94101,93421,92309,92156,90955,90379,89604,88863,88713,88110,87867,87801,86718,86135,85450,84775,84470,83875,83189
100447,99307,99216,98444,98243,97194,96428,95866,95185,94515,94387,93707,92591,92443,91237,90662,89886,89145,89000,88393,88150,88088,87001,86419,85734,85059,84758,84164,83478
100727,99583,99497,98724,98527,97475,96708,96147,95466,94796,94673,93993,92873,92730,91519,90945,90168,89427,89287,88676,88433,88375,87284,86703,86018,85343,85046,84453,83767
101007,99859,99778,99004,98811,97756,96988,96428,95747,95077,94959,94279,93155,93017,91801,91228,90450,89709,89574,88959,88716,88662,87567,86987,86302,85627,85334,84742,84056
101287,100135,100059,99284,99095,98037,97268,96709,96028,95358,95245,94565,93437,93304,92083,91511,90732,89991,89861,89242,88999,88949,87850,87271,86586,85911,85622,85031,84345
101567,100411,100340,99564,99379,98318,97548,96990,96309,95639,95531,94851,93719,93591,92365,91794,91014,90273,90148,89525,89282,89236,88133,87555,86870,86195,85910,85320,84634
101847,100687,100621,99844,99663,98599,97828,97271,96590,95920,95817,95137,94001,93878,92647,92077,91296,90555,90435,89808,89565,89523,88416,87839,87154,86479,86198,85609,84923
102127,100963,100902,100124,99947,98880,98108,97552,96871,96201,96103,95423,94283,94165,92929,92360,91578,90837,90722,90091,89848,89810,88699,88123,87438,86763,86486,85898,85212
102407,101239,101183,100404,100231,99161,98388,97833,97152,96482,96389,95709,94565,94452,93211,92643,91860,91119,91009,90374,90131,90097,88982,88407,87722,87047,86774,86187,85501
102687,101515,101464,100684,100515,99442,98668,98114,97433,96763,96675,95995,94847,94739,93493,92926,92142,91401,91296,90657,90414,90384,89265,88691,88006,87331,87062,86476,85790
102967,101791,101745,100964,100799,99723,98948,98395,97714,97044,96961,96281,95129,95026,93775,93209,92424,91683,91583,90940,90697,90671,89548,88975,88290,87615,87350,86765,86079
103247,102067,102026,101244,101083,100004,99228,98676,97995,97325,97247,96567,95411,95313,94057,93492,92706,91965,91870,91223,90980,90958,89831,89259,88574,87899,87638,87054,86368
103527,102343,102307,101524,101367,100285,99508,98957,98276,97606,97533,96853,95693,95600,94339,93775,92988,92247,92157,91506,91263,91245,90114,89543,88858,88183,87926,87343,86657
103807,102619,102588,101804,101651,100566,99788,99238,98557,97887,97819,97139,95975,95887,94621,94058,93270,92529,92444,91789,91546,91532,90397,89827,89142,88467,88214,87632,86946
104087,102895,102869,102084,101935,100847,100068,99519,98838,98168,98105,97425,96257,96174,94903,94341,93552,92811,92731,92072,91829,91819,90680,90111,89426,88751,88502,87921,87235
104367,103171,103150,102364,102219,101128,100348,99800,99119,98449,98391,97711,96539,96461,95185,94624,93834,93093,93018,92355,92112,92106,90963,90395,89710,89035,88790,88210,87524
104647,103447,103431,102644,102503,101409,100628,100081,99400,98730,98677,97997,96821,96748,95467,94907,94116,93375,93305,92638,92395,92393,91246,90679,89994,89319,89078,88499,87813
104927,103723,103712,102924,102787,101690,100908,100362,99681,99011,98963,98283,97103,97035,95749,95190,94398,93657,93592,92921,92678,92680,91529,90963,90278,89603,89366,88788,88102
105207,103999,103993,103204,103071,101971,101188,100643,99962,99292,99249,98569,97385,97322,96031,95473,94680,93939,93879,93204,92961,92967,91812,91247,90562,89887,89654,89077,88391
105487,104275,104274,103484,103355,102252,101468,100924,100243,99573,99535,98855,97667,97609,96313,95756,94962,94221,94166,93487,93244,93254,92095,91531,90846,90171,89942,89366,88680
105767,104551,104555,103764,103639,102533,101748,101205,100524,99854,99821,99141,97949,97896,96595,96039,95244,94503,94453,93770,93527,93541,92378,91815,91130,90455,90230,89655,88969
106047,104827,104836,104044,103923,102814,102028,101486,100805,100135,100107,99427,98231,98183,96877,96322,95526,94785,94740,94053,93810,93828,92661,92099,91414,90739,90518,89944,89258
106327,105103,105117,104324,104207,103095,102308,101767,101086,100416,100393,99713,98513,98470,97159,96605,95808,95067,95027,94336,94093,94115,92944,92383,91698,91023,90806,90233,89547
106607,105379,105398,104604,104491,103376,102588,102048,101367,100697,100679,99999,98795,98757,97441,96888,96090,95349,95314,94619,94376,94402,93227,92667,91982,91307,91094,90522,89836
106887,105655,105679,104884,104775,103657,102868,102329,101648,100978,100965,100285,99077,99044,97723,97171,96372,95631,95601,94902,94659,94689,93510,92951,92266,91591,91382,90811,90125
