13483,13151,12802,12452,12103,11756,11408,11050,10701,10348,10013,9669.3,9312.7,8965.4,8619.1,8285.3,7926.1,7557.1,7222.6,7123.8,7028.3,6820.2,6489.9,6132.9,5800,5446.3,5111.8,4762.6,4425.1
13535,13198,12848,12497,12148,11800,11452,11098,10747,10395,10056,9711.6,9358.8,9011,8664.2,8326.7,7970.7,7597.6,7266.7,7164.7,7072.4,6864.4,6529.9,6176.6,5839.6,5489.5,5151,4805.4,4463.9
13587,13245,12894,12543,12193,11843,11495,11145,10794,10442,10098,9753.9,9404.9,9056.6,8709.3,8368,8015.4,7638.1,7310.8,7205.6,7116.6,6908.5,6570,6220.3,5879.2,5532.7,5190.2,4848.1,4502.7
13639,13292,12939,12588,12238,11887,11539,11191,10841,10490,10141,9796.1,9450.9,9102.2,8754.4,8409.4,8060,7678.5,7355,7246.5,7160.7,6952.6,6610,6264,5919.7,5575.9,5229.4,4890.8,4541.5
13690,13339,12985,12634,12282,11932,11583,11235,10887,10537,10186,9838.4,9493.2,9147.8,8799.5,8452.6,8104.6,7723,7399.1,7287.4,7204.9,6996.8,6651.9,6307.7,5962.9,5618.4,5268.6,4929.6,4580.4
13741,13386,13032,12679,12330,11977,11630,11278,10930,10584,10233,9882.5,9535.4,9189.8,8844.6,8497.7,8149.4,7767.6,7440.1,7330.5,7249,7040.9,6695.5,6349.4,6006.1,5658,5308.5,4968.4,4622.7
13789,13433,13079,12727,12379,12024,11679,11326,10974,10627,10279,9928.6,9579.3,9231.6,8886.8,8542.8,8194.5,7811.2,7481,7374.6,7293.1,7082.1,6739.2,6389,6047.9,5697.6,5351.3,5008,4665.1
13837,13481,13126,12777,12428,12073,11726,11374,11020,10670,10326,9974.7,9625.4,9274.7,8928.6,8584.7,8239.6,7852.1,7523,7418.8,7337.3,7122.6,6780.5,6428.6,6087.9,5738.8,5394.1,5050.8,4707.5
13886,13528,13178,12828,12474,12122,11771,11421,11068,10715,10373,10021,9671.5,9320.8,8971.4,8626.1,8281.8,7893,7567.6,7463.4,7378.8,7163.3,6820.9,6471.4,6128,5782,5437,5093.6,4750.3
13935,13581,13230,12875,12521,12168,11816,11465,11116,10763,10418,10068,9717.6,9366.9,9017,8668.2,8323.2,7936.3,7612.2,7508,7419.3,7207.5,6861.5,6515.6,6170.2,5825.2,5480.2,5136.3,4793
13985,13634,13278,12922,12571,12214,11865,11509,11164,10810,10461,10115,9763.7,9413,9062.6,8713.8,8364.9,7981.4,7656.5,7552.5,7459.7,7251.6,6905.7,6559.7,6213.5,5868.5,5523.5,5179.1,4834.3
14035,13684,13326,12972,12621,12262,11915,11557,11212,10857,10504,10161,9809.9,9459.1,9108.2,8759.4,8410,8026.6,7700.7,7596.6,7504.3,7295.9,6949.8,6603.4,6256.7,5911.7,5566.7,5221.9,4873.2
14088,13733,13376,13024,12670,12312,11964,11606,11261,10905,10551,10208,9856.5,9505.2,9153.8,8804.7,8455.1,8071.2,7744.8,7640.8,7548.9,7340.6,6993.8,6647.1,6300.3,5954.9,5609.9,5264.7,4912
14142,13782,13429,13075,12717,12363,12014,11655,11309,10953,10599,10255,9903.2,9551.3,9199.4,8849.8,8500.2,8115.8,7789.8,7685.2,7593.6,7385.2,7037.5,6690.8,6344,5998.1,5653.1,5307.4,4954.8
14195,13832,13482,13123,12765,12414,12063,11705,11357,11001,10647,10302,9949.8,9597.5,9245.5,8894.9,8545.3,8160.6,7834.9,7729.8,7638.2,7429.5,7081.2,6734.4,6387.7,6041.4,5696,5350.2,5001.2
14246,13884,13531,13171,12816,12465,12109,11755,11407,11050,10694,10349,9996.4,9643.8,9291.6,8940.4,8590.4,8205.7,7879.9,7774.4,7682.8,7473.6,7125.1,6778.1,6431.4,6084.6,5738.8,5393.3,5047.5
14298,13938,13580,13224,12868,12516,12156,11805,11456,11098,10742,10397,10043,9690.4,9337.7,8986,8638.5,8250.8,7924.5,7819,7729.7,7517.8,7169.2,6822,6475,6128.3,5781.6,5436.6,5091.2
14355,13993,13634,13276,12921,12568,12205,11854,11505,11147,10790,10445,10090,9737.1,9383.8,9032.7,8687.4,8298,7969.1,7863.6,7778,7565.9,7213.4,6866.2,6520.3,6172,5824.8,5479.8,5134
14412,14049,13688,13330,12973,12619,12255,11904,11555,11196,10838,10492,10137,9783.7,9429.9,9082.7,8735.8,8346.9,8013.7,7908.3,7826.4,7614.2,7260.7,6910.3,6567.6,6216.8,5868,5522.6,5176.8
14469,14105,13743,13383,13026,12671,12308,11955,11604,11245,10888,10540,10185,9830.3,9479.4,9132.6,8781.4,8395.7,8058.4,7952.9,7871.3,7661.5,7308.5,6956.9,6614.9,6263.6,5912.3,5565.3,5219.6
14526,14161,13798,13438,13079,12723,12364,12005,11654,11294,10941,10588,10232,9878.5,9529.9,9180.1,8827,8441.2,8103,7997.5,7915.9,7705.6,7355.9,7004.2,6659.8,6310.4,5959.6,5608.9,5262.3
14584,14217,13854,13492,13133,12776,12420,12056,11704,11347,10994,10636,10280,9929.6,9579.6,9226.2,8874.7,8486.3,8151.2,8044.2,7961.4,7749.7,7400.5,7051.6,6703.4,6355.4,6006.9,5655.7,5305.5
14641,14275,13909,13547,13187,12828,12472,12108,11754,11401,11043,10684,10332,9980.7,9626.2,9272.5,8924.7,8532.4,8200,8093.1,8009.7,7796.2,7445.1,7099.4,6747.1,6399.1,6051.9,5702.5,5351.9
14700,14332,13965,13602,13240,12881,12524,12162,11804,11452,11092,10736,10384,10032,9672.9,9322.4,8974.6,8581.8,8248.8,8141.9,8058,7844.5,7491.1,7147.2,6794.2,6442.8,6094.7,5747.7,5398.2
14760,14390,14022,13657,13300,12934,12579,12218,11857,11502,11143,10789,10435,10083,9722.3,9372.4,9020.7,8631.2,8297.1,8190.4,8104.3,7892.8,7539,7193.7,6841.5,6489.1,6137.5,5790.5,5443.4
14819,14447,14080,13718,13359,12991,12636,12273,11913,11553,11197,10841,10487,10133,9773.4,9422.6,9066.3,8680.3,8345.5,8238.7,8149,7941.2,7586.8,7237.4,6888.8,6535.9,6183.1,5833.2,5486.2
14878,14508,14142,13778,13414,13050,12692,12330,11968,11608,11250,10894,10539,10181,9824.5,9473.1,9113,8729.2,8394.3,8287.1,8193.6,7989.5,7634.6,7281.1,6936.1,6582.8,6229.9,5878.2,5529
14938,14572,14203,13834,13469,13108,12745,12385,12024,11663,11304,10947,10591,10228,9875.5,9523.6,9163,8778,8443.7,8336,8245,8037.9,7682.4,7327.1,6983.5,6630.1,6276.8,5924.5,5575.4
14999,14633,14260,13891,13527,13166,12799,12438,12079,11718,11358,11001,10644,10280,9926.6,9574.1,9212.9,8827.9,8493.1,8384.8,8297.7,8086.8,7730.2,7374.9,7030.8,6677.4,6323.6,5970.9,5625.3
15064,14692,14319,13951,13587,13225,12856,12491,12135,11773,11413,11054,10697,10332,9977.7,9624.6,9265.8,8877.9,8542,8433.9,8349.5,8135.6,7778.6,7422.7,7078.1,6724.6,6370.4,6020.5,5675.2
15129,14755,14382,14013,13647,13285,12914,12551,12191,11828,11467,11108,10750,10385,10029,9675.3,9320.2,8927.6,8590.9,8483.3,8398.4,8184.2,7826.9,7473.7,7125.4,6771.4,6417.8,6070.9,5722.3
15196,14820,14445,14075,13709,13345,12973,12613,12248,11883,11521,11161,10803,10441,10080,9726.3,9374.3,8977,8639.9,8532.7,8447.3,8232.6,7876.4,7525.2,7172.7,6818.2,6468.2,6121.2,5768.1
15263,14885,14510,14137,13770,13405,13032,12672,12305,11939,11576,11215,10856,10498,10136,9777.4,9424.8,9026.4,8689.3,8584.9,8496.4,8280.9,7928.5,7576.2,7220,6867.2,6518.6,6167.6,5814
15330,14950,14574,14200,13831,13465,13094,12730,12362,11995,11631,11272,10909,10551,10192,9831.9,9475.3,9079,8738.7,8637.5,8545.8,8332.7,7980.5,7624,7267.4,6918.2,6567.7,6213.9,5860.3
15397,15016,14638,14264,13893,13526,13158,12788,12419,12051,11690,11331,10965,10603,10246,9887.6,9528.1,9132.8,8790.2,8689.6,8595.2,8385.3,8030.3,7671.8,7318.6,6969.2,6614.5,6261,5906.6
15465,15082,14703,14330,13960,13586,13220,12846,12475,12111,11749,11387,11023,10657,10298,9942.1,9583.1,9186.6,8843.4,8739.5,8648,8438,8078.6,7721.4,7370.1,7019.7,6661.3,6310.9,5953.2
15534,15151,14774,14398,14027,13651,13280,12905,12537,12172,11809,11442,11081,10715,10350,9993.2,9638.1,9241,8896.6,8789.5,8701.2,8491.2,8126.9,7773.5,7421.5,7070.1,6710.3,6360.8,6002.6
15603,15224,14845,14465,14090,13716,13342,12969,12599,12233,11870,11498,11139,10772,10407,10044,9693.1,9295.4,8950.4,8841.4,8754.4,8544.4,8179.3,7825.5,7472.5,7120.6,6760.8,6410.8,6052
15674,15293,14916,14530,14154,13780,13407,13033,12662,12295,11930,11557,11197,10830,10464,10102,9748.1,9349.8,9004.2,8894.5,8807.6,8597.6,8231.9,7877.2,7523.4,7171.5,6811.2,6460.7,6101.5
15750,15361,14987,14598,14222,13842,13472,13097,12725,12357,11991,11617,11255,10888,10521,10162,9803.1,9404.2,9057.9,8947.7,8860.8,8650.8,8285.5,7928.7,7574.6,7222.5,6861.6,6510.6,6151.4
15825,15434,15053,14668,14290,13910,13538,13162,12788,12418,12051,11677,11314,10945,10577,10222,9858.1,9458.6,9111.7,9005.2,8914.4,8704,8341.9,7980.2,7626.1,7273.4,6912,6560.5,6201.3
15901,15509,15121,14738,14359,13982,13603,13226,12852,12479,12113,11737,11373,11003,10635,10278,9913.1,9513.6,9165.5,9062.8,8968.2,8757.2,8398.3,8035.9,7677.6,7324.4,6962.6,6610.4,6252.5
15977,15588,15199,14808,14429,14052,13670,13291,12916,12542,12174,11799,11432,11060,10696,10334,9968.7,9568.6,9222.6,9119.1,9022.1,8810.4,8452.4,8091.7,7731.9,7375.3,7016.7,6660.3,6305.4
16052,15667,15277,14882,14498,14120,13736,13358,12985,12605,12235,11863,11492,11123,10757,10394,10024,9625.3,9280.9,9172.9,9079.7,8864.6,8505,8146.5,7787.1,7428.2,7070.7,6713.5,6358.3
16134,15742,15350,14960,14567,14188,13808,13428,13053,12671,12296,11928,11556,11185,10819,10455,10082,9684.2,9339.1,9226.7,9137.4,8921.6,8557.6,8199.1,7842.1,7482.8,7124.7,6767.5,6409.5
16218,15817,15425,15034,14643,14257,13880,13497,13117,12739,12359,11993,11620,11248,10881,10515,10142,9743.2,9397.4,9283.8,9195,8978.6,8613.8,8251.7,7894.2,7537.4,7178.8,6821.5,6459.4
16296,15899,15504,15106,14719,14327,13948,13563,13182,12807,12427,12058,11684,11312,10944,10572,10202,9802.1,9455.7,9342.1,9252.6,9036,8670.2,8306.8,7946.2,7592.4,7232.8,6875,6509.3
16375,15980,15580,15182,14794,14403,14015,13631,13251,12875,12494,12124,11749,11375,11006,10629,10263,9861.1,9514.4,9400.5,9310.3,9093.6,8726.9,8363.2,8000.9,7647.6,7287.1,6928.5,6564.3
16459,16056,15655,15259,14869,14477,14086,13702,13321,12943,12561,12191,11814,11439,11069,10693,10323,9920.2,9573.3,9459.4,9369,9151.2,8784.6,8419.6,8060.4,7702.8,7341.7,6982.1,6620.8
16543,16137,15736,15338,14947,14551,14160,13774,13391,13013,12627,12257,11879,11503,11131,10759,10385,9979.8,9632.2,9518.4,9427.9,9209.5,8842.2,8479.7,8119.9,7757.9,7396.3,7036.1,6677.2
16628,16226,15822,15416,15024,14628,14237,13851,13461,13082,12699,12324,11944,11567,11194,10823,10450,10039,9691.2,9579.4,9487.8,9267.8,8902,8539.8,8176.9,7813.1,7450.9,7090.1,6730.9
16716,16312,15906,15500,15102,14709,14316,13927,13535,13151,12772,12390,12009,11631,11258,10885,10515,10103,9750.1,9641.5,9549.9,9327.8,8962.8,8598.7,8232.7,7869.5,7505.5,7144.2,6784.3
16807,16396,15988,15585,15180,14789,14392,14000,13611,13220,12842,12457,12075,11698,11326,10947,10577,10167,9811.3,9703.8,9612.1,9390,9023.6,8655.1,8288.5,7928.4,7560.1,7198.2,6838.3
16899,16484,16075,15670,15264,14865,14467,14074,13687,13295,12910,12523,12144,11767,11393,11013,10638,10232,9874.9,9767.4,9674.8,9452.1,9085.1,8711.4,8348.5,7987.2,7618.3,7252.2,6895.4
16991,16573,16163,15755,15347,14944,14546,14153,13764,13370,12980,12595,12214,11836,11462,11080,10701,10296,9938.5,9830.9,9737.6,9514.9,9146.6,8770.8,8408.6,8046.5,7676.5,7308.7,6952.4
17085,16664,16251,15836,15431,15026,14626,14232,13841,13445,13054,12667,12284,11906,11530,11147,10767,10360,10002,9894.5,9800.6,9577.8,9208.4,8831.6,8468.7,8106,7734.9,7366.3,7009.6
17178,16755,16339,15920,15515,15109,14707,14311,13919,13521,13128,12740,12355,11975,11598,11214,10833,10425,10066,9958.1,9864.2,9640.6,9270.5,8892.6,8528.9,8165.5,7793.8,7423.9,7067.3
17270,16845,16428,16013,15601,15192,14789,14390,13997,13597,13203,12812,12428,12045,11666,11282,10904,10490,10131,10022,9927.8,9703.5,9332.7,8957.9,8589,8224.9,7852.7,7485.4,7124.9
17369,16940,16520,16104,15689,15278,14874,14469,14075,13673,13278,12889,12504,12115,11735,11354,10974,10556,10200,10086,9991.9,9766.4,9394.9,9023.2,8651.6,8284.4,7913.5,7547.2,7182.2
17470,17038,16615,16192,15780,15367,14960,14548,14154,13753,13358,12967,12580,12188,11804,11426,11043,10622,10268,10150,10056,9832.9,9457,9086.8,8715.5,8344.8,7976,7608.6,7239.2
17570,17137,16707,16283,15869,15457,15044,14634,14237,13836,13437,13046,12653,12264,11874,11495,11109,10687,10333,10217,10121,9900.5,9520.6,9148.3,8779.4,8408,8038.5,7666.8,7296.3
17671,17236,16798,16376,15956,15547,15126,14721,14320,13918,13517,13124,12726,12339,11948,11564,11177,10757,10398,10285,10190,9968.1,9587.4,9209.8,8844,8471.2,8101.6,7725,7356.5
17774,17336,16899,16471,16046,15638,15213,14807,14406,13999,13598,13203,12802,12416,12022,11635,11250,10827,10466,10354,10258,10036,9654.2,9275.1,8908.6,8534.8,8164.8,7786.5,7417.7
17876,17436,17002,16566,16138,15728,15301,14894,14491,14082,13679,13282,12880,12492,12098,11708,11322,10900,10535,10423,10326,10103,9721,9341.1,8973.4,8598.7,8228,7852.7,7478.9
17977,17535,17100,16667,16237,15818,15396,14980,14576,14166,13761,13361,12960,12568,12173,11781,11398,10975,10604,10492,10395,10171,9787.8,9408.4,9038.7,8662.6,8291.2,7918.9,7544.4
18087,17640,17201,16769,16337,15909,15491,15067,14661,14249,13843,13441,13043,12645,12251,11859,11474,11049,10678,10563,10464,10240,9855.8,9479.1,9104,8726.5,8354.5,7982.6,7609.9
18196,17747,17304,16866,16429,16006,15580,15161,14745,14332,13924,13523,13125,12726,12330,11939,11549,11121,10752,10636,10538,10309,9928.2,9548.3,9169.4,8791.1,8419,8045.1,7674.7
18305,17855,17408,16964,16525,16105,15670,15255,14833,14419,14011,13609,13204,12808,12411,12013,11622,11193,10827,10710,10612,10382,9999,9618.5,9234.7,8857.4,8485.3,8107.7,7737.2
18415,17962,17515,17068,16626,16197,15768,15347,14925,14509,14098,13693,13285,12887,12492,12088,11696,11268,10901,10784,10686,10456,10071,9689.2,9300.8,8926.6,8553,8173.7,7798.6
18526,18069,17619,17172,16729,16293,15865,15441,15017,14599,14186,13780,13369,12965,12572,12166,11774,11344,10975,10860,10760,10530,10143,9760.2,9371.5,8994.3,8620.6,8240,7862.3
18644,18183,17728,17275,16837,16399,15961,15537,15110,14690,14275,13866,13453,13049,12652,12246,11852,11420,11051,10936,10835,10603,10216,9832.6,9440.9,9062.9,8688.3,8306.5,7928.5
18763,18297,17841,17385,16942,16501,16059,15634,15205,14782,14364,13955,13538,13136,12733,12327,11930,11498,11127,11011,10909,10676,10288,9903.5,9513.2,9132,8756,8374.2,7994.7
18882,18414,17951,17495,17043,16600,16163,15730,15304,14879,14453,14042,13624,13223,12815,12411,12009,11574,11203,11085,10983,10750,10360,9975.2,9587.9,9201.3,8825.2,8441.8,8063.8
18999,18531,18058,17607,17152,16707,16269,15827,15401,14973,14545,14132,13715,13307,12899,12495,12092,11656,11279,11159,11062,10824,10436,10047,9662.4,9276,8893.2,8510.8,8133.7
19121,18649,18174,17718,17261,16813,16373,15928,15496,15066,14640,14225,13807,13393,12984,12577,12175,11738,11357,11235,11142,10904,10513,10118,9733.1,9349.4,8963.3,8581,8203.4
19240,18766,18289,17831,17371,16919,16478,16030,15593,15163,14737,14319,13898,13484,13072,12659,12258,11820,11437,11315,11222,10982,10591,10195,9803.9,9422.4,9036.3,8652.4,8269.6
19365,18884,18410,17945,17480,17029,16581,16133,15692,15261,14833,14413,13989,13573,13160,12745,12342,11902,11517,11397,11303,11061,10669,10271,9876.5,9495.6,9109.3,8725.3,8335.8
19493,19007,18533,18056,17592,17137,16686,16236,15797,15362,14930,14508,14083,13664,13247,12831,12426,11984,11599,11477,11383,11139,10748,10349,9951.5,9570.3,9182.3,8797.3,8405
19621,19133,18657,18178,17710,17247,16793,16341,15905,15467,15027,14603,14174,13753,13336,12921,12513,12067,11681,11558,11465,11220,10826,10426,10028,9644.9,9255.3,8869.1,8480.1
19752,19261,18780,18297,17826,17362,16905,16452,16007,15568,15129,14697,14268,13844,13425,13012,12597,12151,11763,11642,11545,11302,10904,10503,10108,9719.6,9328.7,8942.1,8555.3
19885,19389,18904,18419,17944,17477,17017,16560,16109,15668,15231,14793,14362,13935,13517,13102,12687,12236,11845,11728,11627,11382,10983,10584,10189,9795.5,9403.3,9013.6,8628
20019,19514,19027,18539,18062,17593,17125,16672,16216,15774,15335,14893,14459,14034,13613,13190,12778,12320,11931,11814,11708,11467,11063,10666,10269,9874.1,9476.4,9088.4,8699.4
20154,19645,19151,18663,18183,17708,17241,16783,16328,15879,15438,14995,14558,14130,13707,13281,12870,12410,12018,11901,11792,11552,11143,10748,10349,9952.7,9552,9165.3,8770.8
20286,19781,19278,18786,18307,17827,17362,16895,16439,15984,15542,15099,14659,14228,13803,13374,12963,12499,12105,11987,11880,11637,11228,10830,10430,10033,9629.4,9242.1,8847.7
20431,19916,19408,18913,18432,17947,17478,17008,16548,16092,15646,15201,14759,14325,13899,13468,13055,12589,12194,12075,11966,11724,11312,10913,10510,10113,9708.4,9319,8923.3
20575,20051,19545,19043,18552,18067,17594,17121,16658,16200,15751,15303,14860,14423,13995,13564,13147,12679,12283,12164,12053,11810,11399,10997,10592,10194,9790.9,9395.8,8999.9
20719,20193,19681,19177,18678,18191,17715,17237,16770,16312,15859,15407,14961,14524,14093,13658,13239,12771,12375,12253,12142,11897,11488,11080,10674,10274,9875.1,9473.4,9078.9
20867,20334,19817,19309,18807,18316,17838,17357,16887,16425,15972,15516,15067,14628,14197,13759,13332,12866,12468,12341,12234,11983,11576,11164,10757,10354,9957.1,9552,9159.6
21017,20474,19953,19440,18937,18446,17963,17478,17004,16540,16085,15626,15174,14732,14298,13860,13427,12961,12560,12431,12327,12075,11662,11248,10840,10438,10037,9630.6,9237.4
21167,20618,20093,19579,19071,18574,18085,17600,17124,16657,16192,15736,15284,14838,14397,13960,13525,13054,12651,12526,12422,12168,11749,11336,10928,10524,10116,9712.6,9314.3
21318,20766,20238,19716,19206,18701,18210,17724,17245,16774,16302,15847,15394,14945,14496,14061,13626,13146,12744,12619,12516,12261,11842,11426,11015,10610,10200,9795.1,9391.9
21473,20922,20382,19852,19343,18831,18336,17848,17363,16891,16423,15960,15501,15051,14603,14162,13727,13244,12840,12714,12610,12354,11933,11515,11103,10696,10285,9878.3,9474.4
21638,21072,20529,19997,19482,18965,18466,17978,17490,17013,16540,16073,15611,15158,14714,14265,13825,13342,12937,12810,12705,12448,12028,11605,11191,10783,10370,9962.5,9557
21808,21234,20680,20142,19615,19100,18600,18101,17615,17136,16655,16186,15726,15268,14822,14369,13925,13447,13039,12906,12799,12543,12124,11694,11281,10869,10456,10045,9641.8
21973,21392,20838,20291,19755,19234,18731,18227,17736,17253,16776,16300,15844,15375,14926,14473,14029,13550,13139,13003,12894,12637,12219,11790,11374,10957,10541,10132,9728.3
22144,21557,20995,20441,19897,19378,18865,18363,17863,17375,16898,16421,15957,15490,15037,14581,14137,13651,13237,13102,12993,12737,12312,11886,11467,11048,10632,10221,9814.7
22318,21722,21153,20593,20049,19524,19000,18496,17991,17502,17021,16542,16069,15605,15149,14692,14243,13750,13333,13203,13093,12837,12406,11981,11558,11140,10722,10309,9901.2
22499,21899,21311,20747,20201,19666,19141,18625,18122,17629,17144,16662,16188,15720,15260,14804,14349,13853,13438,13306,13195,12937,12506,12077,11649,11231,10813,10398,9989.2
22685,22071,21478,20901,20348,19806,19283,18761,18256,17756,17270,16784,16307,15835,15375,14913,14457,13959,13541,13409,13298,13037,12603,12174,11742,11324,10904,10486,10077
22867,22246,21646,21064,20499,19954,19422,18902,18390,17886,17394,16907,16426,15951,15491,15024,14568,14068,13646,13512,13401,13139,12703,12272,11837,11419,10995,10576,10164
23061,22430,21814,21234,20658,20106,19565,19042,18526,18017,17521,17034,16550,16072,15606,15136,14677,14180,13750,13617,13507,13242,12803,12369,11934,11512,11087,10667,10252
23257,22618,21994,21400,20823,20259,19716,19183,18666,18152,17653,17162,16675,16196,15721,15256,14790,14291,13858,13721,13616,13347,12907,12469,12034,11606,11180,10759,10343
23448,22804,22179,21570,20984,20418,19864,19329,18805,18287,17787,17285,16798,16318,15837,15373,14906,14400,13968,13831,13724,13455,13011,12567,12136,11703,11277,10854,10431
23653,22999,22360,21743,21149,20577,20016,19476,18946,18429,17918,17414,16921,16437,15958,15485,15019,14511,14076,13942,13830,13561,13115,12670,12238,11802,11374,10951,10523
23867,23196,22546,21921,21325,20739,20172,19622,19088,18570,18051,17549,17049,16561,16082,15600,15131,14624,14183,14055,13938,13666,13218,12775,12340,11902,11471,11048,10618
24076,23395,22736,22105,21494,20902,20327,19774,19239,18707,18193,17683,17178,16686,16203,15724,15247,14740,14295,14166,14048,13771,13322,12880,12442,12004,11569,11143,10713
24292,23603,22931,22294,21668,21066,20491,19926,19386,18851,18332,17819,17310,16814,16329,15845,15367,14855,14408,14279,14159,13881,13430,12984,12545,12103,11668,11241,10807
24512,23808,23127,22479,21849,21240,20659,20084,19532,18998,18468,17951,17443,16942,16455,15966,15487,14970,14525,14390,14270,13993,13539,13090,12650,12207,11770,11339,10902
24741,24019,23334,22673,22029,21417,20827,20249,19685,19141,18613,18084,17578,17070,16580,16091,15608,15087,14643,14503,14384,14111,13654,13197,12755,12310,11870,11436,11001
24965,24245,23542,22868,22221,21595,20998,20411,19844,19292,18755,18227,17712,17204,16707,16220,15734,15209,14761,14620,14498,14226,13766,13306,12859,12415,11971,11534,11103
25202,24464,23755,23071,22415,21775,21168,20576,20003,19442,18900,18369,17848,17342,16839,16345,15860,15333,14878,14741,14614,14340,13876,13418,12965,12521,12071,11633,11202
25443,24688,23963,23279,22601,21964,21343,20746,20164,19600,19051,18511,17986,17480,16973,16471,15989,15454,14998,14860,14735,14454,13987,13530,13073,12627,12175,11736,11299
25688,24924,24187,23486,22804,22148,21528,20915,20326,19757,19201,18663,18130,17614,17105,16600,16114,15574,15120,14977,14855,14573,14106,13646,13182,12731,12281,11840,11396
25939,25160,24410,23695,23007,22342,21706,21091,20491,19917,19361,18811,18276,17755,17239,16732,16237,15698,15244,15091,14977,14692,14221,13761,13294,12837,12389,11946,11500
26186,25404,24638,23917,23218,22536,21890,21271,20664,20083,19516,18958,18422,17897,17377,16866,16362,15824,15367,15216,15099,14814,14340,13876,13410,12949,12497,12052,11604
26443,25642,24878,24129,23425,22743,22083,21451,20838,20249,19671,19111,18565,18036,17518,17004,16496,15953,15489,15338,15221,14936,14458,13991,13522,13058,12605,12158,11710
26703,25891,25107,24354,23636,22950,22274,21638,21018,20420,19837,19271,18715,18180,17658,17142,16630,16079,15614,15465,15345,15058,14577,14110,13634,13175,12718,12265,11818
26961,26146,25347,24588,23863,23161,22476,21827,21198,20593,20003,19430,18868,18328,17800,17280,16764,16213,15739,15596,15470,15181,14695,14225,13749,13292,12832,12372,11925
27229,26401,25596,24823,24081,23363,22682,22023,21379,20766,20169,19595,19022,18476,17944,17419,16902,16348,15865,15722,15599,15308,14822,14341,13868,13405,12942,12486,12029
27495,26660,25849,25069,24306,23586,22888,22214,21565,20944,20339,19754,19187,18627,18090,17559,17045,16482,15998,15852,15730,15435,14949,14459,13988,13517,13053,12596,12136
27770,26922,26104,25306,24542,23811,23099,22415,21761,21125,20517,19918,19351,18787,18236,17702,17183,16613,16133,15984,15858,15560,15071,14584,14110,13634,13169,12710,12246
28041,27189,26364,25557,24782,24028,23314,22615,21958,21315,20690,20090,19510,18943,18384,17850,17320,16750,16264,16118,15986,15689,15193,14708,14231,13755,13286,12824,12360
28321,27464,26625,25809,25023,24264,23532,22821,22154,21506,20868,20262,19676,19097,18542,17999,17467,16886,16398,16251,16120,15822,15321,14832,14354,13875,13403,12937,12471
28601,27736,26891,26068,25267,24498,23757,23038,22353,21700,21051,20440,19845,19259,18697,18146,17611,17029,16537,16383,16255,15955,15452,14958,14477,13995,13519,13053,12584
28883,28016,27163,26320,25520,24738,23979,23261,22559,21893,21245,20620,20018,19428,18857,18294,17754,17173,16673,16520,16390,16090,15583,15089,14601,14115,13638,13170,12701
29169,28288,27426,26584,25774,24973,24215,23476,22768,22092,21441,20801,20191,19596,19018,18449,17902,17313,16814,16660,16529,16225,15714,15216,14727,14237,13758,13286,12819
29456,28568,27703,26850,26025,25224,24451,23701,22984,22296,21631,20986,20368,19767,19178,18609,18052,17461,16958,16799,16668,16360,15848,15351,14854,14362,13881,13406,12937
29739,28854,27975,27117,26288,25475,24690,23930,23202,22497,21831,21170,20549,19941,19345,18773,18213,17608,17099,16947,16811,16498,15982,15484,14981,14493,14008,13530,13053
30036,29133,28258,27390,26550,25725,24936,24163,23423,22709,22029,21365,20736,20120,19515,18933,18370,17763,17247,17092,16959,16638,16123,15619,15112,14621,14134,13651,13171
30332,29421,28538,27670,26820,25982,25186,24397,23648,22935,22230,21560,20919,20293,19688,19098,18525,17914,17397,17236,17103,16782,16261,15750,15247,14746,14262,13771,13293
30625,29719,28819,27946,27089,26244,25431,24647,23883,23158,22445,21764,21106,20475,19868,19269,18685,18067,17547,17382,17247,16928,16398,15887,15383,14875,14386,13893,13415
30918,30010,29108,28226,27361,26510,25683,24891,24121,23374,22660,21968,21300,20662,20043,19436,18851,18222,17702,17535,17396,17078,16541,16027,15516,15008,14510,14021,13539
31223,30307,29399,28511,27629,26782,25946,25141,24356,23596,22875,22172,21498,20850,20221,19606,19018,18383,17857,17690,17546,17227,16686,16168,15651,15140,14635,14146,13661
31531,30599,29692,28796,27917,27054,26209,25401,24597,23838,23098,22389,21708,21039,20411,19787,19189,18546,18012,17845,17701,17377,16836,16308,15791,15274,14768,14274,13786
31830,30900,29982,29079,28192,27325,26478,25657,24843,24072,23325,22606,21911,21238,20598,19970,19362,18709,18172,18000,17860,17527,16986,16450,15932,15410,14901,14399,13911
32132,31195,30275,29373,28474,27599,26744,25912,25097,24311,23552,22826,22117,21441,20783,20155,19535,18875,18332,18158,18023,17681,17136,16595,16068,15547,15039,14533,14043
32440,31503,30574,29658,28761,27882,27009,26167,25354,24562,23791,23040,22329,21641,20973,20337,19718,19050,18495,18325,18184,17842,17286,16740,16209,15686,15176,14670,14173
32737,31805,30874,29959,29050,28158,27289,26437,25614,24804,24030,23267,22547,21845,21173,20528,19899,19229,18666,18488,18340,18003,17436,16893,16351,15828,15310,14802,14302
33042,32108,31167,30256,29341,28441,27568,26709,25872,25054,24274,23501,22766,22057,21379,20723,20086,19404,18834,18654,18509,18161,17592,17044,16502,15973,15446,14935,14430
33353,32414,31470,30545,29635,28730,27847,26978,26137,25315,24513,23742,22993,22272,21582,20917,20273,19582,19002,18825,18682,18323,17753,17200,16652,16119,15588,15072,14566
33659,32718,31770,30844,29926,29020,28125,27257,26409,25570,24765,23977,23222,22499,21792,21119,20462,19762,19177,18998,18850,18494,17914,17356,16803,16265,15731,15209,14700
33966,33019,32071,31148,30221,29306,28409,27538,26673,25832,25016,24225,23457,22721,22008,21322,20657,19953,19357,19172,19023,18666,18077,17511,16953,16411,15875,15347,14837
34277,33330,32376,31443,30522,29605,28700,27813,26949,26093,25274,24472,23696,22943,22226,21525,20852,20140,19541,19358,19200,18838,18250,17669,17108,16561,16019,15490,14974
34589,33642,32689,31745,30826,29898,28989,28099,27227,26366,25538,24719,23938,23171,22447,21731,21056,20327,19724,19541,19377,19017,18419,17830,17268,16713,16165,15638,15112
34900,33944,32997,32052,31121,30196,29287,28389,27505,26645,25801,24973,24186,23405,22669,21949,21260,20522,19911,19721,19562,19196,18586,17996,17429,16870,16318,15787,15253
35214,34255,33308,32354,31418,30496,29576,28678,27788,26912,26064,25234,24433,23646,22892,22169,21467,20724,20099,19914,19756,19373,18765,18169,17586,17026,16470,15931,15399
35520,34557,33616,32665,31721,30790,29869,28963,28071,27188,26333,25495,24684,23893,23131,22385,21677,20931,20293,20104,19945,19560,18944,18342,17749,17181,16622,16077,15542
35827,34867,33921,32974,32020,31091,30166,29255,28359,27473,26608,25764,24940,24140,23370,22613,21893,21133,20493,20291,20138,19746,19124,18515,17916,17341,16778,16228,15688
36146,35180,34232,33286,32333,31393,30458,29548,28645,27756,26884,26036,25195,24387,23608,22842,22113,21341,20695,20490,20335,19940,19309,18692,18088,17502,16935,16380,15835
36455,35502,34535,33590,32641,31695,30766,29843,28935,28039,27159,26296,25461,24643,23847,23079,22334,21552,20897,20693,20531,20134,19495,18872,18261,17669,17096,16534,15987
36766,35814,34843,33899,32952,31997,31075,30144,29228,28322,27441,26574,25727,24907,24100,23318,22560,21770,21104,20903,20732,20329,19681,19054,18440,17838,17258,16695,16139
37088,36127,35160,34206,33263,32303,31376,30440,29526,28617,27729,26849,25989,25162,24341,23560,22795,21990,21317,21108,20934,20534,19874,19235,18619,18011,17423,16856,16296
37402,36431,35480,34512,33565,32618,31669,30741,29826,28906,28015,27126,26264,25427,24602,23804,23039,22212,21532,21318,21146,20742,20070,19426,18794,18184,17594,17013,16450
37715,36747,35792,34820,33877,32930,31975,31040,30118,29199,28302,27409,26540,25695,24865,24056,23279,22439,21749,21538,21364,20944,20271,19617,18980,18357,17767,17176,16604
38029,37066,36104,35141,34180,33231,32282,31345,30418,29492,28587,27690,26815,25960,25126,24306,23518,22671,21973,21757,21577,21157,20467,19807,19170,18538,17940,17343,16763
38343,37380,36416,35458,34489,33534,32596,31651,30717,29790,28873,27973,27094,26230,25388,24562,23760,22914,22205,21980,21796,21375,20672,20007,19352,18724,18110,17513,16929
38665,37694,36735,35768,34800,33853,32906,31959,31018,30081,29168,28266,27378,26505,25656,24826,24005,23155,22433,22212,22023,21594,20889,20208,19543,18909,18284,17686,17096
38982,38008,37045,36077,35114,34156,33205,32263,31327,30385,29465,28556,27662,26780,25930,25088,24258,23397,22665,22443,22251,21818,21102,20408,19741,19100,18463,17859,17264
39304,38330,37358,36396,35427,34465,33512,32574,31628,30688,29766,28849,27943,27061,26203,25347,24524,23645,22905,22674,22479,22043,21318,20617,19938,19288,18655,18033,17436
39612,38646,37675,36713,35739,34780,33824,32880,31935,30995,30062,29148,28244,27342,26478,25618,24787,23889,23141,22917,22720,22271,21536,20832,20145,19485,18844,18218,17609
39934,38961,37996,37023,36056,35092,34142,33179,32238,31301,30360,29448,28537,27630,26747,25894,25046,24139,23383,23153,22960,22501,21757,21043,20353,19679,19030,18404,17782
40261,39276,38314,37337,36374,35405,34460,33489,32542,31605,30663,29740,28830,27923,27038,26169,25312,24400,23637,23403,23204,22737,21993,21264,20563,19880,19222,18585,17959
40578,39591,38625,37646,36681,35717,34766,33804,32846,31910,30965,30036,29115,28209,27320,26442,25579,24660,23888,23652,23454,22983,22222,21483,20779,20080,19419,18770,18143
40894,39907,38940,37966,36992,36027,35072,34122,33156,32213,31269,30343,29418,28500,27604,26718,25851,24926,24146,23903,23706,23230,22459,21711,20996,20289,19616,18964,18328
41210,40234,39259,38282,37306,36346,35383,34436,33467,32520,31582,30647,29713,28795,27886,27008,26133,25193,24406,24156,23957,23477,22703,21947,21210,20505,19822,19160,18516
41526,40557,39579,38601,37626,36657,35694,34742,33783,32828,31886,30942,30016,29096,28186,27292,26401,25458,24670,24415,24212,23729,22946,22176,21436,20721,20024,19358,18709
41851,40876,39892,38918,37950,36976,36007,35048,34101,33133,32187,31246,30319,29384,28481,27577,26688,25733,24937,24681,24473,23980,23185,22411,21661,20937,20231,19559,18901
42170,41190,40211,39237,38268,37294,36331,35361,34412,33444,32497,31558,30622,29676,28766,27863,26973,26009,25205,24948,24741,24246,23433,22645,21893,21160,20447,19762,19093
42497,41511,40527,39551,38583,37608,36645,35677,34718,33763,32803,31862,30916,29982,29062,28150,27252,26286,25466,25218,25008,24508,23688,22892,22132,21385,20663,19968,19288
42819,41832,40847,39866,38898,37923,36959,35987,35028,34074,33111,32164,31225,30284,29363,28443,27544,26564,25744,25493,25280,24773,23947,23144,22368,21611,20880,20179,19494
43145,42149,41169,40193,39213,38247,37269,36303,35347,34380,33424,32475,31533,30591,29658,28734,27831,26855,26027,25763,25555,25047,24207,23395,22605,21843,21101,20389,19695
43467,42468,41488,40516,39536,38562,37587,36623,35661,34689,33735,32777,31836,30889,29957,29039,28125,27136,26301,26033,25822,25309,24473,23651,22855,22075,21331,20612,19905
43785,42791,41816,40832,39853,38880,37905,36937,35965,35001,34042,33088,32141,31194,30260,29336,28423,27422,26586,26314,26098,25584,24733,23905,23106,22317,21560,20831,20115
44103,43110,42138,41148,40169,39201,38216,37247,36279,35318,34358,33404,32452,31506,30565,29631,28717,27714,26865,26601,26385,25855,24999,24164,23352,22566,21793,21050,20334
44426,43437,42459,41471,40487,39521,38538,37568,36593,35637,34671,33711,32755,31810,30871,29932,29008,28007,27156,26887,26667,26137,25271,24426,23611,22812,22026,21283,20551
44749,43770,42782,41791,40809,39832,38851,37882,36907,35950,34983,34021,33066,32119,31172,30237,29302,28302,27444,27180,26952,26421,25548,24701,23870,23062,22273,21516,20776
45069,44093,43101,42108,41131,40148,39170,38195,37227,36257,35298,34336,33381,32426,31483,30539,29613,28596,27729,27460,27238,26705,25827,24975,24138,23311,22513,21749,21009
45397,44414,43427,42430,41444,40468,39484,38510,37548,36571,35610,34649,33687,32732,31793,30845,29907,28890,28022,27746,27524,26991,26101,25242,24400,23572,22762,21991,21236
45721,44733,43745,42752,41767,40790,39812,38831,37859,36887,35918,34961,34001,33045,32097,31150,30215,29191,28320,28046,27816,27278,26388,25520,24666,23831,23016,22231,21469
46047,45057,44065,43074,42099,41116,40137,39150,38180,37208,36237,35278,34314,33358,32400,31461,30521,29489,28610,28338,28107,27571,26674,25791,24934,24091,23280,22479,21702
46377,45384,44388,43400,42421,41433,40444,39473,38498,37523,36557,35587,34627,33663,32710,31768,30818,29784,28906,28637,28400,27862,26960,26069,25206,24355,23538,22723,21939
46701,45712,44715,43729,42739,41750,40762,39791,38813,37841,36873,35905,34939,33979,33019,32074,31127,30083,29208,28932,28706,28146,27249,26357,25484,24633,23794,22973,22182
47021,46030,45037,44049,43057,42070,41086,40108,39129,38162,37178,36224,35256,34292,33333,32377,31438,30394,29510,29227,29001,28446,27541,26643,25757,24907,24061,23236,22430
47344,46351,45360,44370,43381,42393,41403,40430,39445,38481,37496,36538,35566,34605,33648,32696,31742,30704,29813,29528,29296,28748,27836,26928,26050,25177,24324,23499,22685
47668,46676,45684,44689,43704,42712,41727,40752,39764,38793,37817,36855,35879,34918,33957,33000,32056,31008,30118,29829,29597,29049,28134,27218,26330,25448,24595,23755,22938
47997,47010,46013,45018,44028,43039,42051,41067,40089,39105,38132,37164,36193,35232,34270,33313,32364,31318,30415,30133,29907,29347,28426,27502,26609,25730,24864,24019,23193
48327,47335,46342,45343,44350,43358,42373,41387,40411,39426,38452,37480,36508,35544,34580,33625,32675,31628,30722,30438,30208,29645,28721,27800,26899,26019,25142,24294,23456
48653,47660,46662,45673,44672,43687,42693,41710,40737,39748,38772,37795,36829,35858,34884,33935,32977,31927,31027,30745,30512,29951,29016,28095,27193,26299,25420,24557,23719
48979,47989,46982,45990,44999,44012,43020,42032,41055,40070,39093,38109,37141,36171,35199,34250,33286,32232,31339,31057,30820,30260,29313,28389,27483,26582,25702,24838,23982
49309,48310,47307,46318,45323,44335,43343,42357,41372,40392,39413,38423,37450,36483,35522,34563,33592,32543,31648,31359,31131,30566,29622,28687,27778,26870,25987,25113,24248
49631,48636,47633,46649,45645,44659,43667,42681,41691,40704,39729,38742,37775,36799,35836,34870,33908,32858,31954,31674,31435,30865,29925,28989,28067,27155,26265,25385,24526
49965,48962,47960,46974,45970,44981,43990,42999,42013,41027,40051,39066,38097,37124,36150,35189,34229,33170,32264,31982,31740,31170,30237,29295,28371,27447,26550,25670,24797
50292,49292,48282,47298,46300,45305,44318,43323,42339,41354,40371,39392,38414,37439,36459,35503,34539,33478,32578,32293,32047,31471,30541,29593,28663,27753,26846,25955,25078
50618,49623,48611,47626,46622,45629,44639,43644,42660,41681,40693,39709,38726,37754,36781,35818,34849,33791,32888,32597,32359,31783,30837,29901,28964,28048,27134,26232,25356
50944,49952,48941,47950,46946,45953,44962,43972,42983,41997,41014,40027,39047,38073,37102,36138,35163,34101,33194,32907,32674,32096,31145,30213,29267,28344,27431,26521,25631
51274,50273,49266,48274,47271,46287,45286,44291,43306,42322,41331,40341,39369,38395,37417,36450,35470,34417,33503,33219,32980,32409,31447,30517,29571,28646,27719,26814,25916
51597,50596,49594,48599,47596,46612,45615,44620,43630,42641,41653,40665,39691,38719,37732,36764,35789,34733,33815,33532,33294,32720,31762,30811,29878,28942,28016,27104,26199
51927,50927,49924,48928,47929,46928,45935,44944,43952,42968,41975,40993,40012,39035,38051,37073,36109,35044,34128,33845,33607,33026,32073,31116,30178,29243,28317,27398,26494
52258,51257,50256,49259,48252,47253,46256,45268,44274,43287,42295,41310,40326,39351,38367,37402,36430,35365,34441,34157,33919,33334,32388,31432,30486,29547,28612,27698,26787
52589,51579,50582,49583,48572,47583,46584,45592,44601,43607,42622,41624,40647,39663,38688,37723,36741,35680,34762,34474,34224,33647,32697,31738,30786,29850,28911,27993,27078
52915,51905,50910,49904,48902,47912,46909,45917,44925,43930,42946,41949,40970,39984,39004,38038,37052,35996,35072,34783,34538,33964,33009,32051,31094,30156,29220,28286,27376
53240,52232,51237,50231,49232,48238,47234,46242,45252,44259,43269,42273,41293,40310,39321,38356,37373,36310,35383,35097,34857,34280,33318,32354,31408,30461,29521,28587,27671
53567,52563,51562,50562,49567,48564,47563,46566,45576,44583,43592,42600,41615,40627,39642,38667,37694,36623,35703,35411,35164,34593,33624,32670,31714,30760,29825,28892,27966
53896,52886,51894,50887,49894,48893,47892,46891,45895,44907,43920,42927,41935,40949,39967,38989,38015,36938,36023,35724,35482,34909,33935,32987,32028,31074,30134,29189,28259
54228,53213,52225,51215,50220,49214,48213,47213,46222,45231,44240,43250,42261,41273,40289,39311,38326,37253,36334,36048,35799,35222,34254,33300,32332,31385,30435,29497,28564
54557,53547,52554,51543,50537,49537,48538,47540,46552,45555,44564,43564,42580,41588,40606,39633,38641,37571,36650,36361,36113,35536,34564,33608,32652,31692,30738,29801,28865
54880,53873,52878,51870,50863,49867,48868,47873,46882,45880,44888,43889,42899,41905,40923,39955,38970,37892,36966,36676,36437,35847,34881,33916,32965,32003,31053,30102,29166
55203,54202,53205,52194,51198,50198,49197,48202,47204,46205,45209,44221,43228,42234,41250,40268,39285,38210,37287,36997,36754,36165,35201,34233,33278,32309,31361,30413,29472
55527,54531,53532,52520,51526,50527,49523,48524,47533,46530,45538,44540,43554,42566,41577,40590,39604,38534,37606,37316,37069,36479,35507,34542,33583,32631,31671,30717,29776
55859,54859,53855,52850,51852,50851,49849,48852,47858,46855,45865,44859,43873,42889,41898,40913,39931,38850,37918,37630,37386,36794,35830,34856,33895,32943,31977,31024,30080
56187,55188,54186,53177,52182,51181,50175,49182,48184,47184,46188,45182,44198,43208,42222,41232,40248,39169,38240,37945,37700,37109,36151,35175,34217,33256,32290,31337,30391
56515,55520,54514,53505,52514,51507,50501,49506,48509,47505,46515,45514,44527,43530,42540,41552,40565,39483,38559,38263,38024,37434,36460,35495,34527,33559,32609,31651,30692
56846,55852,54848,53837,52842,51834,50831,49834,48825,47830,46839,45844,44849,43852,42864,41874,40885,39800,38875,38585,38340,37758,36777,35810,34835,33877,32921,31960,31003
57179,56180,55179,54169,53169,52156,51163,50165,49161,48157,47169,46169,45175,44175,43194,42196,41207,40127,39197,38906,38656,38068,37097,36123,35155,34195,33226,32272,31313
57510,56508,55501,54496,53499,52487,51490,50489,49487,48488,47497,46493,45497,44499,43514,42528,41534,40449,39521,39225,38975,38384,37410,36447,35475,34509,33545,32578,31630
57838,56828,55824,54824,53827,52819,51815,50811,49813,48817,47822,46822,45817,44828,43833,42843,41854,40772,39844,39539,39297,38714,37729,36762,35787,34823,33856,32890,31942
58166,57154,56152,55155,54151,53151,52140,51136,50139,49143,48143,47145,46145,45148,44157,43166,42177,41095,40161,39862,39624,39037,38052,37075,36101,35137,34164,33206,32248
58486,57483,56481,55481,54479,53472,52470,51462,50474,49469,48464,47469,46475,45473,44482,43486,42500,41414,40478,40182,39942,39349,38370,37391,36416,35455,34482,33525,32556
58814,57811,56813,55807,54807,53797,52797,51794,50801,49795,48789,47794,46805,45807,44811,43814,42821,41741,40795,40499,40264,39669,38687,37708,36731,35765,34801,33833,32868
59143,58138,57138,56140,55139,54124,53125,52130,51128,50122,49120,48124,47126,46132,45138,44138,43150,42064,41124,40828,40583,39992,39009,38033,37050,36080,35106,34143,33177
59472,58464,57466,56475,55471,54456,53456,52462,51454,50451,49453,48454,47460,46458,45458,44464,43474,42388,41450,41153,40900,40309,39329,38349,37371,36398,35423,34457,33496
59799,58797,57800,56805,55795,54791,53788,52789,51785,50775,49784,48781,47786,46786,45781,44789,43796,42711,41767,41475,41220,40635,39645,38670,37687,36719,35739,34776,33809
60124,59122,58135,57129,56119,55120,54116,53118,52109,51106,50111,49107,48111,47107,46111,45112,44120,43033,42085,41798,41546,40963,39974,38992,38005,37031,36059,35093,34121
60449,59453,58464,57453,56449,55444,54444,53448,52435,51437,50432,49433,48428,47433,46437,45442,44448,43352,42409,42116,41870,41281,40299,39305,38327,37354,36379,35407,34436
60773,59786,58788,57777,56776,55772,54769,53771,52762,51768,50756,49759,48763,47757,46762,45771,44777,43673,42738,42434,42193,41601,40612,39625,38649,37676,36700,35723,34756
61098,60119,59113,58109,57102,56101,55097,54094,53087,52091,51086,50089,49089,48081,47089,46095,45099,43997,43060,42761,42517,41926,40934,39947,38971,37992,37017,36038,35070
61423,60451,59438,58436,57431,56433,55429,54417,53414,52418,51421,50413,49420,48410,47415,46417,45418,44325,43378,43090,42839,42249,41255,40270,39289,38308,37336,36353,35387
61747,60784,59763,58760,57759,56758,55758,54748,53744,52745,51749,50741,49741,48739,47743,46745,45747,44655,43702,43410,43158,42572,41581,40593,39614,38620,37655,36671,35702
62072,61117,60087,59085,58084,57088,56084,55081,54074,53076,52073,51073,50063,49071,48074,47071,46077,44981,44027,43734,43479,42891,41905,40913,39931,38943,37971,36992,36017
62397,61450,60412,59410,58416,57416,56415,55410,54410,53407,52400,51399,50394,49397,48399,47396,46407,45305,44356,44059,43803,43217,42221,41231,40254,39267,38287,37309,36332
62721,61783,60737,59735,58749,57740,56740,55738,54741,53736,52727,51726,50721,49723,48720,47726,46728,45630,44685,44386,44130,43542,42542,41561,40575,39587,38608,37626,36656
63046,62115,61061,60059,59082,58064,57068,56064,55064,54064,53059,52055,51047,50052,49046,48049,47053,45955,45010,44711,44460,43866,42875,41886,40893,39910,38936,37947,36972
63371,62448,61386,60384,59414,58389,57396,56391,55392,54391,53382,52382,51370,50386,49377,48382,47379,46275,45334,45041,44786,44186,43200,42214,41220,40232,39256,38269,37285
63695,62781,61711,60709,59747,58713,57725,56723,55721,54716,53709,52708,51700,50713,49703,48709,47710,46605,45659,45366,45111,44515,43524,42534,41544,40555,39573,38591,37606
64020,63114,62035,61033,60080,59037,58053,57056,56049,55040,54037,53033,52028,51038,50030,49028,48039,46931,45986,45691,45436,44840,43848,42861,41865,40873,39891,38909,37928
64345,63447,62360,61358,60413,59361,58382,57388,56377,55375,54368,53364,52355,51362,50358,49352,48360,47256,46312,46019,45760,45165,44170,43181,42181,41192,40217,39227,38242
64670,63780,62685,61683,60746,59685,58710,57721,56705,55703,54700,53693,52685,51693,50685,49686,48682,47578,46635,46343,46086,45490,44490,43505,42503,41519,40538,39549,38563
64994,64112,63009,62007,61078,60009,59039,58053,57033,56036,55030,54029,53017,52020,51015,50014,49013,47908,46960,46666,46420,45816,44821,43832,42827,41846,40862,39872,38889
65319,64445,63334,62332,61411,60334,59367,58386,57361,56360,55358,54352,53346,52347,51348,50341,49344,48234,47288,46992,46746,46143,45149,44156,43156,42171,41180,40195,39207
65644,64778,63659,62657,61744,60658,59696,58718,57689,56685,55686,54684,53674,52678,51675,50668,49674,48569,47618,47314,47071,46465,45479,44479,43486,42493,41498,40515,39530
65968,65111,63984,62982,62077,60982,60024,59051,58017,57009,56014,55009,54000,53003,52003,50997,49996,48895,47947,47642,47397,46790,45809,44804,43811,42819,41817,40833,39853
66293,65444,64308,63306,62410,61306,60353,59383,58345,57333,56342,55333,54325,53329,52330,51323,50328,49221,48273,47969,47713,47117,46133,45128,44128,43144,42144,41163,40168
66618,65776,64633,63631,62743,61630,60681,59716,58673,57657,56670,55656,54658,53657,52661,51648,50659,49548,48599,48302,48048,47448,46457,45453,44451,43468,42473,41488,40494
66942,66109,64958,63956,63075,61954,61010,60048,59001,57981,56998,55980,54990,53987,52984,51979,50990,49884,48925,48631,48374,47777,46782,45775,44784,43797,42792,41816,40812
67267,66442,65282,64280,63408,62279,61338,60381,59329,58305,57326,56303,55322,54319,53316,52310,51314,50210,49255,48951,48705,48103,47105,46103,45115,44117,43122,42134,41136
67592,66775,65607,64605,63741,62603,61667,60713,59657,58630,57654,56627,55654,54651,53640,52636,51640,50528,49587,49274,49036,48429,47431,46429,45435,44442,43450,42453,41461
67916,67108,65932,64930,64074,62927,61995,61046,59985,58954,57982,56951,55986,54983,53963,52967,51967,50858,49913,49606,49358,48755,47756,46754,45756,44767,43771,42774,41786
68241,67440,66256,65254,64407,63251,62324,61378,60313,59278,58310,57274,56318,55315,54293,53294,52292,51190,50240,49936,49689,49081,48083,47084,46086,45092,44089,43098,42110
68566,67773,66581,65579,64739,63575,62652,61710,60641,59602,58638,57598,56650,55647,54625,53622,52620,51518,50568,50263,50016,49410,48414,47406,46412,45418,44418,43425,42433
68891,68106,66906,65904,65072,63899,62981,62043,60969,59926,58966,57921,56982,55980,54957,53949,52949,51845,50897,50587,50342,49744,48739,47740,46747,45745,44746,43754,42755
69215,68439,67231,66228,65405,64224,63309,62375,61297,60250,59294,58245,57315,56312,55289,54277,53277,52175,51220,50913,50669,50070,49061,48067,47076,46067,45072,44081,43079
69540,68772,67555,66553,65738,64548,63638,62708,61625,60575,59622,58569,57647,56644,55621,54604,53604,52501,51548,51243,51003,50396,49387,48397,47397,46393,45402,44406,43400
69865,69105,67880,66878,66071,64872,63966,63040,61953,60899,59950,58892,57979,56976,55953,54932,53932,52824,51875,51570,51333,50720,49719,48728,47723,46716,45726,44730,43728
70189,69437,68205,67203,66403,65196,64295,63373,62281,61223,60278,59216,58311,57308,56286,55260,54260,53147,52207,51898,51660,51051,50050,49052,48049,47041,46049,45055,44053
70514,69770,68529,67527,66736,65520,64623,63705,62609,61547,60606,59540,58643,57640,56618,55587,54587,53470,52530,52230,51985,51378,50378,49373,48375,47370,46375,45384,44378
70839,70103,68854,67852,67069,65844,64952,64038,62938,61871,60934,59863,58975,57972,56950,55915,54915,53794,52853,52562,52312,51705,50703,49699,48702,47699,46703,45706,44708
71163,70436,69179,68177,67402,66169,65280,64370,63266,62195,61262,60187,59307,58304,57282,56242,55242,54117,53176,52894,52643,52028,51033,50025,49037,48029,47034,46031,45037
71488,70769,69503,68501,67735,66493,65609,64703,63594,62520,61591,60510,59639,58637,57614,56570,55570,54440,53499,53226,52975,52358,51360,50355,49364,48355,47361,46356,45358
71813,71101,69828,68826,68068,66817,65937,65035,63922,62844,61919,60834,59972,58969,57946,56897,55897,54763,53822,53557,53307,52690,51687,50681,49691,48685,47687,46678,45688
72138,71434,70153,69151,68400,67141,66266,65368,64250,63168,62247,61158,60304,59301,58278,57225,56225,55086,54145,53889,53639,53022,52014,51008,50017,49013,48014,47007,46013
72462,71767,70477,69475,68733,67465,66594,65700,64578,63492,62575,61481,60636,59633,58610,57553,56553,55409,54468,54221,53971,53354,52342,51345,50348,49337,48340,47334,46339
72787,72100,70802,69800,69066,67789,66923,66033,64906,63816,62903,61805,60968,59965,58943,57880,56880,55732,54791,54553,54302,53685,52669,51686,50672,49663,48672,47660,46668
73112,72433,71127,70125,69399,68114,67251,66365,65234,64140,63231,62128,61300,60297,59275,58208,57208,56055,55114,54884,54634,54017,52996,52027,50994,49992,49002,47990,46992
73436,72765,71452,70449,69732,68438,67580,66698,65562,64465,63559,62452,61632,60629,59607,58535,57535,56378,55437,55216,54966,54349,53323,52368,51316,50326,49323,48321,47326
73761,73098,71776,70774,70064,68762,67908,67030,65890,64789,63887,62776,61964,60961,59939,58863,57863,56701,55760,55548,55298,54681,53650,52709,51639,50653,49646,48644,47650
74086,73431,72101,71099,70397,69086,68237,67363,66218,65113,64215,63099,62296,61294,60271,59191,58191,57024,56083,55880,55629,55012,53977,53050,51961,50981,49974,48974,47968
74410,73764,72426,71424,70730,69410,68565,67695,66546,65437,64543,63423,62629,61626,60603,59518,58518,57347,56406,56211,55961,55344,54304,53391,52284,51308,50306,49305,48294
74735,74097,72750,71748,71063,69734,68894,68028,66874,65761,64871,63746,62961,61958,60935,59846,58846,57670,56729,56543,56293,55676,54631,53732,52606,51635,50637,49636,48622
75060,74430,73075,72073,71396,70059,69222,68360,67202,66085,65199,64070,63293,62290,61267,60173,59173,57993,57052,56875,56625,56008,54958,54073,52928,51962,50969,49968,48957
75384,74762,73400,72398,71728,70383,69551,68693,67530,66410,65527,64394,63625,62622,61600,60501,59501,58316,57375,57207,56956,56339,55285,54414,53251,52289,51300,50299,49283
75709,75095,73724,72722,72061,70707,69879,69025,67858,66734,65855,64717,63957,62954,61932,60828,59828,58639,57698,57538,57288,56671,55612,54755,53573,52616,51631,50630,49610
76034,75428,74048,73046,72394,71031,70207,69357,68186,67058,66183,65040,64289,63286,62264,61155,60155,58962,58021,57869,57620,57003,55939,55096,53895,52943,51962,50961,49937
76359,75761,74372,73370,72727,71355,70535,69689,68514,67382,66511,65363,64621,63618,62596,61482,60482,59285,58344,58200,57952,57335,56266,55437,54217,53270,52293,51292,50264
76684,76094,74696,73694,73060,71679,70863,70021,68842,67706,66839,65686,64953,63950,62928,61809,60809,59608,58667,58531,58284,57667,56593,55778,54539,53597,52624,51623,50591
77009,76427,75020,74018,73393,72003,71191,70353,69170,68030,67167,66009,65285,64282,63260,62136,61136,59931,58990,58862,58616,57999,56920,56119,54861,53924,52955,51954,50918
77334,76760,75344,74342,73726,72327,71519,70685,69498,68354,67495,66332,65617,64614,63592,62463,61463,60254,59313,59193,58948,58331,57247,56460,55183,54251,53286,52285,51245
77659,77093,75668,74666,74059,72651,71847,71017,69826,68678,67823,66655,65949,64946,63924,62790,61790,60577,59636,59524,59280,58663,57574,56801,55505,54578,53617,52616,51572
77984,77426,75992,74990,74392,72975,72175,71349,70154,69002,68151,66978,66281,65278,64256,63117,62117,60900,59959,59855,59612,58995,57901,57142,55827,54905,53948,52947,51899
78309,77759,76316,75314,74725,73299,72503,71681,70482,69326,68479,67301,66613,65610,64588,63444,62444,61223,60282,60186,59944,59327,58228,57483,56149,55232,54279,53278,52226
78634,78092,76640,75638,75058,73623,72831,72013,70810,69650,68807,67624,66945,65942,64920,63771,62771,61546,60605,60517,60276,59659,58555,57824,56471,55559,54610,53609,52553
78959,78425,76964,75962,75391,73947,73159,72345,71138,69974,69135,67947,67277,66274,65252,64098,63098,61869,60928,60848,60608,59991,58882,58165,56793,55886,54941,53940,52880
79284,78758,77288,76286,75724,74271,73487,72677,71466,70298,69463,68270,67609,66606,65584,64425,63425,62192,61251,61179,60940,60323,59209,58506,57115,56213,55272,54271,53207
79609,79091,77612,76610,76057,74595,73815,73009,71794,70622,69791,68593,67941,66938,65916,64752,63752,62515,61574,61510,61272,60655,59536,58847,57437,56540,55603,54602,53534
79934,79424,77936,76934,76390,74919,74143,73341,72122,70946,70119,68916,68273,67270,66248,65079,64079,62838,61897,61841,61604,60987,59863,59188,57759,56867,55934,54933,53861
80259,79757,78260,77258,76723,75243,74471,73673,72450,71270,70447,69239,68605,67602,66580,65406,64406,63161,62220,62172,61936,61319,60190,59529,58081,57194,56265,55264,54188
80584,80090,78584,77582,77056,75567,74799,74005,72778,71594,70775,69562,68937,67934,66912,65733,64733,63484,62543,62503,62268,61651,60517,59870,58403,57521,56596,55595,54515
80909,80423,78908,77906,77389,75891,75127,74337,73106,71918,71103,69885,69269,68266,67244,66060,65060,63807,62866,62834,62600,61983,60844,60211,58725,57848,56927,55926,54842
81234,80756,79232,78230,77722,76215,75455,74669,73434,72242,71431,70208,69601,68598,67576,66387,65387,64130,63189,63165,62932,62315,61171,60552,59047,58175,57258,56257,55169
81559,81089,79556,78554,78055,76539,75783,75001,73762,72566,71759,70531,69933,68930,67908,66714,65714,64453,63512,63496,63264,62647,61498,60893,59369,58502,57589,56588,55496
81884,81422,79880,78878,78388,76863,76111,75333,74090,72890,72087,70854,70265,69262,68240,67041,66041,64776,63835,63827,63596,62979,61825,61234,59691,58829,57920,56919,55823
82209,81755,80204,79202,78721,77187,76439,75665,74418,73214,72415,71177,70597,69594,68572,67368,66368,65099,64158,64158,63928,63311,62152,61575,60013,59156,58251,57250,56150
82534,82088,80528,79526,79054,77511,76767,75997,74746,73538,72743,71500,70929,69926,68904,67695,66695,65422,64481,64489,64260,63643,62479,61916,60335,59483,58582,57581,56477
82859,82421,80852,79850,79387,77835,77095,76329,75074,73862,73071,71823,71261,70258,69236,68022,67022,65745,64804,64820,64592,63975,62806,62257,60657,59810,58913,57912,56804
83184,82754,81176,80174,79720,78159,77423,76661,75402,74186,73399,72146,71593,70590,69568,68349,67349,66068,65127,65151,64924,64307,63133,62598,60979,60137,59244,58243,57131
83509,83087,81500,80498,80053,78483,77751,76993,75730,74510,73727,72469,71925,70922,69900,68676,67676,66391,65450,65482,65256,64639,63460,62939,61301,60464,59575,58574,57458
83834,83420,81824,80822,80386,78807,78079,77325,76058,74834,74055,72792,72257,71254,70232,69003,68003,66714,65773,65813,65588,64971,63787,63280,61623,60791,59906,58905,57785
84159,83753,82148,81146,80719,79131,78407,77657,76386,75158,74383,73115,72589,71586,70564,69330,68330,67037,66096,66144,65920,65303,64114,63621,61945,61118,60237,59236,58112
84484,84086,82472,81470,81052,79455,78735,77989,76714,75482,74711,73438,72921,71918,70896,69657,68657,67360,66419,66475,66252,65635,64441,63962,62267,61445,60568,59567,58439
84809,84419,82796,81794,81385,79779,79063,78321,77042,75806,75039,73761,73253,72250,71228,69984,68984,67683,66742,66806,66584,65967,64768,64303,62589,61772,60899,59898,58766
85134,84752,83120,82118,81718,80103,79391,78653,77370,76130,75367,74084,73585,72582,71560,70311,69311,68006,67065,67137,66916,66299,65095,64644,62911,62099,61230,60229,59093
85459,85085,83444,82442,82051,80427,79719,78985,77698,76454,75695,74407,73917,72914,71892,70638,69638,68329,67388,67468,67248,66631,65422,64985,63233,62426,61561,60560,59420
85784,85418,83768,82766,82384,80751,80047,79317,78026,76778,76023,74730,74249,73246,72224,70965,69965,68652,67711,67799,67580,66963,65749,65326,63555,62753,61892,60891,59747
86109,85751,84092,83090,82717,81075,80375,79649,78354,77102,76351,75053,74581,73578,72556,71292,70292,68975,68034,68130,67912,67295,66076,65667,63877,63080,62223,61222,60074
86434,86084,84416,83414,83050,81399,80703,79981,78682,77426,76679,75376,74913,73910,72888,71619,70619,69298,68357,68461,68244,67627,66403,66008,64199,63407,62554,61553,60401
86759,86417,84740,83738,83383,81723,81031,80313,79010,77750,77007,75699,75245,74242,73220,71946,70946,69621,68680,68792,68576,67959,66730,66349,64521,63734,62885,61884,60728
87084,86750,85064,84062,83716,82047,81359,80645,79338,78074,77335,76022,75577,74574,73552,72273,71273,69944,69003,69123,68908,68291,67057,66690,64843,64061,63216,62215,61055
87409,87083,85388,84386,84049,82371,81687,80977,79666,78398,77663,76345,75909,74906,73884,72600,71600,70267,69326,69454,69240,68623,67384,67031,65165,64388,63547,62546,61382
87734,87416,85712,84710,84382,82695,82015,81309,79994,78722,77991,76668,76241,75238,74216,72927,71927,70590,69649,69785,69572,68955,67711,67372,65487,64715,63878,62877,61709
88059,87749,86036,85034,84715,83019,82343,81641,80322,79046,78319,76991,76573,75570,74548,73254,72254,70913,69972,70116,69904,69287,68038,67713,65809,65042,64209,63208,62036
88384,88082,86360,85358,85048,83343,82671,81973,80650,79370,78647,77314,76905,75902,74880,73581,72581,71236,70295,70447,70236,69619,68365,68054,66131,65369,64540,63539,62363
88709,88415,86684,85682,85381,83667,82999,82305,80978,79694,78975,77637,77237,76234,75212,73908,72908,71559,70618,70778,70568,69951,68692,68395,66453,65696,64871,63870,62690
89034,88748,87008,86006,85714,83991,83327,82637,81306,80018,79303,77960,77569,76566,75544,74235,73235,71882,70941,71109,70900,70283,69019,68736,66775,66023,65202,64201,63017
89359,89081,87332,86330,86047,84315,83655,82969,81634,80342,79631,78283,77901,76898,75876,74562,73562,72205,71264,71440,71232,70615,69346,69077,67097,66350,65533,64532,63344
89684,89414,87656,86654,86380,84639,83983,83301,81962,80666,79959,78606,78233,77230,76208,74889,73889,72528,71587,71771,71564,70947,69673,69418,67419,66677,65864,64863,63671
90009,89747,87980,86978,86713,84963,84311,83633,82290,80990,80287,78929,78565,77562,76540,75216,74216,72851,71910,72102,71896,71279,70000,69759,67741,67004,66195,65194,63998
90334,90080,88304,87302,87046,85287,84639,83965,82618,81314,80615,79252,78897,77894,76872,75543,74543,73174,72233,72433,72228,71611,70327,70100,68063,67331,66526,65525,64325
90659,90413,88628,87626,87379,85611,84967,84297,82946,81638,80943,79575,79229,78226,77204,75870,74870,73497,72556,72764,72560,71943,70654,70441,68385,67658,66857,65856,64652
90984,90746,88952,87950,87712,85935,85295,84629,83274,81962,81271,79898,79561,78558,77536,76197,75197,73820,72879,73095,72892,72275,70981,70782,68707,67985,67188,66187,64979
91309,91079,89276,88274,88045,86259,85623,84961,83602,82286,81599,80221,79893,78890,77868,76524,75524,74143,73202,73426,73224,72607,71308,71123,69029,68312,67519,66518,65306
91634,91412,89600,88598,88378,86583,85951,85293,83930,82610,81927,80544,80225,79222,78200,76851,75851,74466,73525,73757,73556,72939,71635,71464,69351,68639,67850,66849,65633
91959,91745,89924,88922,88711,86907,86279,85625,84258,82934,82255,80867,80557,79554,78532,77178,76178,74789,73848,74088,73888,73271,71962,71805,69673,68966,68181,67180,65960
92284,92078,90248,89246,89044,87231,86607,85957,84586,83258,82583,81190,80889,79886,78864,77505,76505,75112,74171,74419,74220,73603,72289,72146,69995,69293,68512,67511,66287
92609,92411,90572,89570,89377,87555,86935,86289,84914,83582,82911,81513,81221,80218,79196,77832,76832,75435,74494,74750,74552,73935,72616,72487,70317,69620,68843,67842,66614
92934,92744,90896,89894,89710,87879,87263,86621,85242,83906,83239,81836,81553,80550,79528,78159,77159,75758,74817,75081,74884,74267,72943,72828,70639,69947,69174,68173,66941
93259,93077,91220,90218,90043,88203,87591,86953,85570,84230,83567,82159,81885,80882,79860,78486,77486,76081,75140,75412,75216,74599,73270,73169,70961,70274,69505,68504,67268
93584,93410,91544,90542,90376,88527,87919,87285,85898,84554,83895,82482,82217,81214,80192,78813,77813,76404,75463,75743,75548,74931,73597,73510,71283,70601,69836,68835,67595
93909,93743,91868,90866,90709,88851,88247,87617,86226,84878,84223,82805,82549,81546,80524,79140,78140,76727,75786,76074,75880,75263,73924,73851,71605,70928,70167,69166,67922
94234,94076,92192,91190,91042,89175,88575,87949,86554,85202,84551,83128,82881,81878,80856,79467,78467,77050,76109,76405,76212,75595,74251,74192,71927,71255,70498,69497,68249
94559,94409,92516,91514,91375,89499,88903,88281,86882,85526,84879,83451,83213,82210,81188,79794,78794,77373,76432,76736,76544,75927,74578,74533,72249,71582,70829,69828,68576
94884,94742,92840,91838,91708,89823,89231,88613,87210,85850,85207,83774,83545,82542,81520,80121,79121,77696,76755,77067,76876,76259,74905,74874,72571,71909,71160,70159,68903
95209,95075,93164,92162,92041,90147,89559,88945,87538,86174,85535,84097,83877,82874,81852,80448,79448,78019,77078,77398,77208,76591,75232,75215,72893,72236,71491,70490,69230
95534,95408,93488,92486,92374,90471,89887,89277,87866,86498,85863,84420,84209,83206,82184,80775,79775,78342,77401,77729,77540,76923,75559,75556,73215,72563,71822,70821,69557
95859,95741,93812,92810,92707,90795,90215,89609,88194,86822,86191,84743,84541,83538,82516,81102,80102,78665,77724,78060,77872,77255,75886,75897,73537,72890,72153,71152,69884
96184,96074,94136,93134,93040,91119,90543,89941,88522,87146,86519,85066,84873,83870,82848,81429,80429,78988,78047,78391,78204,77587,76213,76238,73859,73217,72484,71483,70211
96509,96407,94460,93458,93373,91443,90871,90273,88850,87470,86847,85389,85205,84202,83180,81756,80756,79311,78370,78722,78536,77919,76540,76579,74181,73544,72815,71814,70538
96834,96740,94784,93782,93706,91767,91199,90605,89178,87794,87175,85712,85537,84534,83512,82083,81083,79634,78693,79053,78868,78251,76867,76920,74503,73871,73146,72145,70865
97159,97073,95108,94106,94039,92091,91527,90937,89506,88118,87503,86035,85869,84866,83844,82410,81410,79957,79016,79384,79200,78583,77194,77261,74825,74198,73477,72476,71192
97484,97406,95432,94430,94372,92415,91855,91269,89834,88442,87831,86358,86201,85198,84176,82737,81737,80280,79339,79715,79532,78915,77521,77602,75147,74525,73808,72807,71519
97809,97739,95756,94754,94705,92739,92183,91601,90162,88766,88159,86681,86533,85530,84508,83064,82064,80603,79662,80046,79864,79247,77848,77943,75469,74852,74139,73138,71846
98134,98072,96080,95078,95038,93063,92511,91933,90490,89090,88487,87004,86865,85862,84840,83391,82391,80926,79985,80377,80196,79579,78175,78284,75791,75179,74470,73469,72173
98459,98405,96404,95402,95371,93387,92839,92265,90818,89414,88815,87327,87197,86194,85172,83718,82718,81249,80308,80708,80528,79911,78502,78625,76113,75506,74801,73800,72500
98784,98738,96728,95726,95704,93711,93167,92597,91146,89738,89143,87650,87529,86526,85504,84045,83045,81572,80631,81039,80860,80243,78829,78966,76435,75833,75132,74131,72827
99109,99071,97052,96050,96037,94035,93495,92929,91474,90062,89471,87973,87861,86858,85836,84372,83372,81895,80954,81370,81192,80575,79156,79307,76757,76160,75463,74462,73154
99434,99404,97376,96374,96370,94359,93823,93261,91802,90386,89799,88296,88193,87190,86168,84699,83699,82218,81277,81701,81524,80907,79483,79648,77079,76487,75794,74793,73481
99759,99737,97700,96698,96703,94683,94151,93593,92130,90710,90127,88619,88525,87522,86500,85026,84026,82541,81600,82032,81856,81239,79810,79989,77401,76814,76125,75124,73808
100084,100070,98024,97022,97036,95007,94479,93925,92458,91034,90455,88942,88857,87854,86832,85353,84353,82864,81923,82363,82188,81571,80137,80330,77723,77141,76456,75455,74135
100409,100403,98348,97346,97369,95331,94807,94257,92786,91358,90783,89265,89189,88186,87164,85680,84680,83187,82246,82694,82520,81903,80464,80671,78045,77468,76787,75786,74462
100734,100736,98672,97670,97702,95655,95135,94589,93114,91682,91111,89588,89521,88518,87496,86007,85007,83510,82569,83025,82852,82235,80791,81012,78367,77795,77118,76117,74789
101059,101069,98996,97994,98035,95979,95463,94921,93442,92006,91439,89911,89853,88850,87828,86334,85334,83833,82892,83356,83184,82567,81118,81353,78689,78122,77449,76448,75116
101384,101402,99320,98318,98368,96303,95791,95253,93770,92330,91767,90234,90185,89182,88160,86661,85661,84156,83215,83687,83516,82899,81445,81694,79011,78449,77780,76779,75443
101709,101735,99644,98642,98701,96627,96119,95585,94098,92654,92095,90557,90517,89514,88492,86988,85988,84479,83538,84018,83848,83231,81772,82035,79333,78776,78111,77110,75770
102034,102068,99968,98966,99034,96951,96447,95917,94426,92978,92423,90880,90849,89846,88824,87315,86315,84802,83861,84349,84180,83563,82099,82376,79655,79103,78442,77441,76097
102359,102401,100292,99290,99367,97275,96775,96249,94754,93302,92751,91203,91181,90178,89156,87642,86642,85125,84184,84680,84512,83895,82426,82717,79977,79430,78773,77772,76424
102684,102734,100616,99614,99700,97599,97103,96581,95082,93626,93079,91526,91513,90510,89488,87969,86969,85448,84507,85011,84844,84227,82753,83058,80299,79757,79104,78103,76751
103009,103067,100940,99938,100033,97923,97431,96913,95410,93950,93407,91849,91845,90842,89820,88296,87296,85771,84830,85342,85176,84559,83080,83399,80621,80084,79435,78434,77078
103334,103400,101264,100262,100366,98247,97759,97245,95738,94274,93735,92172,92177,91174,90152,88623,87623,86094,85153,85673,85508,84891,83407,83740,80943,80411,79766,78765,77405
103659,103733,101588,100586,100699,98571,98087,97577,96066,94598,94063,92495,92509,91506,90484,88950,87950,86417,85476,86004,85840,85223,83734,84081,81265,80738,80097,79096,77732
103984,104066,101912,100910,101032,98895,98415,97909,96394,94922,94391,92818,92841,91838,90816,89277,88277,86740,85799,86335,86172,85555,84061,84422,81587,81065,80428,79427,78059
104309,104399,102236,101234,101365,99219,98743,98241,96722,95246,94719,93141,93173,92170,91148,89604,88604,87063,86122,86666,86504,85887,84388,84763,81909,81392,80759,79758,78386
104634,104732,102560,101558,101698,99543,99071,98573,97050,95570,95047,93464,93505,92502,91480,89931,88931,87386,86445,86997,86836,86219,84715,85104,82231,81719,81090,80089,78713
104959,105065,102884,101882,102031,99867,99399,98905,97378,95894,95375,93787,93837,92834,91812,90258,89258,87709,86768,87328,87168,86551,85042,85445,82553,82046,81421,80420,79040
105284,105398,103208,102206,102364,100191,99727,99237,97706,96218,95703,94110,94169,93166,92144,90585,89585,88032,87091,87659,87500,86883,85369,85786,82875,82373,81752,80751,79367
105609,105731,103532,102530,102697,100515,100055,99569,98034,96542,96031,94433,94501,93498,92476,90912,89912,88355,87414,87990,87832,87215,85696,86127,83197,82700,82083,81082,79694
105934,106064,103856,102854,103030,100839,100383,99901,98362,96866,96359,94756,94833,93830,92808,91239,90239,88678,87737,88321,88164,87547,86023,86468,83519,83027,82414,81413,80021
106259,106397,104180,103178,103363,101163,100711,100233,98690,97190,96687,95079,95165,94162,93140,91566,90566,89001,88060,88652,88496,87879,86350,86809,83841,83354,82745,81744,80348
106584,106730,104504,103502,103696,101487,101039,100565,99018,97514,97015,95402,95497,94494,93472,91893,90893,89324,88383,88983,88828,88211,86677,87150,84163,83681,83076,82075,80675
106909,107063,104828,103826,104029,101811,101367,100897,99346,97838,97343,95725,95829,94826,93804,92220,91220,89647,88706,89314,89160,88543,87004,87491,84485,84008,83407,82406,81002
107234,107396,105152,104150,104362,102135,101695,101229,99674,98162,97671,96048,96161,95158,94136,92547,91547,89970,89029,89645,89492,88875,87331,87832,84807,84335,83738,82737,81329
107559,107729,105476,104474,104695,102459,102023,101561,100002,98486,97999,96371,96493,95490,94468,92874,91874,90293,89352,89976,89824,89207,87658,88173,85129,84662,84069,83068,81656
107884,108062,105800,104798,105028,102783,102351,101893,100330,98810,98327,96694,96825,95822,94800,93201,92201,90616,89675,90307,90156,89539,87985,88514,85451,84989,84400,83399,81983
108209,108395,106124,105122,105361,103107,102679,102225,100658,99134,98655,97017,97157,96154,95132,93528,92528,90939,89998,90638,90488,89871,88312,88855,85773,85316,84731,83730,82310
108534,108728,106448,105446,105694,103431,103007,102557,100986,99458,98983,97340,97489,96486,95464,93855,92855,91262,90321,90969,90820,90203,88639,89196,86095,85643,85062,84061,82637
108859,109061,106772,105770,106027,103755,103335,102889,101314,99782,99311,97663,97821,96818,95796,94182,93182,91585,90644,91300,91152,90535,88966,89537,86417,85970,85393,84392,82964
109184,109394,107096,106094,106360,104079,103663,103221,101642,100106,99639,97986,98153,97150,96128,94509,93509,91908,90967,91631,91484,90867,89293,89878,86739,86297,85724,84723,83291
109509,109727,107420,106418,106693,104403,103991,103553,101970,100430,99967,98309,98485,97482,96460,94836,93836,92231,91290,91962,91816,91199,89620,90219,87061,86624,86055,85054,83618
109834,110060,107744,106742,107026,104727,104319,103885,102298,100754,100295,98632,98817,97814,96792,95163,94163,92554,91613,92293,92148,91531,89947,90560,87383,86951,86386,85385,83945
110159,110393,108068,107066,107359,105051,104647,104217,102626,101078,100623,98955,99149,98146,97124,95490,94490,92877,91936,92624,92480,91863,90274,90901,87705,87278,86717,85716,84272
110484,110726,108392,107390,107692,105375,104975,104549,102954,101402,100951,99278,99481,98478,97456,95817,94817,93200,92259,92955,92812,92195,90601,91242,88027,87605,87048,86047,84599
110809,111059,108716,107714,108025,105699,105303,104881,103282,101726,101279,99601,99813,98810,97788,96144,95144,93523,92582,93286,93144,92527,90928,91583,88349,87932,87379,86378,84926
111134,111392,109040,108038,108358,106023,105631,105213,103610,102050,101607,99924,100145,99142,98120,96471,95471,93846,92905,93617,93476,92859,91255,91924,88671,88259,87710,86709,85253
111459,111725,109364,108362,108691,106347,105959,105545,103938,102374,101935,100247,100477,99474,98452,96798,95798,94169,93228,93948,93808,93191,91582,92265,88993,88586,88041,87040,85580
