13342,12989,12645,12310,11966,11621,11287,10944,10615,10266,9922.8,9594.5,9247,8903,8560,8227,7884,7507.9,7187,7088.4,7000,6801.1,6458.4,6115.8,5785.8,5443.1,5100,4759.6,4417.3
13383,13035,12691,12355,12011,11666,11333,10989,10656,10311,9967.4,9634.7,9291.2,8947.1,8604.2,8271.2,7928.2,7552,7231.2,7132.1,7043.7,6844.8,6502.1,6159.5,5825.1,5486.4,5143.7,4802.8,4460.5
13424,13080,12736,12401,12056,11712,11378,11033,10696,10355,10012,9674.9,9335.4,8991.3,8648.3,8315.4,7972.4,7596.2,7275.4,7175.8,7087.4,6888.5,6545.8,6203.2,5864.5,5529.6,5187.4,4846.1,4503.8
13465,13126,12781,12447,12101,11757,11423,11078,10736,10400,10057,9715.1,9379.5,9035.7,8692.5,8359.5,8016.6,7640.4,7319.5,7219.5,7131.4,6932.2,6589.5,6246.9,5905.2,5572.9,5231.1,4889.3,4547
13507,13172,12826,12492,12147,11803,11468,11123,10779,10445,10101,9757.7,9423.7,9080.3,8737,8403.7,8060.7,7684.6,7363.7,7263.2,7175.6,6975.9,6633.2,6290.6,5948.4,5616.4,5274.8,4932.6,4590.3
13552,13217,12872,12537,12193,11848,11513,11168,10824,10490,10146,9801.9,9468.3,9124.9,8781.6,8447.9,8104.9,7728.7,7407.5,7307.2,7219.6,7019.6,6677,6334.3,5991.7,5660.1,5318.1,4975.8,4633.5
13598,13263,12917,12583,12238,11893,11558,11213,10869,10535,10191,9846.3,9512.9,9169.1,8826.1,8492,8149.1,7772.8,7451.2,7351.4,7263.3,7063.3,6720.7,6378,6035.4,5703.7,5361.4,5019.1,4676.8
13644,13308,12962,12628,12283,11937,11603,11259,10914,10580,10235,9890.9,9557.6,9213.2,8870.3,8536.2,8193.2,7816.5,7495.2,7395.4,7307,7107,6764.4,6421.7,6079.1,5746.9,5404.6,5062.3,4720
13690,13354,13008,12673,12328,11982,11648,11303,10959,10624,10280,9935.6,9602.2,9257.8,8914.4,8580.4,8237.4,7860.2,7539.3,7439.1,7350.7,7151,6808.1,6465.4,6122.8,5790.2,5447.9,5105.6,4763.3
13736,13400,13054,12718,12373,12028,11692,11348,11003,10669,10325,9980.2,9646.9,9302.5,8958.6,8624.7,8281.6,7904.3,7583.4,7482.9,7394.4,7195.2,6851.8,6509.1,6166.5,5833.9,5491.3,5148.8,4806.6
13782,13446,13100,12764,12418,12074,11738,11393,11048,10714,10369,10025,9691.5,9347.1,9002.8,8669.4,8325.8,7948.5,7627.1,7527,7438.5,7239.2,6895.5,6552.9,6210.2,5877.6,5535,5192.1,4849.8
13829,13492,13146,12809,12463,12123,11783,11438,11098,10758,10414,10073,9736.1,9391.8,9047.3,8714,8369.9,7992.7,7670.8,7571.2,7482.7,7282.9,6939.5,6596.6,6253.9,5921,5578.7,5235.3,4893.1
13875,13538,13191,12855,12509,12173,11828,11483,11147,10803,10459,10123,9780.3,9436.2,9092,8758.1,8414.1,8036.9,7714.9,7615,7526.9,7326.7,6983.7,6640.3,6298.4,5964.2,5621.9,5278.7,4936.3
13923,13584,13238,12901,12554,12219,11873,11528,11193,10848,10503,10169,9824.4,9480.4,9139,8802.3,8458.3,8081,7759.1,7658.7,7571,7370.8,7027.7,6684,6346.5,6007.7,5665.2,5322.4,4981.5
13975,13631,13284,12947,12600,12265,11919,11575,11238,10893,10549,10213,9868.6,9525,9187.6,8846.5,8502.4,8125.2,7803.3,7702.7,7615,7415,7071.4,6727.7,6394.6,6051.4,5708.7,5366.1,5029.1
14025,13677,13334,12993,12646,12311,11964,11624,11283,10938,10598,10258,9912.8,9573.6,9234.7,8890.7,8546.6,8170.2,7847.5,7746.8,7658.8,7458.8,7115.1,6771.4,6438.3,6095.1,5752.4,5409.4,5076.1
14072,13724,13385,13039,12694,12356,12010,11674,11328,10983,10647,10303,9957.2,9622.2,9278.9,8934.6,8590.8,8218.3,7893.5,7790.9,7702.7,7502.5,7158.8,6816.6,6481.6,6138.8,5796,5452.6,5119.8
14119,13771,13432,13085,12745,12402,12056,11719,11373,11027,10692,10347,10002,9667.1,9323,8978.3,8638,8266.4,7941.6,7834.6,7750.8,7546.2,7202.5,6864.7,6525.1,6182.5,5839.2,5498.5,5163.5
14165,13819,13479,13132,12795,12447,12104,11765,11418,11074,10737,10392,10048,9711.3,9367.2,9023.3,8686.1,8310.8,7988.8,7878.3,7798.9,7589.9,7249.8,6912.5,6568.8,6226.2,5882.8,5546.1,5206.9
14212,13870,13526,13178,12841,12493,12154,11810,11464,11124,10782,10437,10097,9755.7,9411.4,9071.9,8732.2,8355,8032.5,7926.2,7843.6,7634.9,7297.9,6956.2,6612.5,6269.9,5930.8,5592.5,5250.1
14260,13921,13572,13228,12887,12539,12202,11855,11514,11173,10827,10485,10146,9800.3,9459.1,9120.4,8776.4,8401.7,8076.2,7974.3,7887.3,7683,7343.4,6999.9,6656.2,6315.7,5978.9,5636.2,5293.4
14308,13968,13619,13279,12933,12586,12248,11904,11564,11218,10874,10535,10190,9846.5,9507.7,9164.6,8821.6,8449.8,8119.9,8019.4,7933.1,7731,7386.6,7046.6,6699.9,6363.3,6022.9,5679.9,5336.6
14359,14015,13666,13327,12979,12637,12294,11955,11610,11264,10923,10581,10235,9895.6,9554.2,9208.8,8870.2,8496.4,8163.6,8063.1,7981.2,7774.7,7431,7094.2,6747.5,6409.8,6065.7,5727,5380.7
14411,14062,13715,13374,13030,12688,12340,12003,11656,11314,10972,10626,10284,9944.3,9598.8,9256.6,8918.8,8540.6,8210.1,8108.7,8028.4,7818.4,7479,7140,6795.1,6452.6,6110.6,5774.1,5427.8
14460,14109,13767,13423,13081,12734,12387,12049,11704,11363,11017,10673,10333,9988.9,9644.8,9305.8,8963.1,8585.2,8258.2,8157.3,8072.1,7865.3,7527.1,7183.7,6842.7,6495.4,6158.2,5818.6,5474.9
14507,14162,13818,13475,13129,12781,12437,12096,11755,11410,11062,10723,10379,10034,9693.9,9352.4,9007.3,8633.3,8306.4,8205.3,8115.8,7913.4,7571.1,7228,6890.2,6542.4,6205.2,5861.9,5522.4
14556,14214,13865,13525,13176,12831,12488,12147,11803,11455,11113,10771,10425,10082,9742.7,9396.5,9054.6,8681.4,8355,8249,8163.9,7961.5,7614.8,7275.6,6936.2,6590,6248.5,5906.5,5570
14604,14263,13913,13573,13225,12882,12540,12197,11848,11504,11163,10817,10472,10131,9786.9,9441.9,9103.2,8726.2,8403.2,8292.7,8212.5,8009.5,7661.3,7323.2,6979.4,6637.6,6291.7,5953.6,5614.8
14655,14310,13965,13621,13277,12933,12591,12243,11895,11554,11213,10862,10521,10181,9831,9491,9151.8,8770.4,8446.9,8340,8260.8,8056.9,7709.4,7371.2,7023,6685.2,6338.5,6000.7,5657.6
14708,14362,14018,13673,13329,12985,12638,12289,11946,11604,11263,10912,10571,10230,9879.6,9540.1,9200.3,8817,8490.6,8388.1,8308.9,8100.6,7757.3,7419.3,7070.5,6731.6,6386.1,6048.2,5701.5
14762,14415,14070,13725,13381,13034,12684,12340,11997,11654,11310,10961,10621,10278,9929.2,9589.2,9248.1,8865.6,8538.2,8436.5,8355.4,8144.3,7804.9,7464.6,7118.1,6774.8,6433.4,6095.8,5748.5
14815,14469,14123,13777,13432,13081,12734,12390,12048,11703,11356,11011,10670,10323,9978.6,9638.3,9292.3,8914.2,8586.8,8485.1,8399.1,8191.9,7852.5,7507.9,7166.1,6818.1,6480.5,6140.1,5795.6
14865,14522,14171,13830,13479,13130,12786,12442,12098,11750,11404,11061,10720,10368,10028,9687.5,9336.5,8962.8,8635.4,8533.5,8443.1,8239.9,7900.6,7552.4,7214.1,6865.5,6527.6,6182.9,5842.7
14914,14572,14220,13877,13527,13181,12837,12493,12149,11796,11454,11112,10769,10418,10077,9736.6,9385.2,9011.4,8683.9,8581.6,8491.7,8288.3,7948.6,7600.4,7262,6913,6575.2,6227.2,5889.8
14966,14621,14272,13925,13579,13233,12889,12544,12200,11847,11504,11162,10819,10467,10126,9785.7,9434.3,9060,8732.5,8629.7,8540.3,8336.9,7996.7,7648.5,7309.6,6960.6,6622.8,6274.3,5936.9
15020,14672,14325,13978,13632,13285,12940,12596,12251,11898,11554,11212,10869,10517,10175,9834.8,9483.4,9108.6,8781.1,8678.3,8588.9,8385.3,8044.8,7696.1,7357.1,7008.2,6670.4,6321.4,5984
15075,14725,14378,14031,13684,13337,12992,12647,12302,11949,11605,11262,10919,10567,10225,9883.9,9532.5,9157.6,8829.7,8726.8,8637.5,8433.4,8093.1,7743.7,7404.7,7055.8,6717.9,6369,6031.1
15129,14779,14431,14084,13737,13390,13044,12699,12354,11999,11655,11312,10969,10620,10274,9933,9583.6,9206.7,8878.3,8775.4,8688.1,8481.5,8141.7,7791.6,7452.3,7103.3,6765.3,6416.6,6078.1
15183,14834,14485,14137,13789,13442,13096,12751,12405,12054,11706,11363,11019,10675,10324,9982.1,9637.2,9255.5,8926.9,8824,8740.6,8530.1,8190.2,7839.7,7500.3,7151,6812.3,6466.9,6125.2
15238,14888,14538,14190,13842,13495,13148,12802,12457,12110,11757,11413,11069,10727,10374,10032,9689.8,9304.1,8975.5,8872.6,8792.1,8578.7,8238.3,7889.3,7548.4,7202.9,6859.5,6518.2,6172.3
15292,14942,14595,14243,13895,13547,13200,12854,12509,12163,11808,11464,11120,10776,10426,10081,9738.9,9354,9024.1,8921.2,8840.7,8630.2,8286.3,7941.8,7596.2,7254.8,6907.1,6568.1,6219.4
15346,14999,14654,14300,13948,13605,13253,12905,12560,12214,11862,11514,11170,10826,10480,10131,9788.1,9407.6,9074.7,8970.7,8889.3,8682.7,8334.4,7993.9,7643.7,7304,6954.7,6615.7,6268.9
15403,15058,14710,14359,14005,13663,13311,12958,12612,12266,11918,11569,11221,10876,10533,10180,9837.2,9461,9127.7,9023.7,8938.4,8733.3,8382.5,8042,7692.5,7352.1,7006.1,6663.3,6320.3
15464,15115,14764,14414,14064,13716,13368,13015,12664,12317,11971,11625,11276,10927,10583,10232,9886.3,9510.2,9179.9,9076.7,8987.5,8781.9,8433.7,8090,7744.9,7401.8,7058,6710.4,6370.7
15522,15170,14819,14468,14118,13769,13420,13072,12721,12370,12023,11677,11331,10982,10634,10286,9939,9559.3,9229,9126,9039.5,8831.4,8486.7,8141.6,7797.4,7453.7,7107.4,6757.4,6417.7
15577,15224,14873,14522,14171,13822,13473,13125,12777,12426,12076,11727,11382,11037,10688,10339,9993.2,9611.9,9278.2,9175.1,9092.5,8884.4,8537.9,8194,7845.7,7505.1,7155,6807.7,6464.8
15635,15279,14930,14576,14228,13876,13530,13177,12829,12481,12132,11781,11433,11088,10742,10389,10045,9665.4,9331,9227,9143.4,8937.4,8586,8244.3,7893.7,7552.7,7203.6,6859,6515.7
15696,15337,14990,14634,14287,13933,13588,13234,12882,12533,12188,11837,11487,11138,10793,10440,10095,9716.6,9384,9280,9192,8986.2,8634.4,8292.4,7944.4,7600.2,7254.9,6910.6,6567.1
15754,15398,15048,14693,14343,13990,13642,13292,12939,12585,12244,11893,11542,11192,10843,10494,10146,9765.7,9437.4,9333.2,9241.6,9034.8,8687.5,8341.5,7996.3,7651.3,7306.3,6962.5,6618.5
15811,15459,15103,14752,14397,14049,13695,13350,12995,12642,12299,11949,11597,11247,10897,10548,10200,9816.3,9491,9386.8,9295.2,9086.8,8740.5,8394.5,8048.3,7703.2,7358.2,7014.4,6669.8
15870,15519,15160,14811,14454,14107,13752,13408,13052,12699,12351,12005,11653,11302,10952,10603,10254,9870.5,9544.6,9440.4,9348.8,9140.4,8793.5,8447.5,8100.8,7755.3,7410.1,7065.7,6720.3
15931,15580,15220,14871,14514,14166,13810,13461,13110,12756,12404,12061,11708,11357,11007,10658,10308,9924.6,9598.2,9494,9402.3,9193.7,8846.5,8500,8153.2,7807.8,7462,7117.1,6767.3
15993,15641,15281,14931,14573,14225,13868,13514,13168,12813,12460,12117,11764,11413,11062,10712,10362,9978.2,9651.7,9547.5,9455.9,9246.7,8899.5,8552.4,8205.7,7860.1,7513.9,7168.9,6814.4
16054,15699,15342,14991,14632,14284,13927,13570,13226,12870,12517,12173,11820,11468,11117,10767,10416,10032,9705.3,9601.1,9509.5,9299.8,8952.5,8605.2,8258.1,7912,7565.8,7220.8,6869.6
16116,15756,15402,15051,14692,14343,13985,13629,13283,12928,12573,12229,11876,11524,11172,10822,10471,10086,9758.9,9654.7,9563.1,9353.4,9005.5,8658.3,8310.6,7963.9,7617.7,7272.7,6925.8
16178,15818,15463,15112,14752,14402,14044,13690,13340,12985,12630,12285,11932,11580,11227,10877,10525,10140,9813,9708.3,9618.9,9407,9058.5,8711,8363,8016.3,7669.6,7324.6,6979.3
16241,15885,15524,15172,14812,14462,14103,13753,13398,13042,12691,12342,11988,11636,11282,10933,10580,10197,9867.2,9761.8,9676.9,9464.8,9111.6,8763.5,8417.6,8068.7,7722,7376.4,7030.6
16303,15949,15585,15233,14872,14521,14162,13813,13456,13103,12753,12399,12044,11691,11338,10992,10637,10256,9920.9,9815.7,9733.8,9522.8,9169,8816.5,8474.4,8123.8,7774.5,7427.8,7082
16366,16011,15649,15294,14935,14581,14224,13872,13517,13165,12812,12455,12105,11746,11399,11051,10696,10313,9974.5,9869.8,9787.4,9577.7,9226.5,8873.9,8530.5,8180.6,7829.6,7479.1,7133.4
16429,16073,15717,15355,15000,14644,14289,13931,13581,13225,12869,12516,12166,11807,11460,11106,10754,10367,10031,9925,9841,9631.3,9281,8931.3,8583.5,8236.1,7885.8,7534.3,7184.7
16496,16135,15780,15415,15063,14709,14350,13990,13641,13282,12929,12578,12224,11867,11515,11162,10809,10423,10089,9983,9899.7,9686.9,9334.5,8985,8636.5,8288.5,7940.3,7590.6,7239.9
16565,16202,15842,15480,15123,14771,14410,14052,13700,13343,12991,12637,12281,11928,11570,11222,10864,10482,10148,10041,9958.4,9745,9390.4,9038,8693.1,8341.1,7992.2,7644.7,7295.6
16628,16269,15908,15546,15187,14832,14472,14115,13761,13407,13051,12693,12340,11990,11630,11282,10923,10540,10207,10100,10013,9803.1,9448.5,9093.6,8749.9,8397.9,8044.5,7696.6,7351.6
16691,16333,15975,15613,15253,14895,14537,14179,13825,13470,13109,12753,12402,12048,11691,11342,10983,10600,10265,10158,10067,9861.8,9506.5,9151,8807.1,8454.7,8101.3,7749.2,7407.8
16761,16396,16039,15680,15319,14960,14602,14243,13888,13533,13169,12815,12463,12103,11751,11402,11042,10659,10325,10218,10123,9920.4,9564.6,9208.6,8864.5,8511.5,8158.2,7805.5,7462.8
16830,16464,16101,15747,15386,15026,14667,14308,13952,13594,13232,12877,12524,12162,11812,11462,11102,10718,10384,10277,10182,9974,9622.6,9266.7,8921.9,8568.3,8215,7861.7,7514.2
16899,16532,16168,15814,15452,15092,14732,14373,14015,13652,13295,12940,12586,12224,11873,11523,11162,10778,10443,10336,10241,10028,9680.6,9324.7,8979.4,8625.2,8271.8,7917.9,7565.5
16968,16602,16237,15882,15519,15158,14797,14438,14080,13715,13358,13003,12648,12287,11933,11583,11222,10837,10501,10395,10300,10089,9738.7,9382.1,9036.8,8682,8328.3,7974.1,7625.3
17039,16671,16305,15949,15586,15224,14862,14503,14144,13783,13422,13065,12710,12354,11994,11643,11282,10896,10561,10453,10360,10152,9796.7,9439.5,9094.2,8738.9,8384.5,8033,7685.8
17109,16740,16373,16018,15652,15290,14928,14568,14208,13850,13490,13128,12772,12419,12056,11703,11342,10956,10620,10513,10423,10212,9854.8,9501.1,9151.6,8796.3,8441.7,8094.2,7743.8
17179,16811,16447,16086,15720,15357,14994,14633,14273,13914,13558,13191,12834,12480,12118,11764,11404,11016,10679,10572,10486,10271,9915.7,9563.6,9209.1,8853.7,8502.9,8154.2,7800
17249,16886,16520,16153,15787,15423,15060,14701,14338,13979,13621,13255,12897,12542,12184,11825,11470,11077,10739,10631,10546,10330,9978.9,9623.5,9266.5,8914.5,8564.1,8210.4,7856.2
17320,16960,16589,16221,15859,15490,15129,14772,14404,14043,13685,13322,12961,12604,12250,11886,11534,11142,10799,10689,10605,10389,10041,9681.6,9326.9,8975.7,8621.9,8266.6,7912.5
17395,17030,16660,16295,15933,15561,15201,14840,14475,14108,13748,13390,13028,12666,12311,11948,11595,11206,10863,10754,10668,10449,10099,9741.3,9389.4,9034.6,8679.3,8327.5,7968.7
17472,17103,16736,16369,16001,15633,15269,14906,14543,14178,13813,13458,13096,12733,12372,12014,11656,11266,10927,10818,10732,10512,10158,9804.5,9450.3,9092,8739.1,8388.7,8029.1
17543,17178,16808,16437,16068,15706,15336,14974,14608,14247,13882,13526,13163,12800,12439,12080,11721,11326,10992,10882,10793,10576,10222,9867.6,9508.4,9151.2,8800.3,8446.7,8089.7
17615,17251,16878,16507,16142,15779,15406,15045,14675,14317,13951,13590,13231,12868,12506,12146,11786,11391,11056,10946,10852,10639,10285,9930.1,9566.9,9213.7,8861.7,8502.9,8150.2
17692,17322,16950,16582,16216,15851,15478,15116,14746,14387,14020,13654,13299,12935,12573,12212,11852,11456,11116,11011,10915,10703,10348,9992.6,9629.4,9276.1,8923.6,8560.8,8210.8
17770,17397,17026,16657,16290,15924,15550,15188,14817,14457,14089,13723,13366,13003,12640,12278,11917,11521,11176,11075,10984,10768,10411,10056,9691.9,9338,8985.4,8622,8271.3
17847,17474,17102,16732,16364,15998,15623,15260,14888,14527,14159,13792,13434,13070,12707,12344,11983,11585,11244,11140,11053,10832,10475,10119,9754.4,9399.8,9046.5,8683.4,8331.9
17925,17550,17178,16808,16438,16071,15695,15332,14961,14598,14228,13865,13503,13138,12773,12411,12049,11650,11313,11204,11117,10896,10539,10182,9816.9,9462.2,9107.7,8749.7,8392.5
18004,17628,17255,16883,16512,16145,15768,15404,15038,14669,14298,13939,13572,13206,12841,12478,12118,11716,11380,11269,11182,10960,10603,10245,9882.3,9524.7,9169.4,8816,8453.7
18086,17711,17331,16962,16588,16218,15846,15475,15112,14740,14369,14009,13641,13274,12908,12548,12189,11784,11445,11334,11246,11026,10666,10308,9949.2,9589.4,9231.3,8878.2,8514.8
18170,17793,17413,17043,16665,16293,15925,15551,15184,14812,14444,14079,13714,13342,12979,12619,12257,11854,11512,11399,11311,11095,10732,10372,10015,9655.7,9295.9,8939.4,8579.3
18250,17871,17494,17120,16745,16369,15999,15629,15258,14888,14519,14153,13787,13414,13052,12688,12323,11925,11581,11469,11380,11164,10800,10436,10078,9720.7,9362.8,9003.1,8644.9
18329,17953,17572,17197,16822,16449,16072,15704,15335,14963,14595,14227,13857,13488,13124,12755,12392,11995,11650,11539,11449,11228,10869,10505,10142,9783.2,9428.3,9069.4,8710.4
18414,18036,17652,17279,16898,16528,16151,15777,15409,15034,14670,14297,13926,13561,13197,12825,12463,12064,11716,11609,11515,11293,10937,10573,10210,9846.2,9490.1,9134.6,8776
18499,18115,17735,17361,16978,16608,16230,15854,15481,15107,14741,14367,14000,13634,13267,12897,12535,12131,11782,11679,11581,11362,11006,10641,10277,9913.9,9552.1,9196.4,8840.8
18585,18194,17818,17442,17060,16689,16310,15932,15557,15183,14813,14443,14074,13708,13335,12969,12606,12198,11852,11749,11649,11431,11075,10710,10345,9981.6,9619.1,9258.3,8902
18670,18279,17901,17525,17141,16770,16390,16011,15634,15261,14888,14519,14148,13782,13408,13042,12678,12269,11922,11819,11718,11501,11144,10778,10413,10049,9686.1,9328.7,8963.2
18755,18366,17985,17608,17222,16850,16470,16090,15713,15339,14965,14594,14224,13856,13486,13114,12750,12340,11993,11889,11791,11571,11213,10847,10481,10116,9756.6,9399.4,9032.8
18842,18457,18069,17691,17305,16931,16550,16170,15792,15419,15041,14669,14299,13930,13562,13187,12823,12416,12064,11960,11866,11645,11282,10915,10549,10186,9828,9466.9,9103.5
18928,18545,18153,17774,17389,17012,16629,16250,15875,15502,15120,14750,14374,14005,13636,13261,12894,12493,12139,12030,11940,11719,11352,10984,10620,10258,9897,9533.2,9171.4
19015,18630,18239,17858,17476,17093,16712,16335,15959,15582,15202,14831,14453,14079,13709,13339,12966,12565,12214,12100,12010,11792,11422,11055,10692,10329,9964,9599.8,9237.6
19104,18717,18330,17942,17562,17175,16799,16419,16038,15660,15282,14908,14534,14156,13784,13416,13044,12636,12286,12173,12081,11862,11494,11128,10763,10397,10033,9666.7,9305.5
19197,18803,18418,18031,17645,17257,16882,16499,16117,15741,15360,14985,14611,14236,13860,13489,13121,12712,12357,12249,12157,11935,11568,11201,10832,10467,10105,9734.8,9376.2
19286,18896,18503,18121,17732,17345,16962,16581,16202,15824,15440,15068,14687,14317,13939,13563,13193,12788,12431,12325,12234,12010,11642,11270,10902,10539,10177,9806.8,9446.4
19375,18988,18593,18211,17820,17433,17048,16666,16285,15909,15523,15149,14767,14397,14018,13642,13267,12865,12508,12401,12309,12085,11717,11340,10976,10611,10244,9877.5,9512.7
19469,19080,18684,18300,17909,17522,17136,16752,16370,15992,15606,15232,14848,14477,14097,13721,13346,12942,12585,12477,12385,12160,11791,11415,11048,10683,10312,9949.7,9578.9
19562,19172,18776,18391,17999,17610,17223,16838,16456,16077,15689,15313,14929,14558,14178,13799,13424,13019,12661,12554,12462,12236,11866,11489,11122,10757,10384,10021,9648.9
19657,19267,18868,18482,18089,17699,17311,16925,16541,16162,15772,15396,15010,14639,14259,13878,13503,13097,12737,12629,12537,12311,11942,11563,11196,10831,10456,10092,9720.6
19755,19361,18960,18574,18179,17788,17398,17012,16629,16245,15856,15479,15091,14720,14338,13957,13580,13175,12815,12707,12613,12389,12017,11638,11270,10903,10531,10165,9795.5
19856,19454,19055,18666,18271,17877,17488,17100,16715,16330,15945,15562,15174,14801,14418,14038,13663,13253,12892,12784,12690,12466,12093,11718,11344,10976,10608,10237,9871.4
19952,19547,19153,18756,18363,17972,17582,17187,16803,16415,16034,15647,15262,14882,14500,14122,13747,13330,12969,12859,12767,12541,12168,11797,11421,11050,10682,10309,9945
20049,19644,19247,18848,18458,18067,17674,17280,16895,16501,16120,15735,15350,14968,14586,14206,13827,13408,13048,12937,12844,12621,12244,11872,11501,11126,10755,10383,10016
20144,19745,19342,18942,18552,18157,17762,17373,16984,16592,16203,15821,15433,15055,14671,14287,13906,13490,13130,13020,12925,12703,12323,11947,11577,11205,10830,10459,10089
20243,19846,19440,19040,18644,18248,17855,17466,17070,16684,16292,15905,15517,15138,14752,14367,13989,13573,13213,13103,13007,12781,12403,12025,11651,11283,10909,10536,10164
20347,19947,19541,19140,18741,18343,17950,17557,17161,16770,16383,15993,15605,15220,14835,14453,14073,13656,13296,13185,13089,12857,12484,12105,11728,11362,10987,10613,10240
20450,20050,19642,19239,18837,18440,18046,17645,17254,16858,16473,16082,15693,15306,14921,14539,14157,13740,13378,13267,13171,12938,12565,12185,11808,11440,11065,10689,10317
20552,20152,19743,19339,18935,18537,18141,17738,17349,16949,16564,16172,15782,15395,15007,14625,14243,13824,13461,13349,13254,13020,12647,12265,11887,11518,11142,10768,10394
20656,20254,19843,19437,19034,18634,18236,17833,17442,17045,16657,16262,15870,15483,15094,14711,14329,13908,13544,13432,13337,13103,12729,12346,11965,11597,11220,10845,10472
20763,20357,19944,19536,19134,18732,18333,17931,17535,17144,16747,16353,15959,15571,15185,14797,14413,13992,13627,13516,13420,13186,12811,12426,12046,11675,11299,10923,10549
20873,20458,20047,19640,19236,18828,18429,18031,17629,17238,16838,16443,16051,15664,15278,14884,14499,14076,13711,13599,13503,13271,12892,12510,12131,11755,11377,11001,10626
20978,20562,20156,19747,19340,18927,18528,18129,17729,17331,16933,16538,16147,15757,15369,14977,14585,14163,13795,13682,13587,13358,12973,12596,12216,11835,11456,11081,10702
21087,20669,20261,19849,19441,19032,18631,18226,17827,17424,17031,16634,16240,15848,15456,15068,14675,14253,13879,13767,13675,13443,13056,12681,12298,11916,11537,11163,10781
21198,20779,20362,19950,19542,19137,18730,18327,17922,17517,17126,16727,16331,15937,15546,15156,14767,14341,13969,13854,13762,13527,13141,12763,12378,11999,11621,11245,10864
21306,20888,20472,20058,19647,19241,18829,18429,18022,17618,17217,16818,16424,16030,15641,15243,14858,14427,14060,13943,13846,13613,13228,12845,12464,12084,11706,11325,10945
21413,21001,20582,20168,19754,19342,18932,18531,18123,17717,17316,16914,16520,16126,15735,15336,14949,14514,14151,14032,13933,13701,13316,12932,12549,12169,11790,11404,11028
21524,21111,20692,20276,19861,19442,19036,18634,18224,17818,17415,17012,16617,16222,15829,15428,15040,14604,14240,14123,14023,13790,13404,13019,12634,12254,11873,11487,11111
21637,21223,20801,20385,19970,19548,19140,18735,18325,17917,17513,17111,16714,16318,15922,15521,15133,14696,14329,14214,14112,13879,13491,13106,12721,12339,11958,11570,11194
21753,21336,20911,20492,20077,19658,19244,18839,18428,18017,17611,17209,16810,16413,16017,15616,15227,14788,14420,14303,14202,13968,13578,13193,12808,12424,12043,11653,11277
21872,21446,21024,20602,20184,19768,19350,18943,18529,18118,17712,17307,16908,16509,16113,15711,15320,14882,14511,14392,14295,14058,13668,13282,12894,12509,12128,11738,11360
21990,21560,21136,20712,20292,19876,19462,19046,18631,18221,17815,17410,17011,16605,16209,15808,15411,14978,14601,14483,14390,14152,13762,13369,12984,12596,12213,11827,11443
22105,21673,21254,20822,20402,19986,19571,19150,18739,18328,17920,17515,17112,16704,16302,15907,15505,15072,14697,14577,14483,14247,13855,13462,13076,12682,12298,11915,11530
22224,21791,21369,20937,20515,20098,19678,19256,18848,18434,18025,17617,17210,16806,16399,16003,15604,15164,14792,14674,14574,14338,13944,13554,13165,12774,12383,12001,11618
22347,21911,21480,21053,20631,20210,19787,19364,18953,18542,18132,17716,17310,16907,16500,16098,15704,15260,14884,14766,14667,14429,14036,13645,13252,12865,12472,12085,11704
22470,22033,21600,21171,20747,20318,19900,19476,19058,18649,18235,17822,17414,17003,16603,16197,15797,15359,14978,14857,14764,14522,14130,13739,13341,12952,12564,12173,11788
22594,22152,21720,21288,20863,20431,20013,19589,19167,18753,18338,17926,17518,17105,16705,16298,15892,15457,15074,14954,14860,14619,14224,13829,13434,13039,12655,12263,11874
22717,22275,21839,21406,20979,20547,20126,19702,19278,18860,18444,18032,17623,17209,16807,16400,15993,15556,15172,15051,14956,14715,14318,13918,13528,13131,12746,12353,11963
22840,22398,21959,21526,21096,20663,20241,19813,19389,18970,18554,18139,17730,17313,16911,16501,16092,15655,15269,15149,15052,14811,14414,14014,13622,13223,12837,12444,12051
22963,22522,22081,21645,21215,20777,20355,19924,19501,19080,18663,18246,17836,17418,17013,16602,16193,15753,15368,15245,15149,14909,14511,14115,13716,13319,12928,12534,12141
23087,22642,22201,21765,21333,20893,20469,20040,19613,19190,18772,18352,17943,17528,17116,16703,16297,15852,15466,15348,15248,15006,14607,14212,13809,13418,13020,12624,12231
23220,22771,22329,21889,21449,21013,20584,20158,19729,19306,18888,18461,18047,17637,17219,16810,16403,15952,15567,15452,15347,15105,14703,14307,13905,13512,13112,12717,12327
23348,22900,22455,22015,21569,21138,20701,20275,19846,19422,18999,18575,18160,17742,17323,16918,16507,16058,15671,15551,15448,15208,14800,14401,14004,13604,13208,12814,12422
23476,23025,22577,22136,21695,21256,20824,20389,19959,19533,19109,18688,18273,17852,17432,17022,16608,16162,15773,15650,15552,15307,14901,14496,14101,13702,13305,12909,12512
23609,23154,22705,22260,21821,21376,20946,20509,20077,19650,19224,18803,18379,17964,17543,17128,16715,16263,15873,15753,15653,15405,15003,14596,14196,13801,13399,13001,12603
23740,23288,22835,22389,21947,21500,21068,20631,20197,19765,19340,18917,18489,18072,17653,17237,16822,16365,15975,15857,15751,15507,15105,14698,14294,13896,13492,13094,12699
23874,23419,22964,22519,22073,21626,21193,20753,20318,19884,19458,19026,18603,18178,17765,17346,16930,16471,16080,15964,15853,15611,15208,14801,14394,13990,13589,13190,12794
24008,23549,23097,22648,22201,21752,21315,20875,20438,20004,19575,19141,18719,18291,17878,17456,17040,16578,16186,16070,15959,15717,15312,14903,14494,14090,13687,13287,12890
24142,23685,23228,22775,22329,21878,21439,20997,20558,20124,19693,19257,18834,18403,17990,17565,17149,16685,16293,16174,16066,15821,15416,15006,14595,14189,13789,13383,12986
24280,23826,23366,22905,22459,22004,21565,21122,20679,20245,19811,19378,18949,18518,18100,17676,17258,16794,16399,16281,16172,15925,15520,15108,14696,14292,13892,13482,13083
24424,23961,23502,23039,22586,22131,21690,21244,20801,20364,19930,19498,19065,18634,18212,17789,17368,16902,16506,16387,16284,16031,15624,15209,14798,14398,13994,13586,13179
24565,24099,23633,23177,22716,22264,21816,21367,20930,20486,20049,19617,19180,18755,18326,17901,17477,17012,16617,16494,16395,16143,15727,15312,14901,14500,14093,13690,13279
24708,24241,23774,23310,22850,22398,21945,21496,21056,20608,20169,19736,19300,18870,18441,18018,17587,17127,16731,16601,16502,16254,15833,15421,15008,14601,14192,13789,13381
24847,24376,23911,23443,22986,22533,22077,21625,21180,20734,20296,19852,19423,18984,18555,18133,17701,17238,16840,16712,16609,16361,15938,15530,15117,14707,14292,13885,13485
24990,24513,24045,23582,23123,22663,22213,21757,21310,20861,20420,19975,19544,19106,18675,18247,17817,17348,16948,16826,16723,16468,16046,15634,15225,14814,14395,13991,13589
25135,24656,24186,23722,23259,22796,22345,21889,21439,20989,20539,20102,19667,19229,18794,18363,17935,17461,17063,16940,16834,16580,16158,15738,15330,14918,14501,14095,13690
25281,24802,24327,23863,23399,22932,22479,22021,21568,21119,20667,20227,19786,19350,18915,18480,18053,17579,17178,17053,16943,16692,16270,15847,15434,15019,14608,14199,13789
25432,24950,24472,24003,23538,23068,22612,22153,21700,21251,20793,20353,19907,19473,19036,18601,18171,17694,17292,17167,17053,16805,16381,15959,15541,15125,14714,14305,13890
25585,25102,24623,24144,23677,23205,22748,22288,21832,21380,20921,20479,20032,19596,19157,18722,18289,17812,17407,17282,17168,16920,16493,16071,15650,15234,14822,14411,13994
25730,25248,24769,24287,23817,23344,22885,22422,21965,21509,21054,20606,20161,19719,19278,18842,18408,17929,17522,17399,17286,17034,16605,16182,15759,15343,14929,14518,14101
25887,25397,24915,24435,23958,23487,23021,22558,22097,21641,21191,20735,20291,19844,19399,18961,18527,18050,17639,17515,17406,17149,16719,16292,15869,15453,15037,14624,14212
26040,25549,25065,24577,24103,23631,23158,22691,22229,21773,21319,20869,20416,19969,19522,19082,18647,18173,17756,17631,17524,17264,16832,16406,15985,15567,15144,14730,14319
26188,25697,25211,24725,24250,23769,23304,22833,22369,21909,21449,21001,20543,20096,19649,19206,18772,18293,17876,17750,17639,17383,16952,16524,16102,15681,15255,14842,14425
26348,25847,25360,24877,24398,23915,23443,22976,22508,22047,21581,21129,20670,20226,19779,19336,18896,18411,17999,17871,17762,17503,17071,16641,16212,15792,15369,14953,14534
26507,26005,25514,25028,24541,24062,23583,23119,22649,22179,21716,21266,20803,20352,19910,19461,19017,18536,18117,17990,17882,17618,17186,16754,16324,15903,15484,15060,14646
26664,26165,25668,25178,24687,24210,23729,23256,22786,22316,21854,21400,20937,20481,20040,19583,19140,18660,18236,18108,18000,17737,17303,16872,16441,16019,15598,15169,14754
26822,26322,25823,25330,24837,24358,23874,23397,22923,22456,21993,21536,21071,20615,20164,19711,19269,18781,18361,18230,18120,17858,17423,16990,16561,16135,15710,15283,14861
26982,26477,25979,25484,24992,24508,24022,23540,23066,22595,22134,21674,21206,20749,20291,19841,19398,18904,18488,18354,18243,17981,17543,17109,16681,16252,15820,15397,14970
27147,26635,26136,25642,25150,24655,24169,23692,23215,22738,22273,21809,21343,20881,20424,19972,19526,19031,18613,18478,18369,18105,17666,17230,16798,16369,15940,15512,15083
27307,26798,26295,25795,25302,24807,24320,23844,23365,22880,22411,21948,21481,21018,20555,20102,19653,19161,18739,18605,18493,18231,17787,17350,16916,16486,16060,15626,15200
27473,26961,26458,25950,25455,24962,24474,23989,23509,23028,22552,22086,21616,21153,20690,20236,19783,19294,18863,18730,18620,18355,17910,17471,17036,16605,16177,15741,15319
27640,27128,26617,26108,25613,25118,24623,24135,23654,23176,22695,22227,21755,21294,20830,20373,19919,19424,18990,18858,18744,18478,18033,17599,17156,16723,16294,15859,15435
27810,27294,26782,26271,25776,25271,24779,24284,23800,23318,22843,22366,21897,21433,20968,20508,20054,19552,19118,18991,18877,18606,18158,17724,17279,16847,16411,15979,15550
27980,27460,26948,26430,25935,25430,24934,24441,23953,23466,22987,22506,22041,21568,21102,20643,20184,19681,19251,19119,19007,18737,18287,17846,17405,16969,16529,16099,15666
28153,27626,27114,26596,26094,25589,25088,24600,24104,23618,23130,22653,22180,21712,21241,20778,20319,19812,19383,19246,19134,18866,18416,17971,17527,17090,16654,16216,15781
28328,27797,27280,26759,26253,25748,25247,24751,24258,23764,23282,22802,22324,21855,21386,20918,20458,19949,19519,19382,19265,18993,18547,18100,17650,17211,16776,16336,15902
28505,27969,27447,26924,26416,25904,25405,24902,24409,23914,23431,22952,22470,21993,21529,21059,20592,20085,19650,19513,19397,19123,18676,18225,17775,17336,16895,16459,16021
28679,28139,27618,27093,26579,26066,25561,25060,24562,24068,23580,23101,22615,22136,21668,21198,20726,20222,19781,19641,19533,19256,18802,18352,17904,17462,17016,16581,16141
28856,28317,27792,27266,26745,26236,25722,25222,24718,24222,23734,23250,22764,22281,21804,21334,20866,20361,19917,19776,19670,19392,18935,18481,18033,17589,17142,16706,16263
29036,28498,27966,27435,26916,26398,25888,25384,24873,24379,23888,23400,22913,22427,21954,21474,21007,20499,20053,19912,19805,19524,19067,18614,18162,17718,17267,16829,16388
29217,28679,28140,27609,27083,26565,26051,25542,25033,24535,24039,23552,23062,22578,22104,21619,21147,20637,20191,20054,19939,19658,19200,18745,18291,17845,17393,16954,16511
29400,28860,28314,27783,27252,26732,26218,25703,25198,24691,24193,23704,23214,22732,22251,21770,21288,20777,20332,20196,20076,19794,19335,18879,18420,17973,17526,17080,16633
29588,29039,28492,27958,27424,26905,26383,25871,25359,24850,24352,23858,23369,22881,22395,21918,21436,20917,20474,20335,20212,19931,19476,19017,18552,18102,17657,17206,16758
29771,29217,28669,28137,27600,27077,26548,26038,25523,25011,24513,24012,23524,23031,22541,22059,21584,21058,20614,20473,20353,20072,19614,19151,18689,18236,17786,17331,16889
29959,29403,28854,28312,27781,27249,26722,26203,25690,25172,24674,24170,23674,23180,22690,22204,21729,21203,20755,20611,20496,20214,19747,19284,18827,18373,17913,17459,17018
30147,29592,29036,28492,27960,27419,26894,26369,25854,25334,24835,24330,23828,23335,22841,22356,21872,21351,20893,20756,20640,20353,19890,19423,18960,18505,18048,17593,17144
30345,29783,29222,28675,28135,27593,27066,26539,26018,25500,24995,24487,23987,23488,22996,22509,22023,21496,21041,20898,20778,20494,20030,19563,19094,18637,18180,17726,17273
30540,29972,29410,28859,28311,27771,27241,26710,26186,25665,25161,24648,24143,23640,23151,22660,22176,21638,21187,21038,20923,20638,20166,19698,19232,18774,18311,17860,17404
30734,30160,29598,29041,28494,27952,27418,26879,26358,25833,25323,24805,24301,23800,23306,22815,22328,21786,21334,21183,21069,20784,20307,19837,19373,18911,18448,17995,17535
30934,30352,29786,29229,28678,28134,27595,27058,26530,26006,25486,24971,24462,23962,23457,22968,22479,21937,21483,21333,21216,20930,20453,19979,19513,19049,18583,18130,17669
31130,30553,29980,29420,28860,28316,27771,27236,26705,26174,25653,25137,24628,24124,23616,23122,22632,22088,21630,21480,21362,21077,20596,20121,19651,19188,18721,18264,17801
31331,30749,30175,29611,29051,28498,27953,27417,26881,26347,25822,25305,24791,24284,23775,23274,22788,22239,21781,21631,21512,21223,20742,20265,19793,19326,18856,18399,17936
31533,30950,30373,29800,29242,28685,28135,27589,27056,26522,25991,25474,24957,24444,23937,23437,22944,22393,21932,21779,21663,21373,20889,20409,19936,19465,18994,18534,18073
31734,31149,30574,29995,29426,28871,28317,27768,27227,26693,26164,25643,25125,24610,24100,23594,23099,22545,22083,21934,21812,21520,21035,20558,20078,19608,19135,18673,18208
31944,31348,30771,30193,29621,29060,28504,27953,27404,26872,26341,25808,25290,24777,24262,23751,23255,22700,22234,22090,21961,21673,21182,20710,20223,19750,19279,18811,18343
32154,31550,30972,30395,29818,29250,28688,28140,27588,27050,26520,25977,25460,24946,24424,23913,23412,22858,22387,22243,22121,21828,21336,20857,20371,19897,19422,18953,18481
32362,31762,31177,30591,30006,29440,28876,28324,27772,27227,26692,26154,25633,25113,24591,24079,23575,23020,22549,22396,22277,21980,21491,21000,20519,20045,19565,19098,18624
32575,31970,31380,30792,30205,29635,29065,28512,27955,27409,26863,26333,25807,25280,24757,24244,23734,23182,22704,22551,22430,22131,21639,21149,20666,20187,19709,19236,18763
32789,32181,31586,30993,30406,29830,29260,28701,28138,27591,27045,26509,25977,25450,24927,24407,23896,23340,22860,22712,22589,22285,21791,21301,20815,20332,19856,19376,18902
33006,32395,31793,31195,30607,30025,29455,28890,28327,27774,27228,26686,26147,25624,25097,24576,24064,23497,23020,22869,22748,22439,21947,21454,20968,20482,19998,19521,19047
33226,32609,32007,31408,30813,30226,29650,29085,28516,27958,27410,26869,26327,25797,25267,24748,24227,23662,23181,23030,22905,22600,22101,21611,21121,20635,20146,19670,19193
33447,32826,32215,31613,31020,30428,29850,29278,28705,28146,27593,27048,26510,25970,25436,24913,24394,23826,23344,23194,23065,22764,22256,21768,21274,20787,20296,19818,19338
33668,33042,32431,31818,31223,30633,30046,29470,28899,28336,27779,27229,26690,26145,25610,25085,24564,23992,23508,23356,23229,22925,22414,21926,21430,20940,20444,19966,19483
33895,33261,32648,32030,31430,30835,30243,29666,29093,28529,27971,27418,26870,26321,25786,25261,24734,24162,23672,23517,23392,23082,22578,22083,21585,21093,20596,20115,19630
34121,33489,32865,32249,31638,31043,30448,29868,29290,28720,28156,27604,27053,26501,25964,25434,24904,24332,23839,23685,23557,23249,22741,22239,21742,21245,20746,20264,19778
34346,33719,33085,32463,31855,31251,30660,30073,29486,28915,28345,27788,27236,26688,26144,25609,25078,24501,24006,23855,23725,23414,22905,22394,21898,21402,20902,20415,19923
34575,33944,33305,32683,32069,31461,30862,30275,29687,29111,28540,27975,27421,26872,26322,25787,25250,24668,24175,24023,23893,23576,23064,22552,22056,21558,21061,20566,20073
34813,34170,33527,32905,32283,31675,31068,30476,29889,29311,28735,28169,27607,27055,26507,25967,25422,24839,24343,24191,24059,23741,23228,22715,22216,21712,21218,20715,20227
35051,34398,33753,33125,32499,31889,31281,30683,30090,29506,28931,28358,27794,27241,26691,26144,25599,25014,24514,24362,24230,23916,23393,22883,22375,21871,21370,20868,20381
35290,34634,33983,33351,32719,32103,31495,30893,30292,29704,29126,28553,27984,27430,26874,26326,25779,25195,24691,24533,24401,24087,23562,23048,22539,22029,21525,21030,20534
35528,34869,34216,33577,32944,32319,31709,31106,30504,29909,29323,28755,28175,27619,27057,26509,25962,25371,24863,24706,24572,24258,23733,23213,22703,22192,21684,21186,20689
35768,35107,34452,33802,33166,32542,31927,31320,30715,30116,29524,28951,28371,27809,27245,26688,26145,25547,25035,24883,24747,24429,23904,23383,22868,22351,21843,21342,20847
36014,35350,34686,34033,33398,32763,32143,31529,30919,30319,29729,29144,28566,28003,27434,26875,26328,25730,25215,25060,24924,24601,24075,23553,23033,22513,22008,21502,21006
36264,35589,34920,34265,33630,32989,32360,31743,31130,30526,29932,29349,28762,28195,27624,27064,26507,25914,25392,25233,25097,24777,24243,23721,23199,22682,22173,21665,21165
36509,35830,35161,34501,33857,33213,32582,31961,31348,30736,30139,29554,28963,28387,27818,27254,26694,26093,25568,25415,25275,24950,24417,23892,23369,22853,22337,21824,21324
36758,36075,35400,34736,34088,33441,32803,32178,31563,30950,30352,29758,29167,28586,28010,27448,26888,26281,25751,25594,25456,25129,24590,24067,23537,23020,22503,21987,21485
37008,36320,35648,34977,34321,33675,33029,32401,31783,31168,30561,29964,29371,28783,28206,27638,27073,26465,25939,25775,25635,25309,24769,24240,23709,23189,22673,22157,21647
37266,36574,35895,35226,34560,33906,33261,32627,32002,31382,30775,30168,29573,28985,28402,27831,27261,26648,26123,25957,25818,25491,24950,24417,23884,23355,22839,22318,21807
37522,36825,36141,35464,34801,34138,33492,32857,32222,31597,30989,30381,29779,29189,28603,28026,27460,26837,26310,26141,26002,25675,25128,24595,24057,23526,23006,22485,21968
37773,37080,36388,35707,35038,34375,33724,33085,32441,31816,31202,30595,29987,29397,28805,28227,27656,27027,26495,26330,26189,25859,25310,24773,24230,23698,23172,22657,22134
38034,37335,36638,35960,35280,34615,33955,33313,32671,32039,31417,30808,30195,29605,29007,28429,27851,27222,26689,26520,26379,26045,25494,24951,24408,23875,23347,22826,22302
38294,37595,36895,36209,35525,34855,34193,33542,32903,32264,31636,31022,30407,29812,29212,28630,28047,27418,26879,26710,26564,26234,25678,25130,24589,24053,23524,22988,22474
38555,37851,37154,36458,35776,35102,34432,33773,33134,32490,31858,31237,30627,30020,29420,28832,28249,27611,27069,26900,26754,26424,25864,25313,24770,24231,23696,23164,22643
38820,38108,37409,36713,36029,35350,34675,34010,33365,32715,32080,31461,30842,30232,29628,29030,28449,27809,27262,27094,26945,26610,26051,25499,24948,24410,23873,23341,22814
39087,38375,37669,36968,36278,35594,34918,34247,33592,32942,32303,31680,31061,30448,29840,29235,28648,28010,27461,27285,27143,26800,26239,25689,25132,24592,24054,23516,22985
39354,38642,37930,37223,36532,35839,35161,34486,33827,33176,32534,31902,31279,30666,30050,29448,28853,28207,27663,27482,27342,26997,26434,25876,25318,24772,24229,23691,23155
39623,38909,38191,37481,36786,36090,35404,34732,34070,33409,32760,32132,31494,30880,30266,29656,29060,28404,27860,27682,27541,27196,26624,26064,25508,24951,24402,23864,23331
39892,39176,38454,37742,37036,36345,35655,34981,34313,33644,32993,32358,31716,31094,30482,29872,29263,28608,28056,27880,27739,27392,26817,26249,25695,25137,24590,24042,23507
40165,39437,38717,38003,37294,36601,35910,35231,34556,33886,33227,32583,31941,31315,30695,30088,29477,28815,28255,28082,27940,27588,27017,26445,25883,25325,24775,24225,23686
40444,39710,38985,38265,37555,36856,36165,35474,34795,34128,33466,32816,32171,31540,30914,30302,29695,29023,28463,28284,28142,27789,27213,26641,26074,25509,24959,24409,23865
40716,39982,39258,38533,37815,37113,36415,35723,35036,34369,33704,33053,32402,31765,31138,30515,29908,29235,28671,28486,28344,27991,27409,26837,26264,25698,25147,24592,24044
40994,40257,39524,38799,38081,37370,36669,35977,35284,34615,33941,33286,32634,31990,31357,30733,30122,29448,28878,28693,28548,28198,27609,27033,26456,25888,25334,24774,24228
41271,40536,39798,39063,38348,37627,36925,36234,35533,34857,34184,33517,32870,32220,31582,30953,30335,29662,29086,28902,28756,28406,27806,27229,26654,26084,25523,24962,24411
41554,40808,40074,39340,38617,37892,37187,36488,35790,35104,34426,33757,33106,32451,31813,31178,30548,29877,29295,29116,28963,28611,28013,27425,26853,26276,25713,25152,24593
41840,41085,40345,39612,38886,38164,37450,36747,36047,35358,34671,34005,33343,32687,32043,31406,30767,30096,29514,29329,29176,28819,28221,27626,27046,26470,25905,25338,24781
42122,41363,40616,39889,39155,38429,37714,37002,36301,35607,34923,34247,33579,32924,32274,31636,30992,30315,29733,29546,29389,29032,28427,27833,27249,26663,26099,25523,24968
42405,41646,40903,40160,39426,38697,37981,37265,36560,35861,35173,34491,33816,33160,32505,31863,31219,30530,29949,29761,29603,29246,28634,28036,27452,26863,26290,25721,25157
42693,41928,41185,40431,39697,38966,38241,37529,36821,36115,35421,34743,34064,33400,32741,32092,31447,30748,30166,29979,29818,29454,28844,28246,27654,27069,26484,25921,25348
42982,42211,41462,40714,39974,39236,38507,37792,37076,36373,35676,34993,34310,33643,32975,32322,31675,30973,30381,30197,30040,29668,29056,28456,27861,27272,26683,26115,25540
43267,42498,41743,40998,40245,39512,38776,38057,37335,36638,35934,35241,34555,33885,33211,32559,31909,31202,30604,30413,30261,29887,29274,28664,28071,27474,26885,26308,25736
43550,42786,42031,41269,40522,39789,39051,38329,37597,36898,36188,35494,34807,34128,33454,32793,32146,31430,30833,30640,30484,30106,29487,28880,28282,27677,27087,26505,25932
43841,43074,42320,41548,40804,40060,39322,38595,37867,37158,36450,35748,35060,34374,33700,33028,32377,31664,31058,30867,30708,30330,29701,29094,28489,27884,27294,26705,26131
44134,43368,42602,41836,41087,40334,39593,38866,38138,37419,36711,36002,35314,34620,33948,33273,32618,31894,31284,31092,30938,30557,29920,29312,28701,28094,27502,26907,26333
44432,43658,42889,42124,41369,40617,39869,39137,38409,37684,36971,36258,35568,34874,34195,33517,32853,32124,31514,31320,31164,30782,30144,29531,28914,28307,27710,27110,26532
44724,43952,43170,42413,41652,40899,40147,39408,38680,37950,37231,36522,35821,35128,34440,33759,33092,32358,31748,31550,31394,31006,30371,29750,29132,28521,27915,27317,26733
45017,44246,43458,42699,41936,41182,40429,39683,38951,38215,37496,36788,36077,35381,34694,34012,33333,32600,31980,31780,31624,31236,30599,29971,29350,28734,28120,27525,26930
45314,44538,43752,42992,42221,41465,40712,39960,39222,38485,37764,37053,36333,35635,34947,34258,33579,32841,32214,32013,31854,31467,30825,30192,29564,28952,28334,27732,27132
45614,44830,44047,43279,42509,41741,40991,40241,39497,38757,38035,37312,36593,35891,35196,34501,33827,33084,32450,32259,32091,31701,31054,30414,29783,29165,28553,27942,27341
45917,45127,44346,43567,42798,42034,41274,40518,39773,39033,38306,37579,36859,36154,35453,34753,34069,33329,32691,32498,32332,31932,31284,30639,30004,29383,28771,28156,27553
46215,45426,44643,43865,43084,42320,41562,40800,40055,39310,38577,37850,37124,36415,35713,35013,34317,33571,32934,32734,32569,32168,31514,30867,30231,29600,28985,28372,27762
46516,45726,44940,44156,43370,42609,41844,41086,40331,39587,38853,38121,37390,36680,35971,35272,34570,33816,33180,32976,32805,32407,31750,31102,30461,29828,29209,28587,27975
46817,46025,45238,44448,43662,42899,42132,41369,40612,39863,39124,38392,37661,36946,36227,35526,34825,34067,33423,33223,33052,32648,31986,31332,30695,30055,29427,28800,28192
47124,46328,45534,44747,43962,43190,42418,41656,40888,40143,39401,38667,37934,37211,36492,35779,35085,34325,33670,33471,33299,32895,32224,31568,30926,30281,29646,29018,28407
47425,46629,45828,45050,44259,43483,42706,41937,41172,40424,39680,38937,38207,37481,36754,36039,35340,34579,33917,33713,33548,33137,32465,31810,31155,30513,29868,29242,28620
47726,46929,46134,45348,44553,43775,43002,42223,41459,40712,39958,39213,38476,37745,37017,36304,35602,34827,34169,33965,33799,33384,32710,32051,31385,30744,30100,29466,28842
48032,47230,46438,45639,44847,44072,43297,42512,41750,40999,40242,39484,38751,38011,37291,36569,35861,35088,34422,34218,34046,33632,32957,32289,31621,30973,30332,29692,29066
48340,47530,46742,45946,45147,44367,43589,42809,42044,41282,40524,39762,39021,38287,37561,36837,36120,35347,34675,34473,34297,33884,33204,32531,31862,31203,30562,29920,29285
48648,47836,47042,46247,45450,44660,43880,43101,42331,41566,40805,40043,39299,38565,37831,37103,36387,35600,34929,34729,34555,34137,33452,32778,32103,31443,30791,30146,29505
48951,48143,47343,46547,45747,44956,44165,43393,42623,41850,41087,40329,39579,38841,38096,37372,36655,35864,35190,34981,34808,34393,33704,33025,32347,31680,31021,30376,29735
49259,48454,47648,46848,46042,45255,44468,43688,42915,42137,41373,40617,39856,39112,38368,37648,36922,36130,35452,35238,35061,34648,33957,33271,32590,31925,31261,30608,29964
49569,48763,47953,47148,46348,45553,44771,43980,43207,42427,41658,40898,40140,39387,38644,37917,37189,36400,35714,35502,35322,34900,34209,33518,32839,32168,31496,30839,30194
49883,49067,48257,47452,46660,45854,45071,44276,43497,42719,41950,41185,40424,39669,38924,38187,37456,36664,35977,35772,35586,35158,34465,33770,33086,32412,31736,31077,30426
50198,49372,48568,47757,46960,46155,45370,44573,43791,43011,42241,41471,40705,39950,39211,38458,37732,36927,36241,36036,35850,35418,34723,34023,33333,32656,31977,31317,30657
50512,49685,48878,48067,47260,46455,45669,44881,44084,43302,42533,41757,40996,40236,39492,38737,38002,37195,36511,36300,36114,35687,34981,34278,33581,32898,32219,31563,30894
50819,50000,49193,48372,47561,46761,45967,45180,44379,43594,42825,42045,41283,40526,39767,39018,38273,37469,36775,36563,36383,35951,35239,34536,33839,33148,32466,31804,31134
51133,50314,49502,48680,47870,47068,46268,45475,44674,43890,43116,42337,41575,40812,40045,39298,38553,37741,37044,36827,36652,36214,35503,34794,34095,33400,32715,32044,31375
51452,50623,49811,48997,48182,47379,46572,45772,44976,44190,43407,42633,41866,41098,40331,39585,38831,38016,37323,37094,36922,36481,35768,35052,34349,33657,32963,32286,31615
51764,50935,50119,49305,48491,47688,46878,46073,45278,44488,43704,42930,42155,41384,40617,39866,39111,38297,37595,37369,37191,36751,36037,35315,34607,33910,33214,32535,31856
52080,51253,50433,49615,48800,47994,47182,46376,45585,44788,44002,43221,42443,41670,40903,40147,39392,38573,37865,37645,37460,37020,36303,35579,34865,34168,33465,32784,32097
52397,51566,50748,49929,49109,48302,47493,46682,45885,45089,44301,43517,42735,41955,41193,40429,39672,38848,38138,37919,37733,37290,36572,35842,35127,34426,33723,33034,32345
52712,51882,51060,50243,49417,48606,47803,46986,46188,45390,44600,43808,43030,42249,41485,40715,39953,39126,38413,38194,38012,37566,36841,36108,35391,34685,33981,33285,32597
53024,52198,51376,50554,49731,48912,48107,47296,46494,45690,44902,44106,43322,42546,41770,41000,40235,39412,38694,38471,38293,37844,37111,36377,35660,34949,34240,33542,32848
53343,52508,51690,50863,50045,49221,48413,47608,46803,45992,45202,44406,43623,42843,42061,41289,40526,39695,38974,38752,38569,38114,37385,36649,35928,35213,34502,33794,33103
53659,52824,52001,51177,50352,49533,48723,47911,47109,46298,45503,44710,43918,43136,42353,41581,40814,39976,39255,39032,38837,38392,37660,36924,36192,35477,34761,34052,33357
53979,53138,52321,51495,50665,49847,49032,48222,47412,46605,45803,45015,44219,43429,42648,41872,41096,40259,39538,39313,39123,38673,37933,37199,36461,35734,35021,34310,33613
54296,53460,52636,51812,50978,50166,49339,48527,47722,46913,46108,45310,44519,43724,42948,42169,41387,40549,39824,39598,39409,38957,38205,37474,36730,36009,35286,34573,33865
54617,53779,52956,52124,51297,50478,49650,48841,48031,47221,46408,45608,44820,44019,43243,42459,41685,40836,40113,39877,39695,39243,38486,37749,37006,36283,35555,34838,34128
54932,54105,53272,52437,51614,50797,49967,49155,48340,47528,46720,45913,45120,44322,43538,42748,41977,41122,40399,40168,39981,39524,38769,38018,37287,36550,35819,35101,34386
55246,54417,53586,52753,51930,51109,50281,49467,48648,47834,47029,46219,45421,44622,43833,43039,42272,41413,40690,40460,40264,39799,39055,38298,37563,36817,36087,35362,34654
55566,54736,53900,53071,52244,51420,50592,49773,48958,48143,47332,46530,45720,44924,44128,43337,42563,41708,40975,40750,40550,40091,39336,38578,37831,37092,36356,35633,34919
55889,55059,54222,53391,52558,51732,50910,50083,49271,48452,47641,46833,46023,45227,44427,43639,42853,42001,41265,41037,40836,40380,39621,38860,38111,37366,36631,35908,35185
56216,55376,54546,53710,52876,52046,51227,50395,49577,48761,47954,47138,46327,45528,44728,43939,43149,42294,41552,41325,41131,40667,39900,39142,38392,37644,36906,36183,35454
56535,55698,54859,54029,53192,52368,51544,50711,49885,49067,48258,47449,46637,45834,45034,44240,43451,42584,41847,41616,41422,40958,40186,39426,38672,37919,37180,36451,35724
56850,56019,55177,54348,53511,52689,51853,51029,50202,49380,48564,47757,46948,46143,45338,44540,43752,42881,42142,41908,41718,41252,40471,39710,38956,38198,37457,36725,35997
57171,56340,55498,54665,53830,53003,52169,51345,50524,49699,48876,48068,47252,46450,45638,44845,44052,43181,42441,42202,42008,41544,40762,40001,39238,38477,37736,36996,36266
57496,56662,55820,54987,54149,53322,52483,51665,50840,50011,49190,48379,47561,46753,45946,45151,44353,43477,42736,42497,42297,41834,41055,40286,39523,38763,38020,37274,36540
57820,56988,56141,55309,54471,53640,52805,51982,51157,50330,49502,48688,47870,47056,46254,45457,44652,43772,43031,42792,42591,42123,41349,40577,39812,39049,38296,37553,36809
58142,57306,56462,55630,54791,53953,53124,52301,51470,50641,49814,49003,48184,47364,46558,45755,44955,44078,43330,43088,42895,42420,41638,40868,40098,39336,38576,37835,37088
58459,57625,56781,55952,55110,54273,53443,52617,51783,50951,50125,49312,48496,47673,46861,46059,45261,44383,43631,43388,43199,42721,41937,41163,40388,39618,38861,38118,37363
58782,57944,57100,56268,55431,54595,53754,52931,52098,51268,50444,49618,48805,47986,47167,46365,45560,44682,43924,43689,43494,43021,42234,41453,40678,39906,39151,38399,37641
59103,58271,57422,56589,55752,54913,54073,53245,52412,51584,50760,49931,49121,48300,47476,46680,45870,44980,44224,43989,43793,43322,42533,41749,40968,40201,39435,38677,37920
59424,58593,57746,56911,56070,55234,54389,53561,52728,51902,51069,50253,49437,48607,47789,46988,46174,45289,44524,44292,44093,43619,42833,42047,41263,40493,39719,38956,38203
59742,58914,58064,57230,56386,55555,54713,53883,53047,52221,51391,50566,49748,48922,48103,47297,46483,45592,44831,44594,44392,43916,43121,42342,41558,40782,40007,39241,38484
60067,59235,58385,57548,56707,55877,55035,54201,53366,52538,51712,50881,50060,49240,48417,47606,46792,45900,45140,44895,44697,44215,43419,42631,41853,41072,40297,39532,38768
60387,59555,58707,57872,57033,56197,55356,54523,53685,52852,52026,51198,50370,49551,48724,47910,47100,46206,45443,45204,45002,44518,43725,42929,42148,41362,40587,39822,39053
60710,59872,59032,58197,57356,56517,55677,54845,54003,53169,52341,51514,50683,49862,49035,48217,47408,46510,45750,45509,45301,44827,44030,43230,42443,41657,40880,40112,39337
61034,60191,59355,58518,57678,56842,55999,55167,54324,53493,52660,51829,50998,50175,49354,48534,47717,46821,46057,45813,45605,45133,44333,43529,42742,41953,41175,40401,39626
61353,60517,59676,58838,57995,57159,56317,55482,54646,53815,52979,52142,51316,50489,49671,48850,48028,47135,46361,46116,45912,45436,44634,43834,43042,42254,41470,40691,39916
61671,60841,59999,59159,58318,57482,56636,55801,54967,54131,53298,52461,51633,50803,49986,49158,48338,47444,46667,46427,46226,45747,44942,44139,43347,42551,41765,40980,40206
61994,61159,60318,59480,58639,57806,56959,56126,55289,54449,53616,52780,51952,51122,50296,49472,48654,47746,46976,46733,46531,46050,45248,44441,43646,42848,42060,41278,40497
62319,61484,60637,59801,58960,58122,57282,56447,55606,54770,53933,53096,52272,51439,50612,49789,48969,48057,47289,47047,46836,46355,45551,44749,43944,43151,42358,41578,40792
62638,61810,60960,60124,59286,58449,57600,56769,55922,55092,54250,53420,52591,51757,50922,50105,49281,48376,47597,47354,47147,46668,45859,45052,44250,43457,42661,41874,41087
62963,62130,61283,60447,59604,58771,57922,57093,56244,55413,54571,53737,52910,52073,51239,50415,49592,48688,47907,47659,47461,46975,46168,45356,44554,43757,42957,42169,41382
63288,62451,61603,60770,59923,59096,58243,57416,56569,55733,54892,54060,53224,52392,51559,50736,49902,49006,48226,47976,47774,47287,46476,45662,44857,44055,43254,42462,41681
63606,62765,61924,61093,60247,59416,58564,57735,56893,56052,55213,54382,53539,52710,51884,51050,50216,49316,48538,48288,48085,47594,46778,45971,45163,44358,43556,42764,41975
63924,63078,62248,61414,60570,59734,58888,58054,57213,56372,55535,54703,53860,53030,52203,51372,50531,49624,48849,48602,48402,47902,47092,46280,45470,44669,43864,43068,42275
64242,63392,62573,61734,60889,60057,59213,58375,57532,56695,55858,55018,54182,53354,52522,51686,50850,49945,49160,48918,48715,48215,47405,46588,45774,44972,44170,43368,42568
64560,63706,62898,62055,61207,60377,59535,58697,57856,57019,56182,55338,54504,53674,52839,52004,51170,50264,49473,49226,49021,48527,47711,46901,46083,45276,44473,43671,42867
64878,64019,63223,62375,61531,60696,59854,59023,58182,57341,56501,55663,54828,53993,53152,52316,51489,50575,49794,49538,49331,48841,48020,47209,46392,45585,44777,43974,43173
65196,64333,63547,62696,61858,61021,60175,59347,58506,57658,56819,55983,55149,54314,53468,52640,51804,50892,50108,49859,49651,49157,48337,47520,46704,45894,45080,44282,43483
65514,64646,63872,63016,62186,61346,60502,59665,58826,57986,57140,56306,55468,54636,53786,52964,52118,51211,50423,50177,49973,49474,48648,47831,47013,46200,45389,44589,43786
65833,64960,64197,63337,62514,61667,60828,59984,59140,58307,57467,56629,55791,54954,54107,53280,52440,51530,50736,50495,50290,49791,48959,48143,47322,46503,45697,44892,44090
66151,65274,64522,63657,62841,61987,61144,60307,59463,58632,57789,56947,56113,55269,54430,53597,52758,51849,51061,50813,50599,50105,49276,48461,47634,46812,45999,45194,44393
66469,65587,64847,63977,63169,62307,61460,60630,59793,58952,58110,57268,56428,55588,54756,53918,53074,52168,51380,51127,50918,50419,49592,48772,47945,47129,46308,45501,44697
66787,65901,65172,64298,63496,62628,61776,60952,60117,59270,58431,57590,56747,55908,55081,54239,53397,52484,51697,51444,51237,50738,49908,49078,48263,47444,46621,45814,45003
67105,66215,65497,64618,63824,62948,62092,61275,60434,59588,58752,57911,57072,56232,55399,54553,53719,52799,52008,51763,51556,51055,50222,49400,48573,47756,46939,46128,45312
67423,66528,65822,64939,64151,63269,62408,61598,60750,59909,59074,58230,57396,56553,55718,54874,54040,53123,52321,52080,51875,51372,50541,49720,48889,48067,47250,46435,45624
67741,66842,66147,65259,64479,63589,62724,61921,61066,60232,59397,58552,57722,56871,56037,55200,54365,53448,52641,52401,52191,51686,50864,50034,49206,48377,47560,46741,45932
68059,67155,66472,65580,64806,63910,63040,62244,61382,60555,59720,58877,58043,57194,56356,55519,54685,53761,52964,52720,52515,52001,51180,50348,49515,48691,47877,47048,46238
68377,67469,66797,65900,65134,64230,63356,62567,61698,60878,60043,59201,58362,57515,56684,55842,55004,54076,53291,53037,52831,52322,51495,50662,49836,49002,48191,47362,46551
68695,67783,67122,66220,65462,64550,63671,62890,62014,61201,60366,59519,58677,57836,57005,56166,55328,54402,53613,53356,53148,52641,51814,50977,50150,49316,48499,47679,46863
69013,68096,67447,66541,65789,64871,63987,63213,62330,61524,60689,59837,59000,58161,57326,56483,55644,54726,53932,53677,53469,52963,52129,51296,50469,49631,48811,47994,47174
69331,68410,67772,66861,66117,65191,64303,63536,62646,61847,61012,60156,59330,58487,57646,56805,55960,55045,54247,53998,53790,53285,52445,51614,50788,49951,49129,48304,47485
69649,68723,68097,67182,66444,65512,64619,63859,62962,62170,61335,60474,59661,58813,57967,57126,56284,55365,54568,54316,54104,53606,52770,51933,51107,50270,49447,48619,47797
69967,69037,68422,67502,66772,65832,64935,64182,63278,62493,61657,60792,59991,59138,58288,57447,56609,55688,54887,54632,54425,53926,53092,52255,51426,50589,49765,48930,48113
70285,69351,68747,67823,67099,66153,65251,64505,63593,62816,61980,61111,60321,59464,58609,57766,56933,56010,55206,54954,54751,54249,53409,52571,51745,50908,50079,49245,48422
70603,69664,69072,68143,67427,66473,65567,64828,63909,63139,62303,61429,60652,59789,58930,58089,57258,56327,55529,55276,55070,54571,53730,52888,52057,51227,50393,49562,48738
70921,69978,69397,68463,67754,66793,65883,65151,64225,63462,62626,61747,60982,60115,59251,58414,57579,56651,55853,55595,55393,54889,54052,53210,52378,51551,50713,49883,49049
71239,70292,69721,68784,68082,67114,66199,65474,64541,63785,62949,62066,61312,60440,59571,58740,57900,56971,56169,55917,55711,55211,54372,53532,52699,51868,51037,50202,49375
71557,70605,70046,69104,68410,67434,66515,65797,64857,64108,63272,62384,61642,60766,59892,59065,58220,57292,56492,56240,56033,55534,54691,53857,53020,52184,51353,50521,49693
71875,70919,70371,69425,68737,67755,66831,66120,65173,64431,63595,62702,61973,61091,60213,59391,58541,57613,56813,56569,56350,55854,55011,54175,53342,52501,51664,50837,50007
72193,71232,70696,69745,69065,68075,67147,66442,65489,64754,63918,63021,62303,61417,60534,59716,58862,57934,57134,56895,56666,56173,55334,54495,53656,52821,51982,51150,50322
72511,71546,71021,70066,69392,68396,67462,66765,65805,65077,64241,63339,62633,61743,60855,60042,59183,58255,57455,57216,56983,56497,55659,54821,53977,53142,52307,51469,50640
72829,71860,71346,70386,69720,68716,67778,67088,66121,65399,64564,63657,62964,62068,61176,60368,59504,58576,57776,57537,57299,56820,55986,55144,54295,53462,52627,51793,50953
73147,72173,71671,70707,70047,69037,68094,67411,66437,65722,64887,63976,63294,62394,61496,60693,59825,58896,58096,57858,57615,57144,56306,55460,54614,53786,52945,52114,51276
73465,72487,71996,71027,70375,69357,68410,67734,66753,66045,65210,64294,63624,62719,61817,61019,60146,59217,58417,58179,57931,57467,56627,55776,54937,54107,53267,52430,51593
73783,72800,72321,71347,70702,69677,68726,68057,67069,66368,65533,64612,63954,63045,62138,61344,60466,59538,58738,58500,58247,57791,56948,56099,55260,54425,53588,52746,51914
74101,73114,72646,71668,71030,69998,69042,68380,67384,66691,65856,64931,64285,63370,62459,61670,60787,59859,59059,58820,58563,58114,57269,56423,55584,54747,53908,53069,52235
74419,73428,72971,71988,71358,70318,69358,68703,67700,67014,66179,65249,64615,63696,62780,61995,61108,60180,59380,59141,58879,58438,57590,56746,55907,55071,54227,53393,52557
74737,73741,73296,72309,71685,70639,69674,69026,68016,67337,66502,65567,64945,64022,63101,62321,61429,60501,59701,59462,59195,58761,57911,57070,56231,55394,54547,53711,52877
75055,74055,73621,72629,72013,70959,69990,69349,68332,67660,66825,65886,65276,64347,63422,62646,61750,60822,60022,59783,59512,59085,58232,57393,56554,55718,54871,54032,53192
75374,74369,73946,72950,72340,71280,70306,69672,68648,67983,67147,66204,65606,64673,63742,62972,62071,61142,60342,60104,59828,59408,58552,57717,56878,56041,55194,54358,53513
75692,74682,74271,73270,72668,71600,70622,69995,68964,68306,67470,66522,65936,64998,64063,63298,62391,61463,60663,60425,60144,59732,58873,58040,57201,56365,55518,54684,53837
76010,74996,74596,73590,72995,71920,70938,70318,69280,68629,67793,66841,66266,65324,64384,63623,62712,61784,60984,60745,60460,60055,59194,58364,57525,56688,55841,55011,54160
76328,75310,74921,73910,73322,72240,71254,70641,69596,68952,68116,67160,66596,65650,64705,63948,63033,62105,61305,61065,60776,60378,59515,58688,57849,57011,56164,55338,54483
76646,75624,75246,74230,73649,72560,71570,70964,69912,69275,68439,67479,66926,65976,65026,64273,63354,62426,61626,61385,61092,60701,59836,59012,58173,57334,56487,55665,54806
76964,75938,75571,74550,73976,72880,71886,71287,70228,69598,68762,67798,67256,66302,65347,64598,63675,62747,61947,61705,61408,61024,60157,59336,58497,57657,56810,55992,55129
77282,76252,75896,74870,74303,73200,72202,71610,70544,69921,69085,68117,67586,66628,65668,64923,63996,63068,62268,62025,61724,61347,60478,59660,58821,57980,57133,56319,55452
77600,76566,76221,75190,74630,73520,72518,71933,70860,70244,69408,68436,67916,66954,65989,65248,64317,63389,62589,62345,62040,61670,60799,59984,59145,58303,57456,56646,55775
77918,76880,76546,75510,74957,73840,72834,72256,71176,70567,69731,68755,68246,67280,66310,65573,64638,63710,62910,62665,62356,61993,61120,60308,59469,58626,57779,56973,56098
78236,77194,76871,75830,75284,74160,73150,72579,71492,70890,70054,69074,68576,67606,66631,65898,64959,64031,63231,62985,62672,62316,61441,60632,59793,58949,58102,57300,56421
78554,77508,77196,76150,75611,74480,73466,72902,71808,71213,70377,69393,68906,67932,66952,66223,65280,64352,63552,63305,62988,62639,61762,60956,60117,59272,58425,57627,56744
78872,77822,77521,76470,75938,74800,73782,73225,72124,71536,70700,69712,69236,68258,67273,66548,65601,64673,63873,63625,63304,62962,62083,61280,60441,59595,58748,57954,57067
79190,78136,77846,76790,76265,75120,74098,73548,72440,71859,71023,70031,69566,68584,67594,66873,65922,64994,64194,63945,63620,63285,62404,61604,60765,59918,59071,58281,57390
79508,78450,78171,77110,76592,75440,74414,73871,72756,72182,71346,70350,69896,68910,67915,67198,66243,65315,64515,64265,63936,63608,62725,61928,61089,60241,59394,58608,57713
79826,78764,78496,77430,76919,75760,74730,74194,73072,72505,71669,70669,70226,69236,68236,67523,66564,65636,64836,64585,64252,63931,63046,62252,61413,60564,59717,58935,58036
80144,79078,78821,77750,77246,76080,75046,74517,73388,72828,71992,70988,70556,69562,68557,67848,66885,65957,65157,64905,64568,64254,63367,62576,61737,60887,60040,59262,58359
80462,79392,79146,78070,77573,76400,75362,74840,73704,73151,72315,71307,70886,69888,68878,68173,67206,66278,65478,65225,64884,64577,63688,62900,62061,61210,60363,59589,58682
80780,79706,79471,78390,77900,76720,75678,75163,74020,73474,72638,71626,71216,70214,69199,68498,67527,66599,65799,65545,65200,64900,64009,63224,62385,61533,60686,59916,59005
81098,80020,79796,78710,78227,77040,75994,75486,74336,73797,72961,71945,71546,70540,69520,68823,67848,66920,66120,65865,65516,65223,64330,63548,62709,61856,61009,60243,59328
81416,80334,80121,79030,78554,77360,76310,75809,74652,74120,73284,72264,71876,70866,69841,69148,68169,67241,66441,66185,65832,65546,64651,63872,63033,62179,61332,60570,59651
81734,80648,80446,79350,78881,77680,76626,76132,74968,74443,73607,72583,72206,71192,70162,69473,68490,67562,66762,66505,66148,65869,64972,64196,63357,62502,61655,60897,59974
82052,80962,80771,79670,79208,78000,76942,76455,75284,74766,73930,72902,72536,71518,70483,69798,68811,67883,67083,66825,66464,66192,65293,64520,63681,62825,61978,61224,60297
82370,81276,81096,79990,79535,78320,77258,76778,75600,75089,74253,73221,72866,71844,70804,70123,69132,68204,67404,67145,66780,66515,65614,64844,64005,63148,62301,61551,60620
82688,81590,81421,80310,79862,78640,77574,77101,75916,75412,74576,73540,73196,72170,71125,70448,69453,68525,67725,67465,67096,66838,65935,65168,64329,63471,62624,61878,60943
83006,81904,81746,80630,80189,78960,77890,77424,76232,75735,74899,73859,73526,72496,71446,70773,69774,68846,68046,67785,67412,67161,66256,65492,64653,63794,62947,62205,61266
83324,82218,82071,80950,80516,79280,78206,77747,76548,76058,75222,74178,73856,72822,71767,71098,70095,69167,68367,68105,67728,67484,66577,65816,64977,64117,63270,62532,61589
83642,82532,82396,81270,80843,79600,78522,78070,76864,76381,75545,74497,74186,73148,72088,71423,70416,69488,68688,68425,68044,67807,66898,66140,65301,64440,63593,62859,61912
83960,82846,82721,81590,81170,79920,78838,78393,77180,76704,75868,74816,74516,73474,72409,71748,70737,69809,69009,68745,68360,68130,67219,66464,65625,64763,63916,63186,62235
84278,83160,83046,81910,81497,80240,79154,78716,77496,77027,76191,75135,74846,73800,72730,72073,71058,70130,69330,69065,68676,68453,67540,66788,65949,65086,64239,63513,62558
84596,83474,83371,82230,81824,80560,79470,79039,77812,77350,76514,75454,75176,74126,73051,72398,71379,70451,69651,69385,68992,68776,67861,67112,66273,65409,64562,63840,62881
84914,83788,83696,82550,82151,80880,79786,79362,78128,77673,76837,75773,75506,74452,73372,72723,71700,70772,69972,69705,69308,69099,68182,67436,66597,65732,64885,64167,63204
85232,84102,84021,82870,82478,81200,80102,79685,78444,77996,77160,76092,75836,74778,73693,73048,72021,71093,70293,70025,69624,69422,68503,67760,66921,66055,65208,64494,63527
85550,84416,84346,83190,82805,81520,80418,80008,78760,78319,77483,76411,76166,75104,74014,73373,72342,71414,70614,70345,69940,69745,68824,68084,67245,66378,65531,64821,63850
85868,84730,84671,83510,83132,81840,80734,80331,79076,78642,77806,76730,76496,75430,74335,73698,72663,71735,70935,70665,70256,70068,69145,68408,67569,66701,65854,65148,64173
86186,85044,84996,83830,83459,82160,81050,80654,79392,78965,78129,77049,76826,75756,74656,74023,72984,72056,71256,70985,70572,70391,69466,68732,67893,67024,66177,65475,64496
86504,85358,85321,84150,83786,82480,81366,80977,79708,79288,78452,77368,77156,76082,74977,74348,73305,72377,71577,71305,70888,70714,69787,69056,68217,67347,66500,65802,64819
86822,85672,85646,84470,84113,82800,81682,81300,80024,79611,78775,77687,77486,76408,75298,74673,73626,72698,71898,71625,71204,71037,70108,69380,68541,67670,66823,66129,65142
87140,85986,85971,84790,84440,83120,81998,81623,80340,79934,79098,78006,77816,76734,75619,74998,73947,73019,72219,71945,71520,71360,70429,69704,68865,67993,67146,66456,65465
87458,86300,86296,85110,84767,83440,82314,81946,80656,80257,79421,78325,78146,77060,75940,75323,74268,73340,72540,72265,71836,71683,70750,70028,69189,68316,67469,66783,65788
87776,86614,86621,85430,85094,83760,82630,82269,80972,80580,79744,78644,78476,77386,76261,75648,74589,73661,72861,72585,72152,72006,71071,70352,69513,68639,67792,67110,66111
88094,86928,86946,85750,85421,84080,82946,82592,81288,80903,80067,78963,78806,77712,76582,75973,74910,73982,73182,72905,72468,72329,71392,70676,69837,68962,68115,67437,66434
88412,87242,87271,86070,85748,84400,83262,82915,81604,81226,80390,79282,79136,78038,76903,76298,75231,74303,73503,73225,72784,72652,71713,71000,70161,69285,68438,67764,66757
88730,87556,87596,86390,86075,84720,83578,83238,81920,81549,80713,79601,79466,78364,77224,76623,75552,74624,73824,73545,73100,72975,72034,71324,70485,69608,68761,68091,67080
89048,87870,87921,86710,86402,85040,83894,83561,82236,81872,81036,79920,79796,78690,77545,76948,75873,74945,74145,73865,73416,73298,72355,71648,70809,69931,69084,68418,67403
89366,88184,88246,87030,86729,85360,84210,83884,82552,82195,81359,80239,80126,79016,77866,77273,76194,75266,74466,74185,73732,73621,72676,71972,71133,70254,69407,68745,67726
89684,88498,88571,87350,87056,85680,84526,84207,82868,82518,81682,80558,80456,79342,78187,77598,76515,75587,74787,74505,74048,73944,72997,72296,71457,70577,69730,69072,68049
90002,88812,88896,87670,87383,86000,84842,84530,83184,82841,82005,80877,80786,79668,78508,77923,76836,75908,75108,74825,74364,74267,73318,72620,71781,70900,70053,69399,68372
90320,89126,89221,87990,87710,86320,85158,84853,83500,83164,82328,81196,81116,79994,78829,78248,77157,76229,75429,75145,74680,74590,73639,72944,72105,71223,70376,69726,68695
90638,89440,89546,88310,88037,86640,85474,85176,83816,83487,82651,81515,81446,80320,79150,78573,77478,76550,75750,75465,74996,74913,73960,73268,72429,71546,70699,70053,69018
90956,89754,89871,88630,88364,86960,85790,85499,84132,83810,82974,81834,81776,80646,79471,78898,77799,76871,76071,75785,75312,75236,74281,73592,72753,71869,71022,70380,69341
91274,90068,90196,88950,88691,87280,86106,85822,84448,84133,83297,82153,82106,80972,79792,79223,78120,77192,76392,76105,75628,75559,74602,73916,73077,72192,71345,70707,69664
91592,90382,90521,89270,89018,87600,86422,86145,84764,84456,83620,82472,82436,81298,80113,79548,78441,77513,76713,76425,75944,75882,74923,74240,73401,72515,71668,71034,69987
91910,90696,90846,89590,89345,87920,86738,86468,85080,84779,83943,82791,82766,81624,80434,79873,78762,77834,77034,76745,76260,76205,75244,74564,73725,72838,71991,71361,70310
92228,91010,91171,89910,89672,88240,87054,86791,85396,85102,84266,83110,83096,81950,80755,80198,79083,78155,77355,77065,76576,76528,75565,74888,74049,73161,72314,71688,70633
92546,91324,91496,90230,89999,88560,87370,87114,85712,85425,84589,83429,83426,82276,81076,80523,79404,78476,77676,77385,76892,76851,75886,75212,74373,73484,72637,72015,70956
92864,91638,91821,90550,90326,88880,87686,87437,86028,85748,84912,83748,83756,82602,81397,80848,79725,78797,77997,77705,77208,77174,76207,75536,74697,73807,72960,72342,71279
93182,91952,92146,90870,90653,89200,88002,87760,86344,86071,85235,84067,84086,82928,81718,81173,80046,79118,78318,78025,77524,77497,76528,75860,75021,74130,73283,72669,71602
93500,92266,92471,91190,90980,89520,88318,88083,86660,86394,85558,84386,84416,83254,82039,81498,80367,79439,78639,78345,77840,77820,76849,76184,75345,74453,73606,72996,71925
93818,92580,92796,91510,91307,89840,88634,88406,86976,86717,85881,84705,84746,83580,82360,81823,80688,79760,78960,78665,78156,78143,77170,76508,75669,74776,73929,73323,72248
94136,92894,93121,91830,91634,90160,88950,88729,87292,87040,86204,85024,85076,83906,82681,82148,81009,80081,79281,78985,78472,78466,77491,76832,75993,75099,74252,73650,72571
94454,93208,93446,92150,91961,90480,89266,89052,87608,87363,86527,85343,85406,84232,83002,82473,81330,80402,79602,79305,78788,78789,77812,77156,76317,75422,74575,73977,72894
94772,93522,93771,92470,92288,90800,89582,89375,87924,87686,86850,85662,85736,84558,83323,82798,81651,80723,79923,79625,79104,79112,78133,77480,76641,75745,74898,74304,73217
95090,93836,94096,92790,92615,91120,89898,89698,88240,88009,87173,85981,86066,84884,83644,83123,81972,81044,80244,79945,79420,79435,78454,77804,76965,76068,75221,74631,73540
95408,94150,94421,93110,92942,91440,90214,90021,88556,88332,87496,86300,86396,85210,83965,83448,82293,81365,80565,80265,79736,79758,78775,78128,77289,76391,75544,74958,73863
95726,94464,94746,93430,93269,91760,90530,90344,88872,88655,87819,86619,86726,85536,84286,83773,82614,81686,80886,80585,80052,80081,79096,78452,77613,76714,75867,75285,74186
96044,94778,95071,93750,93596,92080,90846,90667,89188,88978,88142,86938,87056,85862,84607,84098,82935,82007,81207,80905,80368,80404,79417,78776,77937,77037,76190,75612,74509
96362,95092,95396,94070,93923,92400,91162,90990,89504,89301,88465,87257,87386,86188,84928,84423,83256,82328,81528,81225,80684,80727,79738,79100,78261,77360,76513,75939,74832
96680,95406,95721,94390,94250,92720,91478,91313,89820,89624,88788,87576,87716,86514,85249,84748,83577,82649,81849,81545,81000,81050,80059,79424,78585,77683,76836,76266,75155
96998,95720,96046,94710,94577,93040,91794,91636,90136,89947,89111,87895,88046,86840,85570,85073,83898,82970,82170,81865,81316,81373,80380,79748,78909,78006,77159,76593,75478
97316,96034,96371,95030,94904,93360,92110,91959,90452,90270,89434,88214,88376,87166,85891,85398,84219,83291,82491,82185,81632,81696,80701,80072,79233,78329,77482,76920,75801
97634,96348,96696,95350,95231,93680,92426,92282,90768,90593,89757,88533,88706,87492,86212,85723,84540,83612,82812,82505,81948,82019,81022,80396,79557,78652,77805,77247,76124
97952,96662,97021,95670,95558,94000,92742,92605,91084,90916,90080,88852,89036,87818,86533,86048,84861,83933,83133,82825,82264,82342,81343,80720,79881,78975,78128,77574,76447
98270,96976,97346,95990,95885,94320,93058,92928,91400,91239,90403,89171,89366,88144,86854,86373,85182,84254,83454,83145,82580,82665,81664,81044,80205,79298,78451,77901,76770
98588,97290,97671,96310,96212,94640,93374,93251,91716,91562,90726,89490,89696,88470,87175,86698,85503,84575,83775,83465,82896,82988,81985,81368,80529,79621,78774,78228,77093
98906,97604,97996,96630,96539,94960,93690,93574,92032,91885,91049,89809,90026,88796,87496,87023,85824,84896,84096,83785,83212,83311,82306,81692,80853,79944,79097,78555,77416
99224,97918,98321,96950,96866,95280,94006,93897,92348,92208,91372,90128,90356,89122,87817,87348,86145,85217,84417,84105,83528,83634,82627,82016,81177,80267,79420,78882,77739
99542,98232,98646,97270,97193,95600,94322,94220,92664,92531,91695,90447,90686,89448,88138,87673,86466,85538,84738,84425,83844,83957,82948,82340,81501,80590,79743,79209,78062
99860,98546,98971,97590,97520,95920,94638,94543,92980,92854,92018,90766,91016,89774,88459,87998,86787,85859,85059,84745,84160,84280,83269,82664,81825,80913,80066,79536,78385
100178,98860,99296,97910,97847,96240,94954,94866,93296,93177,92341,91085,91346,90100,88780,88323,87108,86180,85380,85065,84476,84603,83590,82988,82149,81236,80389,79863,78708
100496,99174,99621,98230,98174,96560,95270,95189,93612,93500,92664,91404,91676,90426,89101,88648,87429,86501,85701,85385,84792,84926,83911,83312,82473,81559,80712,80190,79031
100814,99488,99946,98550,98501,96880,95586,95512,93928,93823,92987,91723,92006,90752,89422,88973,87750,86822,86022,85705,85108,85249,84232,83636,82797,81882,81035,80517,79354
101132,99802,100271,98870,98828,97200,95902,95835,94244,94146,93310,92042,92336,91078,89743,89298,88071,87143,86343,86025,85424,85572,84553,83960,83121,82205,81358,80844,79677
101450,100116,100596,99190,99155,97520,96218,96158,94560,94469,93633,92361,92666,91404,90064,89623,88392,87464,86664,86345,85740,85895,84874,84284,83445,82528,81681,81171,80000
101768,100430,100921,99510,99482,97840,96534,96481,94876,94792,93956,92680,92996,91730,90385,89948,88713,87785,86985,86665,86056,86218,85195,84608,83769,82851,82004,81498,80323
102086,100744,101246,99830,99809,98160,96850,96804,95192,95115,94279,92999,93326,92056,90706,90273,89034,88106,87306,86985,86372,86541,85516,84932,84093,83174,82327,81825,80646
102404,101058,101571,100150,100136,98480,97166,97127,95508,95438,94602,93318,93656,92382,91027,90598,89355,88427,87627,87305,86688,86864,85837,85256,84417,83497,82650,82152,80969
102722,101372,101896,100470,100463,98800,97482,97450,95824,95761,94925,93637,93986,92708,91348,90923,89676,88748,87948,87625,87004,87187,86158,85580,84741,83820,82973,82479,81292
103040,101686,102221,100790,100790,99120,97798,97773,96140,96084,95248,93956,94316,93034,91669,91248,89997,89069,88269,87945,87320,87510,86479,85904,85065,84143,83296,82806,81615
103358,102000,102546,101110,101117,99440,98114,98096,96456,96407,95571,94275,94646,93360,91990,91573,90318,89390,88590,88265,87636,87833,86800,86228,85389,84466,83619,83133,81938
103676,102314,102871,101430,101444,99760,98430,98419,96772,96730,95894,94594,94976,93686,92311,91898,90639,89711,88911,88585,87952,88156,87121,86552,85713,84789,83942,83460,82261
103994,102628,103196,101750,101771,100080,98746,98742,97088,97053,96217,94913,95306,94012,92632,92223,90960,90032,89232,88905,88268,88479,87442,86876,86037,85112,84265,83787,82584
104312,102942,103521,102070,102098,100400,99062,99065,97404,97376,96540,95232,95636,94338,92953,92548,91281,90353,89553,89225,88584,88802,87763,87200,86361,85435,84588,84114,82907
104630,103256,103846,102390,102425,100720,99378,99388,97720,97699,96863,95551,95966,94664,93274,92873,91602,90674,89874,89545,88900,89125,88084,87524,86685,85758,84911,84441,83230
104948,103570,104171,102710,102752,101040,99694,99711,98036,98022,97186,95870,96296,94990,93595,93198,91923,90995,90195,89865,89216,89448,88405,87848,87009,86081,85234,84768,83553
105266,103884,104496,103030,103079,101360,100010,100034,98352,98345,97509,96189,96626,95316,93916,93523,92244,91316,90516,90185,89532,89771,88726,88172,87333,86404,85557,85095,83876
105584,104198,104821,103350,103406,101680,100326,100357,98668,98668,97832,96508,96956,95642,94237,93848,92565,91637,90837,90505,89848,90094,89047,88496,87657,86727,85880,85422,84199
105902,104512,105146,103670,103733,102000,100642,100680,98984,98991,98155,96827,97286,95968,94558,94173,92886,91958,91158,90825,90164,90417,89368,88820,87981,87050,86203,85749,84522
106220,104826,105471,103990,104060,102320,100958,101003,99300,99314,98478,97146,97616,96294,94879,94498,93207,92279,91479,91145,90480,90740,89689,89144,88305,87373,86526,86076,84845
106538,105140,105796,104310,104387,102640,101274,101326,99616,99637,98801,97465,97946,96620,95200,94823,93528,92600,91800,91465,90796,91063,90010,89468,88629,87696,86849,86403,85168
106856,105454,106121,104630,104714,102960,101590,101649,99932,99960,99124,97784,98276,96946,95521,95148,93849,92921,92121,91785,91112,91386,90331,89792,88953,88019,87172,86730,85491
107174,105768,106446,104950,105041,103280,101906,101972,100248,100283,99447,98103,98606,97272,95842,95473,94170,93242,92442,92105,91428,91709,90652,90116,89277,88342,87495,87057,85814
107492,106082,106771,105270,105368,103600,102222,102295,100564,100606,99770,98422,98936,97598,96163,95798,94491,93563,92763,92425,91744,92032,90973,90440,89601,88665,87818,87384,86137
107810,106396,107096,105590,105695,103920,102538,102618,100880,100929,100093,98741,99266,97924,96484,96123,94812,93884,93084,92745,92060,92355,91294,90764,89925,88988,88141,87711,86460
108128,106710,107421,105910,106022,104240,102854,102941,101196,101252,100416,99060,99596,98250,96805,96448,95133,94205,93405,93065,92376,92678,91615,91088,90249,89311,88464,88038,86783
108446,107024,107746,106230,106349,104560,103170,103264,101512,101575,100739,99379,99926,98576,97126,96773,95454,94526,93726,93385,92692,93001,91936,91412,90573,89634,88787,88365,87106
108764,107338,108071,106550,106676,104880,103486,103587,101828,101898,101062,99698,100256,98902,97447,97098,95775,94847,94047,93705,93008,93324,92257,91736,90897,89957,89110,88692,87429
109082,107652,108396,106870,107003,105200,103802,103910,102144,102221,101385,100017,100586,99228,97768,97423,96096,95168,94368,94025,93324,93647,92578,92060,91221,90280,89433,89019,87752
