860.99,832.69,804.02,775.05,745.87,716.45,687.02,657.7,628.53,599.83,571.74,544.68,518.84,494.69,472.58,452.92,436.19,421.42,412.68,410.85,409.03,405.56,400.38,395.17,389.76,384.3,378.68,373.03,367.23
860.97,832.67,804.01,775.05,745.88,716.49,687.08,657.76,628.64,599.97,571.92,544.91,519.13,495.04,472.99,453.39,436.7,422.01,413.31,411.5,409.69,406.26,401.15,395.97,390.63,385.2,379.64,374.01,368.24
860.95,832.65,804,775.05,745.89,716.53,687.14,657.83,628.74,600.11,572.11,545.13,519.43,495.4,473.4,453.85,437.2,422.59,413.94,412.14,410.34,406.96,401.91,396.78,391.49,386.1,380.6,374.98,369.26
860.93,832.64,803.99,775.04,745.9,716.56,687.19,657.9,628.86,600.24,572.3,545.37,519.72,495.75,473.81,454.32,437.71,423.19,414.58,412.79,411,407.66,402.67,397.59,392.36,387.01,381.55,375.96,370.28
860.92,832.63,803.98,775.06,745.91,716.6,687.25,657.98,628.97,600.38,572.49,545.59,520.01,496.09,474.22,454.78,438.22,423.78,415.21,413.43,411.66,408.36,403.43,398.4,393.22,387.92,382.51,376.95,371.3
860.91,832.61,803.98,775.07,745.93,716.65,687.31,658.07,629.09,600.52,572.68,545.82,520.3,496.44,474.63,455.24,438.73,424.37,415.85,414.08,412.33,409.06,404.19,399.21,394.09,388.85,383.46,377.95,372.34
860.9,832.59,803.97,775.09,745.95,716.7,687.39,658.16,629.21,600.67,572.88,546.05,520.59,496.78,475.04,455.7,439.24,424.95,416.49,414.74,412.99,409.76,404.95,400.03,394.96,389.77,384.41,378.95,373.38
860.89,832.58,803.97,775.1,745.99,716.74,687.46,658.26,629.33,600.82,573.07,546.28,520.88,497.12,475.44,456.16,439.75,425.54,417.12,415.4,413.66,410.46,405.71,400.86,395.83,390.69,385.39,379.96,374.42
860.89,832.58,803.97,775.12,746.02,716.78,687.52,658.34,629.44,600.98,573.24,546.5,521.16,497.45,475.85,456.62,440.28,426.13,417.76,416.05,414.32,411.17,406.49,401.68,396.71,391.62,386.36,380.98,375.47
860.89,832.58,803.99,775.13,746.05,716.82,687.57,658.43,629.55,601.14,573.41,546.71,521.43,497.79,476.26,457.09,440.8,426.72,418.39,416.7,414.98,411.87,407.26,402.52,397.6,392.56,387.34,382.02,376.54
860.89,832.59,804,775.15,746.08,716.85,687.62,658.52,629.67,601.29,573.58,546.91,521.68,498.12,476.66,457.56,441.33,427.32,419.03,417.35,415.65,412.58,408.03,403.36,398.49,393.5,388.33,383.05,377.61
860.88,832.61,804.01,775.16,746.11,716.89,687.68,658.6,629.79,601.41,573.76,547.13,521.94,498.45,477.07,458.03,441.86,427.91,419.67,418.01,416.33,413.3,408.81,404.19,399.38,394.45,389.32,384.09,378.69
860.87,832.62,804.02,775.18,746.13,716.94,687.73,658.67,629.91,601.53,573.93,547.35,522.19,498.79,477.46,458.49,442.39,428.49,420.31,418.67,417,414.02,409.6,405.03,400.28,395.39,390.33,385.13,379.77
860.87,832.63,804.04,775.2,746.15,716.98,687.79,658.76,630.04,601.71,574.1,547.6,522.44,499.13,477.86,458.96,442.91,429.09,420.96,419.33,417.69,414.73,410.39,405.88,401.19,396.36,391.35,386.18,380.86
860.87,832.64,804.05,775.22,746.16,717.03,687.85,658.84,630.15,601.87,574.3,547.85,522.75,499.48,478.26,459.43,443.44,429.69,421.6,419.99,418.36,415.46,411.18,406.74,402.1,397.33,392.37,387.25,381.96
860.86,832.66,804.06,775.24,746.18,717.08,687.91,658.93,630.28,602.05,574.51,548.09,523.1,499.84,478.67,459.89,443.97,430.29,422.25,420.65,419.04,416.19,411.98,407.6,403.02,398.31,393.38,388.32,383.07
860.86,832.64,804.07,775.25,746.21,717.13,688,659.03,630.41,602.22,574.74,548.33,523.42,500.21,479.07,460.36,444.5,430.89,422.9,421.32,419.72,416.92,412.78,408.47,403.93,399.3,394.41,389.39,384.19
860.86,832.62,804.08,775.26,746.24,717.17,688.07,659.12,630.53,602.39,574.96,548.58,523.73,500.57,479.49,460.82,445.03,431.48,423.56,421.99,420.41,417.65,413.59,409.33,404.86,400.28,395.46,390.47,385.32
860.86,832.61,804.08,775.27,746.27,717.22,688.15,659.22,630.65,602.56,575.17,548.84,524.04,500.93,479.91,461.29,445.55,432.08,424.22,422.66,421.1,418.38,414.4,410.2,405.8,401.28,396.5,391.57,386.45
860.85,832.6,804.08,775.29,746.3,717.26,688.24,659.31,630.76,602.72,575.37,549.1,524.33,501.29,480.33,461.77,446.08,432.67,424.87,423.33,421.79,419.12,415.21,411.07,406.75,402.27,397.57,392.66,387.6
860.83,832.6,804.09,775.3,746.35,717.31,688.32,659.41,630.87,602.87,575.57,549.37,524.64,501.65,480.75,462.25,446.62,433.26,425.51,424.01,422.49,419.86,416.03,411.96,407.7,403.27,398.63,393.77,388.75
860.81,832.6,804.09,775.32,746.38,717.36,688.4,659.51,630.99,603.01,575.77,549.64,524.95,502,481.17,462.73,447.16,433.86,426.17,424.69,423.18,420.6,416.84,412.85,408.66,404.28,399.7,394.89,389.92
860.8,832.6,804.09,775.34,746.42,717.42,688.49,659.61,631.12,603.15,575.98,549.91,525.27,502.37,481.58,463.21,447.69,434.46,426.83,425.37,423.88,421.35,417.67,413.75,409.62,405.3,400.78,396.02,391.1
860.8,832.61,804.1,775.37,746.45,717.48,688.57,659.73,631.25,603.31,576.2,550.18,525.59,502.74,482,463.68,448.23,435.07,427.5,426.05,424.58,422.1,418.49,414.66,410.59,406.34,401.87,397.16,392.28
860.79,832.61,804.11,775.4,746.49,717.54,688.65,659.84,631.39,603.5,576.43,550.46,525.91,503.11,482.42,464.16,448.77,435.69,428.17,426.73,425.28,422.86,419.33,415.56,411.58,407.38,402.96,398.31,393.48
860.79,832.62,804.12,775.43,746.54,717.6,688.73,659.96,631.53,603.68,576.68,550.74,526.23,503.49,482.84,464.64,449.31,436.3,428.83,427.41,425.99,423.61,420.15,416.47,412.56,408.42,404.07,399.48,394.68
860.79,832.63,804.14,775.46,746.58,717.67,688.81,660.07,631.67,603.87,576.91,551.03,526.56,503.86,483.26,465.12,449.84,436.91,429.51,428.1,426.7,424.37,421,417.39,413.55,409.47,405.19,400.64,395.9
860.8,832.63,804.16,775.49,746.63,717.74,688.9,660.19,631.81,604.05,577.14,551.31,526.88,504.23,483.69,465.6,450.37,437.53,430.17,428.79,427.41,425.13,421.85,418.32,414.55,410.55,406.32,401.82,397.12
860.82,832.64,804.18,775.53,746.68,717.81,688.99,660.31,631.96,604.24,577.37,551.59,527.21,504.61,484.12,466.09,450.91,438.15,430.85,429.49,428.12,425.9,422.7,419.25,415.55,411.63,407.46,403.01,398.36
860.84,832.65,804.21,775.56,746.73,717.88,689.07,660.43,632.1,604.42,577.6,551.87,527.53,504.97,484.54,466.57,451.46,438.76,431.53,430.19,428.84,426.68,423.56,420.19,416.56,412.7,408.6,404.2,399.61
860.85,832.67,804.24,775.58,746.79,717.95,689.16,660.55,632.26,604.61,577.82,552.15,527.86,505.34,484.97,467.06,452.01,439.37,432.21,430.89,429.55,427.45,424.41,421.14,417.57,413.79,409.75,405.42,400.87
860.86,832.69,804.27,775.62,746.84,718.01,689.25,660.67,632.42,604.79,578.04,552.42,528.19,505.72,485.4,467.54,452.56,440,432.9,431.59,430.28,428.23,425.28,422.09,418.61,414.88,410.91,406.62,402.15
860.88,832.71,804.31,775.66,746.9,718.08,689.34,660.79,632.58,604.99,578.27,552.69,528.53,506.1,485.83,468.04,453.11,440.62,433.58,432.29,431.01,429.02,426.16,423.04,419.64,415.98,412.08,407.87,403.43
860.9,832.73,804.34,775.7,746.96,718.15,689.44,660.91,632.75,605.18,578.49,552.96,528.86,506.48,486.25,468.52,453.66,441.25,434.27,433,431.74,429.81,427.04,424,420.68,417.09,413.25,409.12,404.73
860.91,832.76,804.37,775.74,747.02,718.23,689.54,661.03,632.91,605.38,578.72,553.23,529.19,506.87,486.69,469,454.21,441.89,434.96,433.71,432.47,430.6,427.93,424.97,421.71,418.22,414.43,410.38,406.03
860.93,832.79,804.4,775.78,747.08,718.3,689.63,661.16,633.07,605.58,578.95,553.5,529.51,507.26,487.13,469.5,454.76,442.52,435.65,434.43,433.21,431.39,428.81,425.94,422.77,419.36,415.62,411.64,407.35
860.94,832.81,804.43,775.82,747.13,718.37,689.74,661.28,633.25,605.77,579.19,553.78,529.84,507.64,487.57,469.99,455.3,443.16,436.34,435.16,433.95,432.19,429.7,426.92,423.84,420.51,416.84,412.91,408.69
860.96,832.84,804.45,775.87,747.19,718.44,689.84,661.41,633.41,605.97,579.44,554.06,530.17,508.02,488.02,470.48,455.86,443.78,437.05,435.88,434.69,433,430.6,427.92,424.91,421.65,418.05,414.2,410.03
860.97,832.86,804.48,775.91,747.24,718.52,689.93,661.53,633.57,606.17,579.69,554.35,530.5,508.4,488.46,470.98,456.42,444.42,437.75,436.61,435.44,433.8,431.51,428.91,426,422.8,419.29,415.47,411.4
860.98,832.88,804.51,775.96,747.29,718.6,690.02,661.66,633.73,606.38,579.94,554.63,530.82,508.78,488.9,471.48,456.98,445.05,438.46,437.33,436.18,434.61,432.41,429.91,427.09,423.97,420.53,416.79,412.76
860.99,832.9,804.54,776.01,747.35,718.68,690.12,661.79,633.89,606.58,580.19,554.92,531.16,509.17,489.34,471.99,457.54,445.7,439.16,438.07,436.94,435.43,433.33,430.92,428.18,425.15,421.79,418.12,414.14
861.01,832.91,804.57,776.05,747.4,718.76,690.21,661.91,634.05,606.79,580.44,555.21,531.5,509.55,489.78,472.49,458.1,446.35,439.88,438.8,437.7,436.26,434.26,431.93,429.28,426.34,423.06,419.45,415.54
861.02,832.94,804.6,776.09,747.46,718.84,690.31,662.04,634.2,606.99,580.68,555.51,531.84,509.94,490.23,472.99,458.67,446.99,440.59,439.54,438.46,437.09,435.19,432.95,430.4,427.53,424.34,420.8,416.94
861.04,832.96,804.63,776.13,747.51,718.92,690.4,662.17,634.36,607.2,580.92,555.81,532.18,510.34,490.68,473.5,459.23,447.65,441.3,440.28,439.22,437.92,436.12,433.99,431.52,428.75,425.61,422.15,418.36
861.06,832.99,804.67,776.17,747.57,719,690.49,662.3,634.51,607.39,581.17,556.11,532.53,510.73,491.12,474.01,459.81,448.3,442.03,441.02,439.99,438.74,437.06,435.04,432.65,429.97,426.9,423.52,419.78
861.06,833.01,804.71,776.22,747.63,719.08,690.6,662.43,634.67,607.59,581.41,556.39,532.87,511.14,491.57,474.52,460.38,448.95,442.75,441.77,440.76,439.58,438,436.08,433.79,431.2,428.21,424.88,421.24
861.07,833.04,804.76,776.27,747.71,719.15,690.7,662.56,634.83,607.79,581.65,556.68,533.22,511.54,492.03,475.03,460.95,449.6,443.48,442.52,441.53,440.43,438.95,437.14,434.93,432.42,429.53,426.29,422.69
861.07,833.06,804.79,776.33,747.78,719.23,690.81,662.69,634.99,607.99,581.89,556.98,533.56,511.94,492.49,475.55,461.52,450.26,444.21,443.28,442.31,441.28,439.9,438.2,436.08,433.66,430.86,427.7,424.17
861.08,833.09,804.83,776.38,747.85,719.32,690.92,662.83,635.15,608.2,582.13,557.28,533.91,512.34,492.95,476.07,462.1,450.91,444.95,444.04,443.1,442.13,440.86,439.27,437.25,434.92,432.19,429.12,425.65
861.1,833.12,804.86,776.43,747.92,719.4,691.03,662.97,635.32,608.41,582.37,557.57,534.25,512.74,493.41,476.59,462.68,451.57,445.68,444.81,443.89,442.99,441.84,440.34,438.43,436.18,433.55,430.55,427.16
861.12,833.15,804.9,776.48,747.99,719.49,691.15,663.1,635.49,608.62,582.62,557.87,534.59,513.15,493.87,477.12,463.28,452.24,446.43,445.58,444.69,443.86,442.82,441.43,439.61,437.46,434.91,431.99,428.68
861.15,833.19,804.94,776.53,748.05,719.58,691.26,663.22,635.66,608.83,582.87,558.16,534.93,513.55,494.33,477.65,463.88,452.9,447.17,446.35,445.48,444.73,443.8,442.51,440.81,438.74,436.29,433.45,430.21
861.17,833.22,804.98,776.59,748.12,719.66,691.38,663.35,635.83,609.04,583.13,558.46,535.28,513.97,494.79,478.17,464.46,453.58,447.91,447.12,446.28,445.6,444.79,443.62,442.01,440.04,437.68,434.91,431.74
861.2,833.25,805.03,776.66,748.19,719.74,691.49,663.48,636,609.25,583.38,558.77,535.64,514.38,495.26,478.7,465.06,454.26,448.66,447.9,447.09,446.48,445.78,444.72,443.22,441.35,439.08,436.39,433.28
861.23,833.27,805.08,776.72,748.26,719.83,691.6,663.63,636.15,609.45,583.63,559.07,536,514.79,495.72,479.23,465.66,454.93,449.42,448.67,447.9,447.37,446.78,445.84,444.43,442.67,440.49,437.87,434.86
861.25,833.29,805.12,776.78,748.33,719.93,691.71,663.77,636.32,609.64,583.88,559.38,536.35,515.2,496.19,479.76,466.26,455.61,450.18,449.46,448.71,448.26,447.8,446.95,445.66,444.01,441.9,439.38,436.44
861.27,833.33,805.17,776.83,748.4,720.03,691.83,663.92,636.51,609.83,584.14,559.69,536.7,515.62,496.67,480.3,466.85,456.29,450.94,450.25,449.53,449.15,448.82,448.08,446.91,445.35,443.33,440.9,438.05
861.3,833.37,805.22,776.88,748.48,720.13,691.95,664.08,636.69,610.06,584.4,560,537.07,516.03,497.14,480.83,467.45,456.98,451.71,451.05,450.35,450.05,449.85,449.23,448.17,446.7,444.77,442.44,439.67
861.33,833.41,805.27,776.93,748.55,720.23,692.07,664.24,636.88,610.27,584.66,560.3,537.43,516.45,497.62,481.37,468.06,457.67,452.48,451.85,451.18,450.96,450.89,450.38,449.42,448.06,446.23,443.99,441.3
861.35,833.45,805.32,776.99,748.63,720.33,692.19,664.39,637.07,610.5,584.92,560.61,537.79,516.87,498.1,481.92,468.67,458.36,453.26,452.65,452.02,451.88,451.92,451.54,450.67,449.43,447.71,445.54,442.94
861.38,833.48,805.37,777.06,748.72,720.43,692.31,664.55,637.28,610.73,585.19,560.93,538.15,517.29,498.58,482.46,469.28,459.05,454.04,453.46,452.86,452.8,452.96,452.7,451.95,450.8,449.19,447.11,444.58
861.4,833.52,805.41,777.12,748.81,720.53,692.43,664.71,637.48,610.97,585.47,561.24,538.52,517.71,499.06,483.01,469.91,459.74,454.82,454.27,453.7,453.72,454,453.87,453.24,452.19,450.68,448.68,446.26
861.42,833.56,805.44,777.19,748.89,720.63,692.56,664.87,637.67,611.21,585.75,561.56,538.9,518.14,499.55,483.57,470.53,460.44,455.6,455.09,454.55,454.64,455.06,455.04,454.53,453.59,452.19,450.28,447.94
861.45,833.59,805.49,777.25,748.98,720.73,692.69,665.03,637.87,611.46,586.03,561.88,539.27,518.56,500.03,484.12,471.14,461.14,456.39,455.91,455.4,455.58,456.14,456.23,455.83,455,453.71,451.87,449.65
861.48,833.63,805.54,777.33,749.06,720.83,692.82,665.18,638.06,611.7,586.31,562.21,539.64,519,500.52,484.67,471.77,461.85,457.19,456.73,456.25,456.52,457.21,457.43,457.15,456.43,455.22,453.51,451.36
861.51,833.67,805.61,777.4,749.14,720.93,692.96,665.34,638.25,611.93,586.59,562.54,540.01,519.43,501.01,485.22,472.4,462.56,457.99,457.56,457.11,457.48,458.29,458.64,458.49,457.87,456.78,455.15,453.08
861.55,833.71,805.66,777.47,749.22,721.04,693.09,665.5,638.45,612.17,586.87,562.87,540.39,519.86,501.5,485.78,473.03,463.28,458.79,458.4,457.99,458.42,459.38,459.86,459.84,459.33,458.32,456.81,454.82
861.57,833.74,805.71,777.55,749.3,721.14,693.22,665.66,638.65,612.41,587.15,563.19,540.77,520.29,501.99,486.34,473.66,464,459.6,459.24,458.86,459.38,460.47,461.09,461.19,460.78,459.9,458.48,456.57
861.6,833.78,805.76,777.61,749.38,721.25,693.36,665.83,638.84,612.64,587.44,563.52,541.15,520.72,502.49,486.89,474.29,464.73,460.41,460.1,459.74,460.35,461.58,462.34,462.55,462.27,461.48,460.16,458.36
861.62,833.81,805.81,777.67,749.47,721.35,693.49,665.99,639.04,612.88,587.72,563.84,541.53,521.15,502.98,487.45,474.93,465.44,461.23,460.94,460.62,461.32,462.7,463.58,463.92,463.77,463.08,461.87,460.16
861.65,833.85,805.85,777.73,749.56,721.46,693.63,666.15,639.25,613.11,588,564.18,541.91,521.59,503.48,488.02,475.57,466.17,462.06,461.8,461.5,462.31,463.81,464.83,465.3,465.26,464.69,463.59,461.97
861.68,833.9,805.92,777.8,749.65,721.58,693.76,666.32,639.45,613.35,588.29,564.5,542.3,522.03,503.98,488.59,476.22,466.91,462.89,462.65,462.39,463.3,464.94,466.08,466.69,466.77,466.31,465.31,463.79
861.72,833.94,805.98,777.87,749.74,721.7,693.9,666.48,639.65,613.58,588.57,564.84,542.68,522.47,504.48,489.17,476.85,467.65,463.72,463.52,463.3,464.29,466.07,467.36,468.09,468.29,467.94,467.03,465.63
861.75,834,806.04,777.95,749.85,721.83,694.04,666.65,639.85,613.82,588.85,565.17,543.06,522.91,504.99,489.74,477.51,468.39,464.56,464.39,464.21,465.29,467.21,468.65,469.5,469.83,469.59,468.8,467.48
861.79,834.05,806.09,778.03,749.95,721.95,694.18,666.81,640.05,614.06,589.14,565.51,543.45,523.35,505.49,490.31,478.16,469.14,465.4,465.27,465.13,466.29,468.36,469.95,470.92,471.37,471.27,470.57,469.35
861.83,834.09,806.15,778.1,750.04,722.07,694.33,666.97,640.26,614.31,589.43,565.84,543.84,523.8,506,490.89,478.82,469.88,466.25,466.15,466.04,467.31,469.53,471.25,472.35,472.94,472.95,472.36,471.26
861.87,834.13,806.21,778.17,750.14,722.2,694.48,667.15,640.46,614.54,589.73,566.18,544.24,524.25,506.51,491.47,479.48,470.63,467.11,467.05,466.96,468.33,470.71,472.56,473.8,474.51,474.66,474.15,473.17
861.91,834.18,806.26,778.25,750.24,722.33,694.64,667.34,640.66,614.79,590.01,566.52,544.63,524.7,507.02,492.05,480.14,471.39,467.96,467.95,467.89,469.35,471.9,473.88,475.27,476.11,476.37,475.98,475.1
861.95,834.22,806.33,778.34,750.33,722.45,694.79,667.53,640.86,615.03,590.3,566.85,545.02,525.17,507.54,492.65,480.81,472.14,468.83,468.85,468.83,470.38,473.09,475.21,476.74,477.72,478.1,477.82,477.04
861.99,834.28,806.4,778.42,750.42,722.57,694.94,667.71,641.06,615.28,590.59,567.2,545.42,525.61,508.06,493.24,481.47,472.92,469.69,469.75,469.78,471.41,474.31,476.55,478.22,479.33,479.84,479.67,479.01
862.03,834.33,806.47,778.5,750.52,722.68,695.09,667.89,641.28,615.54,590.89,567.54,545.83,526.07,508.59,493.83,482.14,473.69,470.57,470.66,470.73,472.47,475.53,477.91,479.72,480.95,481.59,481.53,480.97
862.07,834.39,806.54,778.58,750.62,722.81,695.25,668.07,641.5,615.79,591.18,567.89,546.23,526.53,509.11,494.43,482.82,474.47,471.44,471.58,471.68,473.53,476.76,479.28,481.24,482.6,483.36,483.39,482.97
862.11,834.44,806.61,778.67,750.73,722.94,695.41,668.26,641.73,616.04,591.48,568.23,546.64,526.99,509.64,495.03,483.49,475.25,472.32,472.5,472.64,474.6,477.98,480.65,482.79,484.27,485.13,485.33,484.97
862.14,834.5,806.67,778.75,750.84,723.07,695.55,668.44,641.95,616.29,591.78,568.58,547.04,527.46,510.17,495.64,484.18,476.03,473.21,473.42,473.61,475.67,479.22,482.06,484.34,485.96,486.91,487.26,487.01
862.17,834.55,806.73,778.83,750.95,723.19,695.71,668.63,642.17,616.54,592.08,568.93,547.46,527.93,510.71,496.24,484.88,476.81,474.11,474.36,474.58,476.75,480.47,483.47,485.89,487.65,488.71,489.21,489.07
862.23,834.59,806.78,778.92,751.06,723.31,695.86,668.81,642.4,616.79,592.38,569.28,547.87,528.4,511.24,496.84,485.56,477.61,475,475.3,475.56,477.84,481.73,484.9,487.45,489.36,490.57,491.16,491.15
862.27,834.64,806.84,779,751.15,723.44,696.01,669.01,642.63,617.04,592.68,569.63,548.28,528.87,511.78,497.47,486.25,478.4,475.92,476.25,476.55,478.95,482.99,486.33,489.04,491.09,492.43,493.15,493.25
862.3,834.69,806.91,779.08,751.25,723.57,696.17,669.19,642.85,617.3,592.99,569.99,548.69,529.34,512.32,498.08,486.96,479.21,476.84,477.21,477.55,480.06,484.26,487.81,490.64,492.83,494.31,495.15,495.36
862.33,834.75,806.99,779.16,751.35,723.7,696.32,669.38,643.07,617.57,593.3,570.35,549.11,529.82,512.87,498.71,487.67,480.02,477.76,478.18,478.56,481.18,485.55,489.29,492.25,494.57,496.21,497.17,497.48
862.37,834.8,807.06,779.24,751.47,723.83,696.48,669.57,643.29,617.84,593.61,570.71,549.53,530.3,513.42,499.33,488.39,480.82,478.68,479.16,479.58,482.31,486.85,490.76,493.88,496.32,498.14,499.21,499.62
862.41,834.86,807.12,779.32,751.57,723.96,696.63,669.75,643.51,618.1,593.92,571.07,549.95,530.78,513.98,499.96,489.1,481.63,479.61,480.13,480.6,483.45,488.18,492.24,495.54,498.12,500.08,501.27,501.79
862.46,834.91,807.17,779.4,751.69,724.09,696.79,669.95,643.74,618.38,594.23,571.44,550.37,531.26,514.54,500.6,489.82,482.44,480.56,481.11,481.63,484.6,489.52,493.74,497.22,499.92,502.04,503.34,503.97
862.47,834.92,807.22,779.48,751.79,724.22,696.94,670.13,643.96,618.65,594.54,571.81,550.79,531.73,515.11,501.24,490.55,483.26,481.5,482.09,482.67,485.76,490.89,495.24,498.92,501.76,504,505.44,506.21
862.48,834.93,807.27,779.56,751.89,724.34,697.1,670.32,644.19,618.93,594.85,572.17,551.21,532.22,515.7,501.89,491.28,484.08,482.45,483.1,483.71,486.93,492.25,496.79,500.64,503.59,506.01,507.56,508.45
862.48,834.95,807.32,779.64,751.99,724.46,697.26,670.52,644.42,619.21,595.17,572.54,551.63,532.71,516.28,502.53,492.02,484.9,483.41,484.12,484.77,488.11,493.62,498.36,502.37,505.49,508.04,509.69,510.75
862.5,834.98,807.36,779.69,752.06,724.58,697.41,670.71,644.65,619.48,595.48,572.91,552.05,533.21,516.86,503.18,492.75,485.72,484.37,485.14,485.83,489.3,495.01,499.94,504.1,507.39,510.08,511.85,513.04
862.52,835.02,807.41,779.74,752.13,724.7,697.57,670.89,644.88,619.75,595.79,573.29,552.48,533.71,517.43,503.79,493.49,486.56,485.34,486.16,486.91,490.5,496.42,501.52,505.86,509.31,512.13,514.03,515.35
862.51,835.02,807.43,779.8,752.22,724.82,697.72,671.07,645.11,620.03,596.1,573.65,552.9,534.19,517.96,504.39,494.23,487.39,486.32,487.18,487.99,491.72,497.83,503.14,507.66,511.24,514.21,516.28,517.67
862.5,835.02,807.46,779.87,752.33,724.95,697.89,671.26,645.34,620.31,596.4,574.02,553.33,534.68,518.5,505.07,494.97,488.22,487.3,488.21,489.09,492.95,499.28,504.78,509.47,513.22,516.31,518.53,520.03
862.5,835.04,807.5,779.96,752.45,725.11,698.04,671.46,645.57,620.6,596.69,574.37,553.75,535.18,519.06,505.77,495.73,489.1,488.29,489.27,490.2,494.2,500.73,506.42,511.29,515.22,518.44,520.83,522.41
862.51,835.07,807.56,780.05,752.56,725.23,698.2,671.66,645.81,620.88,597.01,574.72,554.16,535.68,519.63,506.44,496.53,490.01,489.29,490.34,491.32,495.47,502.23,508.08,513.11,517.26,520.63,523.14,524.83
862.53,835.11,807.64,780.14,752.68,725.35,698.37,671.87,646.04,621.16,597.36,575.06,554.58,536.17,520.2,507.1,497.32,490.9,490.32,491.41,492.44,496.74,503.74,509.77,515,519.32,522.83,525.49,527.29
862.54,835.14,807.68,780.2,752.77,725.48,698.53,672.08,646.28,621.43,597.71,575.42,554.99,536.66,520.76,507.74,498.07,491.77,491.35,492.49,493.57,498.03,505.26,511.51,516.88,521.41,525.08,527.85,529.78
862.54,835.16,807.73,780.27,752.87,725.61,698.7,672.28,646.51,621.7,598.05,575.77,555.39,537.14,521.33,508.39,498.82,492.68,492.41,493.6,494.72,499.34,506.78,513.25,518.84,523.52,527.33,530.26,532.33
862.55,835.19,807.79,780.35,752.97,725.75,698.86,672.47,646.74,621.97,598.38,576.18,555.8,537.64,521.91,509.05,499.58,493.6,493.47,494.71,495.89,500.65,508.36,515.01,520.81,525.63,529.64,532.68,534.88
862.56,835.21,807.84,780.42,753.06,725.88,699.01,672.65,646.97,622.23,598.7,576.6,556.26,538.13,522.49,509.71,500.34,494.54,494.55,495.84,497.06,501.99,509.94,516.79,522.81,527.75,531.96,535.15,537.5
862.56,835.25,807.89,780.49,753.13,726.01,699.17,672.83,647.21,622.51,599.01,577.02,556.81,538.63,523.07,510.38,501.11,495.49,495.62,496.97,498.26,503.34,511.55,518.61,524.83,529.92,534.33,537.65,540.12
862.53,835.26,807.95,780.55,753.22,726.09,699.3,673.02,647.45,622.79,599.32,577.42,557.29,539.21,523.65,511.04,501.88,496.45,496.73,498.13,499.47,504.73,513.19,520.44,526.91,532.17,536.71,540.18,542.81
862.5,835.24,807.98,780.61,753.29,726.19,699.44,673.22,647.7,623.1,599.68,577.81,557.72,539.8,524.23,511.73,502.65,497.43,497.84,499.31,500.71,506.13,514.87,522.35,529,534.45,539.13,542.76,545.51
862.52,835.26,808.01,780.67,753.35,726.3,699.6,673.41,647.96,623.42,600.06,578.2,558.15,540.28,524.83,512.41,503.43,498.42,499.02,500.53,501.97,507.56,516.56,524.26,531.12,536.78,541.55,545.37,548.22
862.5,835.28,808.05,780.74,753.43,726.43,699.77,673.61,648.21,623.71,600.39,578.63,558.59,540.76,525.42,513.09,504.22,499.42,500.2,501.78,503.3,509.01,518.27,526.24,533.25,539.13,544.06,548.04,550.95
862.5,835.28,808.1,780.81,753.52,726.55,699.94,673.81,648.44,623.98,600.71,579.03,559.03,541.27,526.02,513.77,505.03,500.44,501.46,503.12,504.67,510.49,520,528.22,535.45,541.55,546.61,550.73,553.81
862.54,835.29,808.1,780.87,753.62,726.68,700.11,674,648.65,624.25,601.03,579.4,559.49,541.77,526.61,514.46,505.85,501.48,502.71,504.54,506.24,511.99,521.78,530.29,537.7,543.98,549.23,553.47,556.63
862.6,835.34,808.11,780.9,753.69,726.78,700.26,674.17,648.85,624.5,601.36,579.79,559.95,542.29,527.2,515.15,506.67,502.56,504.07,506,507.8,513.62,523.57,532.33,540.03,546.49,551.87,556.29,559.53
862.57,835.39,808.16,780.96,753.79,726.89,700.38,674.3,649.05,624.76,601.71,580.18,560.4,542.8,527.8,515.85,507.5,503.66,505.45,507.51,509.46,515.24,525.4,534.49,542.36,548.99,554.59,559.16,562.51
862.64,835.45,808.25,781.05,753.91,727.03,700.54,674.52,649.26,625.02,602.03,580.56,560.84,543.32,528.4,516.56,508.35,504.79,506.88,509.04,511.12,517.18,527.22,536.65,544.76,551.56,557.35,562.04,565.59
862.69,835.5,808.31,781.17,754.07,727.19,700.71,674.76,649.47,625.3,602.36,580.96,561.29,543.85,529.01,517.28,509.23,505.94,508.3,510.6,512.82,519.13,529.17,538.86,547.22,554.2,560.17,565.03,568.71
862.71,835.58,808.34,781.23,754.2,727.35,700.9,675,649.74,625.56,602.63,581.32,561.75,544.38,529.63,518.01,510.14,507.13,509.76,512.18,514.51,521.21,531.22,541.07,549.7,556.89,563.05,568.03,571.86
862.77,835.64,808.42,781.31,754.31,727.49,701.05,675.21,650.02,625.83,602.93,581.68,562.2,544.91,530.25,518.77,511.12,508.33,511.27,513.81,516.26,523.24,533.51,543.45,552.26,559.65,566.01,571.14,575.07
862.82,835.68,808.52,781.39,754.42,727.64,701.21,675.4,650.31,626.18,603.29,582.06,562.66,545.46,530.86,519.56,512.11,509.54,512.84,515.48,518.01,525.35,536.1,545.88,554.88,562.55,569.05,574.24,578.36
862.86,835.74,808.62,781.48,754.53,727.8,701.39,675.59,650.58,626.53,603.67,582.45,563.12,546.02,531.56,520.39,513.11,510.79,514.39,517.18,519.85,527.51,538.76,548.33,557.62,565.48,572.12,577.49,581.68
862.89,835.83,808.71,781.57,754.63,727.96,701.6,675.82,650.86,626.89,604.07,582.86,563.59,546.58,532.28,521.24,514.14,512.07,516,518.91,521.69,529.66,541.44,550.85,560.45,568.53,575.27,580.73,585.07
862.95,835.93,808.76,781.68,754.73,728.12,701.81,676.08,651.15,627.22,604.46,583.31,564.12,547.19,533.03,522.11,515.18,513.38,517.62,520.65,523.58,531.81,544.16,553.88,563.36,571.6,578.47,584.09,588.58
863.05,836,808.87,781.81,754.84,728.27,702,676.35,651.46,627.57,604.86,583.76,564.67,547.82,533.77,522.98,516.24,514.7,519.28,522.4,525.44,534.06,546.93,556.94,566.35,574.82,581.77,587.54,592.15
863.16,836.04,808.98,781.9,755.01,728.39,702.16,676.54,651.74,627.91,605.27,584.23,565.19,548.45,534.53,523.88,517.31,516.05,520.94,524.23,527.38,536.32,549.7,560.23,569.5,578.08,585.17,591.09,595.84
863.25,836.13,809.1,782.03,755.17,728.52,702.35,676.68,651.93,628.2,605.68,584.7,565.71,549.09,535.28,524.79,518.4,517.43,522.68,526.09,529.34,538.63,552.5,563.58,572.71,581.5,588.73,594.73,599.52
863.33,836.26,809.21,782.17,755.31,728.71,702.57,676.95,652.19,628.5,606.09,585.17,566.24,549.74,536.04,525.71,519.51,518.81,524.4,527.96,531.38,540.89,555.35,567.03,576.31,584.99,592.33,598.53,603.42
863.43,836.38,809.3,782.31,755.46,728.93,702.78,677.22,652.47,628.83,606.45,585.65,566.78,550.39,536.83,526.63,520.67,520.25,526.2,529.9,533.39,543.26,558.18,570.51,579.97,588.6,596.15,602.37,607.26
863.54,836.49,809.45,782.45,755.63,729.15,703,677.5,652.84,629.18,606.8,586.13,567.33,551.04,537.62,527.59,521.83,521.71,528.02,531.82,535.5,545.63,561.05,574.01,584.02,592.3,599.88,606.28,611.31
863.64,836.6,809.59,782.6,755.8,729.3,703.23,677.82,653.19,629.56,607.14,586.6,567.88,551.71,538.42,528.54,523.03,523.21,529.91,533.83,537.62,548.06,564.02,577.52,588.08,596.24,603.95,610.35,615.35
863.76,836.73,809.73,782.75,755.96,729.5,703.5,678.09,653.55,629.98,607.61,587.05,568.46,552.4,539.24,529.53,524.23,524.72,531.78,535.85,539.78,550.56,567.01,581.11,592.18,600.45,608.01,614.59,619.76
863.91,836.88,809.89,782.93,756.12,729.71,703.7,678.37,653.93,630.47,608.13,587.52,569.05,553.11,540.06,530.55,525.46,526.29,533.71,537.93,541.97,553.11,570.04,584.68,596.21,604.87,612.31,618.93,624.07
864.05,837.06,810,783.1,756.33,729.9,703.94,678.64,654.19,630.9,608.67,588.07,569.65,553.83,540.89,531.57,526.73,527.85,535.64,539.99,544.22,555.66,573.13,588.32,600.41,609.44,616.63,623.35,628.61
864.18,837.22,810.15,783.27,756.54,730.09,704.22,678.91,654.45,631.14,609.15,588.61,570.27,554.57,541.75,532.61,528,529.47,537.64,542.12,546.44,558.25,576.27,591.93,604.62,614.16,621.37,628.03,633.18
864.32,837.37,810.34,783.45,756.75,730.35,704.46,679.22,654.78,631.42,609.57,589.14,570.9,555.32,542.67,533.67,529.28,531.12,539.7,544.26,548.7,560.86,579.37,595.62,608.95,619.08,626.17,632.78,637.98
864.47,837.53,810.54,783.64,756.97,730.63,704.69,679.57,655.2,631.79,609.9,589.7,571.54,556.07,543.57,534.77,530.62,532.8,541.75,546.45,551.02,563.55,582.52,599.35,613.38,623.98,631.39,637.69,642.93
864.64,837.7,810.74,783.83,757.2,730.91,704.97,679.89,655.56,632.27,610.43,590.3,572.16,556.83,544.48,535.91,531.99,534.47,543.82,548.69,553.39,566.24,585.77,603.1,617.68,628.8,636.73,642.6,648.04
864.81,837.87,810.94,784.07,757.42,731.14,705.3,680.18,655.92,632.79,611.04,590.95,572.86,557.57,545.42,537.02,533.37,536.18,545.92,550.93,555.81,568.96,589.03,606.86,622.09,633.69,642.1,648.07,653.24
864.96,838.04,811.14,784.3,757.67,731.39,705.65,680.5,656.42,633.24,611.69,591.62,573.58,558.33,546.36,538.2,534.77,537.97,548.03,553.17,558.18,571.67,592.3,610.69,626.52,638.83,647.58,653.57,658.68
865.14,838.22,811.35,784.54,757.95,731.65,705.99,680.86,656.75,633.66,612.05,592.37,574.36,559.12,547.31,539.37,536.19,539.74,550.15,555.48,560.64,574.38,595.56,614.57,630.96,643.88,653.2,659.55,664.31
865.33,838.45,811.56,784.77,758.24,731.91,706.32,681.26,657.11,634.21,612.49,593.15,575.22,560.02,548.29,540.54,537.62,541.53,552.35,557.8,563.08,577.14,598.82,618.41,635.37,648.98,658.87,665.53,670.02
865.52,838.67,811.79,785,758.51,732.21,706.63,681.66,657.52,634.68,613.05,593.59,576.05,560.99,549.24,541.74,539.08,543.38,554.55,560.11,565.52,579.92,602.11,622.26,639.78,654.11,664.59,671.6,676.02
865.71,838.89,812.02,785.24,758.78,732.56,706.94,682.07,658,635.12,613.71,594.09,576.76,561.85,550.28,542.95,540.55,545.27,556.79,562.46,568.04,582.71,605.43,626.16,644.17,659.17,670.34,677.67,682.29
865.91,839.1,812.26,785.48,759.06,732.92,707.23,682.47,658.46,635.62,614.33,594.68,577.68,562.7,551.39,544.15,542.03,547.14,559.08,564.88,570.55,585.55,608.68,629.96,648.66,664.29,676.11,684.07,688.91
866.1,839.3,812.51,785.74,759.33,733.27,707.62,682.88,658.99,636.25,614.89,595.47,578.38,563.55,552.59,545.39,543.5,549.04,561.33,567.32,573.11,588.4,611.91,633.78,653.11,669.41,681.9,690.5,695.55
866.3,839.51,812.75,786.02,759.61,733.62,708.04,683.27,659.51,636.75,615.41,596.22,578.95,564.94,553.86,546.69,545.02,550.99,563.66,569.7,575.66,591.17,615.22,637.6,657.6,674.56,687.7,696.93,702.32
866.5,839.72,813,786.33,759.89,733.97,708.45,683.64,659.95,637.33,616.25,596.88,580,565.98,555.19,548.28,546.58,552.97,565.97,572.16,578.24,594.03,618.53,641.34,661.96,679.57,693.52,703.36,709.23
866.71,839.97,813.25,786.64,760.2,734.3,708.87,684.08,660.41,637.98,616.94,597.49,580.88,566.6,556.42,549.89,548.13,554.93,568.35,574.66,580.86,596.94,621.89,645.14,666.38,684.52,699.23,709.76,716.22
866.91,840.23,813.51,786.94,760.55,734.64,709.29,684.59,660.88,638.56,617.51,598.41,581.64,567.87,557.59,551.46,550.06,556.92,570.73,577.2,583.54,599.82,625.2,648.86,670.72,689.5,704.89,716.16,723.36
867.13,840.47,813.78,787.24,760.91,734.98,709.71,685.1,661.35,639.13,618.03,599.3,582.38,568.98,558.7,552.84,551.98,558.9,573.1,579.72,586.17,602.7,628.5,652.57,674.99,694.44,710.51,722.58,730.49
867.36,840.71,814.05,787.53,761.27,735.32,710.12,685.59,661.86,639.71,618.95,600.08,583.47,569.96,560.05,554.25,553.92,560.86,575.49,582.25,588.85,605.69,631.78,656.27,679.18,699.29,716.12,729,737.61
867.6,840.95,814.34,787.82,761.63,735.72,710.53,686.1,662.49,640.28,619.74,600.73,584.54,570.86,561.39,555.73,555.7,562.88,577.85,584.81,591.52,608.65,635.11,660,683.37,704.05,721.62,735.3,744.58
867.84,841.19,814.64,788.11,761.98,736.16,710.94,686.59,663.13,640.82,620.46,601.66,585.55,572.13,562.71,557.28,557.48,564.95,580.28,587.34,594.25,611.57,638.46,663.74,687.55,708.79,727.06,741.56,751.55
868.07,841.44,814.92,788.45,762.33,736.61,711.36,687.08,663.75,641.45,621.16,602.65,586.43,573.39,563.68,558.99,559.24,567.37,582.66,589.91,597,614.58,641.8,667.54,691.66,713.51,732.5,747.74,758.5
868.3,841.71,815.2,788.79,762.65,737.03,711.79,687.58,664.36,642.13,621.86,603.64,587.34,574.55,565.15,560.79,561.1,569.78,584.99,592.52,599.78,617.65,645.22,671.25,695.87,718.13,737.81,753.76,765.42
868.54,841.99,815.49,789.14,763,737.45,712.31,688.08,664.97,642.92,622.54,604.53,588.44,575.74,566.78,562.01,563.12,571.92,587.55,595.12,602.6,620.64,648.58,675.02,700.02,722.76,743.06,759.7,772.13
868.79,842.28,815.79,789.5,763.38,737.86,712.82,688.58,665.56,643.69,623.26,605.39,589.69,576.79,568.28,563.74,565.35,574.33,590.17,597.68,605.39,623.8,652.01,678.76,704.18,727.39,748.3,765.78,778.82
869.03,842.56,816.09,789.86,763.76,738.27,713.34,689.08,666.16,644.45,624.09,606.24,590.88,577.98,569.58,565.65,566.97,576.77,593.04,600.6,608.21,626.89,655.42,682.55,708.35,731.94,753.5,771.52,785.36
869.28,842.84,816.39,790.19,764.19,738.68,713.85,689.61,666.76,645.21,625.01,607.1,592.02,579.49,570.88,567.58,568.91,579.19,595.96,603.5,611.14,630.02,658.93,686.38,712.47,736.58,758.58,777.36,792.03
869.53,843.12,816.69,790.55,764.61,739.08,714.35,690.26,667.38,645.96,625.93,607.96,593.12,580.97,572.22,569.21,571.12,581.36,598.81,605.92,614.12,633.2,662.44,690.2,716.62,741.2,763.67,782.92,798.65
869.77,843.4,816.97,790.93,765.03,739.51,714.88,690.89,668,646.71,626.89,608.91,594.19,582.4,574.01,570.75,573.54,583.58,601.39,608.85,617.16,636.45,665.98,694.05,720.84,745.79,768.83,788.52,805.07
870.03,843.69,817.3,791.31,765.42,739.97,715.37,691.51,668.59,647.48,627.84,609.97,595.27,583.82,575.81,572.26,575.62,586.14,604.1,612.16,620.29,640,669.64,697.95,724.98,750.35,773.82,794.19,811.3
870.31,843.97,817.65,791.63,765.83,740.48,715.87,692.15,669.28,648.22,628.78,611.13,596.35,585.17,577.58,574.37,577.57,588.93,606.87,615.32,623.56,643.45,673.4,701.87,729.33,754.92,778.76,799.79,817.41
870.58,844.25,818.01,791.98,766.21,741,716.36,692.78,670.03,648.97,629.72,612.32,597.42,586.56,579.34,576.51,579.4,591.63,609.91,618.5,626.78,646.92,677.31,705.99,733.57,759.48,783.71,805.27,823.6
870.84,844.54,818.37,792.33,766.69,741.51,716.86,693.43,670.84,649.71,630.66,613.49,598.63,587.96,581.04,578.72,581.86,594.02,613.1,621.79,630.22,650.57,681.23,710.1,737.9,764.14,788.7,810.75,829.8
871.11,844.83,818.72,792.68,767.19,742.04,717.41,694.03,671.63,650.45,631.59,614.66,600.01,589.35,582.83,580.93,584.47,597.1,616.46,625.32,633.96,654.47,685.35,714.51,742.35,768.81,793.71,816.23,835.9
871.38,845.12,819.06,793.05,767.64,742.49,718.06,694.64,672.42,651.27,632.54,615.87,601.47,590.75,584.64,583.13,587.24,600.43,620.09,629.2,637.84,658.73,689.79,718.95,746.85,773.47,798.77,821.72,841.85
871.64,845.46,819.4,793.45,768.08,742.88,718.71,695.25,673.22,652.19,633.51,617.07,602.97,592.2,586.45,585.41,590.05,603.82,624.06,633.24,642,663.26,694.53,723.6,751.53,778.3,803.71,827.07,847.74
871.9,845.79,819.74,793.88,768.5,743.45,719.35,695.82,674,653.21,634.47,618.3,604.52,593.72,588.37,587.72,593.04,607.44,628.36,637.59,646.56,668.23,699.53,728.59,756.46,783.21,808.71,832.46,853.61
872.16,846.12,820.07,794.34,768.93,744.05,719.98,696.55,674.79,654.22,635.47,619.58,606.07,595.49,590.34,590.22,596.09,611.37,632.91,642.66,651.61,673.61,705.03,734.01,761.64,788.29,813.84,837.91,859.46
872.46,846.43,820.4,794.76,769.36,744.66,720.55,697.37,675.55,655.27,636.45,620.89,607.74,597.48,592.46,592.94,599.44,615.74,638.18,648.13,657.19,679.62,711.29,739.59,767.17,793.56,819.13,843.34,865.34
872.76,846.74,820.77,795.19,769.78,745.25,721.09,698.19,676.31,656.33,637.59,622.22,609.46,599.69,594.77,595.83,603.19,620.68,644.17,654.23,663.79,686.78,718.13,746.02,773.12,799.08,824.61,848.83,871.2
873.04,847.05,821.13,795.61,770.25,745.82,721.62,699.01,677.07,657.39,638.84,623.62,611.3,602.09,597.17,599.26,607.33,626.61,651.14,661.92,671.32,694.94,726.14,753.13,779.43,805.07,830.22,854.4,877
873.33,847.35,821.55,796.02,770.77,746.37,722.26,699.79,677.96,658.47,640.28,625.06,613.23,604.65,599.89,603,612.33,633.51,659.79,671.06,680.37,704.47,735.4,760.97,786.61,811.39,836.11,860.14,882.92
873.62,847.66,821.97,796.42,771.33,746.91,723.04,700.53,678.89,659.55,641.75,626.52,615.26,607.29,602.89,607.24,618.23,642.22,670.86,681.72,692.33,717.07,746.19,770.52,794.55,818.2,842.39,866.13,888.78
873.9,847.98,822.37,796.81,771.89,747.43,723.82,701.29,680.03,660.63,643.27,628.02,617.39,610.19,606.18,612.22,625.05,653.27,683.91,696.9,707.11,732.23,759.57,781.49,803.31,825.9,849.15,872.32,895.02
874.18,848.37,822.75,797.22,772.45,747.95,724.6,702.01,681.16,661.71,644.84,629.62,619.6,613.23,610.48,617.36,633,665.55,702.53,716.78,725.59,750.81,776.31,793.7,814.09,834.27,856.52,879.05,901.26
874.46,848.74,823.14,797.71,772.97,748.48,725.35,702.72,682.24,662.73,646.43,631.46,621.91,616.41,615.03,622.8,641.86,680.13,725.22,741.07,753.33,779.01,796.94,809.7,826.19,843.74,864.73,885.93,907.83
874.77,849.12,823.51,798.21,773.49,749.13,726.1,703.4,683.3,663.84,648.02,633.6,624.27,619.74,619.75,628.73,650.95,695.41,750.79,772.26,786.25,815.23,823.65,829.17,839.95,854.91,873.31,893.56,914.79
875.13,849.49,823.88,798.74,773.99,749.82,726.83,704.44,684.31,665.13,649.64,635.88,626.77,623.25,624.7,634.84,660.48,710.76,778.11,804.89,824.04,862.07,861.84,852.23,857.47,867.48,883.45,902.1,922.01
875.48,849.85,824.27,799.25,774.5,750.57,727.55,705.51,685.32,666.67,651.27,638.27,629.31,626.85,629.93,641.15,670.13,726.14,803.05,836.88,861.31,920.98,909.01,884.14,878.25,882.4,895.05,910.97,929.95
875.82,850.19,824.72,799.77,774.99,751.3,728.25,706.57,686.33,668.3,652.86,640.72,631.88,630.59,635.14,647.47,679.74,740.51,825.83,862.53,895.05,978.06,976.17,926.16,902.84,900.64,907.86,921.33,938.46
876.16,850.54,825.22,800.25,775.54,752.02,728.94,707.63,687.33,669.86,654.35,643.24,634.51,634.38,640.51,654,689.12,754.23,844.43,884.17,923.18,1030.9,1061,975.81,936.16,921.55,923.4,933.1,947.73
876.49,850.87,825.71,800.73,776.14,752.7,729.67,708.67,688.33,671.4,655.72,645.6,637.19,638.24,645.86,660.59,698.29,766.87,860.64,902.21,942.14,1061,1150.1,1049,976.98,947.26,941.56,945.91,958.27
876.81,851.25,826.2,801.19,776.82,753.39,730.46,709.72,689.44,672.9,657.5,647.95,640,642.2,651.3,667.83,707.43,778.47,875.26,915.99,957.94,1082.5,1227.4,1138.4,1027.1,979.6,961.89,961.3,969.66
877.12,851.7,826.64,801.64,777.52,754.05,731.41,710.74,690.88,674.41,659.5,650.25,642.93,646.15,656.85,675.25,716.02,789.91,887.66,928.43,970.51,1093.7,1275.3,1237.8,1096.2,1017.1,987.31,979.03,982.55
877.43,852.16,827.08,802.07,778.2,754.71,732.48,711.74,692.37,675.93,661.96,652.42,645.91,650.19,662.24,682.47,724.4,800.3,898.62,939.19,980.42,1099.2,1305.5,1328.8,1175.2,1065.2,1017.7,999.08,997.96
877.79,852.61,827.52,802.67,778.88,755.34,733.5,712.72,693.89,677.48,664.28,654.45,649.32,654.17,667.64,689.6,732.6,809.91,908.86,948.13,989.52,1103.6,1310.2,1399.7,1266.9,1125.3,1051.3,1023.5,1014.6
878.23,853.04,827.95,803.34,779.53,756.05,734.53,713.68,695.4,679,666.52,656.51,652.93,658.02,672.96,696.56,740.21,819.14,917.5,956.54,997.09,1106.8,1307.9,1451.6,1356.2,1193.6,1096.5,1051.7,1033.8
878.67,853.49,828.37,804.01,780.17,756.81,735.5,714.6,696.88,680.49,668.79,658.72,657.02,662.15,678.24,703.23,747.78,827.6,925.6,963.93,1003.6,1109.3,1302.1,1465.6,1435.2,1275.6,1148.4,1084.1,1057.3
879.09,853.92,828.9,804.69,780.79,757.81,736.44,715.49,698.35,681.94,671,661.85,660.66,666.41,683.11,709.67,755.12,835.59,933.15,970.52,1009.6,1111.5,1295.5,1471,1494.6,1355.6,1207,1124.3,1083.5
879.48,854.35,829.5,805.31,781.39,758.79,737.37,716.9,699.79,683.38,673.25,664.91,664,670.66,687.83,715.88,762.15,843.25,939.69,976.73,1014.9,1113.5,1289.6,1466.8,1530.5,1434.8,1275,1168.4,1113.8
879.87,854.75,830.11,805.94,781.99,759.74,738.25,718.37,701.22,685.4,675.49,667.9,667.21,674.85,692.27,721.86,768.99,850.28,946.1,982.34,1019.6,1115.3,1284.1,1458,1554.1,1495.4,1344.8,1219.5,1149.4
880.25,855.19,830.75,806.55,782.77,760.68,739.13,719.84,702.59,687.59,677.76,670.89,670.53,679.16,696.92,727.54,775.44,857.09,951.92,987.51,1024.2,1116.9,1279.5,1448.5,1562.2,1541.9,1415.8,1276.9,1187.7
880.61,855.7,831.34,807.13,783.61,761.58,740,721.3,703.93,689.78,679.86,673.87,674.09,683.28,701.77,732.96,781.92,863.55,957.38,992.29,1028.1,1118.4,1275.2,1439,1562.7,1576.6,1475,1338.4,1233.1
880.98,856.23,831.94,807.7,784.51,762.46,740.85,722.68,705.24,691.94,681.82,676.86,677.8,687.36,706.74,738.36,788.14,869.58,962.51,996.64,1031.9,1119.7,1271.2,1430,1559.1,1594.4,1527.7,1401.7,1282.6
881.35,856.8,832.47,808.29,785.44,763.32,742.2,724.04,706.49,693.99,683.7,679.85,681.7,691.36,711.78,743.65,794.02,875.52,967.16,1000.8,1035.3,1120.9,1267.8,1421.7,1552.1,1607.1,1567.1,1459.6,1334.2
881.87,857.36,833.01,808.89,786.32,764.17,743.58,725.37,708.1,695.98,685.52,683,684.96,695.17,716.59,748.98,799.98,880.9,971.7,1004.7,1038.6,1122,1264.7,1414,1544.4,1614,1593.5,1513.8,1389.9
882.39,857.9,833.53,809.7,787.18,765.01,744.95,726.67,709.77,697.92,687.65,686.03,687.91,698.65,721.19,754.36,805.72,886.18,975.92,1008.2,1041.7,1123.2,1261.8,1406.9,1536.5,1614.8,1614.3,1553.7,1443.2
882.95,858.45,834.05,810.58,788.02,765.82,746.28,727.91,711.81,699.85,690,688.92,690.13,702.9,725.71,759.76,811.2,891.23,979.81,1011.8,1044.5,1124.2,1259.2,1400.4,1528.5,1613.7,1627.7,1585.9,1493.9
883.51,859,834.58,811.44,788.85,766.61,747.57,729.14,713.8,701.77,693.07,691.66,692.75,707.92,729.7,765.09,816.31,896.09,983.69,1015,1047.3,1125.3,1256.8,1394.4,1520.8,1610,1636.2,1611.3,1534.7
884.06,859.56,835.23,812.29,789.65,767.89,748.85,730.32,715.75,703.61,695.98,694.28,696.99,712.07,733.67,770.49,821.12,900.74,987.2,1018.1,1049.9,1126.2,1254.6,1389,1513.6,1604.7,1642.1,1626.3,1570.1
884.64,860.13,836.05,813.11,790.44,769.26,750.11,731.56,717.7,705.44,698.76,696.76,701.09,715.87,737.29,776.05,825.96,905.12,990.55,1021.1,1052.3,1127.1,1252.6,1384,1506.2,1598.6,1643.4,1639.1,1597.7
885.21,860.68,836.88,813.94,791.22,770.54,751.35,732.89,719.6,707.16,701.48,699.23,705.17,719.2,741.75,781.72,830.41,909.45,993.84,1023.9,1054.6,1128,1250.6,1379.6,1498.7,1591.4,1643.1,1648.4,1617.6
885.78,861.23,837.71,814.74,792.06,771.81,752.54,734.84,721.44,709.01,704.15,701.61,709.04,722.53,747.34,786.4,834.96,913.57,996.99,1026.5,1056.7,1128.8,1248.9,1375.2,1491.3,1584.4,1641.3,1654.1,1633.8
886.35,861.79,838.53,815.54,792.96,773.03,753.67,736.76,723.25,711.26,706.77,704.1,712.72,725.52,752.37,790.77,839.69,917.52,1000.1,1029.1,1058.8,1129.6,1247.2,1370.8,1484.3,1577.5,1638,1658.4,1645.4
886.9,862.39,839.32,816.32,794.1,774.23,754.8,738.6,725.02,713.63,709.3,707.11,716.14,728.82,757.01,793.8,844.09,921.41,1003.1,1031.6,1060.9,1130.4,1245.7,1366.5,1477.5,1570.9,1634.4,1660.6,1654.6
887.45,863.2,840.14,817.1,795.35,775.42,755.91,740.46,726.76,716.28,711.74,710.3,719.55,732.96,761.07,797.38,848.3,925.05,1005.9,1034.1,1062.8,1131.1,1244.3,1362.2,1471.2,1564.7,1630.2,1661.4,1661.9
888.03,864,840.95,817.88,796.58,776.59,757.03,742.27,728.44,718.86,714.17,713.87,722.74,737.24,765.02,801.97,853.14,928.74,1008.7,1036.4,1064.8,1131.9,1242.9,1358.3,1465.3,1558.5,1625.9,1661.5,1666.9
888.6,864.79,841.74,818.68,797.77,777.74,758.69,744.05,730.07,721.38,716.54,717.39,725.98,741.61,768.79,806.68,858.16,932.23,1011.3,1038.7,1066.7,1132.7,1241.8,1354.7,1459.9,1552.5,1621.4,1660.3,1670.9
889.21,865.59,842.54,819.47,798.97,778.89,760.43,745.77,731.68,723.89,718.91,720.79,729.03,745.74,772.5,811.5,862.01,935.57,1013.9,1040.9,1068.5,1133.5,1240.6,1351.7,1454.9,1546.6,1617.1,1658.9,1673.7
889.8,866.39,843.35,820.44,800.12,780.01,762.17,747.46,733.29,726.35,721.21,724.06,732.06,749.74,776.03,815.96,865.6,938.65,1016.3,1043,1070.3,1134.3,1239.6,1348.7,1450.5,1540.6,1612.6,1657.1,1675.4
890.46,867.2,844.17,821.62,801.31,781.15,763.91,749.12,735.46,728.72,723.46,727.31,735.02,753.6,779.55,820.25,868.67,942.02,1018.7,1045.1,1072,1135,1238.7,1345.9,1446.5,1535.1,1608.2,1654.9,1676.6
891.1,868.03,845.02,822.79,802.48,782.27,765.61,750.74,737.65,731.08,725.67,730.45,737.95,757.43,782.9,824.19,872.19,945.51,1020.9,1047.1,1073.7,1135.8,1237.9,1343.3,1442.6,1530.9,1604.8,1652.6,1677
891.79,868.86,845.88,823.97,803.64,783.43,767.34,752.34,740.12,733.4,728.08,733.6,740.79,761.14,786.29,828.19,876.26,948.64,1023.1,1049,1075.3,1136.5,1237.1,1340.6,1438.9,1526.8,1601.6,1649.7,1676.9
892.49,869.71,846.73,825.17,804.81,784.62,769,753.92,742.53,735.7,731.1,736.59,743.79,764.82,789.7,831.92,880.22,951.72,1025.4,1050.9,1076.9,1137.2,1236.3,1338.1,1435.1,1522.6,1597,1646,1676.4
893.26,870.56,847.6,826.36,806.02,786.17,770.67,755.53,744.88,737.94,734.13,739.63,747.05,768.45,793.51,835.63,884.07,954.66,1027.7,1052.8,1078.5,1138,1235.6,1335.6,1431.3,1518.9,1592.3,1641.7,1675.1
894.06,871.42,848.52,827.56,807.19,787.86,772.36,757.12,747.22,740.22,737.27,742.52,750.57,771.97,797.67,839.2,887.76,957.5,1029.9,1054.6,1079.9,1138.7,1235,1333.3,1427.7,1515,1587.5,1638.4,1673.5
894.93,872.32,849.43,828.73,808.39,789.54,774.01,758.69,749.54,742.41,740.38,745.46,754.33,775.37,801.7,842.7,891.39,960.31,1032.1,1056.6,1081.4,1139.4,1234.3,1331.1,1424.2,1510.5,1582.3,1635.3,1671.3
895.84,873.22,850.37,829.92,809.59,791.25,775.66,760.44,751.84,744.59,743.46,748.27,757.98,778.75,805.71,846.17,894.94,963.02,1034.2,1058.3,1082.9,1140.1,1233.8,1328.9,1421.2,1506.6,1577.2,1632.5,1669
896.77,874.16,851.34,831.11,810.83,792.92,777.31,762.2,754.13,746.73,746.5,751.06,761.57,782.07,809.56,849.56,898.37,965.62,1036.3,1060.1,1084.3,1140.8,1233.3,1327,1418.1,1503,1574.6,1630,1666.5
897.71,875.09,852.37,832.32,812.08,794.58,778.97,764.48,756.4,748.87,749.42,753.78,765.12,785.4,813.35,852.88,901.82,968.25,1038.4,1061.8,1085.8,1141.6,1232.8,1325.1,1415.2,1499.7,1572,1628.1,1664.2
898.65,876.01,853.5,833.57,813.34,796.25,780.63,766.79,758.64,750.95,752.32,756.48,768.65,788.59,817.06,856.1,905.17,970.82,1040.4,1063.6,1087.2,1142.2,1232.3,1323.4,1412.5,1496.6,1568.7,1624.2,1661.8
899.57,876.96,854.72,834.82,814.65,797.91,782.3,769.07,760.87,753.13,755.22,759.09,772.14,791.76,820.75,859.27,908.39,973.35,1042.4,1065.3,1088.6,1142.9,1231.9,1321.6,1409.9,1493.6,1565,1619.6,1658.9
900.51,877.94,855.98,836.1,815.99,799.59,783.99,771.34,763.1,755.69,758.09,761.75,775.6,794.84,824.34,862.39,911.6,975.8,1044.3,1067,1090,1143.7,1231.4,1320.1,1407.5,1490.8,1560.9,1616,1656.4
901.45,878.93,857.26,837.39,817.33,801.28,785.7,773.59,765.32,758.33,760.93,764.4,778.94,797.89,827.92,865.46,914.72,978.22,1046.3,1068.6,1091.4,1144.4,1231.1,1318.6,1405.1,1488,1557,1612.5,1654.6
902.4,879.93,858.56,838.72,818.66,802.99,787.44,775.84,767.5,761.25,763.68,767.04,782.32,800.95,831.43,868.5,917.83,980.6,1048.2,1070.3,1092.7,1145.2,1230.8,1317.2,1402.8,1485.3,1553.3,1609.4,1652.6
903.37,880.98,859.87,840.04,820.14,804.7,789.19,778.08,769.71,764.17,766.45,769.64,785.64,803.95,834.85,871.52,920.86,983.02,1050,1071.9,1094.1,1146,1230.4,1315.8,1400.6,1482.5,1549.8,1606.4,1650.5
904.37,882.07,861.17,841.37,821.68,806.46,790.96,780.28,771.94,767.02,769.16,772.46,788.86,806.92,838.27,874.46,923.89,985.45,1051.8,1073.5,1095.5,1146.7,1230.2,1314.6,1398.5,1479.5,1546.4,1603.4,1648.5
905.37,883.17,862.44,842.73,823.35,808.23,792.74,782.53,774.18,769.84,771.92,775.77,792.1,809.84,841.7,877.43,926.86,987.93,1053.6,1075.1,1096.8,1147.5,1230,1313.4,1396.5,1476.4,1543.1,1600.6,1646.4
906.37,884.26,863.74,844.13,825.1,809.99,794.58,784.77,776.44,772.66,774.68,779.15,795.25,812.73,845.02,880.36,929.75,990.39,1055.4,1076.7,1098.2,1148.2,1229.8,1312.3,1394.6,1473.5,1540.1,1597.8,1644.4
907.36,885.35,865,845.51,826.85,811.76,796.39,787.03,778.66,775.44,777.44,782.52,798.35,815.88,848.25,883.21,932.62,992.79,1057.2,1078.1,1099.4,1149,1229.6,1311.2,1392.6,1470.8,1537.1,1595.1,1642.4
908.36,886.45,866.26,846.88,828.59,813.56,798.22,789.28,780.92,778.25,780.13,785.84,801.52,819.11,851.44,885.96,935.49,995.22,1058.9,1079.6,1100.7,1149.7,1229.5,1310.1,1390.9,1468.1,1534.2,1592.5,1640.5
909.36,887.54,867.52,848.25,830.33,815.36,800.07,791.54,783.22,781.02,782.88,789.13,804.66,822.5,854.62,888.69,938.29,997.56,1060.5,1081.1,1102,1150.4,1229.4,1309.2,1389.1,1465.6,1531.4,1589.9,1638
910.36,888.63,868.78,849.62,832.11,817.17,802.13,793.85,785.53,783.78,785.55,792.35,807.73,825.98,857.81,891.69,941.08,999.89,1062.2,1082.5,1103.1,1151.2,1229.2,1308.2,1387.4,1463.2,1528.7,1587.4,1635
911.36,889.73,870.04,850.99,833.89,819,804.17,796.14,787.83,786.57,788.3,795.59,810.83,829.48,860.92,894.82,943.79,1002.2,1063.9,1084,1104.4,1151.9,1229.1,1307.2,1385.8,1460.8,1526.1,1584.9,1632.2
912.35,890.82,871.3,852.36,835.67,820.83,806.39,798.43,790.14,789.36,791.06,798.78,813.84,832.92,864.01,897.99,946.48,1004.5,1065.6,1085.5,1105.6,1152.6,1229,1306.4,1384.3,1458.5,1523.6,1582.4,1629.4
913.35,891.91,872.56,853.73,837.46,822.66,808.66,800.71,792.5,792.12,793.75,801.95,816.84,836.28,867.11,901.15,949.14,1006.7,1067.2,1086.9,1106.8,1153.3,1228.9,1305.5,1382.8,1456.2,1521.2,1580,1626.8
914.35,893.01,873.82,855.1,839.24,824.49,810.93,802.99,794.84,794.86,796.52,805.14,819.9,839.61,870.19,904.28,951.77,1009.1,1068.8,1088.3,1108.1,1154,1228.8,1304.6,1381.3,1453.8,1518.9,1577.6,1624.2
915.35,894.1,875.08,856.47,841.02,826.32,813.2,805.28,797.19,797.58,799.24,808.27,822.86,842.9,873.19,907.41,954.37,1011.2,1070.4,1089.7,1109.3,1154.8,1228.7,1303.7,1380.1,1451.6,1516.6,1575.1,1621.7
916.34,895.2,876.34,857.84,842.8,828.15,815.46,807.56,799.53,800.34,802.03,811.34,825.83,846.22,876.18,910.5,956.97,1013.4,1072.1,1091.1,1110.5,1155.6,1228.6,1302.8,1379,1449.3,1514.3,1572.8,1619.4
917.34,896.29,877.6,859.21,844.58,829.98,817.73,809.84,801.88,803.12,804.76,814.45,828.81,849.53,879.16,913.51,959.61,1015.5,1073.7,1092.5,1111.7,1156.4,1228.7,1302,1377.7,1447,1512.2,1570.5,1617.2
918.34,897.38,878.86,860.58,846.36,831.81,820,812.12,804.23,805.9,807.49,817.54,831.82,852.75,882.12,916.49,962.21,1017.6,1075.2,1094,1112.9,1157.2,1228.7,1301.2,1376.3,1444.8,1509.9,1568.3,1615.1
919.34,898.48,880.12,861.95,848.14,833.64,822.27,814.4,806.57,808.69,810.22,820.61,834.76,855.91,885.08,919.45,964.72,1019.8,1076.8,1095.4,1114.1,1157.9,1228.8,1300.5,1374.7,1442.7,1507.7,1566.3,1613.2
920.34,899.57,881.38,863.32,849.92,835.47,824.54,816.69,808.92,811.47,812.95,823.68,837.78,859.07,888.02,922.39,967.21,1022,1078.4,1096.8,1115.3,1158.7,1228.9,1299.8,1373,1440.6,1505.7,1564,1611.4
921.33,900.66,882.64,864.69,851.7,837.3,826.81,818.97,811.26,814.25,815.68,826.76,840.79,862.18,890.91,925.31,969.72,1024.1,1080,1098.2,1116.5,1159.5,1229,1299.2,1371.5,1438.7,1503.9,1561.4,1608.4
922.33,901.76,883.9,866.06,853.49,839.13,829.08,821.25,813.61,817.04,818.41,829.83,843.8,865.35,893.8,928.13,972.19,1026.2,1081.6,1099.6,1117.8,1160.2,1229.1,1298.6,1369.9,1436.8,1502.3,1558.7,1605.5
923.33,902.85,885.16,867.43,855.27,840.96,831.35,823.53,815.96,819.82,821.14,832.9,846.81,868.53,896.68,930.95,974.64,1028.3,1083.2,1101,1119.1,1161,1229.2,1298.4,1368.6,1435.1,1500.6,1555.9,1602.9
924.33,903.94,886.42,868.8,857.05,842.79,833.61,825.81,818.3,822.6,823.87,835.98,849.82,871.7,899.56,933.74,977.07,1030.4,1084.7,1102.3,1120.3,1161.8,1229.3,1298.2,1367.6,1433.5,1498.6,1553.2,1600.3
925.33,905.04,887.68,870.17,858.83,844.62,835.88,828.1,820.65,825.38,826.6,839.05,852.83,874.88,902.44,936.53,979.49,1032.4,1086.2,1103.7,1121.5,1162.7,1229.4,1297.7,1366.6,1432,1496.6,1550.7,1598.5
926.32,906.13,888.94,871.54,860.61,846.45,838.15,830.38,822.99,828.17,829.33,842.12,855.84,878.06,905.33,939.32,981.87,1034.4,1087.8,1105,1122.7,1163.5,1229.6,1297.1,1365.6,1430.9,1494.1,1548.3,1596.6
927.32,907.22,890.2,872.91,862.39,848.28,840.42,832.66,825.34,830.95,832.06,845.2,858.85,881.24,908.21,942.11,984.25,1036.4,1089.3,1106.4,1123.9,1164.2,1229.7,1296.5,1364.6,1429.7,1491.6,1546,1595.1
928.32,908.32,891.46,874.28,864.17,850.12,842.69,834.94,827.69,833.73,834.79,848.27,861.86,884.41,911.09,944.91,986.62,1038.3,1090.7,1107.7,1125,1165,1229.9,1296,1363.6,1428.6,1489.2,1543.8,1593.7
929.32,909.41,892.72,875.65,865.95,851.95,844.96,837.22,830.03,836.52,837.53,851.34,864.87,887.59,913.98,947.7,989,1040.3,1092.2,1109.1,1126.2,1165.8,1230,1295.5,1362.6,1427.2,1486.9,1541.8,1592.5
930.32,910.5,893.98,877.02,867.73,853.78,847.23,839.51,832.38,839.3,840.26,854.42,867.89,890.77,916.86,950.49,991.38,1042.2,1093.7,1110.5,1127.4,1166.6,1230.2,1295.1,1361.7,1425,1485.2,1540,1591
931.31,911.6,895.24,878.39,869.52,855.61,849.49,841.79,834.72,842.08,842.99,857.49,870.9,893.94,919.74,953.28,993.76,1044.1,1095.1,1112,1128.6,1167.3,1230.3,1294.8,1360.7,1422.8,1483.8,1538.6,1588.2
932.31,912.69,896.5,879.76,871.3,857.44,851.76,844.07,837.07,844.87,845.72,860.56,873.91,897.12,922.63,956.08,996.13,1046,1096.5,1113.4,1129.8,1168.1,1230.5,1294.5,1359.5,1421.1,1482.1,1537.3,1585.5
933.31,913.78,897.77,881.13,873.08,859.27,854.03,846.35,839.42,847.65,848.45,863.64,876.92,900.3,925.51,958.87,998.51,1047.9,1097.9,1114.8,1131,1168.9,1230.6,1294.2,1358.3,1419.5,1480.4,1536.1,1582.8
934.31,914.88,899.03,882.5,874.86,861.1,856.3,848.63,841.76,850.43,851.18,866.71,879.93,903.48,928.39,961.66,1000.9,1049.9,1099.3,1116.2,1132.2,1169.7,1230.7,1293.7,1357.1,1418.4,1479.1,1534.2,1580.3
935.31,915.97,900.29,883.87,876.64,862.93,858.57,850.92,844.11,853.22,853.91,869.78,882.94,906.65,931.28,964.45,1003.3,1051.8,1100.7,1117.6,1133.5,1170.5,1230.8,1293.3,1355.8,1417.3,1477.9,1531.4,1578.1
936.3,917.06,901.55,885.24,878.42,864.76,860.84,853.2,846.45,856,856.64,872.86,885.95,909.83,934.16,967.24,1005.6,1053.7,1102.2,1119,1134.7,1171.3,1230.9,1292.9,1354.4,1416.6,1475.7,1528.9,1576.1
937.3,918.16,902.81,886.61,880.2,866.59,863.11,855.48,848.8,858.78,859.37,875.93,888.96,913.01,937.04,970.04,1008,1055.6,1103.6,1120.5,1135.9,1172.1,1231,1292.5,1352.8,1415.8,1473.3,1526.8,1574.7
938.3,919.25,904.07,887.98,881.98,868.42,865.38,857.76,851.15,861.57,862.1,879,891.97,916.18,939.93,972.83,1010.4,1057.6,1105,1121.9,1137.1,1172.9,1231.1,1292.1,1351.3,1415,1471,1525,1573.3
939.3,920.34,905.33,889.35,883.76,870.25,867.64,860.04,853.49,864.35,864.83,882.08,894.98,919.36,942.81,975.62,1012.8,1059.5,1106.4,1123.3,1138.3,1173.7,1231.2,1291.7,1349.8,1414.2,1468.9,1523.5,1572.5
940.3,921.44,906.59,890.72,885.55,872.08,869.91,862.33,855.84,867.13,867.56,885.15,898,922.54,945.69,978.41,1015.2,1061.4,1107.8,1124.7,1139.5,1174.4,1231.3,1291.3,1348.3,1413.4,1466.7,1522,1571.5
941.29,922.53,907.85,892.09,887.33,873.91,872.18,864.61,858.18,869.92,870.29,888.22,901.01,925.72,948.58,981.2,1017.5,1063.3,1109.2,1126.1,1140.7,1175.2,1231.4,1290.9,1346.8,1412.6,1464.5,1520.6,1568.8
942.29,923.63,909.11,893.46,889.11,875.74,874.45,866.89,860.53,872.7,873.02,891.3,904.02,928.89,951.46,984,1019.9,1065.2,1110.6,1127.5,1142,1176,1231.5,1290.5,1345.3,1411.9,1462.4,1519.1,1565.9
943.29,924.73,910.37,894.83,890.89,877.57,876.72,869.17,862.88,875.48,875.75,894.38,907.03,932.06,954.34,986.8,1022.3,1067.1,1112,1128.9,1143.3,1176.8,1231.6,1290.1,1343.8,1411.2,1460.3,1517.6,1563
944.29,925.83,911.63,896.2,892.67,879.4,878.99,871.45,865.23,878.26,878.48,897.46,910.04,935.23,957.22,989.6,1024.7,1069,1113.4,1130.3,1144.6,1177.6,1231.7,1289.7,1342.3,1410.5,1458.2,1516.1,1560.1
945.29,926.93,912.89,897.57,894.45,881.23,881.26,873.73,867.58,881.04,881.21,900.54,913.05,938.4,960.1,992.4,1027.1,1070.9,1114.8,1131.7,1145.9,1178.4,1231.8,1289.3,1340.8,1409.8,1456.1,1514.6,1557.2
946.29,928.03,914.15,898.94,896.23,883.06,883.53,876.01,869.93,883.82,883.940000000001,903.62,916.06,941.57,962.98,995.2,1029.5,1072.8,1116.2,1133.1,1147.2,1179.2,1231.9,1288.9,1339.3,1409.1,1454,1513.1,1554.3
947.29,929.13,915.41,900.31,898.009999999999,884.89,885.800000000001,878.29,872.280000000001,886.600000000001,886.67,906.699999999999,919.07,944.74,965.86,998,1031.9,1074.7,1117.6,1134.5,1148.5,1180,1232,1288.5,1337.8,1408.4,1451.9,1511.6,1551.4
948.29,930.23,916.67,901.68,899.79,886.72,888.070000000001,880.57,874.63,889.380000000001,889.4,909.78,922.08,947.91,968.74,1000.8,1034.3,1076.6,1119,1135.9,1149.8,1180.8,1232.1,1288.1,1336.3,1407.7,1449.8,1510.1,1548.5
949.29,931.33,917.93,903.05,901.57,888.55,890.340000000001,882.849999999999,876.98,892.160000000001,892.13,912.86,925.09,951.08,971.62,1003.6,1036.7,1078.5,1120.4,1137.3,1151.1,1181.6,1232.2,1287.7,1334.8,1407,1447.7,1508.6,1545.6
950.290000000001,932.43,919.19,904.42,903.349999999999,890.38,892.610000000001,885.13,879.33,894.940000000001,894.860000000001,915.94,928.1,954.25,974.499999999999,1006.4,1039.1,1080.4,1121.8,1138.7,1152.4,1182.4,1232.3,1287.3,1333.3,1406.3,1445.6,1507.1,1542.7
951.289999999999,933.529999999999,920.45,905.79,905.13,892.21,894.88,887.41,881.679999999999,897.72,897.590000000001,919.02,931.110000000001,957.42,977.379999999999,1009.2,1041.5,1082.3,1123.2,1140.1,1153.7,1183.2,1232.4,1286.9,1331.8,1405.6,1443.5,1505.6,1539.8
952.289999999999,934.630000000001,921.710000000001,907.160000000002,906.91,894.039999999999,897.150000000001,889.689999999999,884.030000000001,900.500000000002,900.32,922.099999999999,934.119999999999,960.589999999998,980.26,1012,1043.9,1084.2,1124.6,1141.5,1155,1184,1232.5,1286.5,1330.3,1404.9,1441.4,1504.1,1536.9
953.290000000001,935.73,922.969999999999,908.530000000001,908.689999999999,895.870000000001,899.420000000002,891.969999999999,886.380000000001,903.280000000002,903.050000000001,925.179999999998,937.129999999999,963.76,983.139999999999,1014.8,1046.3,1086.1,1126,1142.9,1156.3,1184.8,1232.6,1286.1,1328.8,1404.2,1439.3,1502.6,1534
954.290000000001,936.83,924.23,909.9,910.469999999999,897.700000000001,901.690000000001,894.25,888.73,906.060000000001,905.780000000001,928.26,940.140000000001,966.93,986.019999999999,1017.6,1048.7,1088,1127.4,1144.3,1157.6,1185.6,1232.7,1285.7,1327.3,1403.5,1437.2,1501.1,1531.1
955.289999999999,937.93,925.49,911.27,912.25,899.530000000001,903.960000000001,896.529999999999,891.08,908.840000000002,908.509999999998,931.339999999998,943.15,970.099999999999,988.9,1020.4,1051.1,1089.9,1128.8,1145.7,1158.9,1186.4,1232.8,1285.3,1325.8,1402.8,1435.1,1499.6,1528.2
956.289999999999,939.030000000001,926.75,912.640000000001,914.029999999999,901.360000000001,906.230000000001,898.809999999999,893.43,911.620000000001,911.24,934.42,946.16,973.27,991.780000000001,1023.2,1053.5,1091.8,1130.2,1147.1,1160.2,1187.2,1232.9,1284.9,1324.3,1402.1,1433,1498.1,1525.3
957.290000000001,940.130000000001,928.01,914.01,915.809999999999,903.190000000001,908.500000000002,901.09,895.780000000001,914.400000000001,913.970000000001,937.499999999998,949.17,976.439999999999,994.66,1026,1055.9,1093.7,1131.6,1148.5,1161.5,1188,1233,1284.5,1322.8,1401.4,1430.9,1496.6,1522.4
958.290000000001,941.23,929.27,915.379999999999,917.59,905.02,910.770000000002,903.369999999999,898.130000000001,917.180000000002,916.700000000001,940.579999999998,952.18,979.609999999999,997.539999999999,1028.8,1058.3,1095.6,1133,1149.9,1162.8,1188.8,1233.1,1284.1,1321.3,1400.7,1428.8,1495.1,1519.5
959.290000000001,942.33,930.529999999999,916.75,919.369999999999,906.85,913.040000000001,905.65,900.48,919.960000000001,919.43,943.66,955.190000000001,982.780000000001,1000.42,1031.6,1060.7,1097.5,1134.4,1151.3,1164.1,1189.6,1233.2,1283.7,1319.8,1400,1426.7,1493.6,1516.6
960.289999999997,943.43,931.789999999999,918.120000000001,921.15,908.680000000002,915.309999999999,907.93,902.83,922.74,922.160000000002,946.74,958.200000000001,985.950000000001,1003.3,1034.4,1063.1,1099.4,1135.8,1152.7,1165.4,1190.4,1233.3,1283.3,1318.3,1399.3,1424.6,1492.1,1513.7
961.290000000001,944.529999999999,933.049999999999,919.490000000002,922.93,910.509999999998,917.580000000002,910.209999999999,905.18,925.52,924.890000000003,949.82,961.210000000003,989.119999999999,1006.18,1037.2,1065.5,1101.3,1137.2,1154.1,1166.7,1191.2,1233.4,1282.9,1316.8,1398.6,1422.5,1490.6,1510.8
962.290000000001,945.630000000001,934.310000000001,920.860000000001,924.709999999999,912.34,919.850000000002,912.489999999998,907.530000000002,928.300000000003,927.619999999999,952.899999999998,964.219999999998,992.289999999997,1009.06,1040,1067.9,1103.2,1138.6,1155.5,1168,1192,1233.5,1282.5,1315.3,1397.9,1420.4,1489.1,1507.9
963.289999999997,946.73,935.57,922.230000000003,926.490000000002,914.169999999998,922.120000000003,914.769999999997,909.880000000001,931.080000000002,930.349999999999,955.98,967.23,995.459999999999,1011.94,1042.8,1070.3,1105.1,1140,1156.9,1169.3,1192.8,1233.6,1282.1,1313.8,1397.2,1418.3,1487.6,1505.00000000001
964.290000000001,947.830000000002,936.829999999998,923.600000000002,928.269999999997,916,924.390000000003,917.049999999999,912.23,933.860000000004,933.080000000002,959.059999999998,970.239999999998,998.630000000001,1014.82,1045.6,1072.7,1107,1141.4,1158.3,1170.6,1193.6,1233.7,1281.7,1312.3,1396.5,1416.2,1486.1,1502.10000000001
965.290000000001,948.93,938.09,924.970000000001,930.049999999999,917.830000000002,926.660000000003,919.330000000002,914.580000000002,936.640000000003,935.810000000001,962.139999999996,973.25,1001.8,1017.7,1048.4,1075.1,1108.90000000001,1142.8,1159.7,1171.9,1194.4,1233.8,1281.3,1310.8,1395.80000000001,1414.10000000001,1484.6,1499.2
966.290000000001,950.029999999999,939.349999999999,926.34,931.829999999998,919.66,928.93,921.610000000001,916.93,939.420000000002,938.540000000001,965.220000000001,976.260000000002,1004.97,1020.58,1051.2,1077.5,1110.8,1144.19999999999,1161.1,1173.2,1195.2,1233.9,1280.9,1309.3,1395.10000000001,1412,1483.10000000001,1496.3
967.290000000001,951.130000000001,940.610000000001,927.709999999999,933.610000000001,921.490000000002,931.200000000001,923.889999999999,919.279999999999,942.200000000001,941.27,968.299999999999,979.27,1008.14,1023.46,1054,1079.9,1112.7,1145.6,1162.5,1174.5,1196,1234,1280.5,1307.8,1394.4,1409.9,1481.6,1493.4
968.289999999997,952.23,941.869999999999,929.080000000002,935.389999999999,923.32,933.470000000001,926.169999999998,921.629999999997,944.980000000003,944,971.379999999997,982.280000000002,1011.31,1026.34,1056.8,1082.3,1114.6,1147,1163.9,1175.8,1196.8,1234.1,1280.1,1306.3,1393.7,1407.8,1480.1,1490.50000000001
969.290000000001,953.330000000002,943.130000000001,930.450000000001,937.170000000002,925.150000000001,935.740000000005,928.449999999997,923.980000000003,947.760000000002,946.73,974.459999999995,985.289999999997,1014.48,1029.22,1059.6,1084.7,1116.5,1148.39999999999,1165.3,1177.1,1197.6,1234.2,1279.7,1304.8,1393.00000000001,1405.7,1478.6,1487.60000000001
970.290000000001,954.43,944.389999999999,931.82,938.949999999997,926.98,938.010000000006,930.73,926.330000000002,950.540000000005,949.459999999999,977.539999999997,988.299999999999,1017.65,1032.1,1062.4,1087.1,1118.40000000001,1149.8,1166.7,1178.4,1198.4,1234.3,1279.3,1303.3,1392.30000000001,1403.60000000001,1477.1,1484.7
971.289999999997,955.530000000002,945.649999999998,933.190000000002,940.73,928.810000000001,940.280000000002,933.010000000002,928.68,953.32,952.189999999999,980.619999999999,991.309999999998,1020.82,1034.98,1065.2,1089.5,1120.3,1151.2,1168.1,1179.7,1199.2,1234.39999999999,1278.89999999999,1301.8,1391.60000000001,1401.5,1475.60000000001,1481.8
972.290000000001,956.630000000001,946.91,934.560000000001,942.509999999998,930.639999999999,942.550000000003,935.290000000001,931.030000000002,956.100000000002,954.920000000002,983.699999999997,994.32,1023.99,1037.86,1068,1091.9,1122.2,1152.6,1169.5,1181,1200,1234.5,1278.5,1300.3,1390.9,1399.4,1474.1,1478.9
973.290000000001,957.73,948.169999999998,935.93,944.290000000001,932.470000000001,944.820000000003,937.57,933.380000000001,958.880000000001,957.650000000001,986.779999999999,997.329999999998,1027.16,1040.74,1070.8,1094.3,1124.10000000001,1153.99999999999,1170.9,1182.3,1200.8,1234.6,1278.1,1298.8,1390.2,1397.3,1472.6,1476.00000000001
974.290000000001,958.830000000002,949.43,937.299999999999,946.07,934.300000000003,947.090000000004,939.849999999999,935.73,961.660000000003,960.380000000001,989.859999999997,1000.34,1030.33,1043.62,1073.6,1096.7,1126,1155.39999999999,1172.3,1183.6,1201.6,1234.7,1277.7,1297.3,1389.50000000001,1395.2,1471.1,1473.10000000001
975.290000000001,959.93,950.690000000002,938.669999999998,947.849999999999,936.130000000001,949.360000000004,942.129999999997,938.080000000002,964.440000000006,963.110000000001,992.939999999995,1003.35,1033.5,1046.5,1076.4,1099.1,1127.9,1156.8,1173.7,1184.9,1202.4,1234.8,1277.3,1295.8,1388.80000000001,1393.10000000001,1469.6,1470.2
976.290000000001,961.029999999999,951.950000000001,940.040000000001,949.630000000001,937.960000000003,951.630000000001,944.409999999996,940.43,967.220000000001,965.84,996.02,1006.36,1036.67,1049.38,1079.2,1101.5,1129.8,1158.2,1175.10000000001,1186.2,1203.2,1234.89999999999,1276.89999999999,1294.3,1388.10000000001,1391,1468.10000000001,1467.3
977.290000000001,962.130000000001,953.209999999999,941.41,951.409999999996,939.790000000001,953.900000000001,946.689999999999,942.779999999999,970.000000000004,968.570000000003,999.099999999999,1009.37,1039.84,1052.25999999999,1082,1103.9,1131.7,1159.6,1176.5,1187.5,1204,1235,1276.5,1292.8,1387.4,1388.9,1466.6,1464.4
978.289999999994,963.229999999996,954.469999999998,942.780000000002,953.189999999999,941.620000000003,956.170000000002,948.970000000001,945.130000000001,972.780000000002,971.299999999999,1002.18,1012.38,1043.01,1055.14,1084.8,1106.3,1133.60000000001,1160.99999999999,1177.9,1188.8,1204.8,1235.1,1276.1,1291.3,1386.7,1386.8,1465.1,1461.50000000001
979.290000000001,964.330000000002,955.729999999996,944.150000000001,954.970000000001,943.450000000004,958.439999999999,951.25,947.48,975.560000000001,974.030000000002,1005.26,1015.39,1046.18,1058.02,1087.6,1108.7,1135.5,1162.39999999999,1179.3,1190.1,1205.6,1235.2,1275.7,1289.8,1386.00000000001,1384.7,1463.6,1458.60000000001
980.290000000001,965.43,956.989999999998,945.520000000004,956.75,945.279999999999,960.710000000006,953.529999999999,949.830000000002,978.340000000004,976.760000000002,1008.34,1018.4,1049.35,1060.9,1090.4,1111.1,1137.4,1163.8,1180.7,1191.4,1206.4,1235.3,1275.3,1288.3,1385.30000000001,1382.60000000001,1462.1,1455.7
981.290000000001,966.529999999999,958.25,946.889999999999,958.529999999999,947.110000000001,962.980000000003,955.809999999998,952.18,981.120000000003,979.490000000005,1011.42,1021.41,1052.52,1063.78,1093.2,1113.5,1139.3,1165.2,1182.10000000001,1192.7,1207.2,1235.39999999999,1274.89999999999,1286.8,1384.60000000001,1380.5,1460.60000000001,1452.8
982.290000000001,967.630000000005,959.510000000002,948.260000000002,960.309999999998,948.940000000002,965.250000000007,958.089999999997,954.529999999999,983.900000000009,982.220000000001,1014.49999999999,1024.42,1055.69,1066.66,1096,1115.9,1141.2,1166.6,1183.5,1194,1208,1235.5,1274.5,1285.3,1383.9,1378.4,1459.1,1449.9
983.290000000001,968.730000000003,960.770000000004,949.629999999997,962.090000000004,950.770000000004,967.520000000004,960.369999999995,956.880000000005,986.68,984.949999999997,1017.57999999999,1027.43,1058.85999999999,1069.54,1098.8,1118.3,1143.10000000001,1167.99999999999,1184.9,1195.3,1208.8,1235.6,1274.1,1283.8,1383.2,1376.3,1457.6,1447.00000000001
984.290000000001,969.829999999994,962.029999999999,951,963.870000000003,952.599999999999,969.790000000001,962.649999999994,959.230000000003,989.459999999999,987.68,1020.66,1030.44,1062.03,1072.42,1101.6,1120.7,1145,1169.39999999999,1186.3,1196.6,1209.6,1235.7,1273.7,1282.3,1382.50000000001,1374.2,1456.1,1444.10000000001
985.289999999994,970.93,963.290000000001,952.370000000003,965.650000000001,954.43,972.060000000005,964.929999999993,961.580000000002,992.240000000005,990.409999999996,1023.74,1033.45,1065.2,1075.3,1104.4,1123.1,1146.9,1170.8,1187.7,1197.9,1210.4,1235.8,1273.3,1280.8,1381.80000000001,1372.10000000001,1454.6,1441.20000000001
986.290000000001,972.029999999999,964.549999999996,953.740000000005,967.429999999993,956.260000000002,974.330000000002,967.209999999999,963.93,995.020000000004,993.140000000007,1026.82,1036.46,1068.37,1078.18,1107.2,1125.5,1148.8,1172.19999999999,1189.10000000001,1199.2,1211.2,1235.89999999999,1272.89999999999,1279.3,1381.10000000001,1370,1453.10000000001,1438.3
987.290000000001,973.130000000005,965.809999999998,955.110000000001,969.209999999999,958.090000000004,976.600000000006,969.490000000005,966.279999999999,997.800000000003,995.870000000003,1029.89999999999,1039.47,1071.54,1081.06,1110,1127.9,1150.7,1173.6,1190.50000000001,1200.5,1212,1235.99999999999,1272.49999999999,1277.8,1380.40000000001,1367.90000000001,1451.59999999999,1435.40000000001
988.290000000001,974.230000000003,967.07,956.480000000003,970.989999999998,959.919999999998,978.870000000003,971.770000000004,968.629999999997,1000.58,998.600000000006,1032.98,1042.48,1074.71,1083.94,1112.8,1130.3,1152.60000000001,1174.99999999999,1191.9,1201.8,1212.8,1236.1,1272.1,1276.3,1379.7,1365.8,1450.10000000001,1432.5
989.290000000001,975.330000000002,968.329999999994,957.849999999999,972.769999999997,961.750000000007,981.140000000007,974.050000000003,970.980000000003,1003.36000000001,1001.33,1036.05999999999,1045.49,1077.88,1086.82,1115.6,1132.7,1154.50000000001,1176.39999999999,1193.3,1203.1,1213.6,1236.2,1271.7,1274.8,1379.00000000001,1363.70000000001,1448.59999999999,1429.60000000002
990.290000000001,976.43,969.589999999997,959.220000000001,974.549999999996,963.580000000002,983.410000000003,976.330000000002,973.330000000002,1006.14000000001,1004.06,1039.14,1048.5,1081.05,1089.7,1118.39999999999,1135.1,1156.40000000001,1177.79999999999,1194.7,1204.39999999999,1214.39999999999,1236.3,1271.3,1273.3,1378.30000000002,1361.60000000001,1447.10000000001,1426.70000000001
991.290000000001,977.529999999999,970.849999999999,960.589999999997,976.329999999994,965.410000000003,985.68,978.610000000001,975.68,1008.92000000001,1006.79,1042.22,1051.51,1084.22,1092.57999999999,1121.2,1137.5,1158.3,1179.19999999999,1196.10000000001,1205.7,1215.2,1236.39999999999,1270.89999999999,1271.8,1377.60000000001,1359.5,1445.60000000001,1423.8
992.290000000001,978.629999999997,972.110000000001,961.959999999999,978.110000000001,967.239999999998,987.950000000004,980.889999999999,978.029999999999,1011.7,1009.52,1045.3,1054.52,1087.39,1095.46,1124,1139.9,1160.2,1180.6,1197.50000000001,1207,1216,1236.49999999999,1270.49999999999,1270.3,1376.90000000001,1357.40000000001,1444.09999999999,1420.90000000001
993.290000000001,979.730000000003,973.370000000003,963.329999999994,979.889999999999,969.070000000007,990.220000000001,983.169999999998,980.379999999997,1014.48,1012.25,1048.38,1057.53,1090.56,1098.34,1126.8,1142.3,1162.10000000001,1181.99999999999,1198.9,1208.3,1216.8,1236.6,1270.09999999999,1268.79999999999,1376.20000000001,1355.3,1442.60000000001,1418
994.289999999994,980.830000000002,974.629999999997,964.700000000004,981.669999999998,970.900000000001,992.490000000005,985.449999999997,982.729999999996,1017.26000000001,1014.98,1051.45999999999,1060.54,1093.73,1101.22,1129.6,1144.7,1164.00000000001,1183.39999999999,1200.3,1209.6,1217.6,1236.7,1269.7,1267.3,1375.50000000001,1353.20000000001,1441.09999999999,1415.10000000002
995.290000000001,981.93,975.889999999999,966.07,983.449999999997,972.730000000003,994.760000000002,987.729999999996,985.079999999994,1020.04000000001,1017.71000000001,1054.53999999999,1063.55,1096.89999999999,1104.1,1132.39999999999,1147.1,1165.90000000001,1184.79999999999,1201.7,1210.89999999999,1218.39999999999,1236.8,1269.29999999999,1265.8,1374.80000000002,1351.10000000001,1439.60000000001,1412.20000000001
996.290000000001,983.030000000006,977.150000000001,967.440000000002,985.230000000003,974.559999999998,997.030000000006,990.009999999995,987.430000000008,1022.82,1020.44,1057.62,1066.56,1100.06999999999,1106.98,1135.2,1149.5,1167.8,1186.19999999999,1203.10000000001,1212.2,1219.2,1236.89999999999,1268.89999999999,1264.3,1374.10000000001,1349,1438.10000000001,1409.3
997.290000000001,984.129999999997,978.410000000003,968.809999999998,987.010000000002,976.390000000007,999.30000000001,992.289999999994,989.780000000006,1025.60000000001,1023.17,1060.7,1069.56999999999,1103.24,1109.86,1138,1151.9,1169.7,1187.59999999999,1204.50000000001,1213.5,1220,1237,1268.5,1262.8,1373.40000000001,1346.90000000001,1436.59999999999,1406.40000000001
998.290000000001,985.229999999996,979.670000000006,970.18,988.790000000001,978.220000000001,1001.57000000001,994.569999999992,992.130000000005,1028.38,1025.9,1063.78,1072.58,1106.41,1112.74,1140.8,1154.3,1171.60000000001,1188.99999999999,1205.90000000001,1214.8,1220.8,1237.09999999999,1268.09999999999,1261.29999999999,1372.70000000001,1344.8,1435.10000000001,1403.5
999.290000000001,986.330000000002,980.929999999993,971.549999999996,990.569999999992,980.050000000003,1003.84000000001,996.849999999999,994.480000000003,1031.16000000001,1028.63,1066.85999999999,1075.59,1109.58,1115.62,1143.6,1156.7,1173.50000000001,1190.39999999999,1207.3,1216.1,1221.59999999999,1237.2,1267.7,1259.8,1372.00000000001,1342.70000000001,1433.59999999999,1400.60000000002
1000.29,987.43,982.189999999995,972.919999999998,992.349999999999,981.880000000005,1006.11000000001,999.130000000005,996.830000000002,1033.94,1031.36,1069.94,1078.6,1112.75,1118.5,1146.39999999999,1159.1,1175.40000000001,1191.79999999999,1208.7,1217.39999999999,1222.39999999999,1237.29999999999,1267.29999999999,1258.3,1371.30000000002,1340.60000000001,1432.10000000001,1397.70000000001
1001.28999999999,988.530000000006,983.449999999997,974.290000000001,994.129999999997,983.710000000006,1008.38,1001.41,999.18,1036.72,1034.09,1073.02,1081.61,1115.92,1121.38,1149.2,1161.5,1177.3,1193.2,1210.10000000001,1218.7,1223.2,1237.39999999999,1266.89999999999,1256.8,1370.60000000001,1338.5,1430.60000000001,1394.8
1002.29,989.630000000005,984.709999999999,975.660000000003,995.909999999996,985.540000000001,1010.65000000001,1003.69,1001.53000000001,1039.50000000001,1036.82000000001,1076.09999999999,1084.62,1119.09,1124.26,1152,1163.9,1179.2,1194.59999999999,1211.5,1220,1224,1237.5,1266.5,1255.3,1369.90000000001,1336.40000000001,1429.09999999999,1391.90000000001
1003.29,990.729999999996,985.970000000001,977.029999999999,997.689999999995,987.370000000003,1012.92000000001,1005.97,1003.88,1042.28000000001,1039.55,1079.18,1087.63,1122.26,1127.14,1154.8,1166.3,1181.10000000001,1196,1212.90000000001,1221.3,1224.8,1237.59999999999,1266.09999999999,1253.79999999999,1369.20000000001,1334.3,1427.60000000001,1389
1004.29,991.830000000002,987.229999999996,978.400000000001,999.470000000001,989.200000000004,1015.19000000001,1008.25,1006.23,1045.06,1042.28000000001,1082.25999999999,1090.64,1125.43,1130.02,1157.6,1168.7,1183.00000000001,1197.39999999998,1214.3,1222.59999999999,1225.59999999999,1237.7,1265.7,1252.3,1368.50000000001,1332.20000000001,1426.09999999999,1386.10000000002
1005.29,992.93,988.489999999998,979.769999999997,1001.25,991.030000000006,1017.46000000001,1010.53,1008.58,1047.84,1045.01,1085.34,1093.65,1128.6,1132.9,1160.39999999999,1171.1,1184.90000000001,1198.79999999999,1215.70000000001,1223.89999999999,1226.39999999999,1237.79999999999,1265.29999999999,1250.8,1367.80000000002,1330.10000000001,1424.60000000001,1383.20000000001
1006.29,994.029999999999,989.75,981.139999999999,1003.03,992.860000000001,1019.73,1012.81,1010.93,1050.62,1047.74,1088.42,1096.66,1131.77,1135.78,1163.2,1173.5,1186.8,1200.2,1217.10000000001,1225.2,1227.2,1237.89999999999,1264.89999999999,1249.3,1367.10000000001,1328,1423.10000000001,1380.3
1007.29,995.130000000005,991.010000000002,982.510000000002,1004.81,994.690000000002,1022.00000000001,1015.09,1013.28,1053.40000000001,1050.47,1091.49999999999,1099.67,1134.94,1138.66,1166,1175.89999999999,1188.7,1201.59999999999,1218.5,1226.5,1228,1238,1264.5,1247.8,1366.40000000001,1325.90000000001,1421.59999999999,1377.40000000001
1008.29,996.230000000003,992.270000000004,983.879999999997,1006.59,996.520000000004,1024.27,1017.37,1015.63,1056.18000000001,1053.2,1094.57999999999,1102.68,1138.10999999999,1141.53999999999,1168.8,1178.3,1190.60000000001,1203,1219.90000000001,1227.8,1228.8,1238.09999999999,1264.09999999999,1246.29999999999,1365.70000000001,1323.8,1420.10000000001,1374.5
1009.29,997.330000000002,993.529999999999,985.25,1008.37,998.349999999999,1026.54000000001,1019.64999999999,1017.98,1058.96000000001,1055.93,1097.65999999999,1105.69,1141.27999999999,1144.42,1171.59999999999,1180.7,1192.50000000001,1204.39999999998,1221.3,1229.09999999999,1229.59999999999,1238.2,1263.7,1244.8,1365.00000000001,1321.70000000001,1418.59999999999,1371.60000000002
1010.28999999999,998.43,994.790000000001,986.620000000003,1010.15,1000.18,1028.81,1021.92999999999,1020.33,1061.74000000001,1058.66,1100.74,1108.7,1144.45,1147.3,1174.39999999999,1183.09999999999,1194.40000000001,1205.79999999999,1222.70000000001,1230.39999999999,1230.39999999999,1238.29999999999,1263.29999999999,1243.3,1364.30000000002,1319.60000000001,1417.10000000001,1368.70000000001
1011.29000000001,999.529999999999,996.050000000003,987.990000000005,1011.93,1002.01,1031.08,1024.20999999999,1022.68,1064.52,1061.39000000001,1103.82,1111.71,1147.62,1150.17999999999,1177.2,1185.5,1196.3,1207.2,1224.10000000001,1231.7,1231.2,1238.39999999999,1262.89999999999,1241.8,1363.60000000001,1317.5,1415.60000000001,1365.8
1012.28999999999,1000.63,997.309999999998,989.360000000001,1013.70999999999,1003.84,1033.35000000001,1026.49,1025.03,1067.30000000001,1064.12,1106.89999999999,1114.72,1150.79,1153.06,1180,1187.89999999999,1198.2,1208.59999999999,1225.5,1233,1232,1238.5,1262.5,1240.3,1362.90000000001,1315.40000000001,1414.09999999999,1362.90000000001
1013.29000000001,1001.73,998.57,990.730000000003,1015.49,1005.67,1035.62,1028.77,1027.38,1070.08,1066.85000000001,1109.98,1117.73,1153.96000000001,1155.93999999999,1182.8,1190.3,1200.10000000001,1210,1226.90000000001,1234.3,1232.8,1238.59999999999,1262.09999999999,1238.79999999999,1362.20000000001,1313.3,1412.60000000001,1360
1014.28999999999,1002.83,999.829999999994,992.099999999999,1017.27,1007.50000000001,1037.89000000001,1031.05,1029.73,1072.86000000001,1069.58,1113.05999999999,1120.73999999999,1157.13,1158.81999999999,1185.59999999999,1192.7,1202.00000000001,1211.39999999998,1228.3,1235.59999999999,1233.59999999999,1238.7,1261.7,1237.3,1361.50000000001,1311.20000000001,1411.09999999999,1357.10000000002
1015.28999999999,1003.92999999999,1001.09,993.470000000008,1019.05,1009.33,1040.16,1033.33,1032.08,1075.64000000001,1072.31,1116.13999999999,1123.75,1160.3,1161.70000000001,1188.39999999999,1195.09999999999,1203.90000000001,1212.79999999999,1229.70000000001,1236.89999999999,1234.39999999999,1238.79999999999,1261.29999999999,1235.8,1360.80000000002,1309.10000000001,1409.60000000001,1354.20000000001
1016.29000000001,1005.03,1002.34999999999,994.839999999997,1020.83,1011.16,1042.43,1035.61,1034.43,1078.42000000001,1075.04,1119.22,1126.75999999999,1163.47,1164.58,1191.2,1197.5,1205.8,1214.2,1231.10000000001,1238.2,1235.2,1238.89999999999,1260.89999999999,1234.3,1360.10000000001,1307,1408.10000000001,1351.3
1017.28999999999,1006.13,1003.61,996.210000000006,1022.61,1012.99000000001,1044.7,1037.89,1036.78000000001,1081.2,1077.77,1122.3,1129.77,1166.64,1167.46000000001,1194,1199.89999999999,1207.7,1215.59999999999,1232.5,1239.5,1236,1239,1260.5,1232.8,1359.40000000001,1304.90000000001,1406.59999999999,1348.40000000001
1018.29000000001,1007.23,1004.87,997.580000000002,1024.39,1014.81999999999,1046.97000000002,1040.17,1039.13,1083.98000000001,1080.5,1125.37999999999,1132.78,1169.81,1170.34,1196.8,1202.3,1209.60000000001,1217,1233.90000000001,1240.8,1236.8,1239.09999999999,1260.09999999999,1231.29999999999,1358.70000000001,1302.8,1405.10000000001,1345.5
1019.28999999999,1008.33,1006.13,998.949999999997,1026.17,1016.65000000001,1049.24000000001,1042.45,1041.48,1086.76000000001,1083.23,1128.45999999999,1135.78999999999,1172.98,1173.22,1199.59999999999,1204.7,1211.50000000001,1218.39999999998,1235.3,1242.09999999999,1237.59999999999,1239.2,1259.7,1229.8,1358.00000000001,1300.70000000001,1403.59999999999,1342.60000000002
1020.29000000001,1009.43000000001,1007.39,1000.31999999999,1027.95,1018.48000000001,1051.51000000001,1044.73,1043.83,1089.54000000001,1085.96000000001,1131.53999999999,1138.8,1176.14999999999,1176.09999999999,1202.39999999999,1207.09999999999,1213.40000000001,1219.79999999999,1236.70000000001,1243.39999999999,1238.39999999999,1239.29999999999,1259.29999999999,1228.3,1357.30000000002,1298.60000000001,1402.10000000001,1339.70000000001
1021.28999999999,1010.53,1008.64999999999,1001.69,1029.73,1020.31,1053.78,1047.00999999999,1046.17999999999,1092.32000000001,1088.69,1134.62,1141.81000000001,1179.31999999999,1178.98,1205.2,1209.5,1215.3,1221.2,1238.10000000001,1244.7,1239.2,1239.39999999999,1258.89999999999,1226.8,1356.60000000001,1296.5,1400.60000000001,1336.8
1022.28999999999,1011.63,1009.91,1003.06000000001,1031.50999999999,1022.14,1056.05,1049.28999999999,1048.53,1095.10000000001,1091.42,1137.7,1144.81999999999,1182.48999999999,1181.86,1208,1211.89999999999,1217.2,1222.59999999999,1239.5,1246,1240,1239.5,1258.5,1225.3,1355.90000000001,1294.40000000001,1399.09999999999,1333.90000000001
1023.29000000001,1012.73000000001,1011.17,1004.42999999999,1033.28999999999,1023.97000000002,1058.32000000001,1051.56999999999,1050.87999999999,1097.88000000002,1094.15000000001,1140.77999999998,1147.83,1185.65999999999,1184.73999999999,1210.8,1214.3,1219.10000000001,1224,1240.90000000001,1247.3,1240.8,1239.59999999999,1258.09999999999,1223.79999999999,1355.20000000001,1292.3,1397.60000000001,1331
1024.28999999999,1013.83,1012.43000000001,1005.8,1035.07000000001,1025.8,1060.59000000001,1053.84999999999,1053.23,1100.66,1096.88,1143.85999999999,1150.84000000001,1188.82999999999,1187.62000000001,1213.59999999999,1216.7,1221.00000000001,1225.39999999998,1242.3,1248.59999999999,1241.59999999999,1239.7,1257.7,1222.3,1354.50000000001,1290.20000000001,1396.09999999999,1328.10000000002
1025.29000000001,1014.93000000001,1013.69,1007.17,1036.85000000001,1027.63,1062.86,1056.12999999999,1055.58,1103.44,1099.61,1146.93999999999,1153.84999999999,1191.99999999999,1190.5,1216.39999999999,1219.09999999999,1222.90000000001,1226.79999999999,1243.70000000001,1249.89999999999,1242.39999999999,1239.79999999999,1257.29999999999,1220.8,1353.80000000002,1288.10000000001,1394.60000000001,1325.20000000001
1026.28999999999,1016.03,1014.95,1008.54000000001,1038.63,1029.45999999999,1065.13,1058.40999999999,1057.93000000001,1106.22,1102.34,1150.02,1156.86,1195.17,1193.38,1219.2,1221.5,1224.8,1228.19999999998,1245.10000000001,1251.2,1243.2,1239.89999999999,1256.89999999999,1219.3,1353.10000000002,1286.00000000001,1393.09999999999,1322.30000000002
1027.29000000001,1017.12999999999,1016.21000000001,1009.90999999999,1040.41,1031.29000000001,1067.39999999999,1060.68999999999,1060.28,1109,1105.07000000001,1153.10000000001,1159.87,1198.34,1196.25999999999,1222,1223.89999999999,1226.7,1229.59999999999,1246.50000000001,1252.5,1244,1239.99999999999,1256.49999999999,1217.8,1352.40000000002,1283.90000000001,1391.60000000001,1319.39999999999
1028.28999999999,1018.23,1017.47,1011.28,1042.19,1033.12000000001,1069.67000000001,1062.96999999999,1062.63,1111.78000000001,1107.8,1156.17999999999,1162.88,1201.50999999999,1199.14,1224.8,1226.3,1228.60000000001,1231,1247.90000000001,1253.8,1244.8,1240.09999999999,1256.09999999999,1216.29999999999,1351.70000000001,1281.8,1390.09999999999,1316.50000000003
1029.28999999999,1019.33,1018.73000000001,1012.65000000001,1043.97,1034.95,1071.94000000002,1065.24999999999,1064.98000000001,1114.56000000001,1110.53,1159.25999999999,1165.89,1204.67999999999,1202.02,1227.59999999999,1228.7,1230.50000000001,1232.39999999998,1249.3,1255.09999999999,1245.59999999999,1240.2,1255.7,1214.8,1351.00000000001,1279.70000000001,1388.60000000001,1313.60000000001
1030.29000000001,1020.42999999999,1019.99000000001,1014.02,1045.75,1036.78,1074.21000000001,1067.52999999998,1067.33,1117.34000000001,1113.26000000001,1162.34,1168.89999999999,1207.84999999999,1204.89999999999,1230.39999999999,1231.09999999999,1232.40000000001,1233.79999999999,1250.70000000001,1256.39999999999,1246.39999999999,1240.29999999999,1255.29999999999,1213.3,1350.30000000002,1277.60000000001,1387.10000000001,1310.70000000001
1031.28999999999,1021.53,1021.24999999999,1015.39,1047.52999999998,1038.61000000002,1076.48000000001,1069.81,1069.68000000001,1120.12000000001,1115.99000000001,1165.42,1171.91,1211.02,1207.78,1233.2,1233.5,1234.3,1235.19999999998,1252.10000000001,1257.7,1247.2,1240.39999999999,1254.89999999999,1211.8,1349.60000000002,1275.5,1385.60000000001,1307.80000000002
1032.29000000001,1022.63,1022.50999999999,1016.75999999999,1049.31,1040.44,1078.75,1072.09000000001,1072.03,1122.89999999999,1118.72,1168.5,1174.92,1214.19,1210.66,1236,1235.89999999999,1236.2,1236.59999999999,1253.50000000001,1259,1248,1240.49999999999,1254.49999999999,1210.3,1348.90000000002,1273.39999999999,1384.10000000001,1304.89999999999
1033.28999999999,1023.73000000001,1023.76999999999,1018.13,1051.09,1042.27,1081.02000000002,1074.37000000001,1074.38,1125.68000000001,1121.45,1171.57999999999,1177.92999999999,1217.36,1213.54000000001,1238.8,1238.3,1238.10000000001,1238,1254.90000000001,1260.3,1248.8,1240.59999999999,1254.09999999999,1208.79999999999,1348.20000000001,1271.30000000002,1382.59999999998,1302.00000000003
1034.29000000001,1024.83,1025.03,1019.5,1052.87,1044.10000000001,1083.29000000001,1076.65000000001,1076.73,1128.46000000001,1124.18000000001,1174.65999999999,1180.94,1220.53,1216.42,1241.59999999999,1240.7,1240.00000000001,1239.39999999998,1256.3,1261.59999999999,1249.59999999999,1240.7,1253.7,1207.3,1347.50000000001,1269.20000000001,1381.10000000001,1299.10000000001
1035.28999999999,1025.93000000001,1026.28999999999,1020.87,1054.64999999999,1045.93000000001,1085.56000000001,1078.93000000001,1079.08,1131.24000000001,1126.91,1177.73999999999,1183.95000000001,1223.7,1219.3,1244.39999999999,1243.09999999999,1241.90000000001,1240.79999999999,1257.70000000001,1262.89999999999,1250.39999999999,1240.79999999999,1253.29999999999,1205.8,1346.80000000002,1267.10000000001,1379.60000000001,1296.20000000001
1036.29000000001,1027.03000000001,1027.54999999999,1022.23999999999,1056.42999999999,1047.76000000001,1087.83,1081.21000000001,1081.42999999999,1134.02,1129.64,1180.81999999999,1186.95999999999,1226.87,1222.17999999999,1247.2,1245.5,1243.8,1242.19999999998,1259.10000000001,1264.2,1251.2,1240.89999999999,1252.89999999999,1204.3,1346.10000000001,1265,1378.10000000001,1293.30000000002
1037.28999999999,1028.13,1028.81,1023.61,1058.20999999999,1049.59000000001,1090.10000000002,1083.49000000001,1083.78000000001,1136.80000000002,1132.37,1183.89999999998,1189.97,1230.03999999999,1225.06,1250,1247.89999999999,1245.70000000001,1243.59999999999,1260.50000000001,1265.5,1252,1240.99999999999,1252.49999999999,1202.79999999999,1345.40000000002,1262.90000000002,1376.59999999998,1290.40000000002
1038.28999999999,1029.23,1030.06999999999,1024.98000000001,1059.98999999999,1051.42,1092.37000000001,1085.77,1086.13,1139.58000000002,1135.10000000001,1186.98,1192.98000000001,1233.21000000001,1227.94,1252.79999999999,1250.3,1247.60000000002,1244.99999999999,1261.90000000001,1266.79999999999,1252.79999999999,1241.09999999999,1252.09999999999,1201.3,1344.70000000004,1260.80000000002,1375.10000000001,1287.50000000003
1039.29000000001,1030.33,1031.33,1026.35000000001,1061.76999999999,1053.25,1094.64000000001,1088.05,1088.48000000001,1142.36000000002,1137.83,1190.06,1195.98999999999,1236.38,1230.81999999999,1255.59999999999,1252.7,1249.50000000001,1246.39999999998,1263.3,1268.09999999999,1253.59999999999,1241.2,1251.7,1199.8,1344.00000000003,1258.70000000001,1373.60000000001,1284.60000000001
1040.28999999999,1031.42999999999,1032.59,1027.72,1063.54999999999,1055.08,1096.91,1090.33,1090.83,1145.14000000001,1140.56,1193.14,1199,1239.55,1233.7,1258.39999999999,1255.09999999999,1251.40000000001,1247.79999999999,1264.70000000001,1269.39999999999,1254.39999999999,1241.29999999999,1251.29999999999,1198.29999999999,1343.30000000002,1256.60000000001,1372.10000000001,1281.70000000001
1041.29000000001,1032.53,1033.84999999999,1029.09,1065.33,1056.91,1099.18000000001,1092.61,1093.18000000001,1147.92,1143.29000000001,1196.22,1202.00999999999,1242.72,1236.58,1261.2,1257.5,1253.3,1249.19999999998,1266.10000000001,1270.7,1255.2,1241.39999999999,1250.89999999999,1196.80000000002,1342.60000000001,1254.5,1370.60000000001,1278.80000000002
1042.28999999999,1033.63,1035.11,1030.46000000001,1067.11,1058.74000000001,1101.45000000001,1094.89,1095.53,1150.70000000001,1146.02,1199.29999999999,1205.02,1245.89,1239.46000000001,1264,1259.89999999999,1255.20000000001,1250.59999999999,1267.50000000001,1272,1256,1241.49999999999,1250.49999999999,1195.29999999999,1341.90000000002,1252.40000000002,1369.09999999998,1275.90000000002
1043.29000000001,1034.73,1036.37,1031.83,1068.89,1060.56999999999,1103.72000000002,1097.17,1097.88,1153.48000000001,1148.75,1202.37999999999,1208.03,1249.06,1242.34,1266.79999999999,1262.3,1257.10000000002,1251.99999999999,1268.90000000001,1273.29999999999,1256.79999999999,1241.59999999999,1250.09999999999,1193.80000000002,1341.20000000004,1250.30000000002,1367.60000000001,1273.00000000003
1044.28999999999,1035.83,1037.63,1033.2,1070.67,1062.40000000001,1105.99000000001,1099.45,1100.23,1156.26000000001,1151.48,1205.45999999999,1211.03999999999,1252.23,1245.22,1269.59999999999,1264.7,1259.00000000001,1253.39999999998,1270.3,1274.59999999999,1257.59999999999,1241.7,1249.69999999998,1192.29999999999,1340.50000000003,1248.20000000001,1366.10000000001,1270.10000000001
1045.29000000001,1036.93000000001,1038.89,1034.56999999999,1072.45,1064.23000000001,1108.26000000001,1101.73,1102.58,1159.04000000001,1154.21000000001,1208.53999999999,1214.05,1255.39999999999,1248.09999999999,1272.39999999999,1267.09999999999,1260.90000000001,1254.79999999999,1271.70000000001,1275.89999999999,1258.39999999999,1241.79999999999,1249.29999999999,1190.79999999999,1339.80000000002,1246.10000000001,1364.60000000001,1267.20000000001
1046.28999999999,1038.03,1040.14999999999,1035.94,1074.23,1066.06,1110.53,1104.00999999999,1104.92999999999,1161.82000000001,1156.93999999999,1211.62,1217.06,1258.56999999999,1250.98,1275.2,1269.5,1262.8,1256.19999999998,1273.10000000001,1277.2,1259.2,1241.89999999999,1248.89999999999,1189.30000000002,1339.10000000001,1244,1363.10000000001,1264.30000000002
1047.28999999999,1039.13,1041.41,1037.31000000001,1076.00999999999,1067.89,1112.80000000002,1106.28999999999,1107.28,1164.60000000002,1159.67,1214.69999999998,1220.06999999999,1261.73999999999,1253.86,1278,1271.89999999999,1264.70000000001,1257.59999999999,1274.50000000001,1278.5,1260,1241.99999999999,1248.5,1187.79999999999,1338.40000000002,1241.90000000002,1361.59999999998,1261.40000000002
1048.29000000001,1040.23000000001,1042.67,1038.67999999999,1077.78999999999,1069.72000000002,1115.07000000001,1108.56999999999,1109.62999999999,1167.38000000002,1162.40000000001,1217.77999999998,1223.08,1264.90999999999,1256.73999999999,1280.79999999999,1274.3,1266.60000000002,1258.99999999999,1275.90000000001,1279.79999999999,1260.79999999999,1242.09999999999,1248.09999999998,1186.30000000002,1337.70000000004,1239.80000000002,1360.10000000001,1258.50000000003
1049.28999999999,1041.33,1043.93000000001,1040.05,1079.57000000001,1071.55,1117.34000000001,1110.84999999999,1111.98,1170.16,1165.13,1220.85999999999,1226.09000000001,1268.07999999999,1259.62000000001,1283.59999999999,1276.7,1268.50000000001,1260.39999999998,1277.3,1281.09999999999,1261.59999999999,1242.19999999998,1247.69999999998,1184.79999999999,1337.00000000003,1237.70000000001,1358.60000000001,1255.60000000001
