11993,11648,11305,10972,10628,10285,9952.3,9608.1,9264.7,8933.2,8590.6,8247.7,7916.2,7641.4,7366.1,7080,6804.7,6497.5,6232.5,6155.8,6068.3,5892.5,5617.5,5332.5,5058.6,4783.8,4510.6,4226.1,3951.6
12037,11697,11354,11016,10676,10333,9995.5,9656.1,9312.8,8976.5,8638.2,8295.2,7959,7679,7403.7,7117.6,6842.4,6534.7,6270.2,6193.1,6105.6,5929.7,5654.7,5369.7,5095.4,4820.7,4547.1,4262.6,3988.1
12081,11746,11402,11060,10725,10381,10039,9704.2,9360.8,9019.7,8685.7,8342.7,8001.7,7716.6,7441.4,7155.3,6880,6572,6307.8,6230.3,6142.8,5967,5692,5407,5132.3,4857.5,4583.6,4299.1,4024.6
12130,11795,11451,11107,10773,10429,10086,9752,9408.9,9066.2,8732.9,8390.3,8048,7754.3,7479,7192.9,6917.6,6609.2,6345.4,6267.8,6180,6004.2,5729.2,5444.2,5169.1,4894.4,4620,4335.7,4061.1
12179,11839,11499,11156,10816,10477,10134,9795.2,9456.9,9113.8,8775.7,8437.8,8095,7792.3,7516.6,7230.5,6955.3,6646.6,6383,6305.5,6217.3,6041.4,5766.3,5481.4,5206,4931.2,4656.5,4372.6,4097.8
12228,11883,11548,11204,10859,10526,10182,9838.5,9505,9161.3,8818.5,8485.3,8142.4,7830.4,7554.3,7268.1,6992.9,6684.3,6420.4,6342.9,6254.7,6078.7,5803.1,5518.4,5242.9,4968.1,4693.3,4409.3,4134.7
12277,11932,11597,11253,10908,10574,10230,9886.4,9552.9,9208.8,8865.9,8532.9,8189.9,7868,7591.9,7305.8,7030.1,6723.2,6457.6,6380.1,6292.3,6115.9,5840.1,5555.2,5280.1,5004.9,4730.2,4445.8,4171.3
12326,11981,11646,11301,10957,10622,10278,9934.4,9600.4,9256.7,8913.4,8580.4,8237.4,7905.6,7629.5,7346.3,7067.3,6765.1,6497.9,6417.3,6331.1,6153.2,5877.3,5595.1,5317.3,5041.8,4767,4482.6,4207.8
12375,12030,11693,11350,11005,10670,10327,9982.4,9648,9304.7,8961.4,8628,8285,7947.8,7667.1,7388.7,7104.9,6806.3,6539.8,6454.6,6372.9,6190.4,5914.6,5637,5354.2,5078.7,4803.9,4524.1,4244.3
12424,12079,11738,11398,11054,10719,10375,10030,9696.1,9352.8,9009.4,8675.5,8332.5,7990.6,7704.8,7428.7,7142.6,6843.9,6579.5,6491.8,6414.3,6227.6,5951.8,5676.6,5391.1,5116,4840.8,4565.5,4280.7
12473,12128,11784,11447,11102,10767,10423,10079,9744.2,9400.8,9057.1,8723,8380.1,8036.7,7742.4,7466.3,7184,6881.6,6617.1,6529,6451.5,6264.9,5989,5713.5,5431.4,5153.2,4877.6,4602.5,4318.2
12523,12177,11838,11496,11151,10816,10471,10127,9792.8,9448.9,9104.6,8770.6,8427.6,8083.7,7780.5,7503.9,7226.3,6919.2,6654.6,6566.3,6488.8,6302.1,6026.3,5750.4,5472.9,5190,4914.5,4639,4359.7
12572,12226,11890,11545,11200,10865,10520,10175,9841.3,9496.9,9152.5,8818.1,8475.1,8131.1,7818.5,7541.6,7265.4,6956.8,6691.8,6604,6526,6341.8,6063.5,5787.7,5511.8,5226.9,4951.3,4675.7,4401
12622,12275,11939,11594,11249,10913,10568,10224,9889.4,9544.9,9200.5,8866.1,8522.7,8178.6,7856.5,7579.3,7303.1,6994.1,6729.2,6641.8,6563.3,6383.7,6100.8,5824.9,5549.1,5268,4989.2,4712.6,4437.5
12671,12325,11988,11643,11298,10962,10617,10275,9937.4,9593,9248.6,8914.2,8570.2,8226.2,7894.5,7617.3,7340.7,7031.3,6766.8,6683.7,6600.8,6423.8,6138,5862.2,5586.2,5309.4,5030.6,4749.5,4473.9
12720,12374,12037,11692,11346,11010,10666,10329,9985.5,9641,9296.6,8961.8,8617.7,8273.7,7940.3,7655.9,7378.3,7072.5,6804.9,6725.6,6638.4,6461.1,6178.4,5899.4,5623,5347.4,5071.9,4786.3,4510.7
12770,12423,12087,11741,11399,11059,10714,10379,10034,9689.1,9346.9,9009.3,8665.3,8323.4,7987.3,7698.3,7418,7114.8,6846.8,6763.6,6679,6498.4,6220.3,5940.8,5661.2,5384.3,5108.7,4824.8,4547.6
12820,12473,12136,11790,11453,11108,10764,10427,10082,9737.9,9399.2,9057.2,8713.1,8375.6,8034.7,7740.5,7460.3,7154.1,6888.7,6801.3,6720.9,6536,6259.7,5982.2,5703.1,5421.4,5145.6,4866.3,4587.5
12869,12526,12186,11839,11503,11157,10817,10475,10131,9790.7,9449.7,9105.3,8766,8426.3,8082.3,7778.6,7501.3,7191.7,6926.5,6842.2,6760.5,6574.1,6296.9,6020.3,5744.4,5458.6,5182.4,4906.9,4629
12919,12580,12235,11890,11552,11206,10870,10524,10179,9843.2,9497.8,9153.3,8818.8,8473.8,8129.8,7816.6,7539.4,7229.4,6964.1,6884.1,6798.1,6615.9,6335.9,6057.5,5781.7,5497.6,5219.3,4943.7,4668
12969,12631,12284,11944,11600,11254,10918,10572,10227,9891.3,9545.8,9201.4,8866.5,8521.5,8177.3,7854.6,7577.3,7267,7005.7,6923.3,6837.7,6657.8,6377.8,6097.8,5818.9,5539.1,5259.4,4980.6,4704.4
13021,12680,12338,11997,11650,11308,10967,10621,10279,9939.3,9593.8,9252.4,8914,8569.5,8227.4,7892.7,7615,7306.6,7048,6961,6880,6695.7,6418.7,6139.7,5860.2,5579.5,5300.9,5022.1,4742.4
13076,12730,12392,12046,11702,11362,11016,10672,10332,9987.9,9643.2,9305.2,8962,8618.3,8279.7,7938,7652.9,7349.4,7087,7000.9,6920.9,6733.3,6456.4,6179.2,5901.7,5616.7,5340.1,5063.6,4783.9
13128,12780,12442,12097,11756,11411,11065,10725,10382,10036,9696.7,9355.5,9010.1,8670.6,8329.9,7985,7695.7,7390.7,7124.6,7043.2,6958.1,6774.5,6494.5,6216.5,5939.8,5654.4,5377.3,5101.1,4824.7
13177,12833,12492,12151,11807,11461,11119,10777,10431,10089,9749.1,9403.6,9061.5,8722.6,8377.5,8035.6,7738.5,7428.4,7165,7083.8,6996.1,6816.3,6536.3,6255.6,5977,5695.9,5416.2,5138,4861.6
13230,12888,12546,12203,11856,11513,11172,10825,10482,10142,9797.1,9453.8,9113.8,8770.1,8426.5,8087.9,7780.9,7466.7,7207.4,7121.5,7038.4,6855.4,6578.2,6297.9,6017.3,5737.3,5457.6,5177.9,4898.4
13285,12939,12601,12253,11908,11567,11221,10875,10536,10191,9845.7,9506.7,9163.1,8817.7,8478.8,8137.5,7823.2,7509.1,7247.5,7160.2,7080.7,6893,6615.7,6339,6059.2,5779.2,5499.2,5219.4,4939.7
13337,12988,12651,12304,11962,11617,11271,10929,10587,10240,9898.5,9557.7,9211.2,8870.3,8530.2,8185,7861.9,7551.4,7285.1,7202.6,7118.3,6933.2,6652.9,6376.2,6098.7,5821.1,5541.1,5260.9,4981.2
13387,13042,12700,12358,12014,11666,11324,10983,10635,10292,9951.4,9605.8,9262.1,8923.1,8578.3,8234.8,7899.9,7594.2,7324.4,7244.9,7155.9,6975.5,6694.3,6413.9,6136,5859.3,5582.6,5302.3,5022.6
13439,13097,12755,12411,12063,11719,11377,11037,10686,10345,10005,9655.2,9315,8976,8626.9,8287.1,7945,7637,7366.7,7287.2,7197.8,7017.9,6736.6,6455.8,6174.9,5896.5,5619.5,5342.3,5064.1
13495,13152,12809,12461,12115,11774,11431,11089,10740,10399,10058,9708.1,9367.8,9028.8,8679.1,8339.4,7992.5,7679.4,7409,7329.6,7240.1,7060.2,6778.9,6497.7,6216.8,5936.5,5656.3,5379.1,5102.7
13550,13207,12859,12511,12169,11828,11485,11138,10793,10452,10107,9761,9420.7,9077.5,8731.5,8391.7,8043,7721.7,7451.4,7367.2,7282.4,7102.5,6821.3,6540,6258.7,5977.9,5697.7,5416.8,5139.6
13605,13262,12909,12566,12223,11882,11535,11188,10846,10506,10156,9814.5,9473.6,9125,8784.3,8442.8,8095.3,7760.6,7493.7,7404.9,7324.8,7144.9,6863.4,6582.3,6300.5,6019.6,5739.6,5458.7,5178.5
13660,13317,12963,12621,12278,11936,11584,11242,10900,10559,10209,9867.8,9526.4,9176.2,8837.2,8490.9,8147.6,7798.6,7536.5,7447,7367.4,7187.2,6905.2,6624.3,6342.5,6061.5,5781.2,5500.6,5219.9
13716,13368,13018,12675,12332,11990,11637,11295,10954,10610,10262,9920.7,9577.7,9229,8889.5,8539.7,8199.9,7840,7579.3,7489.7,7410.2,7229.5,6947.3,6666.2,6384.8,6103.4,5822.6,5542,5261.4
13771,13418,13073,12730,12387,12041,11691,11349,11008,10658,10315,9973.5,9626.3,9281.9,8941.8,8592,8252.2,7882.7,7621.7,7532.2,7452.7,7271.9,6989.7,6708.4,6427.1,6145.3,5864.3,5583.5,5302.9
13826,13472,13128,12784,12442,12091,11746,11403,11061,10709,10368,10027,9676.1,9334.7,8994.5,8644.3,8304.5,7930.9,7664,7574.5,7495,7314.2,7032,6750.7,6469,6187.2,5906.2,5625.3,5344.3
13879,13527,13184,12839,12496,12143,11801,11457,11115,10763,10422,10080,9729,9387.6,9047.4,8697.2,8356.8,7982.6,7706.7,7617.1,7537.4,7356.5,7074.3,6792.8,6510.9,6229.1,5948.1,5667.2,5385.8
13930,13583,13239,12894,12551,12197,11855,11511,11169,10817,10476,10134,9782,9440.5,9100.2,8750,8409.1,8034.6,7749.5,7659.9,7579.7,7398.9,7116.7,6834.7,6552.8,6271,5990,5708.8,5427.2
13986,13638,13293,12949,12605,12254,11909,11565,11223,10871,10529,10187,9835.4,9493.6,9153.1,8802.3,8461.4,8086.9,7792.3,7702.5,7622.2,7441.2,7159,6876.8,6594.7,6312.8,6031.9,5750.2,5469.1
14046,13694,13348,13004,12660,12314,11963,11619,11277,10927,10583,10240,9889.5,9547,9205.9,8854.6,8513.6,8139.2,7835.1,7744.8,7664.9,7483.9,7201.3,6919.1,6636.9,6354.7,6073.8,5791.9,5511
14104,13749,13403,13059,12715,12371,12018,11674,11331,10986,10636,10293,9947.2,9600.2,9258.8,8911.7,8566,8191.5,7877.5,7787.3,7707.7,7526.7,7243.7,6961.4,6679.2,6397,6115.7,5833.8,5552.5
14160,13808,13458,13114,12769,12425,12076,11728,11385,11042,10689,10347,10004,9653.1,9311.7,8969.4,8618.9,8243.8,7919.9,7830.1,7750.5,7569.1,7286,7003.8,6721.3,6439.4,6157.6,5875.6,5594
14216,13868,13519,13169,12825,12480,12135,11783,11439,11096,10746,10401,10058,9707.5,9364.5,9023.1,8671.8,8296.1,7967.4,7874.3,7793.3,7611.5,7328.3,7046.1,6763.2,6481.4,6199.5,5917,5635.5
14271,13925,13580,13224,12880,12534,12190,11837,11493,11149,10804,10454,10111,9765.8,9417.4,9076,8728.9,8348.4,8019.7,7921.8,7835.6,7654.1,7370.6,7088.4,6805.3,6523.2,6241.4,5959.5,5676.9
14327,13981,13635,13281,12934,12589,12245,11896,11548,11204,10860,10508,10165,9822.8,9470.2,9128.8,8785.9,8401.3,8072,7970.3,7877.9,7696.8,7413.3,7130.8,6847.6,6567.9,6283.3,6006.1,5720.6
14383,14037,13691,13341,12991,12645,12300,11955,11607,11258,10914,10565,10218,9875.6,9525.2,9181.7,8839.1,8454.5,8124.3,8022.6,7925.2,7739.4,7456.1,7173.1,6891.1,6614.5,6329.1,6052.3,5767.2
14443,14093,13746,13400,13051,12702,12354,12010,11665,11312,10968,10623,10276,9928.6,9582.8,9237.7,8891.9,8511.5,8178.1,8075.3,7972.7,7781.8,7501.8,7215.4,6938.1,6659.1,6375.6,6094.2,5812.2
14503,14153,13801,13455,13110,12762,12412,12064,11720,11367,11022,10678,10335,9982,9639,9295.3,8944.8,8568.6,8235.2,8132.4,8028.3,7825.8,7548.8,7262,6984.6,6701.5,6418.9,6136.1,5853.7
14561,14214,13862,13512,13165,12819,12472,12123,11774,11426,11078,10732,10388,10036,9692.4,9350.2,8997.6,8621,8291.2,8189.4,8085.4,7873.4,7593.3,7309,7026.9,6743.6,6460.8,6178,5895.8
14617,14270,13923,13573,13222,12874,12529,12182,11828,11484,11137,10789,10442,10094,9747.1,9403.1,9054.2,8673.3,8343.5,8241.8,8138.9,7922,7635.6,7352.4,7069.3,6785.5,6505.2,6219.9,5942.3
14677,14326,13979,13632,13282,12932,12584,12238,11883,11538,11194,10847,10499,10152,9804.7,9458.3,9111.8,8730.2,8396.4,8294.1,8191.2,7974.3,7680.1,7394.8,7115.8,6828.3,6551.8,6265.3,5988.9
14738,14387,14035,13687,13341,12991,12642,12292,11942,11593,11248,10903,10558,10206,9861.5,9515.9,9166.2,8787.9,8454,8350.6,8246.5,8026.6,7727.7,7440.1,7162.3,6875.4,6596.5,6311.9,6030.9
14796,14448,14096,13744,13396,13049,12702,12351,12002,11652,11304,10957,10613,10259,9914.9,9571.6,9219.1,8841.7,8511.7,8407.6,8303.6,8078.9,7773.7,7487.2,7205.3,6922.2,6638.4,6355.6,6072.8
14852,14504,14157,13805,13453,13104,12758,12411,12061,11712,11363,11014,10667,10317,9969.1,9624.5,9274.8,8894.6,8568.7,8464.7,8360.6,8131.2,7816.5,7532,7247.7,6964.5,6681.6,6397.5,6118.1
14913,14560,14218,13866,13514,13162,12814,12467,12121,11771,11422,11072,10724,10376,10027,9679.1,9332.5,8950.4,8625.7,8521.7,8417.7,8188.3,7860.2,7574.8,7293.7,7006.8,6728.6,6441.5,6164.2
14975,14621,14278,13926,13575,13222,12872,12522,12180,11830,11481,11131,10782,10434,10086,9737.4,9390.1,9007.5,8683.4,8575.9,8472.9,8245.3,7907.2,7619.3,7341.2,7053.1,6775,6488.1,6207.5
15037,14683,14334,13985,13635,13283,12931,12581,12240,11889,11540,11190,10841,10492,10144,9795.7,9447.8,9064.9,8741,8628.7,8525.7,8302.4,7955.1,7666.4,7385.6,7099.6,6816.9,6534.6,6249.4
15098,14744,14391,14041,13696,13344,12991,12640,12295,11948,11599,11249,10900,10551,10202,9854,9505.4,9122.5,8794.1,8684.1,8580.1,8359.4,8012.2,7713.5,7427.9,7146.5,6858.8,6581.2,6293.7
15160,14806,14452,14098,13756,13404,13052,12700,12349,12003,11658,11309,10959,10609,10261,9912.1,9563.1,9180.2,8846.4,8741.2,8637.1,8416.5,8069.2,7761.1,7472.5,7193.6,6905.7,6627,6340.2
15221,14867,14514,14160,13817,13464,13112,12761,12409,12058,11717,11368,11018,10668,10319,9969.8,9621,9237.9,8902.7,8798.5,8694.3,8473.5,8126.3,7808.5,7519.6,7240.6,6952.7,6669.3,6386.8
15283,14928,14575,14222,13877,13525,13172,12821,12468,12118,11777,11427,11077,10727,10377,10028,9679.3,9295.8,8960.4,8856.2,8752,8531,8183.3,7855.5,7566.6,7287.7,6999.8,6711.8,6433.3
15345,14990,14636,14282,13938,13585,13232,12881,12529,12178,11837,11486,11136,10785,10435,10086,9737.4,9354.1,9018,8913.8,8809.5,8588.7,8240.4,7902.9,7613.6,7332.2,7046.8,6758.4,6479.9
15407,15053,14697,14345,13999,13646,13293,12941,12589,12242,11896,11545,11194,10844,10494,10144,9795,9412.1,9075.7,8971.5,8866.6,8645.9,8297.4,7955.2,7660.8,7374.6,7093.8,6804.9,6526.4
15469,15114,14759,14411,14060,13707,13353,13000,12653,12306,11955,11604,11253,10903,10552,10202,9852.8,9469.8,9136.1,9030.7,8924,8703,8354.9,8007.5,7708.3,7419,7140.9,6851.9,6573
15531,15176,14821,14476,14122,13768,13414,13065,12718,12366,12014,11663,11312,10961,10611,10261,9911.1,9527.4,9198.6,9093.2,8986.4,8760.3,8412.6,8064.3,7755.9,7466.5,7187.6,6899,6620
15593,15238,14884,14537,14183,13828,13475,13130,12778,12426,12074,11723,11371,11020,10670,10319,9969.4,9585.1,9258.6,9154.4,9048.9,8818,8469.8,8121.3,7803.4,7513.9,7234.2,6945.6,6667
15655,15301,14951,14599,14244,13889,13535,13192,12838,12486,12133,11782,11430,11079,10728,10377,10028,9644,9316.3,9212.1,9106.6,8877.5,8526.9,8178.4,7850.9,7560.9,7281.1,6992.2,6713.6
15718,15369,15016,14660,14305,13950,13600,13253,12899,12546,12193,11842,11489,11141,10786,10441,10086,9707.1,9374,9269.8,9164.3,8939.3,8586.7,8235.4,7898,7608.8,7328.7,7039,6760.2
15780,15434,15077,14722,14366,14015,13666,13313,12959,12606,12254,11907,11551,11205,10849,10505,10150,9769.4,9431.6,9327.4,9221.9,8999.7,8648.5,8296,7945,7660.5,7376.1,7086.1,6806.7
15844,15495,15139,14784,14430,14081,13728,13373,13024,12666,12319,11970,11615,11266,10913,10563,10213,9827,9491.1,9385.5,9279.6,9057.3,8708.3,8357.8,8005.2,7712.1,7423.1,7135.4,6853.3
15913,15557,15202,14848,14497,14143,13789,13439,13089,12731,12383,12029,11677,11324,10973,10622,10271,9885.1,9554.2,9448,9341.2,9115,8766,8416.5,8067,7759.6,7470.1,7187.1,6900.1
15978,15620,15266,14915,14560,14204,13854,13505,13150,12796,12442,12091,11736,11387,11032,10685,10329,9948.3,9615.9,9510.4,9403.7,9172.7,8825.6,8473.6,8125.1,7807.1,7517.2,7237.2,6947.2
16041,15685,15333,14979,14622,14269,13920,13565,13210,12856,12503,12155,11797,11451,11094,10749,10392,10011,9673.5,9568.1,9463,9231.2,8888,8533.5,8182.1,7854.7,7564.6,7284.2,6994.2
16106,15752,15400,15040,14687,14336,13981,13626,13276,12917,12568,12218,11862,11513,11158,10808,10455,10070,9732.3,9625.7,9521.3,9293.6,8948.7,8596,8242.4,7902.2,7616.4,7331.2,7041.2
16175,15820,15468,15105,14754,14402,14042,13691,13342,12982,12634,12278,11927,11571,11222,10867,10519,10128,9795.4,9688.4,9582.4,9356.2,9005.8,8658.2,8304.2,7957.2,7668.1,7378.3,7089.9
16242,15889,15532,15172,14821,14468,14108,13757,13402,13047,12698,12339,11991,11633,11286,10930,10583,10191,9858.5,9751.6,9644.9,9419.3,9064,8720,8366,8013.6,7715.8,7425.8,7141.1
16310,15953,15594,15239,14888,14531,14174,13823,13463,13113,12762,12404,12054,11698,11347,10993,10642,10254,9921.7,9814.7,9707.8,9482.4,9126.5,8780.3,8427.8,8073.9,7763.3,7477.6,7191.3
16377,16015,15661,15307,14955,14592,14240,13889,13529,13178,12822,12469,12113,11762,11407,11057,10700,10317,9984.8,9877.9,9770.9,9544.9,9188.9,8838,8489.6,8135.7,7814,7529.3,7238.3
16446,16082,15728,15375,15021,14659,14307,13950,13595,13244,12883,12534,12175,11827,11469,11120,10762,10380,10048,9941,9834.1,9607.3,9250.8,8897.1,8552,8197.5,7866.1,7576.9,7285.8
16511,16150,15796,15442,15084,14725,14373,14011,13661,13310,12949,12598,12240,11891,11533,11184,10827,10443,10111,10004,9897.2,9670.5,9313.9,8959.9,8614.6,8259.3,7918.4,7623.5,7337.1
16574,16220,15863,15510,15146,14791,14439,14079,13727,13375,13014,12663,12305,11956,11597,11249,10890,10508,10174,10066,9959.7,9733.6,9377.1,9021.7,8676.4,8321.1,7970.7,7675,7389.4
16642,16287,15931,15577,15212,14859,14505,14145,13793,13441,13080,12729,12370,12021,11661,11313,10954,10571,10237,10129,10022,9796.7,9440.2,9083.7,8738.2,8382.9,8028.9,7727.3,7437
16711,16356,16000,15645,15280,14926,14573,14211,13859,13507,13146,12795,12434,12085,11725,11377,11019,10634,10301,10192,10085,9858.7,9502,9146.7,8800.3,8445.2,8090.7,7778.8,7483.6
16779,16424,16067,15712,15352,14994,14639,14277,13925,13573,13212,12860,12499,12150,11789,11441,11082,10697,10364,10256,10148,9921.6,9565.1,9208.6,8863.2,8507.8,8152.5,7830.7,7535.1
16849,16492,16135,15780,15425,15060,14706,14350,13991,13639,13276,12925,12565,12214,11856,11505,11147,10762,10427,10320,10212,9984.7,9627,9271.8,8925,8569.6,8214.3,7883,7587.4
16923,16561,16204,15848,15492,15128,14774,14420,14057,13705,13341,12991,12635,12279,11926,11569,11210,10826,10490,10383,10276,10048,9690,9338.3,8986.9,8631.4,8278.1,7935.3,7638.8
16996,16636,16271,15916,15560,15201,14840,14486,14124,13771,13408,13056,12704,12343,11993,11633,11277,10890,10554,10446,10339,10111,9753.1,9406.3,9049.9,8693.5,8344.7,7992.6,7690.8
17066,16707,16339,15984,15627,15272,14907,14554,14195,13837,13480,13123,12770,12410,12057,11698,11346,10953,10618,10509,10402,10174,9816.2,9469.7,9111.8,8756.4,8409.7,8054.4,7743.1
17135,16775,16409,16052,15695,15340,14976,14620,14266,13903,13549,13194,12834,12480,12122,11762,11412,11017,10681,10575,10467,10237,9883.2,9531.6,9174.9,8818.9,8471.5,8116.2,7794.7
17204,16844,16483,16121,15763,15408,15047,14687,14332,13970,13615,13263,12900,12549,12188,11829,11476,11084,10744,10644,10535,10304,9951.2,9594.6,9236.7,8885.4,8533.3,8177.5,7846.5
17276,16913,16555,16195,15832,15475,15119,14760,14398,14041,13683,13328,12968,12614,12255,11898,11544,11152,10812,10710,10602,10372,10016,9657.7,9304.4,8951.9,8595.1,8239.8,7898.8
17350,16985,16624,16266,15906,15544,15186,14831,14465,14111,13754,13394,13038,12681,12324,11965,11613,11218,10880,10773,10666,10438,10079,9723.6,9371.1,9015,8657.6,8306.4,7954.9
17421,17059,16695,16335,15977,15617,15256,14897,14534,14177,13823,13460,13106,12751,12391,12030,11679,11282,10945,10838,10730,10501,10145,9791.3,9434.7,9076.8,8725.5,8372,8016.7
17490,17131,16769,16405,16046,15688,15328,14967,14606,14246,13889,13528,13172,12818,12457,12098,11743,11349,11009,10907,10798,10567,10213,9855.7,9497.8,9143.1,8792,8434,8079.5
17563,17200,16843,16478,16116,15755,15399,15039,14677,14317,13957,13599,13240,12883,12524,12167,11811,11418,11076,10975,10866,10635,10278,9918.9,9564.9,9211,8858.6,8497.5,8145
17639,17273,16918,16553,16190,15825,15466,15111,14749,14388,14029,13670,13311,12951,12594,12237,11880,11487,11145,11039,10936,10703,10341,9985.3,9631.7,9277.7,8925.1,8564.1,8211.5
17714,17347,16989,16627,16263,15899,15537,15183,14822,14460,14101,13741,13381,13022,12663,12306,11950,11556,11214,11104,11003,10772,10407,10053,9699.3,9345.4,8988.5,8630.6,8278.1
17789,17423,17058,16701,16337,15973,15609,15253,14894,14533,14172,13812,13452,13094,12734,12376,12019,11626,11283,11173,11067,10838,10475,10121,9766.3,9412.3,9050.5,8697.2,8344.6
17865,17498,17131,16775,16410,16045,15682,15321,14964,14605,14243,13883,13523,13164,12805,12446,12089,11695,11352,11241,11131,10902,10543,10189,9833.8,9479.9,9116.3,8763.7,8411.2
17938,17572,17206,16845,16484,16119,15755,15391,15030,14677,14315,13954,13594,13234,12875,12517,12158,11763,11420,11311,11201,10968,10612,10257,9901.8,9544.5,9184,8831.6,8477.7
18008,17647,17280,16914,16559,16192,15827,15464,15101,14748,14388,14025,13665,13305,12944,12586,12228,11833,11489,11380,11270,11036,10681,10325,9969.8,9607.6,9250.9,8898.3,8544.3
18082,17722,17355,16988,16632,16265,15901,15537,15174,14820,14460,14097,13736,13376,13015,12656,12299,11902,11559,11450,11340,11105,10749,10393,10038,9676,9318.5,8966.1,8612.2
18163,17798,17429,17063,16706,16339,15975,15610,15250,14893,14532,14169,13807,13446,13086,12726,12368,11972,11628,11518,11408,11174,10817,10461,10106,9748.3,9385.5,9032.9,8678.9
18242,17874,17504,17143,16780,16414,16047,15682,15328,14966,14603,14240,13879,13517,13157,12797,12438,12041,11698,11587,11480,11245,10886,10530,10174,9818.4,9452.9,9099.5,8745.4
18317,17948,17580,17222,16855,16488,16120,15757,15402,15038,14674,14311,13950,13588,13227,12867,12507,12111,11767,11657,11555,11318,10956,10599,10242,9886.4,9523.9,9166,8812
18394,18023,17656,17296,16928,16561,16194,15834,15475,15110,14747,14383,14021,13659,13298,12937,12578,12181,11837,11725,11625,11391,11029,10667,10310,9954.4,9596.7,9232.6,8879.6
18470,18100,17737,17370,17002,16636,16272,15912,15547,15183,14818,14455,14093,13730,13369,13007,12649,12252,11906,11795,11694,11459,11102,10735,10378,10022,9666.1,9300,8946.6
18546,18175,17816,17446,17078,16716,16352,15987,15620,15255,14890,14529,14164,13804,13440,13078,12719,12321,11976,11870,11764,11529,11171,10805,10446,10090,9733.4,9370.7,9013.1
18623,18254,17891,17523,17158,16794,16426,16059,15693,15328,14967,14607,14239,13880,13514,13149,12792,12391,12048,11943,11833,11598,11240,10879,10516,10158,9801.4,9443.5,9082.5
18704,18336,17966,17603,17237,16867,16501,16137,15766,15405,15045,14681,14316,13954,13590,13222,12867,12463,12122,12013,11907,11669,11309,10950,10590,10228,9869.4,9514,9154.7
18785,18413,18041,17681,17312,16943,16581,16217,15843,15483,15119,14754,14389,14026,13663,13298,12939,12538,12194,12084,11982,11743,11378,11019,10661,10301,9939.4,9581.3,9225
18861,18489,18122,17756,17389,17023,16658,16291,15923,15556,15190,14829,14460,14101,13734,13374,13009,12611,12264,12159,12052,11817,11453,11089,10729,10372,10012,9649.8,9292.3
18939,18571,18202,17834,17469,17101,16732,16365,16003,15629,15267,14907,14535,14177,13808,13450,13083,12681,12336,12233,12121,11886,11527,11162,10799,10440,10083,9721.7,9360.9
19021,18651,18283,17915,17546,17175,16809,16444,16080,15709,15345,14980,14613,14251,13885,13523,13158,12754,12411,12303,12195,11957,11601,11236,10873,10510,10151,9794.6,9432.8
19103,18733,18365,17993,17621,17252,16888,16521,16154,15787,15425,15053,14691,14322,13961,13594,13234,12830,12486,12373,12270,12031,11674,11310,10946,10583,10219,9867.4,9505.1
19186,18813,18441,18067,17700,17333,16968,16596,16228,15864,15502,15131,14769,14397,14037,13668,13310,12904,12561,12448,12346,12106,11743,11384,11019,10655,10292,9938.9,9576.9
19266,18890,18519,18149,17781,17414,17048,16672,16307,15942,15575,15207,14842,14475,14110,13745,13383,12979,12636,12524,12420,12180,11814,11459,11093,10729,10366,10007,9648.4
19343,18970,18600,18231,17863,17494,17128,16751,16386,16021,15648,15285,14913,14552,14182,13821,13454,13055,12711,12598,12495,12255,11888,11532,11166,10803,10439,10076,9716.4
19425,19052,18682,18312,17943,17575,17208,16830,16464,16101,15726,15363,14991,14629,14258,13897,13529,13131,12787,12672,12569,12329,11962,11600,11241,10876,10512,10149,9785.5
19507,19135,18764,18392,18023,17655,17287,16910,16544,16180,15804,15441,15069,14707,14335,13973,13604,13206,12862,12747,12645,12404,12037,11670,11315,10950,10585,10222,9858.3
19588,19217,18845,18474,18104,17735,17367,16990,16624,16258,15883,15518,15146,14783,14417,14051,13679,13282,12936,12823,12720,12480,12111,11745,11390,11025,10658,10295,9931.7
19673,19299,18927,18556,18186,17816,17449,17070,16703,16337,15962,15597,15225,14861,14498,14127,13755,13358,13012,12899,12794,12554,12186,11820,11463,11098,10731,10367,10008
19758,19382,19009,18637,18267,17898,17529,17153,16782,16416,16042,15676,15308,14939,14577,14203,13836,13435,13088,12974,12870,12629,12262,11899,11537,11172,10805,10440,10085
19843,19466,19092,18719,18348,17978,17608,17240,16862,16496,16121,15754,15390,15015,14653,14280,13918,13511,13164,13050,12946,12705,12337,11978,11612,11245,10878,10513,10158
19928,19550,19176,18801,18432,18058,17690,17321,16941,16576,16205,15832,15468,15093,14729,14357,13996,13586,13239,13127,13021,12780,12412,12053,11686,11319,10953,10591,10231
20014,19636,19260,18889,18519,18142,17770,17401,17025,16654,16288,15911,15546,15176,14807,14439,14072,13664,13315,13208,13097,12857,12493,12127,11759,11392,11031,10669,10304
20102,19722,19346,18978,18604,18229,17851,17482,17110,16737,16367,15992,15624,15259,14885,14521,14149,13746,13394,13287,13173,12938,12572,12202,11833,11472,11110,10742,10377
20190,19808,19430,19062,18687,18314,17939,17563,17193,16822,16449,16076,15704,15337,14963,14599,14226,13825,13475,13363,13254,13016,12646,12276,11913,11551,11184,10816,10450
20275,19894,19516,19148,18770,18397,18024,17648,17273,16903,16533,16157,15787,15416,15046,14675,14306,13902,13553,13441,13333,13091,12722,12356,11992,11626,11257,10895,10524
20358,19982,19602,19232,18856,18480,18105,17733,17358,16983,16614,16236,15870,15499,15127,14758,14389,13981,13629,13522,13410,13168,12802,12437,12067,11698,11336,10973,10601
20446,20072,19688,19318,18941,18564,18188,17816,17442,17068,16693,16319,15948,15581,15205,14841,14468,14062,13709,13602,13486,13249,12881,12513,12141,11778,11414,11048,10679
20537,20161,19776,19405,19026,18648,18272,17897,17524,17152,16777,16403,16029,15660,15284,14917,14544,14141,13790,13678,13567,13329,12958,12588,12221,11857,11487,11121,10758
20627,20251,19864,19493,19112,18732,18356,17980,17607,17232,16863,16487,16113,15740,15367,14996,14626,14218,13871,13756,13648,13406,13034,12667,12302,11937,11562,11198,10836
20720,20340,19954,19580,19198,18818,18440,18066,17696,17316,16943,16572,16197,15823,15450,15079,14708,14298,13952,13837,13730,13483,13114,12747,12381,12016,11641,11277,10910
20813,20433,20043,19668,19284,18906,18531,18155,17782,17404,17025,16653,16281,15907,15534,15162,14789,14380,14030,13918,13811,13563,13195,12826,12461,12091,11720,11355,10983
20907,20526,20134,19757,19376,18997,18619,18240,17865,17490,17112,16733,16367,15991,15618,15245,14872,14463,14108,13999,13887,13644,13277,12908,12540,12165,11800,11434,11059
21002,20617,20225,19846,19470,19085,18705,18326,17952,17571,17199,16818,16453,16075,15701,15328,14955,14545,14189,14081,13963,13726,13357,12989,12621,12244,11879,11514,11138
21098,20710,20317,19936,19558,19173,18793,18417,18041,17657,17286,16905,16533,16160,15785,15411,15038,14628,14271,14164,14045,13808,13437,13070,12703,12324,11958,11593,11218
21195,20805,20416,20026,19647,19267,18886,18505,18125,17746,17372,16992,16613,16242,15870,15495,15122,14709,14354,14245,14128,13889,13519,13151,12782,12405,12038,11671,11297
21291,20899,20512,20125,19737,19359,18973,18591,18210,17836,17455,17080,16700,16322,15954,15578,15205,14791,14435,14327,14215,13971,13600,13231,12862,12484,12117,11750,11380
21387,20995,20605,20220,19833,19448,19061,18680,18302,17925,17541,17168,16787,16406,16039,15663,15288,14874,14521,14409,14302,14052,13681,13312,12943,12568,12197,11830,11463
21486,21092,20701,20313,19929,19540,19155,18772,18393,18009,17629,17256,16874,16493,16125,15747,15371,14959,14609,14491,14383,14136,13762,13393,13022,12655,12278,11909,11544
21586,21189,20799,20407,20021,19637,19249,18866,18485,18094,17718,17345,16961,16580,16211,15832,15455,15042,14692,14575,14467,14223,13846,13474,13103,12736,12357,11989,11622
21685,21294,20901,20501,20116,19728,19345,18960,18577,18186,17807,17433,17049,16667,16296,15917,15540,15125,14776,14657,14549,14307,13933,13557,13185,12816,12441,12068,11701
21789,21396,21000,20603,20215,19820,19436,19054,18668,18278,17897,17521,17137,16760,16383,16002,15625,15208,14859,14743,14631,14390,14018,13643,13266,12895,12525,12151,11780
21898,21495,21098,20705,20314,19918,19526,19149,18762,18369,17988,17610,17225,16851,16468,16088,15712,15297,14942,14832,14714,14473,14100,13727,13353,12976,12606,12237,11863
22001,21601,21202,20807,20413,20017,19623,19244,18856,18466,18080,17699,17317,16939,16555,16178,15803,15387,15025,14917,14799,14556,14182,13809,13437,13062,12687,12318,11947
22107,21705,21308,20910,20509,20116,19723,19340,18950,18564,18174,17791,17412,17026,16642,16270,15890,15472,15109,15000,14887,14642,14264,13892,13520,13147,12772,12398,12029
22218,21807,21414,21015,20613,20216,19827,19435,19045,18656,18272,17882,17502,17114,16731,16358,15975,15558,15199,15089,14974,14730,14350,13980,13602,13228,12857,12482,12108
22332,21917,21520,21118,20721,20318,19928,19533,19140,18750,18367,17979,17592,17207,16823,16444,16064,15647,15287,15178,15058,14815,14438,14065,13688,13309,12939,12567,12190
22444,22029,21629,21223,20824,20419,20028,19631,19237,18845,18459,18074,17689,17302,16917,16536,16156,15737,15376,15263,15144,14898,14526,14147,13775,13396,13018,12649,12275
22556,22141,21737,21331,20929,20525,20127,19729,19334,18942,18556,18166,17783,17397,17011,16629,16244,15828,15466,15346,15234,14987,14613,14231,13863,13482,13104,12729,12359
22671,22260,21847,21438,21032,20633,20230,19832,19437,19043,18655,18263,17874,17492,17105,16721,16330,15915,15557,15435,15324,15076,14701,14318,13949,13568,13190,12813,12445
22786,22374,21958,21552,21145,20737,20339,19938,19541,19146,18749,18361,17967,17581,17200,16815,16422,16002,15647,15525,15413,15164,14789,14406,14035,13655,13276,12898,12530
22906,22492,22070,21664,21256,20845,20442,20043,19644,19249,18846,18459,18064,17673,17295,16909,16513,16095,15738,15615,15502,15252,14878,14495,14122,13741,13363,12983,12616
23030,22612,22189,21772,21362,20957,20546,20149,19749,19351,18948,18559,18162,17777,17390,17003,16612,16192,15828,15707,15591,15343,14966,14583,14210,13827,13447,13068,12701
23156,22727,22308,21888,21476,21069,20655,20256,19855,19456,19048,18659,18261,17877,17485,17096,16710,16286,15919,15803,15682,15433,15054,14670,14297,13914,13533,13157,12786
23283,22846,22429,22006,21590,21183,20765,20365,19960,19559,19152,18760,18367,17974,17580,17191,16803,16376,16011,15897,15772,15527,15144,14761,14384,14003,13624,13248,12871
23411,22974,22551,22125,21708,21295,20879,20475,20066,19664,19262,18861,18469,18072,17677,17285,16896,16469,16102,15987,15868,15622,15239,14854,14472,14094,13716,13335,12956
23539,23106,22673,22246,21825,21408,20997,20584,20174,19771,19369,18968,18569,18169,17775,17386,16990,16562,16196,16081,15965,15712,15333,14948,14565,14185,13802,13422,13044
23667,23233,22801,22369,21947,21529,21113,20701,20289,19883,19471,19074,18674,18272,17878,17486,17088,16660,16294,16178,16061,15804,15423,15041,14656,14271,13889,13512,13135
23803,23365,22929,22499,22072,21650,21226,20815,20401,19991,19582,19176,18780,18378,17983,17588,17189,16758,16392,16275,16157,15900,15512,15131,14744,14360,13980,13602,13221
23942,23500,23056,22629,22198,21766,21346,20927,20509,20099,19694,19282,18889,18484,18087,17691,17289,16857,16490,16373,16256,15996,15608,15221,14835,14452,14071,13693,13306
24080,23636,23189,22752,22319,21888,21468,21044,20627,20214,19806,19393,18995,18592,18192,17794,17390,16958,16588,16471,16353,16094,15704,15320,14929,14546,14163,13783,13399
24221,23774,23321,22883,22446,22014,21590,21164,20745,20329,19920,19510,19104,18698,18295,17897,17491,17058,16686,16569,16449,16192,15805,15419,15025,14639,14254,13874,13494
24361,23910,23458,23021,22580,22139,21714,21285,20861,20444,20032,19624,19212,18806,18399,18000,17596,17163,16784,16667,16549,16294,15905,15515,15124,14732,14348,13965,13587
24509,24049,23602,23152,22710,22271,21839,21412,20987,20566,20146,19736,19321,18914,18508,18103,17705,17269,16886,16765,16648,16394,16001,15609,15219,14830,14440,14056,13677
24659,24190,23737,23286,22844,22404,21965,21538,21110,20688,20264,19848,19438,19028,18620,18210,17813,17370,16992,16869,16750,16493,16099,15710,15314,14928,14538,14148,13767
24803,24338,23881,23425,22982,22532,22097,21660,21230,20806,20387,19962,19552,19143,18729,18319,17922,17471,17098,16975,16853,16595,16201,15811,15412,15026,14635,14244,13857
24957,24490,24027,23568,23114,22669,22231,21791,21358,20930,20508,20081,19664,19258,18836,18431,18026,17578,17204,17082,16959,16699,16304,15912,15513,15125,14731,14340,13950
25115,24638,24177,23712,23254,22806,22366,21921,21486,21056,20631,20203,19782,19373,18951,18543,18131,17687,17310,17188,17065,16802,16408,16013,15614,15225,14830,14437,14046
25275,24791,24323,23854,23399,22943,22501,22053,21615,21183,20755,20324,19901,19490,19069,18657,18248,17796,17417,17294,17171,16908,16511,16116,15713,15325,14927,14533,14145
25432,24950,24480,24004,23547,23082,22635,22187,21753,21308,20880,20452,20027,19606,19190,18769,18364,17908,17525,17402,17279,17015,16615,16217,15814,15423,15025,14634,14247
25597,25115,24636,24158,23691,23231,22777,22325,21885,21439,21009,20579,20150,19724,19305,18890,18474,18022,17634,17508,17390,17123,16723,16319,15915,15524,15124,14738,14345
25759,25277,24792,24315,23844,23379,22924,22466,22017,21574,21142,20703,20271,19845,19425,19008,18591,18135,17748,17620,17499,17235,16832,16426,16024,15623,15225,14835,14442
25927,25437,24948,24469,23998,23529,23062,22610,22159,21710,21270,20833,20399,19972,19549,19123,18709,18245,17860,17734,17607,17346,16936,16535,16131,15727,15331,14934,14542
26104,25597,25115,24628,24148,23681,23209,22754,22299,21850,21399,20966,20528,20096,19673,19242,18829,18362,17969,17849,17720,17458,17043,16644,16239,15834,15435,15037,14643
26277,25772,25274,24789,24302,23831,23356,22898,22439,21990,21535,21099,20657,20223,19797,19364,18948,18480,18082,17963,17835,17570,17155,16753,16345,15940,15540,15141,14746
26445,25943,25438,24948,24460,23985,23507,23045,22583,22129,21679,21231,20788,20351,19924,19488,19068,18597,18200,18079,17949,17684,17269,16864,16453,16047,15645,15245,14849
26621,26117,25610,25111,24623,24138,23663,23191,22727,22269,21818,21366,20921,20483,20048,19615,19189,18722,18323,18197,18068,17799,17388,16973,16564,16158,15750,15351,14952
26800,26292,25781,25279,24786,24301,23823,23344,22874,22410,21957,21502,21061,20619,20174,19745,19313,18845,18442,18312,18191,17915,17504,17091,16679,16272,15860,15462,15056
26980,26465,25953,25451,24950,24465,23977,23501,23025,22558,22103,21643,21195,20752,20307,19873,19442,18966,18561,18435,18313,18036,17617,17207,16790,16379,15972,15569,15162
27163,26642,26128,25624,25123,24629,24136,23654,23180,22709,22250,21785,21332,20885,20442,19999,19571,19091,18684,18559,18434,18160,17736,17318,16901,16489,16083,15674,15271
27347,26824,26308,25801,25295,24791,24304,23813,23331,22861,22397,21930,21475,21023,20578,20131,19701,19219,18807,18683,18559,18281,17853,17434,17017,16603,16195,15782,15382
27535,27008,26488,25975,25463,24964,24467,23977,23489,23015,22546,22077,21617,21164,20715,20270,19834,19346,18934,18808,18683,18404,17975,17552,17135,16718,16309,15893,15492
27727,27194,26671,26154,25643,25137,24633,24137,23650,23174,22696,22229,21763,21305,20854,20410,19964,19476,19063,18934,18809,18528,18099,17676,17258,16834,16424,16006,15603
27916,27380,26854,26332,25819,25308,24806,24303,23815,23332,22850,22384,21914,21454,20998,20546,20096,19612,19196,19066,18937,18654,18227,17802,17379,16953,16538,16125,15713
28111,27576,27043,26515,25999,25479,24977,24471,23978,23492,23008,22533,22067,21597,21139,20687,20234,19748,19324,19198,19069,18782,18352,17922,17496,17075,16651,16241,15828
28304,27761,27231,26698,26176,25655,25153,24642,24143,23656,23170,22688,22217,21743,21281,20831,20374,19886,19454,19327,19198,18912,18476,18044,17618,17197,16773,16354,15944
28499,27953,27417,26884,26363,25836,25327,24813,24314,23820,23336,22844,22364,21894,21430,20976,20516,20017,19591,19458,19326,19044,18605,18171,17744,17320,16894,16472,16055
28695,28149,27610,27072,26549,26019,25502,24987,24486,23986,23497,23004,22525,22046,21579,21120,20658,20155,19729,19593,19462,19178,18735,18300,17870,17444,17016,16589,16171
28891,28345,27804,27268,26726,26207,25682,25165,24661,24160,23658,23165,22685,22201,21730,21268,20802,20302,19867,19739,19602,19313,18868,18430,17996,17570,17137,16714,16296
29094,28545,28000,27459,26916,26392,25864,25347,24835,24328,23828,23328,22846,22360,21889,21414,20946,20444,20012,19879,19745,19449,19004,18563,18128,17694,17260,16841,16417
29298,28744,28194,27645,27105,26577,26051,25526,25015,24503,24002,23496,23006,22519,22039,21567,21096,20589,20156,20018,19885,19590,19143,18698,18261,17821,17387,16962,16537
29501,28945,28393,27837,27296,26770,26234,25707,25191,24680,24174,23669,23168,22678,22197,21722,21248,20738,20302,20163,20023,19728,19276,18828,18391,17953,17519,17086,16660
29705,29143,28591,28038,27492,26955,26420,25894,25367,24858,24343,23838,23336,22845,22362,21880,21404,20889,20445,20307,20168,19869,19412,18964,18523,18087,17650,17214,16785
29911,29345,28788,28240,27689,27147,26610,26076,25553,25036,24516,24011,23506,23011,22524,22037,21559,21040,20590,20456,20315,20014,19555,19102,18659,18220,17779,17343,16911
30121,29550,28994,28440,27886,27340,26804,26265,25737,25213,24695,24187,23675,23177,22687,22194,21715,21193,20745,20604,20462,20160,19702,19249,18797,18355,17911,17471,17039
30332,29761,29203,28644,28087,27540,26998,26458,25924,25396,24872,24363,23848,23347,22849,22360,21874,21349,20899,20754,20610,20305,19850,19394,18937,18490,18044,17602,17167
30544,29976,29408,28843,28288,27737,27190,26645,26110,25579,25058,24540,24022,23521,23020,22525,22034,21502,21050,20906,20765,20459,19994,19536,19082,18627,18177,17734,17297
30759,30186,29612,29047,28488,27931,27387,26840,26302,25768,25247,24721,24204,23695,23193,22689,22195,21662,21208,21060,20923,20611,20144,19682,19223,18767,18316,17871,17431
30970,30395,29816,29251,28696,28132,27584,27037,26494,25959,25432,24903,24385,23871,23359,22862,22360,21824,21366,21218,21081,20761,20297,19831,19362,18911,18457,18009,17566
31181,30609,30033,29460,28901,28332,27777,27234,26690,26149,25616,25091,24562,24049,23539,23035,22530,21988,21527,21376,21238,20925,20454,19983,19510,19056,18598,18147,17704
31398,30820,30248,29671,29105,28540,27985,27435,26884,26340,25803,25275,24749,24229,23716,23206,22701,22153,21688,21537,21396,21084,20607,20134,19659,19202,18741,18287,17841
31615,31032,30459,29879,29310,28744,28187,27634,27081,26531,25989,25463,24933,24408,23894,23376,22872,22321,21852,21701,21559,21241,20760,20287,19808,19349,18886,18426,17979
31835,31254,30670,30092,29519,28949,28385,27832,27283,26725,26180,25653,25117,24592,24071,23551,23046,22492,22017,21868,21724,21401,20919,20440,19964,19497,19031,18570,18119
32059,31474,30882,30309,29727,29155,28593,28033,27481,26928,26375,25842,25302,24780,24251,23730,23223,22661,22186,22037,21892,21566,21082,20594,20123,19646,19176,18713,18259
32282,31693,31102,30520,29943,29366,28798,28237,27679,27126,26572,26033,25493,24966,24435,23914,23397,22833,22355,22206,22061,21735,21244,20754,20273,19801,19330,18864,18406
32501,31911,31322,30733,30159,29577,29005,28443,27881,27324,26775,26226,25688,25155,24620,24094,23574,23007,22531,22379,22229,21902,21409,20917,20432,19956,19483,19015,18553
32724,32129,31539,30951,30372,29793,29220,28654,28081,27521,26973,26424,25881,25343,24809,24277,23756,23189,22704,22555,22397,22071,21575,21083,20595,20114,19638,19166,18700
32947,32354,31762,31168,30589,30011,29432,28861,28288,27730,27175,26622,26073,25530,24994,24463,23941,23370,22882,22727,22574,22246,21741,21249,20760,20270,19793,19317,18850
33175,32581,31984,31390,30802,30225,29644,29071,28499,27935,27374,26820,26271,25727,25184,24651,24130,23551,23061,22909,22753,22418,21915,21416,20925,20430,19950,19471,19001
33404,32804,32204,31609,31024,30436,29859,29282,28710,28143,27574,27023,26466,25923,25376,24842,24316,23735,23239,23087,22931,22591,22093,21586,21089,20592,20111,19625,19152
33633,33032,32431,31833,31248,30648,30074,29491,28921,28349,27779,27223,26662,26118,25574,25034,24501,23920,23420,23266,23110,22768,22265,21759,21259,20757,20272,19781,19308
33861,33257,32661,32056,31469,30871,30291,29703,29132,28555,27988,27430,26865,26312,25772,25227,24686,24105,23605,23446,23289,22949,22437,21931,21427,20928,20434,19943,19466
34087,33491,32885,32280,31686,31095,30509,29925,29340,28768,28198,27637,27067,26512,25965,25425,24874,24295,23790,23630,23471,23134,22612,22108,21595,21096,20601,20109,19623
34319,33718,33113,32503,31904,31315,30724,30142,29554,28979,28405,27842,27275,26720,26165,25619,25066,24482,23971,23811,23653,23315,22792,22283,21766,21266,20768,20273,19786
34558,33941,33336,32731,32131,31536,30944,30360,29771,29188,28616,28049,27481,26925,26367,25812,25262,24670,24158,24000,23837,23500,22977,22458,21943,21440,20936,20441,19952
34789,34175,33562,32956,32360,31760,31170,30580,29988,29405,28827,28260,27681,27130,26565,26013,25461,24862,24350,24187,24034,23690,23159,22641,22123,21614,21108,20606,20117
35019,34412,33795,33186,32585,31989,31389,30800,30206,29622,29038,28467,27889,27334,26769,26214,25660,25054,24546,24380,24226,23877,23344,22821,22303,21789,21279,20773,20281
35254,34642,34030,33418,32814,32217,31607,31017,30427,29839,29256,28677,28100,27537,26974,26413,25858,25253,24739,24576,24414,24065,23530,23001,22483,21969,21459,20952,20450
35490,34872,34265,33649,33043,32440,31831,31240,30646,30057,29473,28889,28316,27745,27181,26613,26061,25451,24933,24768,24610,24257,23716,23187,22668,22149,21636,21126,20619
35728,35113,34494,33883,33272,32666,32061,31464,30864,30274,29688,29107,28527,27955,27392,26818,26266,25650,25132,24961,24803,24449,23905,23375,22854,22329,21806,21297,20791
35963,35349,34725,34117,33501,32896,32293,31689,31093,30497,29907,29324,28739,28166,27599,27026,26469,25849,25331,25160,24996,24642,24097,23567,23040,22514,21986,21471,20968
36201,35581,34961,34347,33736,33125,32524,31915,31320,30720,30126,29545,28953,28377,27810,27237,26671,26053,25525,25363,25195,24839,24295,23756,23226,22695,22171,21651,21144
36441,35816,35199,34579,33970,33354,32749,32139,31541,30944,30344,29764,29170,28591,28020,27448,26881,26253,25729,25565,25396,25035,24492,23948,23409,22879,22354,21833,21319
36687,36055,35431,34817,34200,33589,32977,32362,31766,31167,30569,29982,29392,28805,28228,27660,27087,26459,25930,25766,25595,25237,24685,24145,23605,23070,22540,22017,21497
36927,36295,35672,35055,34435,33824,33207,32590,31995,31391,30796,30204,29610,29026,28439,27871,27292,26664,26135,25966,25800,25442,24882,24338,23798,23258,22722,22198,21678
37168,36535,35913,35292,34670,34056,33442,32825,32224,31618,31022,30422,29828,29243,28655,28079,27500,26874,26341,26171,26006,25642,25085,24535,23991,23449,22915,22384,21859
37414,36775,36153,35526,34905,34285,33675,33059,32448,31847,31247,30642,30047,29456,28872,28297,27711,27085,26547,26374,26211,25847,25285,24734,24185,23641,23107,22571,22040
37658,37015,36393,35761,35139,34518,33906,33288,32678,32071,31466,30866,30271,29676,29091,28516,27927,27292,26758,26580,26416,26053,25486,24933,24382,23841,23294,22759,22228
37900,37257,36633,36001,35379,34757,34138,33520,32911,32301,31690,31094,30498,29899,29314,28727,28144,27504,26967,26791,26623,26255,25691,25132,24581,24035,23485,22949,22417
38142,37500,36876,36241,35614,34992,34371,33758,33140,32536,31919,31323,30723,30123,29538,28941,28362,27719,27173,27003,26832,26463,25900,25332,24781,24229,23678,23142,22611
38382,37743,37119,36482,35855,35232,34606,33994,33376,32766,32153,31547,30946,30346,29758,29161,28579,27936,27387,27219,27041,26670,26107,25535,24983,24427,23877,23335,22800
38630,37989,37362,36722,36097,35473,34840,34224,33612,32993,32382,31778,31170,30575,29980,29381,28795,28154,27599,27431,27252,26880,26318,25741,25185,24626,24077,23529,22992
38886,38238,37604,36964,36340,35713,35081,34464,33847,33225,32611,32010,31401,30804,30203,29603,29010,28370,27817,27642,27464,27091,26523,25951,25389,24828,24273,23725,23182
39132,38485,37852,37206,36583,35951,35321,34703,34082,33460,32844,32236,31634,31031,30426,29826,29236,28584,28033,27854,27681,27308,26729,26157,25595,25032,24475,23924,23375
39372,38730,38098,37450,36825,36188,35561,34938,34316,33695,33078,32467,31863,31255,30650,30050,29460,28805,28247,28070,27897,27521,26942,26365,25805,25234,24675,24128,23572
39623,38981,38343,37696,37069,36428,35804,35172,34552,33934,33313,32698,32088,31478,30873,30275,29683,29025,28468,28293,28111,27733,27159,26580,26011,25443,24881,24328,23772
39873,39231,38588,37941,37310,36671,36046,35409,34792,34169,33553,32931,32316,31705,31102,30504,29907,29242,28687,28516,28329,27956,27372,26793,26220,25652,25087,24528,23972
40124,39480,38834,38191,37554,36917,36290,35649,35032,34405,33786,33166,32550,31938,31334,30730,30128,29465,28910,28733,28547,28173,27589,27010,26432,25863,25293,24728,24176
40374,39727,39085,38442,37799,37167,36531,35892,35272,34646,34017,33401,32784,32173,31563,30957,30351,29690,29134,28951,28769,28391,27805,27223,26644,26071,25498,24931,24378
40626,39979,39333,38693,38045,37413,36776,36134,35516,34883,34254,33635,33019,32403,31792,31186,30580,29917,29355,29175,28992,28612,28020,27440,26861,26282,25704,25137,24584
40882,40232,39582,38942,38290,37658,37016,36378,35758,35121,34494,33870,33253,32637,32026,31415,30809,30143,29575,29400,29215,28835,28237,27656,27077,26499,25920,25347,24786
41134,40482,39836,39188,38536,37902,37261,36624,35997,35360,34737,34104,33490,32872,32256,31644,31038,30372,29802,29624,29439,29059,28459,27874,27291,26712,26131,25559,24991
41386,40735,40086,39439,38786,38144,37506,36869,36237,35605,34979,34342,33728,33106,32490,31874,31267,30601,30027,29852,29662,29277,28682,28097,27509,26927,26339,25775,25201
41645,40987,40336,39689,39039,38395,37752,37114,36477,35845,35219,34582,33965,33341,32725,32107,31496,30830,30251,30076,29888,29501,28906,28321,27727,27142,26553,25985,25409
41898,41240,40589,39939,39292,38645,38003,37361,36718,36086,35454,34826,34205,33578,32957,32338,31725,31059,30479,30299,30117,29729,29134,28539,27945,27360,26771,26192,25618
42151,41499,40840,40189,39542,38895,38251,37611,36969,36331,35699,35067,34441,33815,33192,32575,31956,31288,30708,30524,30346,29954,29358,28758,28163,27573,26989,26404,25827
42410,41755,41093,40443,39792,39145,38499,37860,37218,36576,35944,35312,34675,34053,33428,32815,32191,31523,30943,30756,30575,30184,29581,28981,28387,27791,27206,26622,26039
42670,42014,41353,40694,40042,39399,38752,38107,37461,36821,36189,35552,34920,34298,33667,33052,32425,31757,31176,30991,30804,30413,29804,29204,28614,28013,27424,26840,26255
42930,42270,41613,40947,40296,39651,39004,38355,37705,37069,36433,35792,35161,34538,33902,33282,32663,31990,31403,31222,31034,30642,30031,29428,28838,28233,27648,27058,26473
43190,42524,41869,41206,40547,39897,39254,38599,37958,37316,36674,36038,35406,34778,34141,33525,32899,32221,31633,31451,31267,30866,30264,29654,29061,28456,27870,27280,26690
43444,42784,42123,41467,40800,40145,39504,38851,38208,37561,36922,36283,35651,35018,34386,33765,33138,32456,31874,31684,31498,31099,30494,29883,29285,28682,28090,27498,26904
43704,43038,42378,41722,41060,40399,39750,39106,38452,37806,37169,36530,35896,35258,34626,33999,33373,32690,32107,31914,31730,31333,30723,30117,29512,28911,28313,27716,27123
43963,43297,42632,41977,41321,40654,39998,39358,38705,38058,37414,36778,36139,35499,34868,34236,33613,32924,32340,32149,31965,31563,30957,30346,29737,29140,28537,27937,27347
44222,43562,42892,42232,41576,40914,40253,39603,38960,38310,37663,37026,36381,35742,35113,34481,33853,33163,32574,32388,32201,31798,31187,30576,29965,29365,28760,28160,27570
44486,43821,43151,42491,41830,41169,40507,39861,39211,38560,37913,37272,36626,35987,35355,34724,34093,33408,32808,32624,32439,32034,31420,30809,30194,29588,28983,28387,27793
44750,44085,43415,42755,42089,41424,40768,40122,39461,38805,38163,37517,36875,36234,35598,34964,34332,33648,33048,32864,32675,32272,31651,31041,30428,29817,29212,28616,28017
45013,44338,43674,43009,42344,41684,41022,40371,39715,39059,38413,37766,37125,36479,35846,35209,34575,33888,33293,33104,32914,32506,31885,31279,30658,30047,29441,28840,28240
45272,44598,43934,43269,42603,41943,41277,40621,39975,39314,38663,38016,37375,36728,36093,35456,34820,34128,33531,33343,33154,32743,32122,31511,30892,30280,29671,29064,28459
45541,44862,44198,43528,42857,42197,41537,40876,40225,39569,38912,38266,37625,36978,36338,35698,35065,34369,33767,33583,33394,32983,32359,31740,31127,30511,29904,29293,28693
45804,45126,44462,43787,43118,42457,41796,41130,40475,39828,39168,38516,37875,37228,36587,35941,35306,34612,34007,33823,33633,33223,32597,31975,31361,30745,30132,29524,28922
46067,45389,44725,44046,43382,42717,42051,41385,40735,40078,39428,38766,38125,37478,36832,36190,35550,34854,34247,34058,33873,33463,32837,32215,31599,30980,30364,29756,29151
46331,45652,44984,44310,43645,42981,42311,41645,40993,40329,39683,39022,38369,37728,37077,36440,35799,35096,34489,34302,34115,33708,33071,32451,31835,31214,30598,29987,29379
46599,45915,45247,44573,43904,43240,42570,41905,41243,40589,39937,39281,38619,37973,37327,36685,36044,35339,34734,34547,34358,33953,33311,32685,32069,31448,30833,30219,29608
46861,46179,45510,44832,44165,43498,42829,42167,41499,40847,40192,39536,38876,38223,37572,36930,36289,35587,34983,34792,34600,34197,33556,32930,32308,31683,31067,30451,29840
47123,46447,45773,45096,44433,43758,43088,42423,41759,41103,40446,39791,39135,38473,37827,37180,36539,35834,35225,35038,34844,34436,33801,33174,32548,31917,31301,30686,30071
47391,46709,46037,45363,44696,44022,43348,42684,42022,41363,40703,40044,39390,38730,38081,37430,36788,36078,35469,35287,35093,34676,34045,33409,32787,32156,31536,30920,30304
47658,46977,46305,45621,44959,44284,43612,42948,42281,41620,40960,40294,39644,38988,38331,37681,37034,36323,35719,35532,35339,34919,34286,33651,33023,32396,31770,31154,30538
47926,47249,46573,45885,45222,44544,43876,43210,42540,41876,41214,40549,39897,39243,38583,37936,37283,36572,35969,35776,35584,35167,34531,33900,33267,32635,32005,31388,30768
48193,47517,46835,46154,45485,44807,44139,43470,42799,42135,41468,40805,40148,39498,38842,38190,37534,36822,36213,36021,35829,35415,34775,34142,33506,32872,32244,31628,31002
48455,47784,47098,46422,45750,45070,44401,43734,43058,42394,41726,41066,40404,39752,39097,38441,37790,37072,36463,36268,36078,35665,35020,34382,33748,33115,32485,31868,31242
48725,48051,47365,46689,46017,45333,44659,43996,43318,42653,41989,41329,40662,40004,39351,38695,38043,37322,36712,36518,36323,35911,35265,34624,33993,33359,32730,32108,31480
48992,48313,47632,46956,46279,45598,44920,44256,43582,42912,42247,41588,40920,40258,39608,38948,38294,37577,36959,36768,36572,36152,35510,34869,34238,33607,32973,32345,31716
49262,48583,47904,47223,46541,45865,45188,44519,43844,43172,42508,41847,41182,40515,39865,39199,38549,37832,37213,37017,36822,36399,35758,35117,34482,33849,33215,32582,31958
49533,48850,48170,47490,46804,46128,45456,44780,44104,43436,42772,42106,41441,40771,40122,39456,38804,38085,37462,37267,37072,36652,36008,35367,34727,34088,33457,32821,32200
49804,49121,48442,47751,47071,46395,45723,45040,44367,43699,43033,42365,41700,41030,40378,39716,39055,38335,37714,37516,37322,36908,36257,35612,34976,34334,33700,33063,32440
50072,49391,48709,48018,47338,46662,45986,45306,44632,43962,43294,42623,41956,41289,40632,39972,39310,38588,37966,37770,37577,37158,36512,35861,35221,34584,33945,33308,32679
50343,49662,48979,48295,47604,46929,46253,45577,44898,44225,43556,42884,42213,41548,40886,40226,39570,38847,38217,38025,37831,37407,36762,36116,35465,34826,34189,33553,32919
50615,49930,49250,48566,47876,47197,46520,45843,45161,44491,43816,43148,42474,41810,41143,40487,39826,39103,38472,38275,38086,37657,37011,36366,35714,35069,34429,33798,33158
50885,50198,49521,48833,48143,47469,46787,46105,45425,44759,44079,43411,42740,42074,41402,40748,40080,39354,38727,38533,38340,37911,37261,36615,35969,35318,34678,34042,33401
51156,50468,49788,49099,48414,47735,47055,46369,45692,45024,44345,43674,43003,42335,41661,41007,40337,39611,38984,38793,38595,38166,37510,36864,36219,35573,34928,34287,33646
51431,50738,50056,49373,48680,48001,47321,46636,45960,45287,44610,43937,43261,42593,41922,41262,40596,39869,39240,39053,38849,38425,37765,37114,36468,35823,35172,34531,33895
51704,51008,50326,49644,48950,48273,47583,46904,46227,45551,44872,44203,43522,42858,42186,41519,40855,40126,39497,39307,39106,38679,38020,37364,36723,36068,35416,34781,34145
51973,51279,50596,49911,49221,48538,47854,47175,46494,45817,45137,44468,43785,43123,42447,41778,41114,40380,39756,39560,39363,38933,38279,37618,36972,36323,35666,35031,34395
52242,51552,50866,50177,49488,48809,48125,47441,46761,46081,45405,44731,44051,43383,42708,42040,41372,40639,40015,39815,39617,39184,38533,37873,37217,36576,35921,35275,34639
52517,51822,51137,50447,49757,49080,48392,47707,47028,46348,45672,44995,44316,43644,42971,42303,41634,40903,40274,40074,39873,39443,38788,38128,37472,36826,36170,35525,34884
52785,52096,51411,50721,50030,49346,48658,47973,47299,46618,45939,45263,44579,43909,43234,42566,41894,41167,40533,40333,40132,39702,39046,38386,37726,37075,36421,35774,35129
53058,52369,51680,50994,50305,49615,48927,48244,47565,46880,46204,45530,44844,44174,43497,42829,42157,41428,40792,40592,40388,39961,39300,38642,37982,37325,36675,36024,35379
53335,52643,51954,51263,50577,49885,49201,48515,47832,47148,46467,45797,45111,44437,43764,43092,42420,41686,41051,40850,40644,40218,39555,38900,38240,37581,36930,36274,35631
53609,52916,52227,51533,50846,50157,49473,48785,48103,47419,46735,46063,45378,44702,44028,43356,42683,41944,41313,41109,40903,40473,39814,39154,38494,37839,37183,36529,35877
53884,53189,52496,51812,51117,50432,49743,49060,48374,47690,47006,46325,45647,44969,44291,43622,42942,42205,41573,41367,41164,40731,40073,39409,38749,38093,37435,36783,36128
54159,53462,52769,52086,51391,50704,50013,49331,48639,47961,47272,46593,45917,45237,44553,43886,43204,42468,41831,41626,41430,40991,40333,39666,39008,38347,37693,37036,36382
54431,53734,53045,52354,51665,50975,50283,49601,48909,48232,47538,46864,46184,45504,44818,44149,43470,42731,42093,41890,41696,41256,40595,39923,39267,38603,37947,37289,36637
54703,54007,53320,52627,51938,51248,50554,49868,49180,48498,47803,47130,46449,45769,45085,44411,43734,42995,42356,42153,41960,41524,40855,40187,39526,38862,38201,37546,36889
54980,54279,53593,52900,52206,51517,50828,50135,49450,48763,48074,47397,46713,46034,45351,44676,44000,43257,42618,42416,42220,41786,41117,40449,39783,39121,38457,37800,37143
55252,54551,53863,53172,52479,51787,51101,50407,49719,49036,48350,47667,46984,46304,45620,44943,44267,43520,42884,42678,42480,42044,41375,40707,40038,39380,38715,38054,37400
55523,54828,54131,53445,52752,52065,51370,50680,49991,49308,48620,47933,47255,46571,45892,45207,44534,43787,43149,42946,42743,42307,41635,40965,40297,39639,38972,38310,37656
55794,55104,54404,53717,53028,52338,51639,50950,50266,49577,48890,48208,47525,46842,46162,45471,44801,44057,43409,43214,43006,42571,41898,41223,40557,39895,39228,38569,37915
56068,55380,54681,53990,53303,52610,51917,51224,50538,49849,49160,48478,47791,47113,46428,45738,45068,44324,43672,43477,43268,42834,42163,41483,40821,40153,39486,38828,38171
56343,55656,54957,54262,53576,52883,52195,51497,50808,50124,49433,48748,48056,47384,46694,46006,45333,44589,43939,43739,43532,43096,42429,41746,41084,40416,39747,39084,38422
56618,55929,55233,54539,53848,53155,52465,51765,51082,50396,49708,49018,48327,47649,46961,46276,45596,44853,44206,44001,43800,43359,42692,42011,41345,40677,40008,39343,38679
56894,56202,55509,54815,54120,53428,52733,52038,51355,50665,49980,49288,48601,47914,47232,46543,45865,45118,44474,44263,44067,43626,42954,42277,41604,40935,40269,39604,38943
57173,56477,55782,55091,54391,53702,53007,52316,51623,50934,50249,49555,48875,48185,47497,46814,46134,45381,44740,44529,44334,43893,43216,42540,41869,41195,40533,39862,39201
57447,56752,56054,55367,54667,53978,53284,52590,51897,51207,50519,49824,49147,48455,47767,47085,46401,45648,45009,44801,44599,44160,43478,42803,42135,41458,40796,40120,39454
57725,57026,56329,55640,54943,54250,53559,52865,52169,51475,50793,50100,49413,48725,48037,47356,46672,45919,45279,45068,44862,44427,43741,43071,42398,41723,41057,40381,39713
58002,57304,56604,55913,55215,54526,53830,53139,52442,51749,51065,50377,49683,48998,48307,47626,46942,46185,45545,45339,45129,44689,44008,43338,42661,41989,41316,40644,39979
58277,57580,56884,56188,55489,54802,54102,53411,52717,52026,51334,50651,49959,49269,48577,47895,47208,46456,45811,45606,45395,44956,44276,43605,42928,42252,41582,40904,40242
58555,57854,57158,56462,55765,55074,54378,53684,52994,52300,51607,50924,50234,49538,48851,48165,47478,46727,46077,45876,45662,45226,44548,43872,43190,42514,41847,41164,40497
58828,58129,57432,56736,56040,55348,54654,53961,53269,52576,51880,51192,50502,49807,49121,48435,47754,46998,46344,46143,45933,45497,44814,44134,43455,42778,42110,41430,40758
59101,58407,57709,57015,56315,55623,54926,54237,53541,52850,52152,51466,50768,50078,49390,48709,48024,47268,46615,46408,46204,45764,45080,44406,43726,43045,42372,41695,41026
59374,58680,57986,57291,56589,55898,55200,54513,53813,53121,52428,51738,51045,50352,49662,48980,48294,47538,46890,46677,46469,46031,45346,44672,43992,43310,42634,41958,41289
59646,58953,58260,57565,56868,56173,55476,54789,54089,53395,52705,52011,51318,50626,49936,49252,48563,47808,47155,46947,46740,46300,45617,44938,44259,43573,42896,42220,41546
59920,59230,58538,57840,57143,56447,55751,55061,54365,53671,52980,52283,51591,50904,50210,49524,48836,48078,47420,47219,47010,46567,45883,45204,44520,43841,43160,42484,41810
60197,59505,58811,58117,57420,56726,56026,55334,54641,53947,53251,52557,51868,51176,50485,49792,49107,48351,47694,47493,47280,46835,46152,45475,44791,44112,43427,42751,42081
60473,59779,59084,58390,57699,57001,56305,55609,54913,54223,53524,52834,52138,51449,50762,50062,49376,48622,47969,47761,47550,47105,46420,45741,45062,44378,43698,43018,42346
60750,60056,59357,58664,57976,57275,56579,55884,55186,54499,53800,53110,52408,51721,51035,50336,49647,48891,48236,48027,47820,47378,46688,46006,45329,44645,43965,43284,42609
61023,60332,59631,58937,58249,57547,56858,56159,55461,54772,54076,53381,52685,51994,51307,50609,49921,49160,48504,48296,48089,47652,46961,46276,45590,44911,44236,43546,42876
61296,60608,59908,59212,58522,57817,57134,56429,55736,55045,54347,53653,52965,52263,51580,50877,50194,49430,48776,48571,48361,47924,47231,46546,45858,45182,44503,43813,43142
61572,60881,60184,59489,58795,58091,57405,56705,56011,55320,54622,53925,53240,52535,51852,51154,50467,49704,49050,48845,48635,48188,47498,46816,46132,45447,44769,44085,43404
61847,61154,60460,59766,59071,58368,57676,56984,56281,55595,54897,54199,53511,52813,52121,51431,50735,49977,49323,49115,48909,48454,47769,47086,46404,45717,45034,44356,43672
62123,61430,60737,60043,59346,58646,57950,57260,56558,55869,55172,54478,53777,53092,52391,51705,51008,50250,49597,49388,49182,48727,48042,47356,46674,45984,45305,44627,43943
62397,61700,61011,60319,59619,58923,58227,57532,56836,56139,55446,54755,54052,53364,52665,51977,51280,50523,49870,49657,49456,49007,48312,47628,46944,46253,45576,44888,44209
62672,61975,61283,60595,59895,59200,58504,57802,57112,56416,55716,55030,54331,53635,52940,52249,51557,50800,50143,49928,49729,49275,48586,47901,47214,46523,45842,45154,44475
62946,62250,61558,60869,60171,59477,58778,58079,57386,56695,55991,55304,54608,53910,53211,52521,51830,51074,50411,50203,49997,49548,48859,48170,47484,46795,46111,45423,44746
63220,62526,61833,61141,60444,59753,59052,58356,57661,56971,56269,55574,54883,54189,53487,52794,52101,51349,50684,50479,50266,49822,49133,48444,47754,47070,46381,45698,45012
63495,62804,62108,61416,60717,60030,59329,58634,57938,57243,56547,55849,55158,54466,53767,53070,52375,51624,50957,50752,50537,50092,49406,48718,48028,47342,46654,45969,45281
63769,63079,62384,61687,60993,60306,59601,58911,58215,57513,56823,56123,55432,54741,54043,53346,52652,51895,51233,51024,50810,50364,49676,48991,48297,47611,46925,46239,45551
64042,63349,62663,61961,61269,60580,59873,59187,58489,57790,57097,56397,55702,55016,54318,53626,52927,52167,51506,51296,51085,50641,49947,49265,48566,47880,47194,46509,45821
64316,63621,62937,62234,61544,60851,60147,59459,58763,58067,57371,56671,55975,55290,54593,53902,53198,52439,51778,51573,51362,50917,50223,49534,48834,48149,47465,46776,46091
64593,63894,63207,62506,61819,61121,60425,59731,59039,58344,57649,56946,56249,55560,54868,54177,53473,52715,52049,51850,51637,51189,50500,49802,49107,48418,47738,47043,46361
64867,64168,63479,62784,62092,61396,60704,60006,59311,58619,57926,57224,56526,55834,55142,54452,53752,52991,52322,52123,51909,51456,50774,50073,49380,48692,48007,47314,46631
65138,64441,63753,63058,62364,61672,60979,60284,59583,58891,58203,57501,56804,56108,55412,54727,54029,53267,52598,52397,52181,51732,51042,50345,49656,48965,48277,47588,46901
65406,64712,64026,63332,62643,61945,61255,60563,59862,59164,58478,57778,57082,56384,55686,55001,54304,53539,52874,52671,52457,52013,51315,50619,49931,49238,48550,47861,47170
65679,64983,64300,63607,62916,62216,61530,60838,60140,59441,58750,58055,57359,56661,55960,55271,54577,53812,53149,52941,52733,52283,51591,50895,50204,49511,48819,48135,47440
65952,65260,64570,63885,63188,62490,61803,61113,60415,59721,59022,58330,57637,56934,56234,55545,54848,54087,53428,53213,53008,52553,51867,51167,50476,49783,49095,48409,47714
66224,65536,64842,64154,63457,62765,62073,61385,60690,59998,59294,58602,57914,57212,56509,55819,55123,54362,53705,53489,53286,52828,52139,51438,50749,50056,49369,48677,47987
66497,65813,65118,64426,63727,63038,62343,61655,60965,60272,59569,58874,58188,57489,56787,56095,55397,54636,53980,53764,53564,53107,52411,51715,51025,50328,49642,48954,48261
66770,66089,65395,64699,64000,63312,62617,61926,61237,60543,59847,59152,58460,57762,57065,56371,55671,54915,54253,54039,53837,53382,52687,51991,51297,50601,49914,49227,48534
67042,66366,65671,64973,64276,63585,62894,62201,61510,60815,60124,59424,58732,58037,57338,56644,55944,55190,54524,54317,54107,53657,52965,52264,51568,50878,50189,49500,48807
67315,66642,65948,65246,64553,63858,63170,62475,61785,61088,60395,59698,59005,58314,57610,56917,56220,55464,54799,54593,54377,53932,53239,52537,51844,51155,50464,49770,49080
67588,66918,66224,65520,64830,64134,63444,62749,62059,61363,60667,59974,59276,58591,57886,57190,56496,55740,55073,54867,54652,54207,53509,52813,52120,51427,50736,50041,49352
67860,67195,66500,65793,65108,64411,63717,63023,62329,61637,60945,60249,59550,58863,58162,57467,56770,56017,55347,55141,54930,54479,53784,53093,52395,51702,51007,50318,49625
68133,67471,66777,66067,65385,64689,63991,63296,62601,61912,61221,60525,59826,59134,58439,57741,57048,56290,55620,55415,55206,54752,54055,53368,52672,51974,51279,50594,49897
68406,67748,67053,66340,65662,64966,64264,63570,62877,62186,61496,60799,60102,59409,58715,58017,57325,56563,55895,55694,55482,55031,54328,53643,52951,52247,51554,50866,50170
68678,68024,67330,66614,65940,65244,64538,63843,63155,62460,61770,61073,60377,59685,58991,58297,57599,56836,56173,55968,55759,55308,54607,53913,53226,52524,51830,51137,50446
68951,68301,67606,66887,66217,65521,64811,64117,63433,62735,62044,61348,60656,59960,59264,58573,57873,57108,56451,56244,56032,55577,54889,54186,53496,52803,52106,51408,50718
69223,68577,67883,67161,66494,65798,65085,64390,63712,63009,62319,61622,60932,60235,59537,58850,58149,57383,56728,56520,56309,55850,55167,54463,53770,53078,52383,51683,50990
69496,68853,68159,67434,66772,66076,65358,64664,63990,63283,62593,61897,61206,60514,59812,59122,58426,57660,57005,56794,56586,56126,55441,54741,54041,53353,52662,51961,51265
69769,69130,68436,67708,67049,66353,65632,64937,64268,63558,62867,62171,61481,60790,60088,59395,58702,57937,57279,57071,56861,56404,55710,55018,54315,53628,52936,52239,51541
70041,69406,68712,67981,67326,66630,65905,65211,64546,63832,63142,62445,61755,61065,60362,59671,58975,58209,57552,57343,57135,56681,55985,55287,54594,53900,53206,52514,51814
70314,69683,68988,68255,67604,66908,66179,65484,64825,64107,63416,62720,62029,61339,60640,59946,59248,58484,57824,57619,57411,56958,56262,55561,54871,54174,53476,52789,52085
70587,69959,69265,68528,67881,67185,66452,65758,65103,64381,63691,62994,62304,61613,60919,60221,59523,58762,58102,57895,57683,57235,56539,55837,55145,54452,53749,53064,52358
70859,70236,69541,68802,68159,67462,66726,66031,65381,64655,63965,63268,62578,61888,61198,60497,59798,59040,58378,58170,57955,57508,56816,56114,55419,54730,54024,53339,52637
71132,70512,69818,69075,68436,67740,66999,66305,65660,64930,64239,63543,62853,62162,61477,60772,60074,59311,58651,58441,58230,57780,57088,56392,55696,55004,54298,53610,52916
71405,70789,70094,69349,68713,68017,67273,66578,65938,65204,64514,63817,63127,62437,61757,61047,60349,59582,58924,58717,58507,58054,57360,56669,55973,55273,54573,53882,53186
71677,71065,70371,69622,68991,68294,67546,66852,66216,65478,64788,64092,63401,62711,62036,61322,60624,59853,59199,58993,58783,58329,57633,56946,56250,55548,54851,54156,53460
71950,71341,70647,69896,69268,68572,67820,67125,66495,65753,65063,64366,63676,62985,62315,61598,60899,60125,59474,59270,59059,58601,57906,57219,56527,55825,55129,54430,53735
72223,71618,70923,70169,69545,68849,68093,67399,66773,66027,65337,64640,63950,63260,62595,61873,61175,60396,59750,59546,59335,58872,58183,57491,56799,56102,55407,54703,54009
72495,71894,71200,70443,69823,69126,68367,67672,67051,66302,65611,64915,64224,63534,62874,62148,61450,60667,60025,59822,59611,59143,58459,57763,57071,56380,55684,54981,54284
72768,72171,71476,70716,70100,69404,68640,67946,67329,66576,65886,65189,64499,63808,63153,62424,61725,60939,60300,60098,59888,59415,58735,58035,57343,56657,55959,55259,54562
73041,72447,71753,70990,70377,69681,68914,68219,67608,66850,66160,65464,64773,64083,63432,62699,62001,61210,60576,60375,60164,59686,59011,58311,57615,56929,56232,55536,54840
73313,72724,72029,71263,70655,69959,69187,68493,67886,67125,66434,65738,65048,64357,63712,62974,62276,61481,60851,60651,60440,59957,59288,58587,57887,57201,56509,55812,55117
73586,73000,72306,71537,70932,70236,69461,68766,68164,67399,66709,66012,65322,64632,63991,63249,62551,61753,61126,60927,60716,60229,59564,58864,58160,57474,56782,56085,55395
73859,73277,72582,71810,71209,70513,69734,69040,68443,67674,66983,66287,65596,64906,64270,63525,62826,62024,61401,61203,60993,60500,59840,59140,58432,57746,57054,56358,55670
74131,73553,72859,72084,71487,70791,70008,69313,68721,67948,67258,66561,65871,65180,64549,63800,63102,62295,61677,61480,61269,60771,60116,59416,58704,58018,57326,56631,55942
74404,73829,73135,72357,71764,71068,70281,69587,68999,68222,67532,66835,66145,65455,64829,64075,63377,62566,61952,61756,61545,61042,60393,59692,58976,58290,57598,56904,56210
74677,74105,73411,72630,72041,71345,70554,69861,69277,68496,67806,67109,66419,65730,65109,64350,63652,62837,62227,62032,61821,61313,60670,59968,59248,58562,57870,57177,56478
74950,74381,73687,72903,72318,71622,70827,70135,69555,68770,68080,67383,66693,66005,65389,64625,63927,63108,62502,62308,62097,61584,60947,60244,59520,58834,58142,57450,56746
75223,74657,73963,73176,72595,71899,71100,70409,69833,69044,68354,67657,66967,66280,65669,64900,64202,63379,62777,62584,62373,61855,61224,60520,59792,59106,58414,57723,57014
75496,74933,74239,73449,72872,72176,71373,70683,70111,69318,68628,67931,67241,66555,65949,65175,64477,63650,63052,62860,62649,62126,61501,60796,60064,59378,58686,57996,57282
75769,75209,74515,73722,73149,72453,71646,70957,70389,69592,68902,68205,67515,66830,66229,65450,64752,63921,63327,63136,62925,62397,61778,61072,60336,59650,58958,58269,57550
76042,75485,74791,73995,73426,72730,71919,71231,70667,69866,69176,68479,67789,67105,66509,65725,65027,64192,63602,63412,63201,62668,62055,61348,60608,59922,59230,58542,57818
76315,75761,75067,74268,73703,73007,72192,71505,70945,70140,69450,68753,68063,67380,66789,66000,65302,64463,63877,63688,63477,62939,62332,61624,60880,60194,59502,58815,58086
76588,76037,75343,74541,73980,73284,72465,71779,71223,70414,69724,69027,68337,67655,67069,66275,65577,64734,64152,63964,63753,63210,62609,61900,61152,60466,59774,59088,58354
76861,76313,75619,74814,74257,73561,72738,72053,71501,70688,69998,69301,68611,67930,67349,66550,65852,65005,64427,64240,64029,63481,62886,62176,61424,60738,60046,59361,58622
77134,76589,75895,75087,74534,73838,73011,72327,71779,70962,70272,69575,68885,68205,67629,66825,66127,65276,64702,64516,64305,63752,63163,62452,61696,61010,60318,59634,58890
77407,76865,76171,75360,74811,74115,73284,72601,72057,71236,70546,69849,69159,68480,67909,67100,66402,65547,64977,64792,64581,64023,63440,62728,61968,61282,60590,59907,59158
77680,77141,76447,75633,75088,74392,73557,72875,72335,71510,70820,70123,69433,68755,68189,67375,66677,65818,65252,65068,64857,64294,63717,63004,62240,61554,60862,60180,59426
77953,77417,76723,75906,75365,74669,73830,73149,72613,71784,71094,70397,69707,69030,68469,67650,66952,66089,65527,65344,65133,64565,63994,63280,62512,61826,61134,60453,59694
78226,77693,76999,76179,75642,74946,74103,73423,72891,72058,71368,70671,69981,69305,68749,67925,67227,66360,65802,65620,65409,64836,64271,63556,62784,62098,61406,60726,59962
78499,77969,77275,76452,75919,75223,74376,73697,73169,72332,71642,70945,70255,69580,69029,68200,67502,66631,66077,65896,65685,65107,64548,63832,63056,62370,61678,60999,60230
78772,78245,77551,76725,76196,75500,74649,73971,73447,72606,71916,71219,70529,69855,69309,68475,67777,66902,66352,66172,65961,65378,64825,64108,63328,62642,61950,61272,60498
79045,78521,77827,76998,76473,75777,74922,74245,73725,72880,72190,71493,70803,70130,69589,68750,68052,67173,66627,66448,66237,65649,65102,64384,63600,62914,62222,61545,60766
79318,78797,78103,77271,76750,76054,75195,74519,74003,73154,72464,71767,71077,70405,69869,69025,68327,67444,66902,66724,66513,65920,65379,64660,63872,63186,62494,61818,61034
79591,79073,78379,77544,77027,76331,75468,74793,74281,73428,72738,72041,71351,70680,70149,69300,68602,67715,67177,67000,66789,66191,65656,64936,64144,63458,62766,62091,61302
79864,79349,78655,77817,77304,76608,75741,75067,74559,73702,73012,72315,71625,70955,70429,69575,68877,67986,67452,67276,67065,66462,65933,65212,64416,63730,63038,62364,61570
80137,79625,78931,78090,77581,76885,76014,75341,74837,73976,73286,72589,71899,71230,70709,69850,69152,68257,67727,67552,67341,66733,66210,65488,64688,64002,63310,62637,61838
80410,79901,79207,78363,77858,77162,76287,75615,75115,74250,73560,72863,72173,71505,70989,70125,69427,68528,68002,67828,67617,67004,66487,65764,64960,64274,63582,62910,62106
80683,80177,79483,78636,78135,77439,76560,75889,75393,74524,73834,73137,72447,71780,71269,70400,69702,68799,68277,68104,67893,67275,66764,66040,65232,64546,63854,63183,62374
80956,80453,79759,78909,78412,77716,76833,76163,75671,74798,74108,73411,72721,72055,71549,70675,69977,69070,68552,68380,68169,67546,67041,66316,65504,64818,64126,63456,62642
81229,80729,80035,79182,78689,77993,77106,76437,75949,75072,74382,73685,72995,72330,71829,70950,70252,69341,68827,68656,68445,67817,67318,66592,65776,65090,64398,63729,62910
81502,81005,80311,79455,78966,78270,77379,76711,76227,75346,74656,73959,73269,72605,72109,71225,70527,69612,69102,68932,68721,68088,67595,66868,66048,65362,64670,64002,63178
81775,81281,80587,79728,79243,78547,77652,76985,76505,75620,74930,74233,73543,72880,72389,71500,70802,69883,69377,69208,68997,68359,67872,67144,66320,65634,64942,64275,63446
82048,81557,80863,80001,79520,78824,77925,77259,76783,75894,75204,74507,73817,73155,72669,71775,71077,70154,69652,69484,69273,68630,68149,67420,66592,65906,65214,64548,63714
82321,81833,81139,80274,79797,79101,78198,77533,77061,76168,75478,74781,74091,73430,72949,72050,71352,70425,69927,69760,69549,68901,68426,67696,66864,66178,65486,64821,63982
82594,82109,81415,80547,80074,79378,78471,77807,77339,76442,75752,75055,74365,73705,73229,72325,71627,70696,70202,70036,69825,69172,68703,67972,67136,66450,65758,65094,64250
82867,82385,81691,80820,80351,79655,78744,78081,77617,76716,76026,75329,74639,73980,73509,72600,71902,70967,70477,70312,70101,69443,68980,68248,67408,66722,66030,65367,64518
83140,82661,81967,81093,80628,79932,79017,78355,77895,76990,76300,75603,74913,74255,73789,72875,72177,71238,70752,70588,70377,69714,69257,68524,67680,66994,66302,65640,64786
83413,82937,82243,81366,80905,80209,79290,78629,78173,77264,76574,75877,75187,74530,74069,73150,72452,71509,71027,70864,70653,69985,69534,68800,67952,67266,66574,65913,65054
83686,83213,82519,81639,81182,80486,79563,78903,78451,77538,76848,76151,75461,74805,74349,73425,72727,71780,71302,71140,70929,70256,69811,69076,68224,67538,66846,66186,65322
83959,83489,82795,81912,81459,80763,79836,79177,78729,77812,77122,76425,75735,75080,74629,73700,73002,72051,71577,71416,71205,70527,70088,69352,68496,67810,67118,66459,65590
84232,83765,83071,82185,81736,81040,80109,79451,79007,78086,77396,76699,76009,75355,74909,73975,73277,72322,71852,71692,71481,70798,70365,69628,68768,68082,67390,66732,65858
84505,84041,83347,82458,82013,81317,80382,79725,79285,78360,77670,76973,76283,75630,75189,74250,73552,72593,72127,71968,71757,71069,70642,69904,69040,68354,67662,67005,66126
84778,84317,83623,82731,82290,81594,80655,79999,79563,78634,77944,77247,76557,75905,75469,74525,73827,72864,72402,72244,72033,71340,70919,70180,69312,68626,67934,67278,66394
85051,84593,83899,83004,82567,81871,80928,80273,79841,78908,78218,77521,76831,76180,75749,74800,74102,73135,72677,72520,72309,71611,71196,70456,69584,68898,68206,67551,66662
85324,84869,84175,83277,82844,82148,81201,80547,80119,79182,78492,77795,77105,76455,76029,75075,74377,73406,72952,72796,72585,71882,71473,70732,69856,69170,68478,67824,66930
85597,85145,84451,83550,83121,82425,81474,80821,80397,79456,78766,78069,77379,76730,76309,75350,74652,73677,73227,73072,72861,72153,71750,71008,70128,69442,68750,68097,67198
85870,85421,84727,83823,83398,82702,81747,81095,80675,79730,79040,78343,77653,77005,76589,75625,74927,73948,73502,73348,73137,72424,72027,71284,70400,69714,69022,68370,67466
86143,85697,85003,84096,83675,82979,82020,81369,80953,80004,79314,78617,77927,77280,76869,75900,75202,74219,73777,73624,73413,72695,72304,71560,70672,69986,69294,68643,67734
86416,85973,85279,84369,83952,83256,82293,81643,81231,80278,79588,78891,78201,77555,77149,76175,75477,74490,74052,73900,73689,72966,72581,71836,70944,70258,69566,68916,68002
86689,86249,85555,84642,84229,83533,82566,81917,81509,80552,79862,79165,78475,77830,77429,76450,75752,74761,74327,74176,73965,73237,72858,72112,71216,70530,69838,69189,68270
86962,86525,85831,84915,84506,83810,82839,82191,81787,80826,80136,79439,78749,78105,77709,76725,76027,75032,74602,74452,74241,73508,73135,72388,71488,70802,70110,69462,68538
87235,86801,86107,85188,84783,84087,83112,82465,82065,81100,80410,79713,79023,78380,77989,77000,76302,75303,74877,74728,74517,73779,73412,72664,71760,71074,70382,69735,68806
87508,87077,86383,85461,85060,84364,83385,82739,82343,81374,80684,79987,79297,78655,78269,77275,76577,75574,75152,75004,74793,74050,73689,72940,72032,71346,70654,70008,69074
87781,87353,86659,85734,85337,84641,83658,83013,82621,81648,80958,80261,79571,78930,78549,77550,76852,75845,75427,75280,75069,74321,73966,73216,72304,71618,70926,70281,69342
88054,87629,86935,86007,85614,84918,83931,83287,82899,81922,81232,80535,79845,79205,78829,77825,77127,76116,75702,75556,75345,74592,74243,73492,72576,71890,71198,70554,69610
88327,87905,87211,86280,85891,85195,84204,83561,83177,82196,81506,80809,80119,79480,79109,78100,77402,76387,75977,75832,75621,74863,74520,73768,72848,72162,71470,70827,69878
88600,88181,87487,86553,86168,85472,84477,83835,83455,82470,81780,81083,80393,79755,79389,78375,77677,76658,76252,76108,75897,75134,74797,74044,73120,72434,71742,71100,70146
88873,88457,87763,86826,86445,85749,84750,84109,83733,82744,82054,81357,80667,80030,79669,78650,77952,76929,76527,76384,76173,75405,75074,74320,73392,72706,72014,71373,70414
89146,88733,88039,87099,86722,86026,85023,84383,84011,83018,82328,81631,80941,80305,79949,78925,78227,77200,76802,76660,76449,75676,75351,74596,73664,72978,72286,71646,70682
89419,89009,88315,87372,86999,86303,85296,84657,84289,83292,82602,81905,81215,80580,80229,79200,78502,77471,77077,76936,76725,75947,75628,74872,73936,73250,72558,71919,70950
89692,89285,88591,87645,87276,86580,85569,84931,84567,83566,82876,82179,81489,80855,80509,79475,78777,77742,77352,77212,77001,76218,75905,75148,74208,73522,72830,72192,71218
89965,89561,88867,87918,87553,86857,85842,85205,84845,83840,83150,82453,81763,81130,80789,79750,79052,78013,77627,77488,77277,76489,76182,75424,74480,73794,73102,72465,71486
90238,89837,89143,88191,87830,87134,86115,85479,85123,84114,83424,82727,82037,81405,81069,80025,79327,78284,77902,77764,77553,76760,76459,75700,74752,74066,73374,72738,71754
90511,90113,89419,88464,88107,87411,86388,85753,85401,84388,83698,83001,82311,81680,81349,80300,79602,78555,78177,78040,77829,77031,76736,75976,75024,74338,73646,73011,72022
90784,90389,89695,88737,88384,87688,86661,86027,85679,84662,83972,83275,82585,81955,81629,80575,79877,78826,78452,78316,78105,77302,77013,76252,75296,74610,73918,73284,72290
91057,90665,89971,89010,88661,87965,86934,86301,85957,84936,84246,83549,82859,82230,81909,80850,80152,79097,78727,78592,78381,77573,77290,76528,75568,74882,74190,73557,72558
91330,90941,90247,89283,88938,88242,87207,86575,86235,85210,84520,83823,83133,82505,82189,81125,80427,79368,79002,78868,78657,77844,77567,76804,75840,75154,74462,73830,72826
91603,91217,90523,89556,89215,88519,87480,86849,86513,85484,84794,84097,83407,82780,82469,81400,80702,79639,79277,79144,78933,78115,77844,77080,76112,75426,74734,74103,73094
91876,91493,90799,89829,89492,88796,87753,87123,86791,85758,85068,84371,83681,83055,82749,81675,80977,79910,79552,79420,79209,78386,78121,77356,76384,75698,75006,74376,73362
92149,91769,91075,90102,89769,89073,88026,87397,87069,86032,85342,84645,83955,83330,83029,81950,81252,80181,79827,79696,79485,78657,78398,77632,76656,75970,75278,74649,73630
92422,92045,91351,90375,90046,89350,88299,87671,87347,86306,85616,84919,84229,83605,83309,82225,81527,80452,80102,79972,79761,78928,78675,77908,76928,76242,75550,74922,73898
92695,92321,91627,90648,90323,89627,88572,87945,87625,86580,85890,85193,84503,83880,83589,82500,81802,80723,80377,80248,80037,79199,78952,78184,77200,76514,75822,75195,74166
92968,92597,91903,90921,90600,89904,88845,88219,87903,86854,86164,85467,84777,84155,83869,82775,82077,80994,80652,80524,80313,79470,79229,78460,77472,76786,76094,75468,74434
93241,92873,92179,91194,90877,90181,89118,88493,88181,87128,86438,85741,85051,84430,84149,83050,82352,81265,80927,80800,80589,79741,79506,78736,77744,77058,76366,75741,74702
93514,93149,92455,91467,91154,90458,89391,88767,88459,87402,86712,86015,85325,84705,84429,83325,82627,81536,81202,81076,80865,80012,79783,79012,78016,77330,76638,76014,74970
93787,93425,92731,91740,91431,90735,89664,89041,88737,87676,86986,86289,85599,84980,84709,83600,82902,81807,81477,81352,81141,80283,80060,79288,78288,77602,76910,76287,75238
94060,93701,93007,92013,91708,91012,89937,89315,89015,87950,87260,86563,85873,85255,84989,83875,83177,82078,81752,81628,81417,80554,80337,79564,78560,77874,77182,76560,75506
94333,93977,93283,92286,91985,91289,90210,89589,89293,88224,87534,86837,86147,85530,85269,84150,83452,82349,82027,81904,81693,80825,80614,79840,78832,78146,77454,76833,75774
94606,94253,93559,92559,92262,91566,90483,89863,89571,88498,87808,87111,86421,85805,85549,84425,83727,82620,82302,82180,81969,81096,80891,80116,79104,78418,77726,77106,76042
94879,94529,93835,92832,92539,91843,90756,90137,89849,88772,88082,87385,86695,86080,85829,84700,84002,82891,82577,82456,82245,81367,81168,80392,79376,78690,77998,77379,76310
95152,94805,94111,93105,92816,92120,91029,90411,90127,89046,88356,87659,86969,86355,86109,84975,84277,83162,82852,82732,82521,81638,81445,80668,79648,78962,78270,77652,76578
95425,95081,94387,93378,93093,92397,91302,90685,90405,89320,88630,87933,87243,86630,86389,85250,84552,83433,83127,83008,82797,81909,81722,80944,79920,79234,78542,77925,76846
95698,95357,94663,93651,93370,92674,91575,90959,90683,89594,88904,88207,87517,86905,86669,85525,84827,83704,83402,83284,83073,82180,81999,81220,80192,79506,78814,78198,77114
95971,95633,94939,93924,93647,92951,91848,91233,90961,89868,89178,88481,87791,87180,86949,85800,85102,83975,83677,83560,83349,82451,82276,81496,80464,79778,79086,78471,77382
96244,95909,95215,94197,93924,93228,92121,91507,91239,90142,89452,88755,88065,87455,87229,86075,85377,84246,83952,83836,83625,82722,82553,81772,80736,80050,79358,78744,77650
96517,96185,95491,94470,94201,93505,92394,91781,91517,90416,89726,89029,88339,87730,87509,86350,85652,84517,84227,84112,83901,82993,82830,82048,81008,80322,79630,79017,77918
96790,96461,95767,94743,94478,93782,92667,92055,91795,90690,90000,89303,88613,88005,87789,86625,85927,84788,84502,84388,84177,83264,83107,82324,81280,80594,79902,79290,78186
97063,96737,96043,95016,94755,94059,92940,92329,92073,90964,90274,89577,88887,88280,88069,86900,86202,85059,84777,84664,84453,83535,83384,82600,81552,80866,80174,79563,78454
97336,97013,96319,95289,95032,94336,93213,92603,92351,91238,90548,89851,89161,88555,88349,87175,86477,85330,85052,84940,84729,83806,83661,82876,81824,81138,80446,79836,78722
97609,97289,96595,95562,95309,94613,93486,92877,92629,91512,90822,90125,89435,88830,88629,87450,86752,85601,85327,85216,85005,84077,83938,83152,82096,81410,80718,80109,78990
97882,97565,96871,95835,95586,94890,93759,93151,92907,91786,91096,90399,89709,89105,88909,87725,87027,85872,85602,85492,85281,84348,84215,83428,82368,81682,80990,80382,79258
98155,97841,97147,96108,95863,95167,94032,93425,93185,92060,91370,90673,89983,89380,89189,88000,87302,86143,85877,85768,85557,84619,84492,83704,82640,81954,81262,80655,79526
98428,98117,97423,96381,96140,95444,94305,93699,93463,92334,91644,90947,90257,89655,89469,88275,87577,86414,86152,86044,85833,84890,84769,83980,82912,82226,81534,80928,79794
98701,98393,97699,96654,96417,95721,94578,93973,93741,92608,91918,91221,90531,89930,89749,88550,87852,86685,86427,86320,86109,85161,85046,84256,83184,82498,81806,81201,80062
98974,98669,97975,96927,96694,95998,94851,94247,94019,92882,92192,91495,90805,90205,90029,88825,88127,86956,86702,86596,86385,85432,85323,84532,83456,82770,82078,81474,80330
99247,98945,98251,97200,96971,96275,95124,94521,94297,93156,92466,91769,91079,90480,90309,89100,88402,87227,86977,86872,86661,85703,85600,84808,83728,83042,82350,81747,80598
99520,99221,98527,97473,97248,96552,95397,94795,94575,93430,92740,92043,91353,90755,90589,89375,88677,87498,87252,87148,86937,85974,85877,85084,84000,83314,82622,82020,80866
99793,99497,98803,97746,97525,96829,95670,95069,94853,93704,93014,92317,91627,91030,90869,89650,88952,87769,87527,87424,87213,86245,86154,85360,84272,83586,82894,82293,81134
100066,99773,99079,98019,97802,97106,95943,95343,95131,93978,93288,92591,91901,91305,91149,89925,89227,88040,87802,87700,87489,86516,86431,85636,84544,83858,83166,82566,81402
100339,100049,99355,98292,98079,97383,96216,95617,95409,94252,93562,92865,92175,91580,91429,90200,89502,88311,88077,87976,87765,86787,86708,85912,84816,84130,83438,82839,81670
100612,100325,99631,98565,98356,97660,96489,95891,95687,94526,93836,93139,92449,91855,91709,90475,89777,88582,88352,88252,88041,87058,86985,86188,85088,84402,83710,83112,81938
100885,100601,99907,98838,98633,97937,96762,96165,95965,94800,94110,93413,92723,92130,91989,90750,90052,88853,88627,88528,88317,87329,87262,86464,85360,84674,83982,83385,82206
101158,100877,100183,99111,98910,98214,97035,96439,96243,95074,94384,93687,92997,92405,92269,91025,90327,89124,88902,88804,88593,87600,87539,86740,85632,84946,84254,83658,82474
101431,101153,100459,99384,99187,98491,97308,96713,96521,95348,94658,93961,93271,92680,92549,91300,90602,89395,89177,89080,88869,87871,87816,87016,85904,85218,84526,83931,82742
101704,101429,100735,99657,99464,98768,97581,96987,96799,95622,94932,94235,93545,92955,92829,91575,90877,89666,89452,89356,89145,88142,88093,87292,86176,85490,84798,84204,83010
101977,101705,101011,99930,99741,99045,97854,97261,97077,95896,95206,94509,93819,93230,93109,91850,91152,89937,89727,89632,89421,88413,88370,87568,86448,85762,85070,84477,83278
102250,101981,101287,100203,100018,99322,98127,97535,97355,96170,95480,94783,94093,93505,93389,92125,91427,90208,90002,89908,89697,88684,88647,87844,86720,86034,85342,84750,83546
102523,102257,101563,100476,100295,99599,98400,97809,97633,96444,95754,95057,94367,93780,93669,92400,91702,90479,90277,90184,89973,88955,88924,88120,86992,86306,85614,85023,83814
102796,102533,101839,100749,100572,99876,98673,98083,97911,96718,96028,95331,94641,94055,93949,92675,91977,90750,90552,90460,90249,89226,89201,88396,87264,86578,85886,85296,84082
103069,102809,102115,101022,100849,100153,98946,98357,98189,96992,96302,95605,94915,94330,94229,92950,92252,91021,90827,90736,90525,89497,89478,88672,87536,86850,86158,85569,84350
103342,103085,102391,101295,101126,100430,99219,98631,98467,97266,96576,95879,95189,94605,94509,93225,92527,91292,91102,91012,90801,89768,89755,88948,87808,87122,86430,85842,84618
103615,103361,102667,101568,101403,100707,99492,98905,98745,97540,96850,96153,95463,94880,94789,93500,92802,91563,91377,91288,91077,90039,90032,89224,88080,87394,86702,86115,84886
103888,103637,102943,101841,101680,100984,99765,99179,99023,97814,97124,96427,95737,95155,95069,93775,93077,91834,91652,91564,91353,90310,90309,89500,88352,87666,86974,86388,85154
104161,103913,103219,102114,101957,101261,100038,99453,99301,98088,97398,96701,96011,95430,95349,94050,93352,92105,91927,91840,91629,90581,90586,89776,88624,87938,87246,86661,85422
104434,104189,103495,102387,102234,101538,100311,99727,99579,98362,97672,96975,96285,95705,95629,94325,93627,92376,92202,92116,91905,90852,90863,90052,88896,88210,87518,86934,85690
104707,104465,103771,102660,102511,101815,100584,100001,99857,98636,97946,97249,96559,95980,95909,94600,93902,92647,92477,92392,92181,91123,91140,90328,89168,88482,87790,87207,85958
104980,104741,104047,102933,102788,102092,100857,100275,100135,98910,98220,97523,96833,96255,96189,94875,94177,92918,92752,92668,92457,91394,91417,90604,89440,88754,88062,87480,86226
105253,105017,104323,103206,103065,102369,101130,100549,100413,99184,98494,97797,97107,96530,96469,95150,94452,93189,93027,92944,92733,91665,91694,90880,89712,89026,88334,87753,86494
105526,105293,104599,103479,103342,102646,101403,100823,100691,99458,98768,98071,97381,96805,96749,95425,94727,93460,93302,93220,93009,91936,91971,91156,89984,89298,88606,88026,86762
105799,105569,104875,103752,103619,102923,101676,101097,100969,99732,99042,98345,97655,97080,97029,95700,95002,93731,93577,93496,93285,92207,92248,91432,90256,89570,88878,88299,87030
106072,105845,105151,104025,103896,103200,101949,101371,101247,100006,99316,98619,97929,97355,97309,95975,95277,94002,93852,93772,93561,92478,92525,91708,90528,89842,89150,88572,87298
106345,106121,105427,104298,104173,103477,102222,101645,101525,100280,99590,98893,98203,97630,97589,96250,95552,94273,94127,94048,93837,92749,92802,91984,90800,90114,89422,88845,87566
106618,106397,105703,104571,104450,103754,102495,101919,101803,100554,99864,99167,98477,97905,97869,96525,95827,94544,94402,94324,94113,93020,93079,92260,91072,90386,89694,89118,87834
106891,106673,105979,104844,104727,104031,102768,102193,102081,100828,100138,99441,98751,98180,98149,96800,96102,94815,94677,94600,94389,93291,93356,92536,91344,90658,89966,89391,88102
107164,106949,106255,105117,105004,104308,103041,102467,102359,101102,100412,99715,99025,98455,98429,97075,96377,95086,94952,94876,94665,93562,93633,92812,91616,90930,90238,89664,88370
107437,107225,106531,105390,105281,104585,103314,102741,102637,101376,100686,99989,99299,98730,98709,97350,96652,95357,95227,95152,94941,93833,93910,93088,91888,91202,90510,89937,88638
107710,107501,106807,105663,105558,104862,103587,103015,102915,101650,100960,100263,99573,99005,98989,97625,96927,95628,95502,95428,95217,94104,94187,93364,92160,91474,90782,90210,88906
