14259,13872,13471,13091,12694,12325,11929,11558,11191,10816,10445,10064,9702.5,9341,8969.5,8591.4,8230.7,7831.7,7479.2,7375.6,7285.4,7060,6701.7,6338.6,5973.6,5611.9,5244.9,4890,4525.9
14343,13952,13548,13165,12771,12392,12001,11627,11257,10880,10508,10129,9762.5,9399.5,9027.3,8652.6,8290.5,7890.8,7537,7433.4,7343.2,7117.1,6758.8,6394.5,6029.5,5667.2,5303.2,4947.7,4583.6
14427,14032,13625,13240,12847,12460,12072,11695,11323,10944,10571,10194,9822.5,9458,9085.1,8713.8,8350.3,7949.9,7594.7,7491.2,7400.9,7174.3,6815.9,6450.4,6085.4,5722.5,5361.6,5005.5,4641.3
14514,14112,13702,13314,12923,12530,12144,11764,11389,11009,10634,10259,9884.4,9516.5,9143,8775,8410,8009,7652.5,7548.9,7458.7,7232.3,6873,6506.4,6141.2,5778.3,5419.9,5062.5,4699.1
14604,14194,13786,13388,13001,12604,12216,11833,11456,11075,10697,10325,9949.4,9575.1,9205.1,8836.3,8470.2,8068.1,7711.1,7606.7,7516.5,7293.9,6930.2,6563.5,6197.1,5837.3,5478.3,5117.2,4756.8
14692,14277,13872,13465,13076,12679,12288,11903,11523,11141,10765,10392,10015,9638.8,9267.8,8897.8,8530.7,8127.2,7773.4,7665,7574.5,7355.5,6987.3,6620.6,6256.4,5896.2,5534.2,5171.9,4811.1
14783,14359,13959,13548,13149,12755,12361,11975,11591,11211,10833,10458,10080,9703.1,9330.5,8959.7,8591.2,8186.9,7835.7,7723.4,7632.9,7414.8,7044.4,6679.3,6316.6,5953.9,5589.4,5226.6,4865.2
14879,14451,14041,13631,13226,12832,12439,12050,11660,11282,10902,10521,10145,9767.8,9393.2,9021.7,8652.4,8246.7,7896.5,7782.7,7691.4,7472.6,7102.5,6739.5,6376.5,6009.8,5644.7,5281.3,4919.4
14975,14544,14124,13716,13306,12909,12518,12125,11732,11354,10972,10584,10211,9832.9,9456,9084.4,8713.6,8307.1,7956.3,7845.8,7753.7,7530.4,7164.1,6799.8,6433,6065.7,5700,5336,4973.5
15071,14636,14220,13801,13394,12992,12594,12198,11808,11427,11042,10653,10278,9898,9520.3,9147.1,8775.2,8368.4,8016.5,7908.8,7816.7,7593.4,7225.7,6857.5,6489.5,6124.3,5755.3,5393.8,5027.6
15169,14736,14312,13889,13481,13076,12671,12273,11884,11496,11114,10722,10345,9963.1,9584.5,9212.4,8837.1,8429.6,8080.2,7969.7,7878.8,7656.4,7285.4,6914.6,6547.7,6183.9,5812.2,5452.8,5083.4
15274,14834,14403,13981,13564,13156,12753,12352,11959,11564,11185,10796,10413,10028,9652.7,9279.3,8899.8,8494.1,8144,8029.5,7938.5,7717.6,7343.8,6972.6,6608,6243.6,5871.8,5511.8,5141.7
15380,14928,14500,14075,13651,13239,12835,12432,12036,11644,11258,10871,10482,10099,9722.1,9345.6,8966.7,8558.6,8205.8,8090,7998.3,7776.7,7402.4,7034.3,6668.2,6303.8,5931.4,5570.7,5200.1
15487,15037,14599,14170,13743,13326,12920,12513,12114,11724,11331,10943,10555,10170,9791.5,9409.8,9033.6,8623.9,8266.3,8154.5,8061.3,7835.8,7465.4,7095.9,6729.6,6364.1,5991,5629.7,5258.4
15595,15145,14700,14265,13835,13418,13005,12598,12193,11800,11404,11013,10628,10242,9861,9474.1,9100.4,8690,8327.3,8219,8125.1,7899.3,7528.5,7157.9,6791.2,6424.6,6050.6,5688.7,5316.8
15709,15250,14798,14361,13928,13512,13090,12685,12272,11876,11479,11088,10698,10314,9930.7,9542.3,9167.3,8756,8392.6,8283.5,8189.1,7963,7591.1,7220.2,6852.7,6485.6,6110.2,5747.6,5375.1
15826,15362,14902,14458,14028,13603,13180,12769,12356,11959,11558,11165,10769,10387,10002,9610.8,9234.5,8822.1,8457.9,8348.1,8253.6,8028.5,7653.5,7282.6,6913.6,6546.5,6170.5,5806.6,5437.4
15942,15476,15012,14564,14127,13695,13272,12852,12442,12042,11638,11243,10844,10460,10073,9682.9,9302.2,8888.2,8525.9,8412.7,8318.1,8096.2,7715.8,7344.9,6974.5,6607.4,6230.8,5866,5500.1
16066,15592,15122,14669,14227,13793,13366,12943,12529,12125,11719,11321,10919,10534,10145,9757.6,9369.9,8954.8,8595.3,8478,8386.6,8164,7783.2,7407.2,7038.1,6668.4,6292.3,5925.6,5562
16192,15713,15235,14775,14330,13891,13461,13035,12616,12208,11800,11399,10999,10608,10217,9831,9442.7,9021.7,8663.9,8543.3,8455.9,8228.8,7850.9,7471.4,7103.6,6729.8,6356.4,5985.2,5620.9
16319,15834,15352,14888,14437,13989,13556,13132,12710,12294,11882,11478,11080,10683,10293,9901.3,9515.6,9089.9,8730,8611.6,8523.8,8293.3,7918.3,7537.6,7169.1,6793.8,6420.4,6048.2,5679.9
16445,15957,15471,15003,14546,14094,13655,13227,12803,12381,11966,11559,11163,10763,10369,9971.7,9589.6,9161.9,8796.1,8681,8589.1,8359.9,7985.3,7603.8,7230.7,6857.8,6484.4,6111.5,5741
16582,16082,15592,15117,14656,14201,13757,13320,12893,12472,12055,11645,11246,10842,10447,10047,9664.3,9233.8,8868.7,8750.8,8654.4,8429.3,8052.3,7670,7292.3,6922.6,6548.5,6174.9,5804.3
16724,16213,15714,15233,14768,14309,13861,13418,12986,12564,12145,11731,11329,10923,10526,10123,9739.1,9305.8,8943,8821.9,8727.9,8498.6,8120.7,7736.2,7357.3,6988,6612.5,6238.2,5867.7
16866,16346,15840,15353,14882,14417,13966,13519,13083,12658,12235,11818,11412,11004,10605,10204,9813.8,9377.7,9016.5,8893,8802.3,8572,8189.2,7804.3,7427.4,7053.5,6676.5,6301.6,5930.5
17004,16482,15977,15477,15000,14527,14072,13625,13185,12752,12327,11909,11497,11086,10685,10286,9889.1,9453,9088.4,8967.8,8875,8645.5,8259.1,7876,7497.5,7118.3,6740.5,6364.9,5993.1
17156,16621,16111,15603,15120,14643,14182,13731,13287,12846,12424,12002,11583,11168,10765,10366,9969.2,9531.1,9160.3,9043,8946.1,8717.2,8330.8,7947.8,7564.4,7183.1,6806,6428.2,6056
17305,16765,16240,15733,15244,14761,14295,13835,13388,12946,12518,12093,11672,11257,10851,10443,10049,9609.5,9236.5,9118.7,9017.5,8787.4,8402.5,8018.8,7630.6,7249.1,6873.8,6491.6,6121.7
17457,16908,16378,15867,15371,14881,14409,13947,13492,13049,12610,12183,11763,11346,10937,10524,10130,9688.6,9312.7,9194.9,9092.8,8858.5,8475.8,8089.7,7698.8,7318.4,6941.6,6558.1,6187.3
17613,17053,16524,16002,15500,15006,14528,14063,13604,13152,12713,12277,11855,11436,11022,10608,10212,9767.6,9389.5,9271.2,9168,8936.9,8549.2,8161.1,7772.8,7387.7,7010,6625.2,6253.2
17773,17206,16671,16138,15633,15133,14651,14175,13714,13257,12818,12374,11949,11525,11108,10694,10293,9846.7,9466.6,9348.3,9247.6,9015.4,8623.1,8233.7,7846.8,7459.6,7078.5,6693.1,6319.5
17939,17370,16812,16278,15766,15261,14774,14290,13822,13367,12919,12476,12048,11620,11196,10783,10376,9925.8,9545.7,9425.4,9329,9092.3,8697.4,8306.3,7918.7,7532.8,7147.5,6764.6,6385.9
18106,17527,16969,16423,15903,15388,14898,14409,13936,13478,13022,12579,12148,11715,11284,10873,10461,10010,9629.1,9506,9410.4,9168.5,8771.8,8382.2,7989.6,7606.1,7219.8,6836.2,6455
18274,17687,17123,16569,16043,15522,15023,14529,14051,13591,13130,12683,12243,11812,11378,10965,10549,10095,9712.6,9587.4,9491.8,9246.3,8850.3,8458.8,8061.2,7680.1,7292.2,6907.3,6525.8
18443,17851,17278,16720,16186,15660,15154,14652,14170,13703,13239,12787,12338,11910,11473,11056,10637,10181,9796.1,9669.8,9573.3,9327.7,8928.8,8535.7,8137,7754.1,7364.5,6978.1,6596.6
18622,18018,17438,16874,16328,15800,15287,14781,14292,13816,13347,12893,12445,12008,11573,11148,10726,10267,9879.6,9753.3,9656.8,9409.1,9010.3,8613.2,8212.7,7828.1,7436.9,7048.9,6666.7
18806,18193,17598,17030,16474,15940,15422,14912,14417,13937,13462,13002,12553,12107,11674,11240,10816,10354,9967.3,9837.9,9740.3,9495.8,9093.9,8690.7,8291.5,7902.1,7509.2,7121,6736.7
18989,18369,17766,17190,16627,16082,15559,15045,14544,14058,13581,13115,12663,12214,11771,11339,10912,10447,10056,9927,9827.1,9582.6,9177.1,8772.7,8372.2,7976.1,7585.6,7193.4,6807.8
19173,18546,17939,17355,16781,16229,15699,15183,14674,14180,13699,13228,12774,12321,11868,11438,11007,10539,10146,10016,9915,9669.4,9258.5,8855.3,8452.8,8054.6,7662.6,7266.4,6882.3
19358,18728,18114,17520,16940,16379,15843,15317,14807,14304,13820,13342,12884,12428,11977,11538,11103,10633,10236,10106,10004,9756.2,9339.9,8938.4,8533.5,8133.4,7739.8,7341.7,6956.8
19554,18919,18290,17680,17104,16534,15987,15452,14937,14431,13946,13465,12996,12535,12086,11637,11200,10727,10327,10196,10094,9843.8,9428.8,9022,8614.1,8213,7817.7,7417.1,7031.8
19758,19099,18473,17859,17267,16695,16138,15603,15072,14564,14070,13588,13108,12644,12192,11739,11299,10826,10420,10291,10186,9932.8,9518.7,9105.9,8698.9,8293.6,7895.6,7495.5,7107.1
19956,19294,18653,18033,17435,16855,16295,15749,15217,14698,14192,13706,13226,12756,12298,11842,11399,10924,10513,10387,10282,10023,9607,9194.8,8785.6,8374.3,7976.9,7576.4,7182.4
20160,19493,18837,18209,17606,17018,16453,15894,15359,14832,14327,13830,13346,12872,12411,11951,11503,11021,10610,10483,10378,10117,9693.8,9283.6,8872.3,8458.6,8059.6,7657.2,7261.2
20370,19686,19029,18393,17781,17186,16610,16045,15502,14974,14461,13960,13468,12989,12524,12060,11607,11118,10707,10581,10474,10212,9783.2,9373.3,8959.1,8543.3,8142.5,7739,7340.3
20575,19890,19224,18580,17952,17356,16768,16198,15650,15118,14594,14089,13592,13107,12638,12169,11715,11223,10807,10679,10570,10308,9881.1,9463.3,9045.8,8630.3,8226.2,7820.8,7419.6
20784,20094,19422,18767,18138,17520,16928,16356,15800,15263,14733,14218,13722,13231,12755,12279,11822,11331,10907,10779,10668,10404,9979,9553.7,9134.3,8720.1,8309.9,7902.6,7499.5
21000,20304,19625,18959,18322,17701,17100,16520,15954,15408,14873,14353,13853,13357,12874,12397,11935,11437,11013,10880,10767,10504,10074,9644.8,9223.2,8809.8,8396.8,7984.4,7579.5
21217,20517,19827,19155,18507,17883,17271,16684,16112,15558,15015,14490,13985,13485,12996,12516,12047,11543,11119,10985,10871,10606,10168,9736.2,9314.6,8896.6,8485.5,8066.2,7662.4
21441,20730,20028,19354,18694,18059,17445,16850,16272,15712,15162,14630,14118,13613,13120,12635,12163,11652,11226,11090,10977,10710,10268,9832.9,9408.8,8983.3,8574.4,8156.2,7747.2
21670,20948,20240,19554,18889,18242,17624,17019,16435,15863,15311,14775,14252,13741,13245,12758,12281,11763,11334,11198,11084,10814,10368,9929.6,9503.9,9076.1,8664.1,8247.8,7831.9
21894,21165,20452,19760,19090,18431,17799,17190,16599,16021,15466,14921,14396,13875,13372,12886,12404,11879,11443,11307,11190,10921,10472,10032,9603.6,9173.4,8753.9,8338.2,7917.6
22125,21390,20668,19967,19291,18624,17984,17368,16764,16186,15621,15067,14539,14013,13505,13010,12525,11997,11552,11421,11301,11031,10579,10136,9703.4,9271,8847.4,8425.9,8003.3
22357,21613,20887,20176,19491,18820,18173,17548,16936,16346,15776,15218,14682,14151,13640,13134,12643,12118,11668,11535,11415,11140,10686,10240,9801.7,9369.6,8942.3,8513.6,8091.7
22593,21838,21106,20388,19693,19018,18359,17731,17112,16514,15938,15371,14828,14291,13776,13263,12765,12239,11785,11646,11530,11247,10794,10345,9899.6,9468.1,9038,8606.3,8183.3
22826,22067,21324,20609,19905,19224,18557,17913,17291,16686,16099,15529,14974,14435,13912,13393,12892,12360,11903,11758,11644,11359,10903,10451,10003,9567.7,9135.3,8700.1,8275
23065,22305,21556,20827,20114,19428,18753,18099,17470,16857,16261,15685,15120,14582,14048,13532,13024,12481,12021,11881,11760,11478,11014,10557,10110,9667.5,9232.6,8795.9,8370.4
23313,22545,21782,21046,20327,19633,18949,18291,17655,17032,16429,15843,15277,14732,14194,13670,13159,12607,12146,12003,11878,11597,11126,10666,10216,9768.8,9330,8895,8466.1
23562,22776,22018,21271,20548,19841,19149,18489,17844,17212,16606,16015,15435,14884,14341,13806,13296,12733,12272,12123,12000,11714,11244,10780,10321,9871.2,9427.3,8994.1,8562.7
23801,23020,22253,21501,20768,20056,19364,18687,18030,17398,16781,16183,15593,15038,14488,13948,13433,12866,12399,12245,12124,11834,11362,10894,10427,9976.5,9529.2,9095.5,8660.7
24054,23260,22490,21728,20994,20276,19568,18885,18224,17580,16953,16354,15763,15193,14637,14092,13573,12999,12526,12373,12251,11957,11481,11010,10540,10088,9634.7,9197.1,8758.6
24306,23506,22733,21968,21215,20496,19778,19089,18417,17768,17135,16529,15930,15348,14787,14243,13713,13134,12656,12504,12377,12083,11601,11126,10653,10199,9741.4,9299.4,8857.7
24559,23755,22965,22195,21442,20717,19993,19298,18614,17959,17320,16700,16091,15509,14942,14393,13855,13274,12787,12638,12511,12215,11724,11244,10770,10309,9851.2,9402.2,8956.8
24824,24004,23211,22435,21675,20937,20209,19500,18820,18154,17506,16876,16265,15677,15101,14542,14002,13416,12920,12771,12647,12344,11847,11361,10887,10418,9961.1,9506.4,9059.7
25081,24258,23457,22677,21910,21158,20429,19715,19023,18355,17696,17056,16443,15845,15263,14696,14153,13561,13057,12904,12778,12471,11975,11485,11008,10535,10074,9614.8,9165.5
25345,24519,23708,22920,22150,21391,20649,19930,19230,18551,17885,17249,16625,16014,15425,14853,14303,13707,13200,13042,12910,12603,12104,11610,11128,10652,10187,9723.3,9271.5
25608,24779,23962,23166,22390,21623,20874,20149,19444,18751,18081,17436,16803,16186,15592,15015,14455,13854,13342,13182,13051,12739,12236,11737,11252,10771,10302,9834.4,9378.6
25869,25040,24216,23412,22630,21856,21105,20371,19662,18961,18282,17626,16986,16367,15767,15180,14611,14003,13485,13325,13194,12877,12369,11865,11376,10890,10418,9945.7,9485.7
26140,25296,24471,23658,22875,22093,21339,20592,19877,19166,18483,17823,17173,16545,15935,15348,14769,14154,13635,13470,13342,13015,12502,11995,11500,11010,10534,10061,9599
26406,25563,24731,23919,23117,22333,21573,20820,20092,19382,18688,18020,17361,16722,16110,15513,14929,14306,13786,13621,13487,13163,12640,12126,11625,11131,10652,10178,9713.3
26673,25830,24994,24167,23362,22573,21799,21053,20312,19598,18897,18219,17557,16911,16292,15683,15094,14460,13934,13773,13630,13311,12782,12263,11756,11256,10772,10297,9828.4
26948,26096,25257,24430,23616,22813,22042,21287,20537,19814,19110,18421,17754,17102,16474,15858,15263,14619,14085,13927,13782,13460,12922,12401,11889,11386,10896,10418,9944.2
27224,26365,25521,24688,23870,23067,22286,21521,20765,20032,19320,18627,17950,17295,16658,16033,15434,14781,14242,14078,13937,13610,13063,12540,12024,11516,11021,10539,10061
27497,26639,25785,24947,24124,23314,22526,21755,20994,20261,19538,18840,18147,17488,16844,16211,15605,14946,14403,14230,14093,13761,13213,12681,12159,11647,11146,10661,10180
27771,26915,26057,25210,24385,23566,22770,21989,21227,20485,19759,19048,18352,17681,17032,16393,15779,15114,14565,14395,14251,13916,13365,12824,12297,11782,11274,10784,10300
28057,27184,26327,25475,24640,23825,23022,22237,21461,20711,19982,19258,18562,17879,17221,16575,15954,15286,14727,14559,14410,14072,13516,12971,12437,11920,11409,10915,10425
28330,27460,26598,25741,24908,24083,23262,22478,21700,20941,20205,19476,18776,18084,17414,16765,16139,15464,14895,14721,14577,14228,13668,13120,12584,12058,11544,11045,10550
28608,27738,26872,26016,25169,24336,23517,22724,21941,21175,20429,19694,18989,18292,17614,16961,16322,15642,15066,14891,14744,14390,13822,13269,12730,12195,11682,11172,10678
28889,28015,27142,26283,25435,24592,23777,22971,22182,21412,20656,19916,19206,18501,17817,17157,16505,15818,15241,15061,14909,14558,13979,13418,12874,12337,11821,11300,10807
29171,28288,27419,26557,25701,24856,24032,23220,22431,21646,20885,20143,19424,18712,18024,17350,16697,15993,15417,15229,15079,14726,14139,13574,13021,12482,11961,11441,10937
29454,28568,27698,26829,25966,25119,24292,23475,22679,21890,21119,20373,19642,18925,18233,17546,16892,16179,15595,15403,15251,14896,14304,13732,13173,12629,12102,11582,11067
29737,28850,27973,27101,26247,25385,24555,23730,22921,22135,21360,20602,19860,19138,18441,17746,17087,16369,15776,15580,15429,15070,14470,13892,13329,12776,12245,11718,11199
30021,29132,28250,27379,26509,25657,24819,23991,23170,22377,21597,20839,20089,19355,18650,17957,17283,16561,15959,15768,15609,15245,14639,14054,13489,12931,12388,11855,11331
30305,29415,28539,27658,26789,25927,25083,24247,23425,22619,21837,21069,20316,19578,18865,18167,17482,16753,16144,15954,15791,15421,14814,14220,13647,13085,12533,11997,11471
30591,29698,28813,27932,27065,26198,25349,24509,23682,22873,22079,21302,20544,19805,19085,18375,17684,16949,16332,16139,15983,15605,14991,14391,13805,13240,12684,12141,11612
30873,29982,29093,28213,27339,26474,25616,24774,23945,23122,22325,21541,20780,20036,19303,18584,17889,17152,16522,16327,16170,15790,15166,14563,13974,13398,12839,12288,11756
31154,30267,29376,28499,27618,26751,25884,25039,24208,23383,22574,21784,21017,20259,19524,18804,18100,17348,16714,16523,16355,15974,15344,14737,14140,13560,12996,12437,11902
31442,30553,29660,28781,27899,27023,26157,25308,24472,23639,22826,22032,21259,20492,19751,19025,18315,17553,16913,16720,16554,16159,15526,14910,14306,13723,13154,12590,12047
31726,30833,29944,29057,28179,27299,26433,25581,24729,23898,23088,22281,21497,20726,19980,19247,18528,17765,17116,16912,16749,16351,15714,15082,14476,13886,13314,12746,12192
32008,31117,30225,29338,28460,27579,26709,25848,25000,24159,23336,22529,21740,20960,20204,19473,18737,17976,17322,17113,16943,16550,15900,15263,14650,14054,13475,12906,12350
32292,31405,30508,29621,28741,27859,26980,26117,25265,24420,23598,22783,21986,21202,20435,19691,18958,18181,17522,17317,17145,16749,16084,15448,14834,14224,13637,13066,12507
32571,31687,30801,29907,29016,28139,27259,26393,25531,24691,23853,23036,22229,21439,20677,19921,19182,18391,17727,17524,17351,16948,16279,15636,15014,14395,13805,13226,12659
32851,31970,31084,30186,29306,28421,27539,26667,25807,24950,24116,23289,22478,21687,20917,20156,19408,18608,17938,17736,17560,17148,16476,15827,15193,14576,13977,13386,12814
33137,32253,31365,30469,29589,28704,27819,26940,26083,25223,24377,23551,22734,21937,21154,20391,19634,18829,18154,17947,17771,17355,16676,16021,15380,14759,14148,13548,12977
33423,32538,31648,30755,29869,28986,28100,27219,26354,25498,24641,23814,22990,22182,21392,20622,19868,19056,18373,18160,17983,17562,16881,16219,15568,14937,14321,13719,13142
33709,32820,31931,31036,30155,29263,28382,27499,26630,25770,24914,24071,23245,22429,21634,20859,20100,19283,18593,18376,18199,17771,17088,16414,15755,15120,14499,13892,13307
33986,33099,32215,31322,30436,29546,28665,27780,26904,26042,25181,24336,23501,22685,21885,21102,20331,19509,18814,18592,18418,17983,17295,16611,15953,15307,14680,14067,13475
34262,33385,32499,31609,30716,29831,28945,28061,27179,26319,25457,24608,23763,22940,22134,21345,20566,19735,19035,18815,18639,18206,17502,16810,16149,15494,14864,14243,13643
34537,33669,32780,31892,30997,30116,29223,28343,27460,26590,25728,24878,24034,23204,22387,21590,20811,19968,19263,19041,18855,18425,17715,17020,16344,15685,15045,14421,13815
34818,33945,33061,32176,31290,30396,29507,28626,27740,26863,26002,25143,24299,23462,22644,21840,21047,20204,19490,19262,19081,18643,17928,17228,16546,15879,15230,14602,13988
35100,34221,33347,32461,31577,30681,29793,28904,28022,27140,26277,25407,24559,23719,22901,22082,21296,20441,19719,19495,19311,18867,18140,17437,16751,16080,15421,14785,14166
35378,34497,33628,32747,31854,30968,30079,29184,28304,27420,26548,25684,24825,23980,23156,22338,21543,20681,19952,19729,19532,19093,18363,17651,16961,16281,15614,14968,14347
35655,34779,33904,33030,32138,31250,30365,29469,28587,27701,26821,25962,25098,24249,23413,22596,21789,20926,20183,19961,19771,19320,18590,17869,17163,16483,15810,15158,14531
35929,35060,34185,33310,32423,31537,30647,29755,28872,27990,27100,26235,25374,24522,23678,22851,22038,21163,20427,20193,20006,19551,18816,18087,17373,16686,16007,15350,14715
36204,35338,34466,33587,32709,31824,30929,30041,29156,28270,27385,26509,25650,24789,23944,23111,22290,21410,20668,20432,20244,19785,19037,18304,17589,16890,16208,15544,14900
36479,35613,34748,33865,32990,32102,31211,30327,29441,28549,27670,26787,25921,25058,24211,23374,22547,21661,20909,20676,20488,20024,19266,18527,17807,17096,16411,15746,15087
36751,35887,35025,34145,33270,32385,31494,30608,29726,28833,27945,27061,26192,25328,24478,23632,22810,21912,21155,20921,20727,20264,19498,18751,18026,17310,16617,15949,15285
37022,36163,35298,34427,33546,32670,31781,30890,30007,29118,28227,27348,26469,25598,24746,23898,23068,22163,21406,21168,20972,20506,19732,18978,18247,17531,16833,16146,15483
37295,36437,35576,34709,33825,32950,32071,31172,30287,29399,28510,27629,26746,25871,25016,24165,23331,22420,21657,21418,21221,20751,19967,19211,18471,17756,17046,16350,15677
37567,36708,35853,34987,34105,33229,32351,31456,30568,29679,28793,27906,27022,26150,25285,24434,23593,22677,21908,21663,21472,20996,20206,19440,18694,17974,17256,16558,15879
37837,36980,36123,35263,34388,33506,32630,31744,30857,29959,29072,28189,27310,26429,25561,24707,23855,22940,22162,21920,21722,21241,20451,19684,18922,18193,17470,16771,16083
38107,37253,36393,35531,34669,33790,32911,32031,31140,30249,29356,28472,27588,26709,25835,24979,24122,23200,22419,22172,21973,21491,20691,19923,19157,18414,17688,16981,16284
38377,37524,36665,35803,34947,34075,33188,32311,31417,30539,29642,28753,27867,26990,26110,25243,24390,23463,22676,22426,22224,21742,20937,20159,19397,18640,17908,17193,16494
38645,37793,36941,36078,35220,34352,33466,32591,31701,30821,29929,29032,28150,27271,26389,25520,24659,23729,22934,22683,22481,21992,21189,20398,19630,18876,18134,17407,16706
38909,38063,37218,36355,35488,34626,33753,32871,31986,31105,30210,29318,28434,27547,26669,25799,24933,23996,23200,22943,22738,22245,21440,20643,19864,19106,18358,17628,16916
39175,38334,37486,36631,35762,34898,34034,33153,32270,31386,30495,29605,28719,27828,26951,26079,25208,24266,23467,23208,23000,22504,21691,20894,20106,19337,18588,17853,17135
39448,38603,37751,36899,36037,35175,34311,33434,32557,31664,30782,29890,29004,28112,27230,26359,25480,24535,23735,23476,23266,22769,21942,21142,20352,19574,18823,18078,17356
39718,38870,38020,37168,36314,35454,34584,33716,32840,31947,31066,30171,29290,28397,27506,26640,25759,24810,23999,23743,23534,23035,22202,21389,20597,19821,19051,18302,17578
39980,39136,38290,37442,36589,35729,34856,33994,33115,32233,31346,30458,29570,28681,27790,26914,26039,25084,24262,24012,23802,23295,22464,21641,20842,20055,19292,18537,17796
40242,39400,38562,37715,36861,36003,35135,34270,33395,32519,31625,30744,29850,28966,28074,27189,26320,25357,24532,24282,24071,23561,22721,21901,21094,20303,19528,18765,18020
40509,39668,38834,37981,37132,36274,35413,34542,33676,32803,31916,31027,30131,29250,28358,27468,26598,25636,24810,24553,24340,23829,22981,22158,21342,20549,19765,18994,18248
40776,39938,39099,38247,37401,36546,35688,34816,33952,33084,32202,31312,30414,29530,28642,27751,26872,25909,25088,24830,24614,24097,23249,22422,21593,20791,20007,19235,18479
41041,40205,39364,38514,37671,36819,35961,35095,34228,33360,32482,31594,30700,29817,28928,28035,27156,26187,25364,25101,24889,24367,23516,22683,21852,21044,20254,19477,18714
41306,40468,39629,38781,37942,37089,36231,35368,34506,33635,32763,31874,30989,30102,29214,28320,27439,26467,25636,25379,25161,24638,23785,22946,22110,21303,20499,19718,18946
41568,40731,39894,39050,38211,37358,36503,35637,34781,33911,33043,32158,31273,30385,29500,28603,27720,26741,25909,25654,25433,24914,24055,23212,22375,21556,20749,19959,19178
41829,40995,40158,39318,38478,37628,36775,35913,35055,34188,33319,32443,31554,30667,29781,28882,27997,27030,26190,25929,25712,25193,24324,23473,22635,21812,21002,20199,19420
42091,41259,40421,39589,38744,37898,37049,36189,35329,34465,33594,32724,31834,30950,30063,29168,28288,27316,26471,26211,25993,25471,24595,23749,22900,22070,21254,20446,19661
42354,41520,40684,39858,39008,38166,37323,36461,35604,34744,33870,33005,32120,31235,30346,29455,28569,27597,26750,26486,26272,25744,24874,24014,23169,22330,21505,20698,19907
42614,41782,40948,40121,39273,38433,37589,36732,35881,35020,34147,33285,32403,31514,30629,29742,28844,27874,27027,26765,26546,26025,25153,24286,23436,22597,21764,20951,20154
42871,42044,41214,40384,39539,38698,37855,37001,36153,35290,34425,33557,32685,31796,30913,30024,29131,28159,27310,27048,26828,26302,25429,24564,23698,22858,22023,21207,20403
43129,42307,41480,40648,39805,38962,38122,37273,36421,35560,34704,33829,32965,32081,31195,30307,29413,28445,27594,27332,27112,26579,25704,24842,23976,23125,22282,21464,20656
43395,42569,41745,40912,40072,39231,38390,37548,36692,35831,34980,34107,33244,32364,31474,30590,29696,28729,27878,27616,27395,26862,25986,25115,24248,23393,22544,21716,20909
43661,42830,42007,41174,40337,39502,38658,37819,36965,36107,35255,34382,33514,32645,31758,30874,29984,29009,28163,27900,27680,27145,26261,25387,24524,23663,22812,21975,21162
43921,43091,42270,41435,40601,39769,38925,38087,37230,36384,35526,34655,33795,32926,32043,31155,30268,29290,28442,28183,27959,27426,26540,25668,24800,23933,23081,22241,21422
44177,43353,42527,41695,40865,40036,39188,38356,37498,36658,35797,34934,34075,33204,32325,31435,30552,29570,28730,28462,28241,27712,26823,25945,25073,24205,23350,22505,21680
44433,43614,42784,41955,41126,40301,39456,38625,37772,36923,36065,35213,34352,33472,32604,31720,30835,29852,29012,28747,28527,27997,27106,26228,25346,24486,23617,22777,21938
44694,43871,43044,42216,41388,40561,39716,38891,38041,37193,36333,35484,34622,33757,32885,32004,31120,30145,29293,29026,28815,28275,27393,26505,25629,24758,23895,23043,22196
44955,44133,43305,42478,41652,40823,39982,39157,38306,37463,36606,35756,34900,34032,33163,32285,31405,30431,29579,29321,29096,28556,27672,26784,25904,25034,24164,23308,22465
45214,44392,43567,42735,41915,41089,40246,39421,38570,37730,36879,36029,35170,34304,33438,32563,31684,30715,29866,29602,29379,28838,27951,27067,26188,25313,24434,23577,22728
45473,44649,43829,43001,42174,41350,40510,39685,38833,37997,37149,36296,35446,34580,33716,32846,31965,31002,30149,29885,29667,29126,28237,27351,26464,25587,24714,23857,22993
45734,44907,44086,43267,42435,41609,40778,39946,39100,38262,37418,36565,35718,34854,33994,33122,32246,31279,30433,30162,29946,29414,28528,27632,26746,25871,24994,24125,23265
45996,45166,44344,43523,42698,41869,41042,40210,39367,38534,37685,36836,35986,35130,34266,33398,32523,31552,30715,30451,30226,29701,28809,27913,27032,26147,25270,24394,23534
46253,45425,44601,43779,42959,42132,41302,40473,39634,38803,37951,37106,36258,35406,34539,33676,32805,31840,30995,30737,30516,29978,29090,28199,27314,26425,25547,24674,23812
46513,45687,44859,44039,43220,42390,41561,40735,39899,39065,38218,37374,36531,35675,34813,33946,33081,32123,31278,31016,30798,30262,29377,28483,27600,26715,25827,24955,24089
46771,45947,45118,44300,43479,42650,41820,41004,40163,39332,38486,37641,36801,35950,35084,34223,33365,32406,31563,31300,31079,30551,29663,28769,27885,26992,26112,25235,24362
47027,46204,45377,44561,43733,42912,42078,41264,40426,39598,38751,37912,37071,36216,35356,34497,33643,32682,31845,31584,31364,30831,29946,29050,28167,27276,26395,25506,24640
47286,46459,45640,44822,43991,43171,42341,41523,40688,39858,39019,38179,37339,36488,35630,34770,33913,32957,32126,31863,31644,31110,30230,29331,28448,27561,26678,25790,24915
47540,46719,45898,45080,44253,43429,42607,41785,40950,40118,39286,38446,37606,36753,35899,35045,34190,33230,32405,32149,31920,31389,30511,29623,28730,27847,26964,26073,25192
47795,46979,46157,45335,44514,43693,42873,42045,41216,40379,39552,38716,37873,37020,36172,35319,34464,33503,32686,32426,32204,31672,30791,29907,29009,28126,27243,26356,25473
48051,47237,46417,45593,44780,43950,43134,42304,41475,40640,39816,38980,38132,37293,36444,35591,34736,33786,32966,32701,32486,31960,31075,30191,29293,28410,27520,26633,25751
48303,47490,46672,45850,45039,44207,43390,42565,41738,40904,40080,39238,38394,37559,36714,35866,35007,34066,33237,32979,32762,32234,31358,30472,29585,28698,27801,26916,26034
48561,47742,46926,46105,45294,44465,43644,42827,41997,41168,40341,39501,38663,37826,36982,36132,35275,34340,33512,33255,33035,32512,31638,30751,29869,28978,28091,27198,26309
48820,47996,47182,46363,45547,44726,43901,43086,42256,41426,40603,39769,38930,38097,37250,36401,35551,34609,33790,33531,33307,32793,31920,31037,30145,29263,28377,27479,26597
49078,48254,47442,46623,45801,44991,44165,43345,42518,41684,40863,40032,39196,38365,37512,36671,35824,34874,34065,33801,33584,33072,32191,31323,30432,29545,28661,27764,26879
49335,48513,47702,46876,46062,45248,44424,43605,42780,41948,41127,40294,39461,38626,37776,36941,36096,35149,34339,34075,33861,33343,32472,31601,30713,29822,28946,28051,27162
49592,48771,47963,47134,46318,45505,44684,43866,43043,42213,41387,40555,39725,38888,38044,37204,36361,35417,34610,34351,34135,33616,32754,31879,30999,30104,29228,28332,27451
49851,49029,48221,47394,46574,45764,44942,44127,43306,42479,41647,40814,39992,39150,38314,37476,36626,35690,34882,34627,34408,33891,33030,32152,31284,30388,29508,28615,27734
50111,49287,48475,47655,46833,46024,45199,44382,43564,42740,41910,41081,40257,39414,38582,37741,36895,35963,35158,34897,34678,34166,33306,32433,31559,30675,29795,28903,28012
50367,49544,48725,47916,47095,46279,45462,44637,43821,42999,42172,41339,40518,39678,38848,38009,37169,36233,35427,35169,34954,34445,33576,32708,31832,30960,30079,29187,28293
50624,49803,48981,48172,47353,46537,45719,44893,44079,43258,42433,41600,40777,39940,39114,38279,37440,36502,35691,35443,35230,34716,33858,32988,32112,31238,30362,29471,28578
50882,50062,49240,48427,47610,46796,45974,45152,44338,43515,42692,41863,41034,40208,39378,38542,37704,36765,35965,35716,35495,34991,34131,33266,32394,31519,30641,29754,28865
51136,50318,49502,48682,47868,47054,46230,45415,44597,43772,42951,42124,41297,40469,39640,38804,37967,37036,36238,35983,35768,35258,34402,33542,32667,31801,30919,30034,29148
51392,50579,49758,48939,48127,47305,46489,45676,44856,44031,43209,42385,41554,40733,39898,39067,38226,37306,36506,36248,36040,35526,34673,33817,32948,32086,31200,30322,29432
51649,50839,50013,49196,48385,47561,46748,45932,45111,44290,43466,42644,41819,40994,40162,39331,38492,37571,36773,36522,36306,35795,34944,34086,33225,32363,31485,30601,29716
51906,51096,50268,49454,48642,47819,47003,46187,45368,44547,43724,42903,42085,41253,40428,39594,38759,37835,37040,36790,36574,36065,35216,34357,33501,32640,31761,30878,30003
52163,51355,50526,49713,48895,48078,47256,46441,45628,44801,43983,43164,42347,41516,40688,39859,39025,38100,37307,37057,36846,36331,35484,34626,33775,32915,32040,31162,30282
52421,51611,50786,49972,49149,48337,47513,46700,45883,45060,44242,43425,42606,41778,40951,40123,39285,38366,37571,37317,37107,36597,35748,34901,34049,33186,32318,31447,30561
52684,51865,51046,50230,49406,48595,47771,46960,46141,45316,44503,43684,42865,42039,41210,40385,39546,38633,37838,37585,37375,36864,36020,35175,34316,33462,32597,31728,30845
52942,52122,51300,50489,49665,48852,48030,47218,46397,45573,44764,43939,43122,42299,41469,40650,39813,38904,38102,37855,37644,37133,36295,35447,34592,33731,32870,32004,31124
53199,52379,51558,50743,49923,49109,48289,47474,46652,45834,45021,44194,43379,42558,41730,40909,40080,39169,38364,38118,37912,37400,36563,35712,34866,34004,33142,32284,31409
53456,52636,51816,51001,50178,49364,48546,47729,46913,46091,45282,44456,43639,42816,41991,41162,40342,39426,38631,38380,38174,37665,36823,35977,35134,34281,33416,32556,31687
53716,52893,52073,51263,50434,49620,48803,47984,47173,46352,45539,44715,43897,43073,42250,41422,40604,39683,38899,38643,38436,37930,37089,36240,35403,34548,33693,32828,31963
53977,53150,52330,51520,50692,49875,49061,48240,47429,46612,45796,44972,44153,43330,42510,41683,40865,39947,39163,38907,38700,38197,37358,36510,35673,34816,33968,33101,32235
54237,53408,52589,51777,50954,50134,49322,48497,47679,46870,46054,45227,44410,43589,42770,41945,41123,40213,39425,39174,38964,38461,37628,36782,35943,35089,34239,33375,32506
54494,53668,52849,52034,51214,50389,49578,48754,47935,47127,46307,45488,44667,43853,43031,42209,41384,40478,39683,39439,39228,38722,37891,37053,36209,35362,34503,33653,32784
54751,53929,53110,52291,51471,50644,49834,49010,48191,47385,46564,45748,44926,44112,43293,42471,41645,40739,39949,39700,39486,38990,38152,37318,36474,35629,34774,33925,33059
55008,54189,53371,52548,51728,50901,50091,49266,48448,47644,46821,46007,45185,44365,43553,42728,41905,40997,40208,39960,39745,39257,38416,37582,36741,35896,35055,34196,33341
55269,54450,53633,52807,51985,51162,50348,49527,48705,47903,47078,46265,45440,44618,43808,42985,42164,41258,40472,40216,40008,39518,38685,37849,37009,36169,35320,34467,33608
55529,54710,53890,53069,52243,51422,50606,49785,48964,48160,47337,46516,45699,44879,44070,43245,42422,41519,40735,40480,40273,39777,38952,38115,37278,36432,35586,34735,33882
55789,54971,54149,53327,52505,51679,50864,50044,49225,48417,47596,46772,45958,45140,44329,43504,42679,41779,40993,40744,40537,40043,39212,38382,37544,36697,35855,35003,34156
56045,55231,54409,53584,52764,51937,51118,50306,49489,48674,47854,47030,46218,45400,44585,43760,42937,42038,41251,41005,40800,40303,39470,38641,37806,36962,36118,35276,34424
56303,55492,54664,53841,53022,52194,51377,50564,49748,48929,48111,47289,46478,45658,44836,44023,43198,42296,41512,41267,41061,40563,39731,38909,38069,37227,36390,35548,34696
56565,55752,54923,54097,53282,52451,51638,50821,50003,49184,48368,47548,46734,45911,45093,44281,43454,42553,41772,41527,41323,40823,39997,39172,38335,37499,36662,35813,34965
56828,56013,55184,54354,53543,52713,51895,51078,50258,49439,48624,47805,46989,46171,45354,44540,43713,42810,42037,41786,41582,41084,40260,39434,38603,37767,36926,36082,35230
57089,56268,55444,54615,53802,52974,52155,51340,50515,49693,48880,48062,47244,46429,45615,44799,43975,43072,42295,42045,41841,41345,40524,39691,38861,38029,37190,36349,35498
57349,56526,55701,54875,54059,53235,52415,51599,50772,49951,49135,48319,47499,46684,45872,45054,44232,43328,42552,42302,42099,41604,40782,39950,39124,38288,37452,36615,35768
57613,56786,55957,55136,54312,53495,52676,51856,51029,50209,49395,48575,47756,46939,46129,45313,44487,43584,42811,42559,42356,41864,41039,40214,39384,38550,37714,36879,36040
57872,57042,56218,55396,54567,53752,52933,52113,51286,50466,49656,48830,48013,47195,46386,45568,44746,43843,43070,42819,42613,42121,41297,40477,39649,38814,37980,37145,36306
58131,57299,56477,55657,54828,54008,53191,52371,51547,50723,49913,49086,48270,47451,46642,45823,45004,44105,43326,43077,42869,42378,41556,40738,39910,39079,38240,37411,36576
58390,57558,56737,55914,55088,54269,53448,52628,51808,50983,50167,49343,48525,47708,46895,46080,45258,44361,43583,43334,43128,42638,41815,41000,40169,39343,38507,37676,36843
58653,57822,57001,56171,55350,54529,53708,52889,52065,51245,50423,49603,48781,47965,47154,46337,45517,44620,43844,43597,43387,42903,42072,41259,40429,39603,38771,37937,37106
58915,58086,57262,56435,55614,54790,53966,53149,52322,51502,50682,49865,49038,48223,47412,46596,45774,44878,44103,43854,43646,43162,42329,41518,40691,39867,39032,38203,37367
59174,58349,57521,56695,55873,55050,54221,53409,52580,51761,50939,50127,49301,48482,47669,46854,46031,45131,44359,44110,43909,43421,42592,41776,40952,40130,39294,38466,37628
59432,58608,57776,56954,56130,55307,54482,53666,52841,52022,51196,50386,49558,48746,47926,47113,46288,45390,44620,44367,44170,43676,42854,42035,41211,40388,39556,38723,37891
59691,58867,58034,57212,56385,55564,54742,53923,53101,52282,51453,50643,49815,49003,48186,47370,46547,45648,44880,44628,44427,43930,43113,42298,41470,40645,39820,38989,38158
59950,59125,58296,57475,56646,55824,55003,54181,53362,52540,51713,50900,50072,49257,48444,47627,46806,45905,45135,44887,44683,44185,43372,42553,41733,40904,40083,39255,38424
60213,59384,58560,57739,56908,56087,55263,54442,53622,52797,51974,51157,50335,49510,48700,47884,47065,46162,45390,45146,44942,44446,43626,42808,41992,41163,40345,39516,38686
60476,59649,58822,58003,57172,56350,55521,54698,53883,53054,52234,51414,50594,49771,48957,48140,47322,46421,45647,45402,45201,44706,43884,43064,42248,41422,40606,39775,38947
60738,59915,59084,58263,57430,56608,55776,54954,54140,53314,52491,51671,50851,50031,49214,48395,47579,46680,45904,45654,45459,44962,44143,43323,42503,41679,40862,40036,39209
61001,60177,59346,58521,57689,56864,56035,55213,54396,53575,52748,51928,51108,50288,49470,48652,47835,46938,46159,45911,45713,45216,44398,43586,42758,41941,41117,40297,39473
61260,60435,59610,58780,57948,57121,56297,55476,54657,53835,53006,52187,51365,50545,49724,48915,48090,47195,46413,46169,45965,45473,44657,43837,43015,42206,41377,40558,39736
61517,60694,59871,59039,58212,57382,56561,55739,54917,54096,53266,52447,51622,50802,49981,49172,48346,47452,46672,46428,46224,45730,44916,44092,43276,42468,41643,40817,39995
61779,60956,60130,59299,58473,57641,56825,55999,55177,54354,53527,52708,51879,51059,50240,49429,48602,47708,46929,46687,46483,45988,45176,44350,43538,42727,41904,41076,40252
62043,61218,60392,59561,58732,57902,57085,56255,55432,54609,53786,52966,52139,51320,50501,49686,48860,47964,47186,46944,46741,46247,45436,44609,43799,42986,42159,41339,40510
62308,61480,60651,59823,58990,58166,57345,56512,55690,54864,54041,53224,52399,51580,50761,49944,49122,48219,47444,47201,46999,46506,45691,44868,44060,43240,42419,41599,40769
62574,61742,60908,60084,59251,58428,57609,56771,55950,55122,54301,53481,52660,51841,51021,50201,49381,48476,47699,47458,47256,46763,45947,45129,44320,43498,42676,41855,41028
62838,62004,61171,60342,59514,58690,57869,57034,56214,55383,54562,53742,52920,52098,51278,50458,49638,48734,47957,47713,47512,47020,46202,45387,44576,43757,42931,42110,41285
63100,62266,61433,60601,59776,58952,58128,57296,56471,55647,54826,54005,53181,52355,51535,50715,49895,48996,48217,47968,47767,47277,46457,45642,44830,44012,43190,42372,41548
63357,62528,61695,60861,60038,59211,58386,57555,56728,55908,55086,54264,53441,52612,51792,50972,50152,49254,48474,48224,48022,47533,46714,45897,45087,44265,43445,42626,41806
63618,62786,61957,61123,60300,59470,58645,57818,56988,56167,55343,54520,53697,52873,52049,51229,50409,49511,48731,48481,48279,47788,46971,46153,45344,44523,43704,42883,42063
63883,63045,62219,61385,60562,59728,58905,58079,57252,56431,55599,54776,53955,53133,52306,51486,50666,49768,48988,48743,48537,48044,47229,46408,45599,44781,43962,43142,42323
64144,63307,62481,61649,60824,59991,59167,58338,57514,56692,55859,55037,54215,53394,52565,51745,50928,50025,49245,49003,48799,48306,47488,46665,45853,45038,44216,43403,42580
64404,63568,62741,61914,61086,60253,59429,58597,57772,56950,56118,55296,54476,53654,52825,52006,51188,50283,49507,49260,49058,48565,47746,46923,46112,45295,44475,43658,42843
64664,63829,63005,62175,61348,60515,59690,58858,58034,57209,56377,55556,54734,53911,53085,52266,51445,50540,49767,49517,49315,48822,48003,47181,46370,45553,44732,43912,43099
64930,64095,63270,62436,61607,60777,59949,59120,58296,57471,56641,55820,54989,54167,53343,52527,51705,50797,50024,49774,49572,49079,48257,47439,46627,45812,44989,44167,43352
65193,64356,63536,62698,61865,61039,60208,59382,58558,57734,56904,56081,55248,54426,53599,52787,51963,51054,50281,50031,49833,49336,48515,47698,46884,46071,45246,44426,43609
65453,64617,63798,62960,62127,61301,60469,59644,58817,57993,57168,56340,55509,54689,53859,53048,52219,51311,50538,50288,50093,49593,48773,47956,47139,46323,45505,44687,43868
65714,64877,64058,63222,62391,61558,60734,59906,59076,58252,57427,56596,55773,54950,54119,53308,52479,51571,50795,50549,50350,49850,49030,48214,47395,46578,45764,44948,44127
65975,65140,64319,63482,62657,61818,61000,60168,59335,58511,57686,56858,56032,55205,54378,53567,52740,51832,51052,50810,50607,50107,49287,48476,47650,46836,46022,45207,44384
66239,65405,64579,63747,62922,62080,61264,60430,59597,58773,57945,57120,56293,55465,54642,53822,53000,52092,51311,51067,50865,50366,49545,48735,47907,47096,46280,45462,44640
66503,65674,64840,64010,63184,62345,61526,60692,59859,59035,58203,57379,56557,55727,54904,54078,53261,52353,51572,51327,51122,50626,49802,48992,48167,47353,46537,45717,44900
66766,65936,65105,64271,63444,62608,61784,60954,60121,59297,58464,57640,56815,55990,55163,54335,53517,52613,51832,51586,51382,50887,50059,49249,48429,47609,46795,45974,45157
67030,66196,65368,64531,63705,62868,62041,61213,60383,59560,58726,57902,57077,56250,55419,54596,53773,52873,52093,51841,51640,51146,50318,49510,48686,47866,47053,46231,45413
67294,66457,65628,64795,63969,63129,62298,61471,60645,59822,58988,58165,57341,56508,55680,54854,54028,53128,52353,52100,51896,51403,50578,49770,48943,48123,47312,46488,45668
67557,66720,65892,65064,64233,63392,62559,61733,60907,60084,59250,58424,57599,56767,55943,55115,54287,53387,52608,52361,52156,51660,50839,50027,49201,48382,47568,46746,45925
67821,66983,66156,65328,64493,63657,62822,61998,61168,60346,59512,58683,57858,57031,56201,55379,54549,53649,52867,52621,52417,51919,51099,50284,49463,48644,47821,47005,46182
68085,67247,66419,65590,64754,63923,63088,62262,61430,60608,59774,58941,58117,57294,56463,55643,54813,53913,53127,52878,52676,52179,51360,50541,49721,48901,48075,47264,46439
68347,67511,66683,65851,65014,64185,63349,62522,61696,60870,60034,59203,58379,57556,56726,55904,55072,54172,53388,53135,52932,52440,51620,50799,49979,49159,48331,47521,46698
68605,67774,66946,66111,65274,64446,63609,62783,61958,61132,60291,59465,58642,57818,56993,56163,55331,54430,53644,53395,53190,52700,51881,51059,50236,49416,48590,47778,46957
68868,68038,67210,66372,65541,64706,63870,63044,62218,61390,60553,59727,58904,58078,57254,56427,55590,54685,53901,53654,53451,52960,52141,51317,50493,49673,48852,48035,47217
69132,68304,67474,66636,65808,64966,64134,63309,62475,61648,60815,59985,59166,58337,57513,56688,55853,54945,54161,53915,53711,53215,52402,51573,50751,49932,49113,48292,47479
69399,68570,67735,66900,66072,65227,64399,63575,62735,61909,61077,60244,59428,58596,57771,56947,56115,55205,54425,54179,53968,53473,52658,51833,51012,50192,49373,48552,47737
69662,68832,67994,67162,66336,65490,64663,63839,62998,62173,61339,60506,59690,58856,58033,57206,56374,55464,54687,54440,54224,53732,52915,52094,51267,50453,49634,48814,47994
69925,69092,68257,67421,66599,65754,64926,64100,63263,62438,61600,60771,59952,59119,58295,57464,56637,55727,54946,54698,54483,53996,53176,52353,51525,50711,49891,49071,48251
70192,69351,68521,67683,66857,66018,65190,64360,63529,62704,61861,61036,60210,59381,58557,57724,56900,55989,55204,54953,54746,54260,53436,52608,51785,50967,50148,49328,48508
70456,69614,68784,67948,67119,66281,65454,64620,63792,62965,62127,61302,60469,59640,58816,57986,57162,56247,55463,55217,55008,54523,53694,52867,52046,51219,50405,49585,48765
70718,69877,69046,68214,67383,66545,65717,64881,64052,63226,62392,61567,60731,59897,59075,58248,57424,56506,55722,55478,55267,54782,53950,53128,52304,51477,50660,49842,49022
70980,70139,69310,68481,67646,66809,65980,65143,64316,63486,62657,61831,60993,60159,59334,58510,57685,56766,55985,55737,55530,55040,54214,53386,52559,51738,50918,50099,49279
71245,70406,69577,68748,67910,67072,66240,65407,64579,63746,62917,62091,61256,60423,59594,58772,57944,57028,56247,55996,55792,55300,54475,53649,52820,51998,51179,50357,49538
71512,70673,69844,69015,68174,67336,66501,65671,64843,64007,63178,62348,61521,60689,59856,59034,58202,57296,56506,56254,56051,55564,54733,53912,53082,52262,51439,50618,49799
71779,70940,70111,69282,68437,67600,66761,65934,65107,64267,63438,62607,61783,60954,60122,59296,58460,57556,56767,56513,56309,55824,54992,54172,53346,52523,51700,50878,50059
72045,71207,70378,69549,68701,67863,67021,66198,65370,64527,63699,62870,62043,61215,60384,59558,58717,57810,57030,56775,56570,56083,55254,54428,53604,52782,51960,51137,50317
72312,71474,70645,69816,68965,68127,67282,66462,65634,64788,63959,63132,62304,61472,60644,59817,58979,58069,57292,57038,56832,56342,55517,54687,53863,53043,52215,51392,50574
72579,71741,70912,70083,69228,68391,67542,66725,65897,65048,64219,63394,62564,61734,60902,60074,59241,58329,57551,57300,57094,56600,55776,54951,54123,53301,52474,51652,50832
72846,72008,71179,70350,69492,68654,67803,66989,66161,65308,64480,63656,62824,61996,61159,60331,59503,58591,57809,57562,57354,56859,56035,55210,54386,53556,52734,51913,51091
73113,72275,71446,70617,69756,68918,68063,67252,66425,65569,64740,63918,63085,62259,61416,60591,59766,58853,58068,57824,57613,57118,56294,55469,54647,53815,52995,52173,51350
73380,72541,71713,70884,70019,69182,68323,67516,66688,65829,65000,64180,63345,62521,61673,60854,60028,59117,58330,58086,57872,57379,56556,55728,54907,54076,53251,52429,51606
73647,72808,71980,71151,70283,69445,68584,67780,66952,66090,65261,64442,63605,62783,61930,61116,60290,59383,58592,58348,58132,57642,56818,55986,55170,54340,53509,52686,51868
73914,73075,72247,71418,70547,69709,68844,68043,67216,66350,65521,64704,63866,63045,62187,61378,60552,59648,58854,58610,58394,57904,57080,56247,55431,54604,53773,52945,52130
74181,73342,72514,71685,70810,69972,69104,68307,67479,66610,65781,64966,64126,63307,62444,61640,60814,59913,59116,58872,58656,58166,57338,56509,55689,54865,54033,53209,52389
74448,73609,72781,71952,71074,70236,69365,68571,67743,66871,66042,65228,64386,63569,62701,61902,61076,60179,59378,59134,58918,58428,57597,56771,55948,55124,54292,53469,52645
74715,73876,73047,72219,71337,70500,69625,68834,68007,67131,66302,65491,64647,63831,62958,62164,61338,60444,59641,59396,59181,58690,57856,57033,56207,55382,54550,53729,52902
74982,74143,73314,72486,71601,70763,69885,69098,68270,67391,66562,65753,64907,64093,63215,62426,61600,60710,59903,59659,59443,58952,58115,57295,56466,55641,54813,53993,53162
75249,74410,73581,72753,71865,71027,70146,69362,68534,67652,66823,66015,65168,64355,63472,62688,61862,60975,60165,59921,59705,59214,58373,57557,56724,55900,55075,54257,53426
75516,74677,73848,73020,72128,71291,70406,69625,68798,67912,67083,66277,65428,64617,63729,62950,62125,61241,60427,60183,59967,59476,58632,57819,56983,56159,55334,54520,53687
75783,74944,74115,73287,72392,71554,70667,69889,69061,68172,67344,66539,65688,64880,63986,63213,62387,61506,60689,60445,60229,59738,58891,58081,57242,56417,55593,54778,53946
76050,75211,74382,73554,72656,71818,70927,70153,69325,68433,67604,66801,65949,65142,64243,63475,62649,61772,60951,60707,60491,60000,59150,58343,57501,56676,55852,55037,54205
76317,75478,74649,73820,72919,72082,71187,70416,69589,68693,67864,67063,66209,65404,64500,63737,62911,62037,61213,60969,60753,60263,59408,58606,57759,56935,56110,55296,54466
76584,75745,74916,74087,73183,72345,71448,70680,69852,68953,68125,67325,66469,65666,64758,63999,63173,62303,61475,61231,61015,60525,59667,58868,58018,57194,56369,55555,54730
76851,76012,75183,74354,73447,72608,71709,70944,70115,69213,68386,67587,66729,65928,65016,64261,63435,62569,61737,61493,61277,60787,59926,59130,58277,57453,56628,55814,54994
77118,76279,75450,74621,73711,72871,71970,71208,70378,69473,68647,67849,66989,66190,65274,64523,63697,62835,61999,61755,61539,61049,60185,59392,58536,57712,56887,56073,55258
77385,76546,75717,74888,73975,73134,72231,71472,70641,69733,68908,68111,67249,66452,65532,64785,63959,63101,62261,62017,61801,61311,60444,59654,58795,57971,57146,56332,55522
77652,76813,75984,75155,74239,73397,72492,71736,70904,69993,69169,68373,67509,66714,65790,65047,64221,63367,62523,62279,62063,61573,60703,59916,59054,58230,57405,56591,55786
77919,77080,76251,75422,74503,73660,72753,72000,71167,70253,69430,68635,67769,66976,66048,65309,64483,63633,62785,62541,62325,61835,60962,60178,59313,58489,57664,56850,56050
78186,77347,76518,75689,74767,73923,73014,72264,71430,70513,69691,68897,68029,67238,66306,65571,64745,63899,63047,62803,62587,62097,61221,60440,59572,58748,57923,57109,56314
78453,77614,76785,75956,75031,74186,73275,72528,71693,70773,69952,69159,68289,67500,66564,65833,65007,64165,63309,63065,62849,62359,61480,60702,59831,59007,58182,57368,56578
78720,77881,77052,76223,75295,74449,73536,72792,71956,71033,70213,69421,68549,67762,66822,66095,65269,64431,63571,63327,63111,62621,61739,60964,60090,59266,58441,57627,56842
78987,78148,77319,76490,75559,74712,73797,73056,72219,71293,70474,69683,68809,68024,67080,66357,65531,64697,63833,63589,63373,62883,61998,61226,60349,59525,58700,57886,57106
79254,78415,77586,76757,75823,74975,74058,73320,72482,71553,70735,69945,69069,68286,67338,66619,65793,64963,64095,63851,63635,63145,62257,61488,60608,59784,58959,58145,57370
79521,78682,77853,77024,76087,75238,74319,73584,72745,71813,70996,70207,69329,68548,67596,66881,66055,65229,64357,64113,63897,63407,62516,61750,60867,60043,59218,58404,57634
79788,78949,78120,77291,76351,75501,74580,73848,73008,72073,71257,70469,69589,68810,67854,67143,66317,65495,64619,64375,64159,63669,62775,62012,61126,60302,59477,58663,57898
80055,79216,78387,77558,76615,75764,74841,74112,73271,72333,71518,70731,69849,69072,68112,67405,66579,65761,64881,64637,64421,63931,63034,62274,61385,60561,59736,58922,58162
80322,79483,78654,77825,76879,76027,75102,74376,73534,72593,71779,70993,70109,69334,68370,67667,66841,66027,65143,64899,64683,64193,63293,62536,61644,60820,59995,59181,58426
80589,79750,78921,78092,77143,76290,75363,74640,73797,72853,72040,71255,70369,69596,68628,67929,67103,66293,65405,65161,64945,64455,63552,62798,61903,61079,60254,59440,58690
80856,80017,79188,78359,77407,76553,75624,74904,74060,73113,72301,71517,70629,69858,68886,68191,67365,66559,65667,65423,65207,64717,63811,63060,62162,61338,60513,59699,58954
81123,80284,79455,78626,77671,76816,75885,75168,74323,73373,72562,71779,70889,70120,69144,68453,67627,66825,65929,65685,65469,64979,64070,63322,62421,61597,60772,59958,59218
81390,80551,79722,78893,77935,77079,76146,75432,74586,73633,72823,72041,71149,70382,69402,68715,67889,67091,66191,65947,65731,65241,64329,63584,62680,61856,61031,60217,59482
81657,80818,79989,79160,78199,77342,76407,75696,74849,73893,73084,72303,71409,70644,69660,68977,68151,67357,66453,66209,65993,65503,64588,63846,62939,62115,61290,60476,59746
81924,81085,80256,79427,78463,77605,76668,75960,75112,74153,73345,72565,71669,70906,69918,69239,68413,67623,66715,66471,66255,65765,64847,64108,63198,62374,61549,60735,60010
82191,81352,80523,79694,78727,77868,76929,76224,75375,74413,73606,72827,71929,71168,70176,69501,68675,67889,66977,66733,66517,66027,65106,64370,63457,62633,61808,60994,60274
82458,81619,80790,79961,78991,78131,77190,76488,75638,74673,73867,73089,72189,71430,70434,69763,68937,68155,67239,66995,66779,66289,65365,64632,63716,62892,62067,61253,60538
82725,81886,81057,80228,79255,78394,77451,76752,75901,74933,74128,73351,72449,71692,70692,70025,69199,68421,67501,67257,67041,66551,65624,64894,63975,63151,62326,61512,60802
82992,82153,81324,80495,79519,78657,77712,77016,76164,75193,74389,73613,72709,71954,70950,70287,69461,68687,67763,67519,67303,66813,65883,65156,64234,63410,62585,61771,61066
83259,82420,81591,80762,79783,78920,77973,77280,76427,75453,74650,73875,72969,72216,71208,70549,69723,68953,68025,67781,67565,67075,66142,65418,64493,63669,62844,62030,61330
83526,82687,81858,81029,80047,79183,78234,77544,76690,75713,74911,74137,73229,72478,71466,70811,69985,69219,68287,68043,67827,67337,66401,65680,64752,63928,63103,62289,61594
83793,82954,82125,81296,80311,79446,78495,77808,76953,75973,75172,74399,73489,72740,71724,71073,70247,69485,68549,68305,68089,67599,66660,65942,65011,64187,63362,62548,61858
84060,83221,82392,81563,80575,79709,78756,78072,77216,76233,75433,74661,73749,73002,71982,71335,70509,69751,68811,68567,68351,67861,66919,66204,65270,64446,63621,62807,62122
84327,83488,82659,81830,80839,79972,79017,78336,77479,76493,75694,74923,74009,73264,72240,71597,70771,70017,69073,68829,68613,68123,67178,66466,65529,64705,63880,63066,62386
84594,83755,82926,82097,81103,80235,79278,78600,77742,76753,75955,75185,74269,73526,72498,71859,71033,70283,69335,69091,68875,68385,67437,66728,65788,64964,64139,63325,62650
84861,84022,83193,82364,81367,80498,79539,78864,78005,77013,76216,75447,74529,73788,72756,72121,71295,70549,69597,69353,69137,68647,67696,66990,66047,65223,64398,63584,62914
85128,84289,83460,82631,81631,80761,79800,79128,78268,77273,76477,75709,74789,74050,73014,72383,71557,70815,69859,69615,69399,68909,67955,67252,66306,65482,64657,63843,63178
85395,84556,83727,82898,81895,81024,80061,79392,78531,77533,76738,75971,75049,74312,73272,72645,71819,71081,70121,69877,69661,69171,68214,67514,66565,65741,64916,64102,63442
85662,84823,83994,83165,82159,81287,80322,79656,78794,77793,76999,76233,75309,74574,73530,72907,72081,71347,70383,70139,69923,69433,68473,67776,66824,66000,65175,64361,63706
85929,85090,84261,83432,82423,81550,80583,79920,79057,78053,77260,76495,75569,74836,73788,73169,72343,71613,70645,70401,70185,69695,68732,68038,67083,66259,65434,64620,63970
86196,85357,84528,83699,82687,81813,80844,80184,79320,78313,77521,76757,75829,75098,74046,73431,72605,71879,70907,70663,70447,69957,68991,68300,67342,66518,65693,64879,64234
86463,85624,84795,83966,82951,82076,81105,80448,79583,78573,77782,77019,76089,75360,74304,73693,72867,72145,71169,70925,70709,70219,69250,68562,67601,66777,65952,65138,64498
86730,85891,85062,84233,83215,82339,81366,80712,79846,78833,78043,77281,76349,75622,74562,73955,73129,72411,71431,71187,70971,70481,69509,68824,67860,67036,66211,65397,64762
86997,86158,85329,84500,83479,82602,81627,80976,80109,79093,78304,77543,76609,75884,74820,74217,73391,72677,71693,71449,71233,70743,69768,69086,68119,67295,66470,65656,65026
87264,86425,85596,84767,83743,82865,81888,81240,80372,79353,78565,77805,76869,76146,75078,74479,73653,72943,71955,71711,71495,71005,70027,69348,68378,67554,66729,65915,65290
87531,86692,85863,85034,84007,83128,82149,81504,80635,79613,78826,78067,77129,76408,75336,74741,73915,73209,72217,71973,71757,71267,70286,69610,68637,67813,66988,66174,65554
87798,86959,86130,85301,84271,83391,82410,81768,80898,79873,79087,78329,77389,76670,75594,75003,74177,73475,72479,72235,72019,71529,70545,69872,68896,68072,67247,66433,65818
88065,87226,86397,85568,84535,83654,82671,82032,81161,80133,79348,78591,77649,76932,75852,75265,74439,73741,72741,72497,72281,71791,70804,70134,69155,68331,67506,66692,66082
88332,87493,86664,85835,84799,83917,82932,82296,81424,80393,79609,78853,77909,77194,76110,75527,74701,74007,73003,72759,72543,72053,71063,70396,69414,68590,67765,66951,66346
88599,87760,86931,86102,85063,84180,83193,82560,81687,80653,79870,79115,78169,77456,76368,75789,74963,74273,73265,73021,72805,72315,71322,70658,69673,68849,68024,67210,66610
88866,88027,87198,86369,85327,84443,83454,82824,81950,80913,80131,79377,78429,77718,76626,76051,75225,74539,73527,73283,73067,72577,71581,70920,69932,69108,68283,67469,66874
89133,88294,87465,86636,85591,84706,83715,83088,82213,81173,80392,79639,78689,77980,76884,76313,75487,74805,73789,73545,73329,72839,71840,71182,70191,69367,68542,67728,67138
89400,88561,87732,86903,85855,84969,83976,83352,82476,81433,80653,79901,78949,78242,77142,76575,75749,75071,74051,73807,73591,73101,72099,71444,70450,69626,68801,67987,67402
89667,88828,87999,87170,86119,85232,84237,83616,82739,81693,80914,80163,79209,78504,77400,76837,76011,75337,74313,74069,73853,73363,72358,71706,70709,69885,69060,68246,67666
89934,89095,88266,87437,86383,85495,84498,83880,83002,81953,81175,80425,79469,78766,77658,77099,76273,75603,74575,74331,74115,73625,72617,71968,70968,70144,69319,68505,67930
90201,89362,88533,87704,86647,85758,84759,84144,83265,82213,81436,80687,79729,79028,77916,77361,76535,75869,74837,74593,74377,73887,72876,72230,71227,70403,69578,68764,68194
90468,89629,88800,87971,86911,86021,85020,84408,83528,82473,81697,80949,79989,79290,78174,77623,76797,76135,75099,74855,74639,74149,73135,72492,71486,70662,69837,69023,68458
90735,89896,89067,88238,87175,86284,85281,84672,83791,82733,81958,81211,80249,79552,78432,77885,77059,76401,75361,75117,74901,74411,73394,72754,71745,70921,70096,69282,68722
91002,90163,89334,88505,87439,86547,85542,84936,84054,82993,82219,81473,80509,79814,78690,78147,77321,76667,75623,75379,75163,74673,73653,73016,72004,71180,70355,69541,68986
91269,90430,89601,88772,87703,86810,85803,85200,84317,83253,82480,81735,80769,80076,78948,78409,77583,76933,75885,75641,75425,74935,73912,73278,72263,71439,70614,69800,69250
91536,90697,89868,89039,87967,87073,86064,85464,84580,83513,82741,81997,81029,80338,79206,78671,77845,77199,76147,75903,75687,75197,74171,73540,72522,71698,70873,70059,69514
91803,90964,90135,89306,88231,87336,86325,85728,84843,83773,83002,82259,81289,80600,79464,78933,78107,77465,76409,76165,75949,75459,74430,73802,72781,71957,71132,70318,69778
92070,91231,90402,89573,88495,87599,86586,85992,85106,84033,83263,82521,81549,80862,79722,79195,78369,77731,76671,76427,76211,75721,74689,74064,73040,72216,71391,70577,70042
92337,91498,90669,89840,88759,87862,86847,86256,85369,84293,83524,82783,81809,81124,79980,79457,78631,77997,76933,76689,76473,75983,74948,74326,73299,72475,71650,70836,70306
92604,91765,90936,90107,89023,88125,87108,86520,85632,84553,83785,83045,82069,81386,80238,79719,78893,78263,77195,76951,76735,76245,75207,74588,73558,72734,71909,71095,70570
92871,92032,91203,90374,89287,88388,87369,86784,85895,84813,84046,83307,82329,81648,80496,79981,79155,78529,77457,77213,76997,76507,75466,74850,73817,72993,72168,71354,70834
93138,92299,91470,90641,89551,88651,87630,87048,86158,85073,84307,83569,82589,81910,80754,80243,79417,78795,77719,77475,77259,76769,75725,75112,74076,73252,72427,71613,71098
93405,92566,91737,90908,89815,88914,87891,87312,86421,85333,84568,83831,82849,82172,81012,80505,79679,79061,77981,77737,77521,77031,75984,75374,74335,73511,72686,71872,71362
93672,92833,92004,91175,90079,89177,88152,87576,86684,85593,84829,84093,83109,82434,81270,80767,79941,79327,78243,77999,77783,77293,76243,75636,74594,73770,72945,72131,71626
93939,93100,92271,91442,90343,89440,88413,87840,86947,85853,85090,84355,83369,82696,81528,81029,80203,79593,78505,78261,78045,77555,76502,75898,74853,74029,73204,72390,71890
94206,93367,92538,91709,90607,89703,88674,88104,87210,86113,85351,84617,83629,82958,81786,81291,80465,79859,78767,78523,78307,77817,76761,76160,75112,74288,73463,72649,72154
94473,93634,92805,91976,90871,89966,88935,88368,87473,86373,85612,84879,83889,83220,82044,81553,80727,80125,79029,78785,78569,78079,77020,76422,75371,74547,73722,72908,72418
94740,93901,93072,92243,91135,90229,89196,88632,87736,86633,85873,85141,84149,83482,82302,81815,80989,80391,79291,79047,78831,78341,77279,76684,75630,74806,73981,73167,72682
95007,94168,93339,92510,91399,90492,89457,88896,87999,86893,86134,85403,84409,83744,82560,82077,81251,80657,79553,79309,79093,78603,77538,76946,75889,75065,74240,73426,72946
95274,94435,93606,92777,91663,90755,89718,89160,88262,87153,86395,85665,84669,84006,82818,82339,81513,80923,79815,79571,79355,78865,77797,77208,76148,75324,74499,73685,73210
95541,94702,93873,93044,91927,91018,89979,89424,88525,87413,86656,85927,84929,84268,83076,82601,81775,81189,80077,79833,79617,79127,78056,77470,76407,75583,74758,73944,73474
95808,94969,94140,93311,92191,91281,90240,89688,88788,87673,86917,86189,85189,84530,83334,82863,82037,81455,80339,80095,79879,79389,78315,77732,76666,75842,75017,74203,73738
96075,95236,94407,93578,92455,91544,90501,89952,89051,87933,87178,86451,85449,84792,83592,83125,82299,81721,80601,80357,80141,79651,78574,77994,76925,76101,75276,74462,74002
96342,95503,94674,93845,92719,91807,90762,90216,89314,88193,87439,86713,85709,85054,83850,83387,82561,81987,80863,80619,80403,79913,78833,78256,77184,76360,75535,74721,74266
96609,95770,94941,94112,92983,92070,91023,90480,89577,88453,87700,86975,85969,85316,84108,83649,82823,82253,81125,80881,80665,80175,79092,78518,77443,76619,75794,74980,74530
96876,96037,95208,94379,93247,92333,91284,90744,89840,88713,87961,87237,86229,85578,84366,83911,83085,82519,81387,81143,80927,80437,79351,78780,77702,76878,76053,75239,74794
97143,96304,95475,94646,93511,92596,91545,91008,90103,88973,88222,87499,86489,85840,84624,84173,83347,82785,81649,81405,81189,80699,79610,79042,77961,77137,76312,75498,75058
97410,96571,95742,94913,93775,92859,91806,91272,90366,89233,88483,87761,86749,86102,84882,84435,83609,83051,81911,81667,81451,80961,79869,79304,78220,77396,76571,75757,75322
97677,96838,96009,95180,94039,93122,92067,91536,90629,89493,88744,88023,87009,86364,85140,84697,83871,83317,82173,81929,81713,81223,80128,79566,78479,77655,76830,76016,75586
97944,97105,96276,95447,94303,93385,92328,91800,90892,89753,89005,88285,87269,86626,85398,84959,84133,83583,82435,82191,81975,81485,80387,79828,78738,77914,77089,76275,75850
98211,97372,96543,95714,94567,93648,92589,92064,91155,90013,89266,88547,87529,86888,85656,85221,84395,83849,82697,82453,82237,81747,80646,80090,78997,78173,77348,76534,76114
98478,97639,96810,95981,94831,93911,92850,92328,91418,90273,89527,88809,87789,87150,85914,85483,84657,84115,82959,82715,82499,82009,80905,80352,79256,78432,77607,76793,76378
98745,97906,97077,96248,95095,94174,93111,92592,91681,90533,89788,89071,88049,87412,86172,85745,84919,84381,83221,82977,82761,82271,81164,80614,79515,78691,77866,77052,76642
99012,98173,97344,96515,95359,94437,93372,92856,91944,90793,90049,89333,88309,87674,86430,86007,85181,84647,83483,83239,83023,82533,81423,80876,79774,78950,78125,77311,76906
99279,98440,97611,96782,95623,94700,93633,93120,92207,91053,90310,89595,88569,87936,86688,86269,85443,84913,83745,83501,83285,82795,81682,81138,80033,79209,78384,77570,77170
99546,98707,97878,97049,95887,94963,93894,93384,92470,91313,90571,89857,88829,88198,86946,86531,85705,85179,84007,83763,83547,83057,81941,81400,80292,79468,78643,77829,77434
99813,98974,98145,97316,96151,95226,94155,93648,92733,91573,90832,90119,89089,88460,87204,86793,85967,85445,84269,84025,83809,83319,82200,81662,80551,79727,78902,78088,77698
100080,99241,98412,97583,96415,95489,94416,93912,92996,91833,91093,90381,89349,88722,87462,87055,86229,85711,84531,84287,84071,83581,82459,81924,80810,79986,79161,78347,77962
100347,99508,98679,97850,96679,95752,94677,94176,93259,92093,91354,90643,89609,88984,87720,87317,86491,85977,84793,84549,84333,83843,82718,82186,81069,80245,79420,78606,78226
100614,99775,98946,98117,96943,96015,94938,94440,93522,92353,91615,90905,89869,89246,87978,87579,86753,86243,85055,84811,84595,84105,82977,82448,81328,80504,79679,78865,78490
100881,100042,99213,98384,97207,96278,95199,94704,93785,92613,91876,91167,90129,89508,88236,87841,87015,86509,85317,85073,84857,84367,83236,82710,81587,80763,79938,79124,78754
101148,100309,99480,98651,97471,96541,95460,94968,94048,92873,92137,91429,90389,89770,88494,88103,87277,86775,85579,85335,85119,84629,83495,82972,81846,81022,80197,79383,79018
101415,100576,99747,98918,97735,96804,95721,95232,94311,93133,92398,91691,90649,90032,88752,88365,87539,87041,85841,85597,85381,84891,83754,83234,82105,81281,80456,79642,79282
101682,100843,100014,99185,97999,97067,95982,95496,94574,93393,92659,91953,90909,90294,89010,88627,87801,87307,86103,85859,85643,85153,84013,83496,82364,81540,80715,79901,79546
101949,101110,100281,99452,98263,97330,96243,95760,94837,93653,92920,92215,91169,90556,89268,88889,88063,87573,86365,86121,85905,85415,84272,83758,82623,81799,80974,80160,79810
102216,101377,100548,99719,98527,97593,96504,96024,95100,93913,93181,92477,91429,90818,89526,89151,88325,87839,86627,86383,86167,85677,84531,84020,82882,82058,81233,80419,80074
102483,101644,100815,99986,98791,97856,96765,96288,95363,94173,93442,92739,91689,91080,89784,89413,88587,88105,86889,86645,86429,85939,84790,84282,83141,82317,81492,80678,80338
102750,101911,101082,100253,99055,98119,97026,96552,95626,94433,93703,93001,91949,91342,90042,89675,88849,88371,87151,86907,86691,86201,85049,84544,83400,82576,81751,80937,80602
103017,102178,101349,100520,99319,98382,97287,96816,95889,94693,93964,93263,92209,91604,90300,89937,89111,88637,87413,87169,86953,86463,85308,84806,83659,82835,82010,81196,80866
103284,102445,101616,100787,99583,98645,97548,97080,96152,94953,94225,93525,92469,91866,90558,90199,89373,88903,87675,87431,87215,86725,85567,85068,83918,83094,82269,81455,81130
103551,102712,101883,101054,99847,98908,97809,97344,96415,95213,94486,93787,92729,92128,90816,90461,89635,89169,87937,87693,87477,86987,85826,85330,84177,83353,82528,81714,81394
103818,102979,102150,101321,100111,99171,98070,97608,96678,95473,94747,94049,92989,92390,91074,90723,89897,89435,88199,87955,87739,87249,86085,85592,84436,83612,82787,81973,81658
104085,103246,102417,101588,100375,99434,98331,97872,96941,95733,95008,94311,93249,92652,91332,90985,90159,89701,88461,88217,88001,87511,86344,85854,84695,83871,83046,82232,81922
104352,103513,102684,101855,100639,99697,98592,98136,97204,95993,95269,94573,93509,92914,91590,91247,90421,89967,88723,88479,88263,87773,86603,86116,84954,84130,83305,82491,82186
104619,103780,102951,102122,100903,99960,98853,98400,97467,96253,95530,94835,93769,93176,91848,91509,90683,90233,88985,88741,88525,88035,86862,86378,85213,84389,83564,82750,82450
104886,104047,103218,102389,101167,100223,99114,98664,97730,96513,95791,95097,94029,93438,92106,91771,90945,90499,89247,89003,88787,88297,87121,86640,85472,84648,83823,83009,82714
105153,104314,103485,102656,101431,100486,99375,98928,97993,96773,96052,95359,94289,93700,92364,92033,91207,90765,89509,89265,89049,88559,87380,86902,85731,84907,84082,83268,82978
105420,104581,103752,102923,101695,100749,99636,99192,98256,97033,96313,95621,94549,93962,92622,92295,91469,91031,89771,89527,89311,88821,87639,87164,85990,85166,84341,83527,83242
105687,104848,104019,103190,101959,101012,99897,99456,98519,97293,96574,95883,94809,94224,92880,92557,91731,91297,90033,89789,89573,89083,87898,87426,86249,85425,84600,83786,83506
105954,105115,104286,103457,102223,101275,100158,99720,98782,97553,96835,96145,95069,94486,93138,92819,91993,91563,90295,90051,89835,89345,88157,87688,86508,85684,84859,84045,83770
106221,105382,104553,103724,102487,101538,100419,99984,99045,97813,97096,96407,95329,94748,93396,93081,92255,91829,90557,90313,90097,89607,88416,87950,86767,85943,85118,84304,84034
106488,105649,104820,103991,102751,101801,100680,100248,99308,98073,97357,96669,95589,95010,93654,93343,92517,92095,90819,90575,90359,89869,88675,88212,87026,86202,85377,84563,84298
106755,105916,105087,104258,103015,102064,100941,100512,99571,98333,97618,96931,95849,95272,93912,93605,92779,92361,91081,90837,90621,90131,88934,88474,87285,86461,85636,84822,84562
107022,106183,105354,104525,103279,102327,101202,100776,99834,98593,97879,97193,96109,95534,94170,93867,93041,92627,91343,91099,90883,90393,89193,88736,87544,86720,85895,85081,84826
107289,106450,105621,104792,103543,102590,101463,101040,100097,98853,98140,97455,96369,95796,94428,94129,93303,92893,91605,91361,91145,90655,89452,88998,87803,86979,86154,85340,85090
107556,106717,105888,105059,103807,102853,101724,101304,100360,99113,98401,97717,96629,96058,94686,94391,93565,93159,91867,91623,91407,90917,89711,89260,88062,87238,86413,85599,85354
107823,106984,106155,105326,104071,103116,101985,101568,100623,99373,98662,97979,96889,96320,94944,94653,93827,93425,92129,91885,91669,91179,89970,89522,88321,87497,86672,85858,85618
108090,107251,106422,105593,104335,103379,102246,101832,100886,99633,98923,98241,97149,96582,95202,94915,94089,93691,92391,92147,91931,91441,90229,89784,88580,87756,86931,86117,85882
108357,107518,106689,105860,104599,103642,102507,102096,101149,99893,99184,98503,97409,96844,95460,95177,94351,93957,92653,92409,92193,91703,90488,90046,88839,88015,87190,86376,86146
108624,107785,106956,106127,104863,103905,102768,102360,101412,100153,99445,98765,97669,97106,95718,95439,94613,94223,92915,92671,92455,91965,90747,90308,89098,88274,87449,86635,86410
108891,108052,107223,106394,105127,104168,103029,102624,101675,100413,99706,99027,97929,97368,95976,95701,94875,94489,93177,92933,92717,92227,91006,90570,89357,88533,87708,86894,86674
109158,108319,107490,106661,105391,104431,103290,102888,101938,100673,99967,99289,98189,97630,96234,95963,95137,94755,93439,93195,92979,92489,91265,90832,89616,88792,87967,87153,86938
109425,108586,107757,106928,105655,104694,103551,103152,102201,100933,100228,99551,98449,97892,96492,96225,95399,95021,93701,93457,93241,92751,91524,91094,89875,89051,88226,87412,87202
109692,108853,108024,107195,105919,104957,103812,103416,102464,101193,100489,99813,98709,98154,96750,96487,95661,95287,93963,93719,93503,93013,91783,91356,90134,89310,88485,87671,87466
109959,109120,108291,107462,106183,105220,104073,103680,102727,101453,100750,100075,98969,98416,97008,96749,95923,95553,94225,93981,93765,93275,92042,91618,90393,89569,88744,87930,87730
