13710,13350,13001,12641,12303,11934,11595,11244,10891,10539,10185,9833.3,9481.3,9118.7,8772.3,8416,8071.4,7680,7358.1,7253.9,7157.1,6945.1,6600,6244.9,5889.8,5546.1,5193.3,4849.7,4495.7
13765,13409,13055,12700,12357,11993,11649,11298,10944,10592,10239,9887.1,9535.1,9176.9,8830.6,8474.3,8129.1,7737.6,7411.3,7306.5,7214.8,7002.1,6657,6301.9,5946.8,5603.1,5249.7,4901.7,4552.1
13820,13468,13109,12759,12411,12052,11704,11352,10998,10645,10293,9940.9,9588.9,9235.2,8888.9,8532.5,8186.7,7795.3,7464.5,7359.2,7272.4,7059.1,6714,6358.9,6003.8,5660.1,5306.1,4953.8,4608.5
13877,13526,13167,12818,12466,12111,11758,11406,11052,10700,10347,9997.2,9642.7,9293.5,8947.1,8590.8,8243.2,7852.9,7520,7412.9,7330,7116.1,6767.9,6415.9,6060.8,5716.6,5362.5,5008.3,4664.9
13936,13584,13227,12874,12520,12170,11812,11464,11106,10759,10402,10055,9698.7,9351.8,9001.2,8649.1,8296.4,7909.7,7577.7,7470.5,7382.7,7171.6,6820.5,6469.6,6117.8,5769.2,5418.3,5065.3,4718.9
13995,13639,13286,12929,12578,12228,11870,11522,11165,10816,10460,10111,9755.7,9406.5,9054.9,8702.4,8349.6,7962.9,7634.1,7528.2,7435.3,7224.8,6875.3,6522.2,6171.4,5821.8,5470.9,5121.2,4770.9
14050,13695,13346,12985,12636,12284,11928,11577,11223,10870,10517,10164,9812.9,9459.7,9111,8755.6,8407.8,8016.1,7687.3,7581.5,7491.5,7278.6,6932.9,6577.2,6224,5877.6,5523.5,5173.3,4824
14105,13754,13404,13045,12695,12338,11987,11631,11281,10924,10576,10218,9870.6,9514.6,9168.1,8811.5,8466.1,8073.4,7740.6,7634.7,7549.1,7336.3,6989.6,6634.8,6279.1,5934,5580,5225.3,4880.4
14165,13814,13458,13104,12754,12394,12046,11687,11339,10981,10634,10275,9928.2,9571.6,9223.4,8868.5,8520.1,8131,7798.2,7691,7604.7,7393.9,7042.3,6691.4,6336.8,5988.3,5637,5281.9,4936.8
14226,13874,13513,13164,12812,12453,12105,11745,11398,11039,10692,10333,9985.8,9628.7,9276.6,8925.8,8572.7,8188.3,7855.8,7748.7,7657.9,7447.1,7094.9,6744,6394.2,6041,5691.1,5338.9,4989.7
14286,13935,13573,13224,12867,12512,12164,11804,11456,11097,10749,10391,10043,9686.3,9330.5,8983.4,8627.4,8245.3,7909.2,7805.7,7711.9,7499.7,7152,6796.6,6451.2,6094.7,5743.1,5395.5,5042.3
14346,13990,13634,13282,12923,12572,12222,11863,11512,11155,10804,10449,10098,9743.9,9387.5,9041,8684.4,8302.3,7961.3,7862.1,7768.9,7555,7209.7,6853.4,6508.2,6151.7,5796.6,5451.9,5097.4
14406,14045,13693,13341,12981,12632,12276,11922,11566,11214,10858,10507,10151,9801.6,9444.5,9098,8741.4,8359.3,8015.6,7918,7825.9,7612,7266.5,6910.4,6561,6208.7,5853.6,5507.1,5153.8
14467,14104,13753,13398,13040,12691,12331,11981,11621,11272,10914,10565,10208,9859.2,9502.1,9155,8798.4,8415.8,8072.6,7970.6,7882.3,7668.8,7322.9,6967,6613.6,6265.7,5910.6,5559.7,5210.2
14524,14164,13813,13453,13100,12749,12390,12040,11680,11331,10972,10623,10265,9916.8,9559.7,9212.5,8855.5,8468.4,8129.6,8023.2,7938.7,7725.2,7379.3,7023.3,6668.8,6322.7,5967.6,5612.5,5266.6
14580,14225,13873,13512,13159,12809,12448,12099,11739,11390,11030,10681,10323,9974.5,9617.3,9270.2,8913,8521,8186.6,8079.6,7995.5,7781.6,7435.7,7080,6725.2,6379.3,6024.6,5668.9,5322.8
14638,14285,13933,13571,13219,12869,12507,12158,11798,11448,11089,10739,10381,10032,9674.9,9327.4,8970.7,8577.3,8243.6,8136.6,8052.5,7838.6,7492.1,7137,6781.6,6435.7,6080.7,5725.3,5375.4
14699,14345,13993,13631,13279,12928,12566,12216,11857,11506,11147,10798,10438,10091,9732.6,9384.4,9027.9,8634.3,8300.6,8193.6,8109.5,7895.6,7549.1,7193.9,6838,6492.1,6136.5,5781.7,5428
14760,14406,14053,13690,13339,12988,12626,12275,11915,11564,11205,10856,10497,10149,9790.2,9441.6,9084.9,8693.7,8357.6,8250.6,8166.5,7952.6,7606.1,7250.3,6894.4,6548.5,6192.6,5838.1,5486.4
14821,14467,14113,13750,13399,13047,12685,12334,11973,11623,11263,10914,10555,10206,9847.8,9499.3,9142.1,8755.1,8414.6,8309,8223.5,8009.6,7662.6,7306.7,6950.8,6604.9,6249,5894.2,5546.5
14882,14527,14173,13810,13459,13107,12745,12393,12032,11682,11322,10972,10613,10264,9905.5,9556.9,9199.8,8815.5,8471.6,8370.4,8280.5,8066.3,7719,7363.1,7007.2,6661.3,6305.4,5950,5604.7
14943,14588,14234,13871,13519,13167,12804,12452,12092,11741,11381,11031,10671,10322,9963.1,9614.5,9257.3,8873.1,8530,8431.7,8337.5,8122.7,7775.7,7419.5,7063.6,6717.7,6361.7,6005.8,5660.4
15004,14649,14295,13931,13578,13226,12864,12512,12153,11800,11442,11089,10733,10381,10021,9672.2,9314.3,8930.7,8591.4,8488.7,8394.5,8179.9,7832.7,7475.9,7120,6774,6418.1,6062.2,5716.2
15065,14710,14356,13991,13639,13286,12924,12572,12216,11859,11505,11148,10796,10438,10080,9729.8,9371.3,8987.7,8652.6,8545.7,8451.5,8241.3,7889.7,7532.3,7178.4,6830.4,6474.1,6118.6,5772
15126,14771,14416,14056,13699,13345,12983,12631,12279,11918,11566,11206,10856,10496,10140,9787.4,9432.6,9044.7,8709.6,8602.7,8510.7,8302.7,7946.7,7589.4,7239.1,6886.5,6529.8,6178,5827.8
15191,14832,14477,14121,13759,13405,13048,12691,12338,11977,11625,11265,10915,10554,10202,9845.4,9494.7,9102.2,8766.6,8659.7,8572.1,8360.2,8003.7,7650.8,7299.1,6942.3,6587.9,6238,5884.1
15257,14893,14538,14183,13819,13465,13112,12750,12397,12036,11684,11323,10973,10612,10263,9903.7,9554.1,9159.8,8824.1,8716.7,8632.5,8417.2,8060.2,7712.2,7355.5,6998.2,6648.6,6296.4,5940.5
15319,14954,14599,14244,13883,13525,13172,12809,12456,12094,11743,11382,11031,10671,10321,9963.4,9611.7,9217.5,8881.7,8773.7,8689.5,8474.2,8116.5,7769.2,7411.9,7054.6,6708.7,6352.8,5996.6
15381,15019,14660,14304,13948,13586,13232,12872,12516,12158,11802,11445,11089,10734,10379,10025,9669.4,9275.1,8939.1,8831.6,8746.6,8531.2,8175.9,7825.6,7468.8,7111,6765.1,6409.1,6052.4
15443,15085,14724,14364,14010,13646,13292,12937,12576,12222,11861,11509,11148,10797,10437,10087,9727,9333.5,8996.1,8893.7,8803.6,8589.8,8237.2,7882.4,7525.8,7171.6,6821.5,6464.9,6108.8
15504,15148,14789,14428,14070,13709,13352,12999,12635,12283,11920,11569,11207,10855,10495,10145,9785,9394.9,9054.2,8955.8,8860.6,8651.9,8297.3,7939.4,7585,7233,6877.9,6520.7,6168.9
15569,15209,14853,14494,14131,13774,13415,13058,12698,12342,11982,11627,11269,10914,10557,10202,9847.1,9456.3,9116.3,9013.1,8920.9,8713.7,8354.3,7997.6,7645.7,7291.6,6934.3,6580.6,6229
15635,15273,14914,14557,14192,13837,13480,13120,12762,12403,12045,11689,11332,10976,10620,10260,9909.1,9514.2,9178.3,9070.1,8983,8770.7,8411.4,8059,7705.3,7348,6993,6641.3,6286
15700,15339,14975,14618,14255,13897,13543,13184,12824,12467,12107,11753,11393,11039,10679,10319,9968.1,9571.8,9236.1,9130.4,9043,8827.7,8472.8,8120.4,7761.7,7405.5,7053.7,6699.4,6342.4
15762,15404,15037,14679,14321,13959,13603,13247,12884,12530,12167,11814,11451,11100,10738,10380,10026,9632.5,9293.7,9192.5,9100,8888.1,8534.2,8177.4,7818.1,7466.2,7113.4,6755.2,6400.7
15827,15466,15100,14741,14385,14025,13664,13308,12944,12590,12227,11873,11512,11158,10798,10443,10087,9694.5,9354.1,9252.8,9157.6,8949.5,8592.3,8234.4,7879.3,7526.9,7169.8,6812,6460.8
15894,15529,15166,14803,14446,14089,13729,13369,13008,12650,12291,11933,11575,11218,10861,10505,10149,9756.9,9415.4,9310.4,9219.7,9009,8649.3,8294.1,7940.7,7587.6,7226.2,6872.7,6521
15959,15596,15233,14869,14508,14150,13794,13433,13073,12714,12354,11997,11639,11281,10924,10568,10210,9819.7,9477.1,9368.7,9281.7,9066.6,8708.7,8354.8,8002.1,7648.4,7286.7,6933.4,6581.7
16021,15662,15299,14935,14573,14210,13854,13498,13138,12778,12418,12060,11702,11345,10987,10630,10268,9881.4,9539.2,9430.7,9343.8,9125.3,8770.7,8416.1,8063.4,7706.7,7347.4,6994.2,6642.4
16084,15724,15365,15001,14639,14276,13914,13559,13202,12843,12483,12124,11766,11408,11050,10688,10327,9939,9601.3,9492.8,9405.9,9187.4,8832.7,8478.2,8122.8,7763.7,7408.1,7054.9,6698.8
16152,15786,15427,15068,14705,14341,13980,13619,13263,12907,12547,12188,11829,11472,11109,10747,10389,9996.7,9663.3,9554.9,9465.2,9249.5,8894,8540.1,8179.2,7822.1,7468.8,7115.6,6754.6
16220,15853,15488,15134,14770,14408,14045,13683,13324,12968,12611,12248,11893,11531,11167,10809,10452,10058,9725.4,9616.9,9522.9,9310.9,8955.4,8601.5,8236.1,7882.8,7529.6,7176.3,6813.1
16287,15921,15556,15201,14837,14474,14111,13748,13387,13028,12672,12307,11953,11590,11229,10872,10515,10121,9783.9,9679,9582.1,9372.3,9017.4,8662.9,8297.5,7943.6,7590.3,7235.9,6873.8
16354,15988,15623,15263,14903,14540,14177,13813,13452,13091,12733,12369,12013,11652,11293,10935,10578,10183,9842.2,9741.1,9644.1,9434.1,9079.5,8720.4,8358.9,8005,7651,7292.2,6934.6
16417,16055,15690,15325,14969,14606,14242,13879,13517,13155,12795,12433,12075,11715,11356,10997,10640,10246,9903.1,9803.1,9706.2,9496.2,9141.1,8777.4,8420.3,8066.3,7711.8,7348.6,6995.3
16481,16123,15757,15391,15036,14672,14308,13945,13582,13220,12859,12498,12138,11779,11420,11060,10703,10309,9965.2,9865.2,9768.3,9558.3,9202.5,8837.1,8481.6,8127.2,7772.5,7409.3,7056
16549,16191,15825,15458,15102,14738,14374,14010,13647,13284,12924,12562,12202,11842,11483,11124,10766,10371,10027,9927.2,9830.3,9620.3,9264.2,8898.5,8543,8187.9,7833.7,7470,7116.2
16617,16258,15892,15525,15169,14804,14439,14076,13713,13349,12989,12626,12266,11906,11547,11187,10829,10434,10089,9989.3,9893,9682.4,9326.2,8961.5,8604.4,8249,7895.1,7530.7,7176.2
16685,16326,15959,15592,15236,14870,14505,14142,13778,13414,13053,12691,12331,11970,11610,11251,10891,10497,10152,10051,9955.7,9744.4,9388.3,9028,8665.8,8310.4,7956.2,7591.4,7236.7
16753,16394,16026,15660,15303,14936,14572,14207,13843,13480,13118,12756,12400,12035,11674,11315,10954,10560,10220,10114,10021,9806.5,9450.4,9094.2,8727.2,8371.8,8016.9,7653.8,7297.4
16825,16462,16093,15727,15370,15002,14638,14273,13909,13550,13182,12825,12468,12103,11737,11383,11017,10622,10287,10177,10087,9869.2,9512.4,9155.5,8788.6,8433.2,8077.7,7718.8,7358.2
16898,16530,16161,15796,15436,15069,14704,14339,13979,13621,13251,12894,12533,12171,11805,11451,11085,10685,10350,10240,10152,9932,9574.5,9216.9,8855,8494.5,8139.1,7783.6,7418.9
16968,16598,16228,15868,15503,15136,14770,14410,14050,13686,13321,12959,12597,12235,11873,11515,11153,10751,10413,10302,10215,9994.2,9636.5,9278.9,8921.5,8559.9,8200.5,7844.4,7479.6
17037,16666,16296,15938,15570,15203,14841,14480,14115,13751,13387,13024,12662,12299,11938,11578,11217,10818,10475,10365,10278,10056,9698.6,9340.9,8984.3,8625.7,8261.3,7905.1,7544.7
17105,16735,16367,16006,15637,15270,14912,14547,14181,13816,13453,13089,12727,12364,12002,11642,11281,10884,10538,10428,10340,10121,9760.7,9403,9045.7,8688.7,8322.1,7966.3,7609.7
17174,16807,16440,16073,15705,15337,14979,14613,14247,13882,13518,13154,12794,12428,12066,11705,11344,10947,10603,10491,10402,10188,9824.4,9465,9107.4,8750.1,8385.5,8027.7,7671.8
17243,16879,16511,16141,15773,15409,15045,14679,14312,13951,13583,13222,12863,12494,12130,11771,11408,11012,10670,10559,10469,10254,9890.9,9528.3,9169.4,8811.5,8451.3,8090.8,7732.5
17312,16950,16580,16211,15845,15481,15112,14746,14382,14021,13651,13291,12930,12563,12196,11839,11473,11079,10736,10626,10536,10316,9956.9,9594.8,9232.2,8872.9,8515.9,8155.9,7795.2
17385,17019,16650,16284,15916,15548,15180,14816,14453,14089,13721,13359,12995,12631,12265,11906,11541,11146,10799,10689,10600,10378,10020,9661.3,9297.9,8934.6,8577.3,8220.4,7861
17460,17091,16723,16355,15984,15615,15251,14887,14521,14154,13791,13424,13061,12696,12334,11970,11608,11209,10862,10752,10663,10445,10082,9727.8,9363.7,9001.1,8638.7,8281.7,7926.2
17531,17164,16795,16423,16053,15687,15323,14955,14588,14223,13861,13490,13130,12761,12403,12034,11672,11273,10930,10817,10728,10512,10148,9794.3,9430.1,9067.6,8704.4,8343.1,7987
17601,17236,16864,16492,16126,15759,15394,15022,14657,14294,13929,13560,13199,12830,12471,12103,11735,11340,10998,10885,10796,10580,10215,9857.4,9496.6,9133.5,8770.2,8408.4,8047.7
17674,17306,16934,16565,16199,15832,15466,15091,14728,14365,13995,13631,13264,12899,12535,12172,11803,11408,11065,10952,10864,10647,10282,9919.5,9560.3,9199.3,8835.9,8474.2,8111.9
17749,17378,17008,16638,16271,15905,15534,15163,14799,14435,14061,13700,13329,12968,12600,12241,11871,11476,11133,11020,10931,10712,10349,9984.2,9622.3,9265.5,8901.7,8540,8177
17823,17451,17082,16712,16344,15973,15601,15235,14870,14505,14133,13770,13399,13038,12668,12309,11939,11544,11198,11088,10998,10776,10416,10051,9686.1,9332,8967.8,8605.7,8242.4
17898,17526,17155,16786,16417,16040,15672,15306,14942,14571,14204,13840,13468,13107,12736,12378,12008,11612,11261,11155,11066,10840,10484,10118,9752.6,9397.2,9034.3,8671.5,8308.1
17973,17600,17230,16860,16490,16112,15745,15378,15013,14638,14274,13910,13538,13177,12806,12447,12077,11680,11326,11223,11134,10908,10551,10185,9819.1,9459.3,9100.7,8737.3,8373.9
18048,17675,17304,16933,16564,16184,15817,15450,15084,14709,14345,13981,13609,13246,12875,12516,12145,11748,11394,11291,11201,10975,10618,10251,9885.6,9521.4,9166.4,8803.1,8439.7
18123,17750,17379,17007,16638,16257,15889,15522,15156,14780,14416,14051,13679,13316,12945,12584,12214,11816,11462,11359,11269,11043,10685,10319,9952.1,9587.9,9232.2,8868.8,8505.5
18199,17825,17452,17081,16711,16330,15962,15595,15228,14852,14487,14122,13750,13386,13014,12653,12283,11884,11530,11427,11336,11111,10753,10386,10019,9654.4,9298.6,8934.6,8570.6
18274,17900,17526,17155,16784,16404,16035,15668,15300,14923,14558,14193,13820,13456,13084,12723,12352,11953,11598,11495,11404,11182,10820,10453,10087,9724.3,9365.1,9000.4,8635.6
18350,17976,17601,17229,16857,16478,16108,15740,15372,14999,14629,14264,13890,13526,13154,12792,12421,12022,11671,11563,11472,11254,10888,10520,10153,9795.3,9431.6,9066.2,8701.2
18425,18050,17676,17303,16931,16554,16180,15812,15444,15076,14700,14334,13963,13596,13224,12861,12489,12091,11743,11631,11540,11323,10956,10588,10220,9863.9,9498.1,9131.9,8766.9
18501,18125,17752,17378,17005,16631,16255,15885,15516,15149,14772,14405,14038,13666,13298,12930,12563,12159,11813,11699,11608,11391,11023,10655,10288,9930.4,9564.3,9197.7,8832.7
18577,18201,17827,17453,17080,16707,16334,15958,15588,15221,14846,14476,14111,13736,13372,12999,12636,12228,11881,11768,11677,11459,11090,10724,10360,9996.9,9630.1,9264.5,8898.5
18654,18277,17902,17527,17154,16781,16411,16036,15660,15292,14922,14548,14182,13807,13443,13069,12706,12297,11950,11837,11746,11527,11159,10795,10431,10063,9696.3,9335.5,8964.6
18735,18352,17978,17607,17228,16855,16484,16114,15737,15363,14996,14619,14252,13882,13513,13142,12776,12368,12018,11910,11818,11596,11232,10867,10498,10130,9767.3,9406.4,9035.5
18816,18431,18059,17687,17306,16930,16558,16186,15815,15439,15068,14691,14323,13957,13583,13217,12845,12441,12088,11982,11891,11670,11304,10934,10565,10202,9838.2,9473.1,9106.4
18894,18513,18138,17762,17386,17006,16637,16259,15888,15517,15142,14767,14395,14028,13654,13288,12915,12513,12161,12051,11961,11743,11372,11001,10637,10273,9906.1,9539.6,9173.2
18970,18591,18214,17836,17462,17085,16715,16337,15960,15591,15219,14843,14471,14099,13727,13359,12987,12582,12234,12120,12029,11811,11440,11073,10709,10341,9973.3,9609.2,9239
19052,18667,18291,17917,17537,17164,16788,16415,16037,15663,15294,14920,14547,14174,13801,13431,13061,12652,12302,12192,12101,11879,11512,11145,10777,10408,10043,9680.1,9307.1
19133,18746,18371,17997,17615,17244,16863,16489,16114,15738,15366,14996,14623,14249,13876,13505,13135,12726,12371,12266,12174,11951,11584,11215,10844,10477,10114,9749.1,9377.2
19210,18828,18452,18073,17694,17321,16942,16563,16189,15816,15439,15068,14699,14325,13952,13580,13209,12800,12445,12339,12247,12025,11657,11283,10914,10548,10185,9815.6,9447.6
19287,18909,18534,18149,17775,17395,17021,16641,16263,15893,15516,15139,14771,14401,14028,13655,13284,12874,12520,12412,12321,12097,11729,11353,10987,10620,10257,9882.9,9518.5
19369,18991,18614,18229,17855,17471,17100,16720,16340,15971,15593,15216,14842,14474,14103,13730,13358,12948,12593,12486,12394,12170,11800,11425,11059,10692,10328,9953.8,9589.4
19452,19073,18691,18310,17936,17552,17180,16798,16417,16049,15671,15292,14917,14545,14177,13805,13432,13023,12666,12559,12467,12243,11869,11498,11131,10764,10394,10025,9660.4
19535,19156,18769,18392,18017,17632,17259,16877,16496,16127,15748,15370,14994,14618,14248,13880,13502,13097,12740,12633,12541,12316,11939,11571,11202,10836,10461,10096,9731.3
19618,19239,18851,18473,18097,17712,17337,16956,16574,16204,15825,15448,15070,14694,14320,13955,13573,13171,12815,12707,12614,12390,12011,11643,11275,10909,10532,10167,9802.2
19702,19322,18933,18554,18178,17792,17417,17034,16653,16282,15902,15525,15146,14770,14395,14030,13651,13245,12889,12781,12687,12464,12084,11716,11348,10981,10603,10238,9873.2
19785,19404,19014,18635,18259,17873,17497,17114,16732,16360,15980,15602,15223,14846,14471,14106,13731,13320,12963,12855,12761,12538,12162,11788,11420,11052,10678,10310,9944.1
19868,19487,19098,18717,18339,17953,17577,17194,16813,16439,16058,15679,15299,14924,14551,14182,13807,13395,13037,12930,12836,12611,12240,11865,11493,11124,10754,10381,10015
19951,19570,19185,18798,18420,18034,17658,17273,16897,16518,16136,15757,15379,15005,14632,14257,13882,13470,13111,13004,12910,12685,12314,11943,11565,11197,10829,10452,10086
20035,19653,19270,18880,18501,18117,17738,17353,16978,16596,16215,15838,15462,15086,14709,14332,13957,13544,13186,13078,12984,12759,12387,12017,11638,11269,10900,10524,10157
20120,19735,19353,18963,18582,18203,17818,17437,17058,16675,16293,15919,15542,15163,14786,14408,14032,13618,13265,13152,13058,12833,12461,12090,11712,11341,10972,10600,10228
20209,19818,19435,19050,18664,18286,17898,17521,17138,16754,16371,15999,15619,15240,14862,14484,14108,13693,13344,13226,13132,12911,12535,12163,11789,11414,11045,10676,10304
20297,19907,19518,19137,18750,18367,17979,17602,17217,16833,16453,16078,15696,15317,14938,14563,14184,13769,13419,13304,13208,12990,12611,12236,11865,11491,11117,10748,10380
20382,19996,19605,19219,18837,18448,18065,17682,17299,16917,16537,16159,15774,15394,15018,14644,14261,13849,13494,13382,13287,13066,12689,12311,11939,11568,11193,10820,10453
20469,20080,19694,19302,18920,18530,18150,17766,17384,17000,16617,16241,15853,15475,15100,14722,14341,13928,13573,13459,13365,13140,12766,12389,12012,11641,11269,10895,10525
20558,20164,19778,19390,19003,18614,18231,17852,17466,17080,16695,16322,15935,15557,15178,14799,14421,14008,13651,13534,13440,13216,12840,12466,12090,11714,11343,10971,10599
20645,20253,19861,19477,19089,18701,18312,17934,17546,17160,16778,16401,16018,15639,15255,14878,14502,14088,13727,13611,13516,13295,12915,12541,12168,11791,11415,11046,10675
20731,20341,19949,19560,19176,18788,18399,18014,17628,17245,16862,16481,16101,15722,15335,14958,14582,14164,13802,13691,13595,13373,12994,12615,12246,11868,11490,11118,10750
20820,20426,20038,19646,19259,18874,18486,18099,17713,17329,16946,16564,16183,15800,15417,15039,14659,14240,13880,13771,13675,13448,13073,12692,12324,11945,11567,11192,10822
20910,20513,20128,19734,19342,18961,18573,18185,17798,17414,17031,16647,16267,15878,15498,15121,14736,14320,13960,13850,13755,13523,13152,12770,12402,12023,11645,11269,10893
20999,20603,20218,19822,19430,19048,18660,18270,17884,17499,17115,16731,16351,15960,15580,15203,14816,14400,14040,13930,13835,13602,13231,12849,12480,12101,11722,11346,10970
21089,20695,20307,19911,19518,19136,18747,18356,17969,17583,17198,16815,16433,16043,15662,15284,14897,14481,14121,14010,13914,13681,13309,12928,12558,12178,11799,11422,11046
21182,20788,20395,20000,19607,19224,18833,18443,18055,17668,17283,16899,16516,16125,15745,15366,14979,14562,14202,14090,13994,13761,13388,13007,12636,12255,11877,11498,11122
21274,20880,20481,20089,19697,19311,18920,18530,18141,17754,17367,16984,16600,16208,15827,15448,15060,14642,14282,14170,14074,13841,13468,13085,12714,12333,11955,11575,11198
21366,20972,20573,20180,19789,19399,19007,18616,18227,17840,17453,17067,16683,16295,15910,15529,15146,14723,14363,14251,14154,13925,13547,13164,12793,12411,12033,11652,11278
21463,21063,20670,20272,19881,19487,19095,18703,18313,17925,17538,17151,16768,16383,15993,15612,15233,14804,14443,14331,14234,14011,13627,13243,12871,12490,12110,11733,11359
21563,21161,20760,20361,19972,19574,19182,18790,18400,18011,17623,17236,16853,16469,16075,15695,15315,14886,14523,14411,14314,14092,13707,13323,12950,12569,12188,11815,11439
21665,21261,20851,20451,20061,19663,19269,18877,18486,18097,17708,17321,16936,16552,16160,15777,15397,14969,14610,14491,14397,14171,13787,13408,13029,12647,12265,11895,11516
21770,21360,20950,20544,20149,19754,19359,18968,18573,18183,17797,17405,17020,16636,16248,15860,15478,15054,14696,14572,14483,14252,13866,13492,13108,12725,12345,11973,11593
21873,21462,21048,20641,20241,19847,19453,19059,18662,18275,17888,17492,17109,16719,16335,15947,15560,15139,14776,14656,14566,14332,13948,13570,13187,12806,12429,12050,11670
21983,21563,21148,20739,20337,19939,19545,19148,18752,18367,17975,17583,17199,16806,16419,16035,15645,15220,14857,14743,14647,14416,14032,13649,13269,12890,12510,12128,11747
22094,21664,21256,20842,20439,20030,19638,19239,18844,18456,18061,17672,17284,16895,16504,16118,15733,15303,14943,14826,14729,14501,14117,13734,13353,12971,12588,12206,11829
22207,21774,21360,20946,20540,20128,19734,19335,18937,18544,18149,17757,17368,16981,16591,16200,15818,15390,15030,14907,14816,14585,14202,13818,13434,13050,12667,12289,11910
22329,21889,21465,21050,20638,20228,19829,19430,19027,18630,18238,17846,17458,17066,16679,16288,15900,15478,15112,14990,14901,14665,14287,13899,13514,13130,12749,12371,11993
22443,22006,21575,21152,20734,20326,19920,19524,19117,18719,18328,17939,17548,17153,16769,16377,15985,15564,15194,15076,14982,14747,14367,13980,13595,13214,12832,12454,12075
22581,22128,21685,21264,20837,20426,20019,19615,19215,18813,18418,18031,17636,17243,16857,16465,16073,15651,15279,15163,15063,14833,14447,14063,13679,13297,12915,12536,12155
22710,22255,21808,21374,20944,20528,20121,19707,19313,18910,18512,18121,17724,17331,16941,16554,16161,15733,15366,15249,15149,14919,14533,14148,13763,13381,12999,12619,12233
22849,22380,21934,21485,21054,20637,20219,19807,19409,19008,18606,18212,17813,17418,17026,16642,16249,15816,15452,15336,15236,15005,14619,14233,13849,13464,13082,12701,12313
22989,22514,22060,21604,21174,20746,20323,19909,19506,19102,18702,18304,17902,17508,17118,16731,16338,15903,15539,15422,15322,15091,14705,14318,13934,13549,13166,12784,12395
23139,22649,22188,21733,21291,20857,20433,20012,19604,19197,18796,18397,17993,17602,17209,16817,16425,15991,15626,15509,15409,15178,14790,14404,14018,13633,13250,12868,12478
23293,22798,22321,21858,21411,20974,20544,20118,19705,19299,18888,18491,18087,17693,17295,16903,16514,16082,15713,15596,15496,15264,14876,14489,14103,13717,13334,12951,12560
23449,22945,22462,21989,21537,21094,20657,20229,19809,19399,18986,18587,18185,17783,17384,16994,16605,16175,15801,15684,15583,15351,14961,14575,14187,13802,13418,13034,12643
23612,23101,22605,22126,21667,21215,20771,20345,19918,19497,19087,18684,18281,17878,17478,17086,16695,16265,15888,15771,15675,15437,15047,14660,14271,13886,13502,13118,12731
23785,23263,22749,22263,21796,21338,20888,20456,20024,19605,19189,18783,18375,17975,17573,17179,16786,16354,15976,15859,15767,15525,15134,14747,14357,13971,13586,13201,12819
23965,23427,22903,22412,21928,21465,21014,20573,20134,19713,19292,18883,18475,18069,17669,17272,16877,16444,16065,15947,15857,15612,15223,14837,14442,14058,13670,13285,12902
24153,23596,23069,22562,22069,21599,21139,20694,20251,19822,19398,18984,18579,18164,17766,17366,16969,16534,16156,16036,15945,15704,15314,14927,14532,14147,13756,13369,12985
24344,23777,23235,22714,22219,21738,21265,20819,20369,19935,19509,19091,18678,18265,17864,17460,17062,16625,16251,16130,16034,15796,15403,15013,14622,14235,13845,13454,13068
24542,23964,23405,22874,22365,21878,21404,20943,20491,20051,19622,19199,18777,18366,17963,17556,17155,16717,16343,16223,16122,15885,15491,15100,14709,14320,13933,13542,13151
24747,24151,23580,23044,22523,22020,21539,21074,20618,20172,19733,19311,18886,18469,18062,17652,17248,16809,16433,16313,16215,15974,15581,15191,14794,14407,14018,13630,13238
24954,24345,23766,23218,22681,22171,21681,21211,20743,20296,19848,19424,18994,18573,18163,17750,17343,16901,16525,16403,16310,16068,15673,15282,14883,14498,14102,13719,13327
25168,24552,23960,23395,22848,22334,21830,21351,20878,20422,19968,19540,19102,18678,18264,17849,17442,16999,16621,16498,16401,16162,15766,15370,14975,14586,14193,13808,13416
25396,24764,24157,23577,23024,22497,21985,21490,21016,20550,20095,19655,19219,18790,18372,17953,17544,17097,16718,16594,16491,16256,15859,15457,15066,14672,14283,13894,13504
25629,24979,24358,23767,23206,22663,22144,21636,21150,20686,20222,19774,19337,18903,18481,18058,17646,17195,16815,16691,16588,16349,15953,15548,15157,14759,14372,13978,13592
25869,25199,24566,23962,23389,22835,22304,21788,21295,20824,20348,19900,19457,19017,18592,18166,17748,17294,16912,16788,16689,16445,16046,15640,15248,14854,14461,14065,13681
26109,25433,24782,24164,23579,23014,22471,21945,21442,20964,20483,20027,19579,19135,18704,18275,17854,17403,17010,16886,16786,16540,16140,15735,15340,14949,14552,14154,13771
26359,25674,25008,24373,23776,23194,22644,22106,21592,21106,20624,20155,19703,19252,18816,18382,17959,17508,17112,16983,16884,16640,16233,15833,15433,15040,14642,14245,13860
26617,25910,25240,24593,23972,23385,22823,22274,21753,21255,20766,20285,19826,19377,18937,18497,18071,17611,17215,17087,16986,16741,16328,15932,15529,15129,14732,14339,13947
26872,26161,25470,24812,24179,23581,23006,22447,21922,21407,20912,20427,19956,19505,19058,18613,18184,17716,17321,17192,17091,16844,16427,16028,15625,15223,14825,14432,14036
27139,26410,25716,25044,24402,23786,23192,22624,22086,21564,21061,20572,20091,19635,19182,18732,18298,17831,17427,17303,17197,16948,16529,16126,15721,15318,14919,14524,14123
27405,26672,25959,25276,24616,23993,23382,22810,22256,21730,21215,20720,20234,19765,19307,18855,18414,17944,17533,17413,17301,17056,16635,16224,15819,15413,15013,14618,14214
27679,26934,26213,25520,24843,24199,23584,23003,22436,21897,21374,20874,20380,19898,19433,18984,18535,18056,17641,17519,17412,17164,16742,16326,15920,15508,15109,14712,14306
27952,27193,26468,25760,25079,24425,23795,23196,22623,22074,21537,21029,20527,20039,19568,19112,18659,18175,17755,17629,17523,17275,16850,16432,16021,15606,15207,14804,14400
28225,27466,26726,26012,25313,24646,24011,23393,22812,22255,21707,21183,20678,20189,19706,19241,18784,18293,17871,17743,17635,17384,16956,16537,16124,15706,15306,14900,14496
28506,27742,26992,26275,25563,24885,24231,23603,23000,22435,21882,21339,20835,20337,19849,19374,18912,18419,17994,17863,17751,17498,17065,16641,16228,15810,15404,14996,14593
28788,28014,27261,26532,25811,25121,24460,23814,23204,22621,22059,21510,20994,20483,19990,19510,19043,18546,18117,17984,17873,17611,17177,16752,16337,15916,15503,15097,14689
29075,28302,27540,26793,26066,25364,24684,24037,23408,22814,22239,21686,21156,20636,20137,19653,19178,18674,18242,18109,17994,17731,17292,16864,16445,16022,15607,15199,14786
29366,28584,27819,27057,26330,25616,24923,24262,23622,23014,22429,21868,21323,20798,20296,19796,19313,18806,18369,18233,18118,17852,17410,16977,16556,16129,15712,15301,14885
29658,28872,28098,27330,26589,25873,25165,24488,23842,23216,22618,22050,21495,20963,20449,19945,19453,18938,18496,18360,18246,17974,17534,17091,16664,16237,15818,15404,14986
29949,29161,28382,27607,26860,26130,25414,24727,24062,23428,22823,22239,21673,21131,20606,20100,19600,19077,18630,18488,18379,18101,17656,17212,16775,16345,15921,15510,15091
30239,29447,28668,27891,27131,26383,25670,24970,24292,23647,23030,22437,21854,21303,20771,20254,19750,19218,18767,18622,18511,18231,17776,17331,16888,16460,16031,15618,15197
30538,29744,28956,28173,27412,26656,25926,25217,24527,23873,23240,22631,22043,21485,20944,20412,19905,19363,18904,18762,18644,18367,17905,17453,17012,16579,16144,15725,15304
30839,30035,29243,28455,27684,26928,26189,25470,24775,24095,23457,22833,22241,21667,21112,20574,20064,19515,19048,18904,18782,18505,18039,17575,17135,16696,16259,15834,15410
31142,30324,29529,28741,27959,27200,26453,25727,25023,24331,23679,23043,22435,21853,21286,20747,20224,19667,19194,19051,18925,18638,18173,17706,17255,16812,16376,15946,15521
31437,30625,29819,29031,28250,27481,26725,25988,25264,24571,23905,23255,22640,22045,21471,20920,20390,19824,19345,19199,19069,18779,18309,17839,17380,16935,16494,16061,15633
31734,30927,30118,29319,28535,27759,26997,26251,25524,24822,24144,23475,22852,22243,21660,21098,20557,19982,19497,19350,19223,18929,18450,17978,17513,17063,16615,16176,15746
32030,31230,30410,29613,28815,28038,27273,26522,25788,25072,24377,23708,23066,22445,21859,21280,20734,20144,19651,19501,19380,19078,18590,18115,17645,17189,16740,16292,15858
32335,31522,30719,29911,29112,28330,27548,26792,26051,25326,24621,23940,23281,22653,22053,21469,20914,20316,19810,19657,19531,19225,18730,18251,17776,17315,16866,16410,15974
32636,31822,31019,30203,29406,28612,27835,27062,26319,25581,24873,24177,23513,22872,22253,21663,21094,20488,19978,19820,19689,19383,18885,18394,17915,17447,16995,16539,16095
32932,32120,31315,30505,29698,28903,28125,27347,26596,25845,25124,24422,23748,23091,22460,21860,21280,20662,20146,19990,19853,19545,19039,18539,18061,17580,17124,16669,16217
33237,32422,31614,30807,29989,29193,28411,27633,26870,26117,25383,24672,23984,23315,22675,22068,21472,20842,20318,20164,20028,19715,19195,18689,18202,17720,17253,16795,16344
33541,32724,31913,31105,30290,29491,28700,27912,27143,26384,25645,24920,24226,23545,22893,22273,21673,21028,20499,20336,20203,19878,19354,18844,18346,17862,17386,16922,16470
33837,33021,32215,31407,30593,29782,28989,28198,27420,26658,25912,25182,24475,23786,23121,22487,21875,21222,20683,20512,20379,20047,19518,19003,18500,18007,17524,17057,16599
34137,33327,32518,31706,30895,30083,29285,28487,27701,26932,26179,25446,24723,24031,23358,22703,22082,21417,20870,20695,20563,20224,19687,19165,18653,18154,17666,17192,16731
34432,33624,32812,32005,31194,30385,29576,28785,27991,27217,26453,25711,24977,24272,23591,22925,22290,21621,21060,20890,20749,20406,19861,19325,18813,18310,17813,17332,16864
34727,33918,33112,32302,31497,30682,29868,29079,28283,27501,26731,25978,25234,24520,23831,23158,22508,21825,21260,21079,20935,20594,20038,19496,18973,18463,17963,17477,16999
35017,34218,33411,32607,31792,30980,30170,29371,28573,27786,27008,26246,25498,24783,24070,23387,22730,22030,21454,21277,21132,20777,20218,19671,19132,18616,18116,17624,17138
35315,34517,33713,32907,32088,31277,30471,29671,28863,28069,27294,26520,25775,25037,24320,23627,22957,22246,21659,21479,21334,20971,20398,19847,19302,18782,18270,17773,17282
35611,34816,34010,33205,32394,31581,30766,29964,29156,28360,27578,26801,26044,25296,24577,23876,23198,22469,21872,21684,21540,21175,20586,20028,19477,18948,18425,17922,17430
35902,35110,34304,33501,32693,31882,31066,30258,29454,28658,27857,27084,26319,25566,24840,24126,23434,22701,22093,21900,21746,21382,20785,20209,19655,19113,18586,18078,17581
36196,35405,34601,33801,32992,32188,31372,30555,29753,28950,28153,27365,26603,25838,25101,24385,23676,22933,22307,22122,21963,21589,20984,20395,19841,19283,18752,18236,17734
36484,35699,34894,34097,33288,32484,31676,30858,30051,29246,28445,27655,26874,26115,25364,24640,23924,23169,22535,22339,22181,21806,21182,20589,20023,19460,18923,18396,17889
36771,35990,35192,34396,33588,32779,31973,31161,30346,29541,28743,27943,27160,26392,25633,24901,24176,23406,22764,22568,22405,22024,21391,20787,20205,19641,19094,18559,18043
37059,36281,35488,34694,33890,33076,32273,31461,30644,29836,29037,28234,27447,26674,25911,25162,24430,23656,23003,22798,22635,22249,21602,20989,20404,19825,19268,18732,18203
37347,36568,35778,34984,34189,33377,32572,31763,30941,30134,29335,28530,27739,26949,26181,25431,24691,23908,23247,23041,22874,22475,21823,21199,20605,20013,19450,18907,18365
37632,36854,36070,35274,34489,33676,32869,32061,31246,30431,29626,28828,28026,27243,26464,25704,24960,24160,23495,23288,23115,22701,22054,21413,20802,20207,19637,19078,18534
37922,37147,36363,35569,34780,33975,33166,32358,31548,30732,29922,29123,28313,27535,26748,25983,25229,24423,23747,23529,23354,22946,22280,21630,21011,20409,19822,19259,18711
38211,37436,36645,35856,35070,34275,33465,32656,31843,31031,30220,29417,28613,27825,27031,26268,25496,24687,24000,23782,23610,23191,22514,21849,21220,20611,20016,19443,18894
38493,37715,36932,36147,35363,34569,33762,32958,32144,31337,30526,29720,28917,28111,27320,26546,25777,24956,24260,24037,23870,23433,22748,22078,21432,20819,20214,19629,19077
38776,37999,37223,36437,35653,34859,34067,33254,32443,31637,30824,30020,29212,28404,27604,26829,26055,25218,24519,24299,24125,23689,22991,22312,21653,21032,20419,19824,19255
39053,38281,37511,36727,35941,35157,34360,33555,32742,31938,31126,30319,29503,28705,27900,27111,26334,25490,24783,24561,24379,23948,23239,22551,21881,21243,20621,20025,19438
39338,38563,37796,37021,36235,35450,34654,33854,33040,32237,31429,30617,29807,28999,28197,27400,26616,25772,25060,24835,24643,24211,23490,22796,22115,21464,20833,20222,19628
39619,38846,38081,37305,36518,35742,34944,34148,33342,32533,31724,30918,30105,29294,28492,27694,26905,26053,25326,25105,24916,24476,23753,23046,22357,21695,21054,20429,19829
39898,39127,38358,37587,36806,36031,35234,34442,33648,32831,32030,31213,30408,29593,28787,27982,27195,26335,25606,25375,25196,24740,24004,23296,22594,21928,21271,20640,20031
40171,39407,38645,37871,37092,36317,35523,34738,33943,33134,32327,31509,30705,29892,29081,28276,27488,26624,25885,25655,25470,25012,24265,23546,22845,22163,21498,20856,20237
40445,39687,38926,38156,37382,36598,35811,35030,34229,33428,32623,31814,31000,30189,29386,28579,27779,26906,26167,25938,25744,25283,24538,23802,23095,22399,21726,21074,20442
40722,39967,39205,38438,37663,36887,36102,35320,34521,33723,32919,32116,31307,30491,29685,28875,28066,27200,26456,26220,26025,25561,24806,24070,23350,22646,21960,21298,20666
40996,40240,39483,38720,37943,37174,36394,35607,34815,34022,33222,32410,31613,30795,29984,29170,28364,27488,26741,26506,26302,25844,25087,24336,23609,22893,22206,21529,20884
41270,40514,39758,38995,38226,37459,36675,35894,35108,34315,33516,32712,31912,31098,30283,29471,28667,27775,27031,26795,26591,26126,25361,24603,23869,23142,22446,21765,21103
41541,40792,40031,39271,38509,37742,36962,36182,35397,34605,33808,33011,32210,31399,30587,29770,28968,28077,27319,27080,26887,26413,25642,24877,24135,23401,22696,22006,21333
41815,41068,40309,39551,38795,38024,37246,36467,35691,34895,34108,33304,32511,31698,30886,30074,29259,28372,27609,27374,27178,26698,25924,25151,24401,23667,22954,22252,21568
42091,41338,40587,39828,39076,38306,37535,36759,35978,35183,34401,33602,32799,31995,31184,30372,29556,28671,27911,27667,27469,26996,26205,25429,24673,23933,23206,22499,21807
42362,41611,40865,40104,39350,38589,37819,37043,36261,35477,34691,33901,33094,32298,31484,30674,29854,28967,28206,27961,27763,27283,26492,25714,24952,24200,23458,22750,22046
42631,41887,41136,40383,39621,38866,38101,37324,36546,35765,34980,34196,33395,32594,31782,30974,30157,29266,28505,28256,28058,27576,26783,26004,25234,24470,23728,22998,22294
42894,42160,41407,40656,39904,39145,38383,37606,36831,36054,35271,34486,33695,32887,32084,31276,30459,29565,28800,28552,28351,27871,27080,26287,25510,24739,23998,23261,22543
43162,42428,41683,40932,40180,39425,38663,37889,37117,36343,35561,34777,33986,33180,32381,31576,30762,29863,29099,28853,28651,28165,27371,26571,25792,25022,24262,23521,22800
43429,42697,41957,41204,40452,39704,38940,38171,37404,36628,35849,35071,34275,33473,32680,31876,31063,30167,29398,29158,28956,28462,27666,26863,26073,25304,24544,23786,23060
43702,42966,42226,41480,40724,39977,39220,38452,37687,36913,36134,35358,34571,33764,32975,32175,31363,30477,29695,29456,29256,28763,27960,27158,26368,25591,24814,24057,23325
43975,43234,42495,41755,40999,40250,39500,38728,37969,37197,36415,35645,34862,34061,33268,32472,31660,30774,29997,29756,29553,29068,28259,27453,26658,25870,25098,24335,23585
44241,43501,42764,42024,41276,40524,39774,39009,38251,37481,36705,35932,35144,34354,33560,32770,31962,31072,30293,30060,29856,29368,28555,27748,26953,26159,25379,24614,23853
44503,43764,43032,42293,41552,40799,40047,39289,38533,37764,36990,36212,35432,34646,33855,33063,32258,31371,30602,30362,30151,29669,28854,28040,27248,26446,25661,24891,24127
44763,44029,43300,42562,41818,41072,40320,39564,38808,38046,37279,36500,35718,34940,34147,33355,32552,31664,30905,30658,30450,29970,29153,28341,27535,26744,25948,25171,24409
45023,44296,43567,42831,42082,41348,40596,39837,39084,38323,37556,36789,36008,35228,34438,33649,32851,31965,31202,30964,30753,30272,29451,28640,27829,27035,26239,25458,24687
45287,44561,43831,43098,42355,41617,40867,40109,39361,38598,37832,37068,36289,35515,34735,33942,33144,32265,31496,31263,31053,30567,29755,28939,28127,27330,26529,25745,24970
45552,44823,44095,43365,42629,41881,41138,40380,39636,38872,38109,37349,36574,35803,35021,34232,33442,32561,31793,31555,31356,30870,30056,29242,28430,27624,26823,26032,25253
45816,45086,44359,43633,42898,42148,41412,40658,39914,39153,38391,37632,36854,36088,35302,34522,33738,32860,32090,31850,31652,31173,30353,29540,28732,27920,27123,26326,25535
46076,45348,44619,43898,43160,42417,41680,40929,40189,39432,38676,37914,37137,36373,35596,34811,34028,33156,32393,32144,31947,31464,30653,29843,29023,28220,27412,26614,25822
46338,45607,44881,44159,43427,42685,41946,41199,40457,39710,38948,38194,37425,36658,35883,35099,34318,33443,32688,32445,32243,31760,30956,30145,29325,28522,27711,26903,26115
46598,45869,45146,44421,43688,42957,42215,41469,40726,39986,39221,38469,37709,36940,36162,35386,34601,33739,32982,32744,32545,32060,31251,30446,29631,28827,28006,27203,26402
46853,46130,45410,44685,43960,43226,42486,41744,40997,40255,39500,38746,37984,37217,36445,35673,34891,34029,33277,33036,32840,32361,31554,30745,29938,29127,28306,27503,26696
47110,46390,45675,44945,44226,43488,42757,42013,41272,40524,39783,39026,38260,37497,36730,35957,35182,34315,33569,33333,33131,32654,31849,31044,30232,29425,28612,27803,26995
47370,46653,45937,45210,44492,43754,43024,42281,41542,40794,40054,39301,38539,37779,37014,36242,35470,34600,33855,33623,33422,32941,32148,31341,30537,29719,28917,28099,27289
47625,46913,46195,45470,44751,44016,43291,42550,41810,41064,40321,39573,38815,38055,37300,36527,35756,34895,34151,33909,33715,33233,32449,31638,30837,30018,29212,28401,27595
47877,47166,46453,45728,45011,44276,43555,42821,42079,41338,40592,39846,39091,38330,37573,36805,36035,35182,34439,34202,34005,33529,32738,31941,31128,30320,29508,28697,27887
48134,47423,46711,45992,45270,44539,43816,43083,42348,41608,40862,40118,39368,38610,37849,37089,36314,35469,34727,34492,34294,33819,33027,32237,31430,30624,29811,28999,28181
48389,47674,46974,46250,45533,44801,44079,43348,42611,41883,41134,40389,39643,38890,38126,37372,36595,35752,35013,34775,34581,34109,33325,32530,31732,30923,30111,29295,28487
48650,47931,47231,46508,45792,45064,44345,43619,42878,42153,41410,40661,39916,39168,38405,37651,36877,36035,35292,35062,34868,34398,33615,32823,32025,31219,30410,29596,28787
48907,48192,47488,46765,46050,45329,44607,43883,43145,42416,41682,40937,40187,39437,38685,37929,37159,36319,35574,35349,35155,34691,33905,33119,32323,31518,30709,29897,29084
49158,48448,47740,47022,46308,45589,44866,44141,43412,42683,41947,41209,40457,39706,38959,38207,37442,36597,35860,35630,35436,34978,34195,33411,32618,31819,31006,30203,29387
49408,48704,47995,47278,46566,45847,45126,44399,43673,42950,42213,41473,40728,39977,39236,38477,37723,36881,36145,35914,35722,35266,34478,33701,32910,32106,31311,30500,29692
49658,48956,48248,47535,46821,46105,45385,44663,43938,43211,42478,41741,40999,40253,39503,38754,37997,37164,36429,36199,36007,35546,34765,33987,33198,32396,31608,30793,29989
49907,49206,48499,47792,47075,46363,45644,44923,44204,43478,42740,42012,41268,40526,39775,39027,38272,37446,36707,36481,36292,35824,35052,34274,33487,32688,31902,31096,30289
50157,49456,48750,48046,47332,46621,45902,45186,44463,43734,43005,42277,41536,40796,40049,39300,38549,37722,36992,36760,36576,36104,35334,34561,33777,32980,32191,31392,30590
50411,49707,49006,48299,47589,46881,46161,45444,44729,43994,43268,42539,41799,41066,40323,39573,38825,37997,37275,37043,36853,36391,35618,34847,34063,33275,32483,31686,30890
50665,49961,49261,48553,47845,47134,46423,45703,44988,44258,43532,42804,42069,41334,40594,39850,39097,38272,37554,37321,37129,36673,35902,35129,34348,33572,32774,31986,31179
50918,50215,49511,48803,48106,47386,46680,45967,45242,44519,43798,43068,42341,41603,40863,40121,39370,38551,37831,37597,37407,36949,36187,35412,34635,33855,33071,32279,31474
51164,50469,49765,49058,48357,47648,46936,46219,45499,44782,44060,43331,42607,41872,41132,40391,39647,38823,38105,37878,37685,37231,36469,35696,34922,34144,33361,32571,31771
51411,50722,50015,49317,48608,47903,47193,46476,45762,45046,44323,43597,42869,42135,41401,40661,39918,39096,38378,38156,37960,37512,36745,35974,35204,34432,33651,32857,32074
51661,50970,50267,49569,48861,48159,47450,46733,46025,45306,44585,43858,43135,42397,41670,40930,40189,39368,38657,38428,38233,37787,37026,36258,35494,34719,33941,33147,32366
51913,51216,50520,49816,49116,48414,47702,46990,46284,45564,44844,44115,43396,42658,41934,41199,40458,39642,38930,38698,38511,38061,37302,36535,35774,35006,34222,33437,32655
52165,51464,50772,50064,49368,48666,47956,47247,46538,45822,45103,44377,43658,42925,42196,41468,40722,39913,39203,38970,38785,38337,37583,36814,36056,35285,34506,33727,32943
52408,51712,51020,50318,49618,48916,48212,47500,46790,46080,45361,44641,43922,43197,42462,41737,40987,40178,39472,39246,39057,38612,37859,37096,36334,35566,34793,34015,33233
52651,51955,51263,50570,49868,49166,48467,47753,47041,46338,45619,44902,44182,43463,42730,42002,41256,40451,39740,39519,39330,38885,38137,37373,36617,35850,35074,34302,33523
52896,52201,51511,50813,50122,49416,48721,48009,47294,46594,45877,45157,44441,43724,42992,42264,41526,40722,40011,39790,39602,39158,38409,37648,36892,36130,35353,34589,33808
53143,52451,51759,51062,50375,49666,48970,48264,47551,46851,46135,45416,44700,43978,43253,42528,41798,40985,40278,40060,39873,39430,38682,37927,37163,36407,35638,34877,34089
53390,52701,52006,51310,50619,49919,49215,48519,47806,47107,46391,45674,44965,44242,43512,42792,42064,41253,40546,40331,40143,39701,38955,38207,37441,36688,35919,35158,34376
53636,52948,52255,51558,50867,50173,49464,48769,48062,47358,46648,45932,45223,44506,43776,43056,42326,41522,40815,40595,40414,39972,39227,38479,37722,36969,36200,35435,34663
53882,53195,52507,51808,51115,50419,49717,49023,48312,47609,46905,46188,45475,44766,44037,43320,42588,41785,41084,40864,40685,40236,39499,38752,37997,37246,36483,35718,34947
54128,53442,52754,52059,51363,50665,49974,49273,48566,47860,47156,46445,45732,45021,44297,43577,42849,42047,41348,41133,40949,40506,39769,39022,38269,37525,36759,35997,35229
54374,53688,52996,52306,51612,50914,50225,49522,48821,48110,47412,46702,45990,45273,44555,43834,43109,42309,41615,41401,41212,40775,40035,39292,38549,37796,37034,36279,35514
54620,53934,53238,52553,51864,51163,50470,49774,49075,48364,47664,46954,46244,45529,44817,44093,43370,42570,41883,41664,41478,41043,40304,39567,38820,38071,37315,36555,35792
54861,54180,53482,52800,52111,51416,50719,50024,49327,48619,47915,47208,46499,45786,45075,44352,43634,42837,42150,41926,41746,41307,40569,39837,39087,38346,37590,36830,36075
55102,54426,53729,53044,52358,51668,50967,50269,49576,48873,48167,47467,46756,46046,45329,44612,43895,43103,42417,42188,42013,41574,40832,40104,39358,38613,37863,37111,36351
55346,54667,53975,53288,52605,51916,51215,50518,49825,49127,48422,47724,47012,46304,45585,44875,44159,43363,42680,42449,42276,41836,41095,40368,39624,38884,38140,37386,36627
55591,54908,54221,53534,52850,52158,51463,50771,50074,49381,48676,47973,47267,46556,45846,45133,44418,43627,42936,42716,42537,42100,41363,40632,39896,39150,38411,37661,36902
55836,55149,54467,53775,53092,52397,51708,51020,50323,49630,48925,48220,47523,46809,46103,45390,44671,43888,43195,42981,42798,42365,41631,40899,40167,39422,38681,37933,37176
56081,55391,54712,54020,53334,52641,51952,51265,50571,49879,49179,48474,47778,47065,46360,45642,44929,44143,43454,43241,43059,42627,41898,41168,40434,39692,38949,38206,37451
56325,55636,54956,54269,53580,52887,52199,51510,50819,50123,49428,48729,48028,47320,46616,45900,45187,44400,43718,43507,43319,42892,42159,41436,40700,39958,39220,38478,37723
56567,55881,55196,54517,53826,53138,52446,51757,51065,50373,49677,48983,48278,47570,46867,46157,45445,44659,43979,43766,43581,43150,42426,41703,40966,40232,39491,38751,38003
56808,56123,55441,54762,54070,53385,52692,52004,51309,50624,49926,49233,48528,47825,47118,46414,45698,44917,44235,44019,43844,43405,42687,41966,41231,40500,39761,39019,38275
57052,56363,55687,54998,54312,53631,52942,52251,51557,50870,50175,49482,48777,48076,47373,46666,45954,45172,44491,44278,44101,43666,42947,42223,41493,40764,40025,39288,38548
57292,56603,55930,55239,54558,53876,53188,52494,51809,51114,50423,49729,49029,48326,47628,46917,46211,45426,44749,44542,44356,43925,43207,42487,41758,41033,40289,39559,38818
57532,56848,56170,55484,54803,54117,53430,52739,52057,51361,50671,49974,49281,48578,47881,47170,46464,45684,45007,44801,44614,44185,43472,42752,42022,41299,40558,39824,39086
57772,57092,56410,55732,55045,54363,53673,52986,52304,51609,50919,50222,49530,48831,48131,47426,46718,45940,45265,45059,44872,44443,43732,43010,42283,41559,40826,40088,39356
58011,57335,56653,55976,55288,54609,53918,53232,52548,51856,51167,50475,49779,49080,48382,47679,46974,46196,45523,45313,45130,44701,43986,43264,42543,41817,41089,40356,39623
58254,57578,56895,56217,55532,54852,54163,53478,52791,52103,51414,50724,50022,49328,48636,47929,47228,46448,45779,45565,45388,44959,44239,43522,42807,42081,41352,40625,39891
58495,57818,57135,56454,55773,55092,54406,53720,53037,52349,51661,50968,50266,49577,48884,48179,47478,46704,46035,45817,45644,45212,44497,43781,43069,42346,41618,40888,40157
58735,58058,57375,56693,56017,55333,54647,53961,53279,52591,51908,51211,50515,49826,49133,48428,47728,46954,46287,46071,45901,45467,44755,44040,43329,42610,41879,41150,40423
58979,58299,57618,56937,56259,55577,54889,54204,53523,52837,52155,51455,50767,50072,49382,48682,47978,47209,46538,46326,46153,45724,45015,44301,43588,42869,42139,41417,40692
59221,58542,57862,57180,56498,55822,55133,54449,53767,53083,52397,51703,51017,50318,49631,48932,48231,47464,46789,46577,46408,45978,45272,44560,43847,43125,42400,41684,40956
59461,58785,58104,57424,56738,56065,55381,54694,54009,53329,52639,51949,51260,50565,49878,49181,48486,47717,47040,46827,46661,46231,45524,44814,44105,43384,42661,41946,41214
59700,59027,58343,57668,56978,56305,55626,54936,54255,53574,52881,52199,51503,50813,50121,49428,48737,47967,47290,47082,46909,46486,45776,45070,44358,43643,42922,42206,41474
59938,59268,58582,57910,57220,56545,55866,55179,54500,53815,53125,52445,51749,51060,50364,49673,48986,48215,47543,47338,47156,46737,46028,45322,44611,43896,43181,42467,41735
60177,59507,58823,58150,57463,56784,56102,55422,54742,54056,53375,52687,51996,51307,50612,49921,49235,48460,47798,47589,47408,46988,46284,45575,44868,44150,43440,42723,42000
60417,59745,59065,58389,57707,57026,56344,55662,54982,54297,53620,52929,52243,51551,50864,50169,49483,48709,48051,47835,47662,47244,46535,45832,45120,44408,43698,42981,42259
60659,59987,59303,58629,57946,57269,56588,55906,55223,54540,53862,53170,52489,51795,51112,50417,49727,48958,48300,48082,47911,47494,46786,46088,45372,44666,43956,43240,42518
60901,60229,59542,58872,58185,57513,56831,56151,55468,54784,54104,53416,52735,52042,51357,50665,49970,49207,48548,48332,48165,47743,47041,46340,45629,44928,44214,43500,42778
61143,60471,59783,59110,58425,57753,57070,56393,55712,55029,54345,53661,52976,52288,51600,50912,50216,49452,48797,48582,48411,47996,47292,46586,45885,45185,44472,43755,43037
61386,60709,60025,59348,58668,57992,57310,56633,55956,55270,54585,53906,53221,52534,51847,51159,50464,49698,49042,48836,48660,48245,47545,46835,46141,45439,44726,44011,43296
61630,60949,60267,59589,58907,58231,57552,56877,56200,55510,54826,54151,53467,52780,52089,51406,50710,49946,49289,49084,48909,48489,47799,47088,46397,45687,44982,44269,43553
61864,61190,60506,59831,59147,58474,57794,57117,56440,55752,55069,54392,53712,53026,52331,51653,50954,50194,49538,49336,49158,48736,48050,47343,46647,45939,45236,44527,43808
62100,61428,60747,60069,59390,58717,58037,57356,56683,55996,55313,54632,53957,53270,52573,51895,51201,50441,49786,49583,49411,48989,48295,47597,46895,46194,45490,44783,44066
62339,61665,60992,60309,59637,58958,58277,57595,56924,56236,55557,54875,54198,53507,52816,52137,51448,50692,50033,49826,49658,49242,48540,47850,47145,46446,45744,45034,44322
62580,61904,61234,60551,59873,59196,58516,57834,57163,56478,55797,55119,54438,53748,53062,52379,51694,50941,50281,50071,49906,49491,48793,48094,47395,46693,45995,45287,44576
62824,62145,61475,60793,60109,59435,58755,58076,57402,56720,56040,55363,54679,53992,53307,52621,51940,51188,50525,50319,50154,49739,49042,48339,47649,46944,46246,45543,44833
63067,62386,61715,61031,60348,59676,58998,58319,57641,56959,56282,55603,54919,54235,53552,52867,52185,51434,50771,50571,50399,49984,49287,48591,47894,47198,46497,45794,45084
63307,62630,61952,61271,60594,59916,59240,58561,57882,57198,56522,55846,55160,54476,53797,53112,52427,51676,51018,50818,50642,50228,49530,48844,48143,47453,46743,46045,45340
63548,62873,62193,61512,60836,60154,59482,58800,58125,57441,56765,56087,55403,54720,54041,53358,52672,51918,51264,51062,50884,50476,49775,49092,48389,47700,46996,46296,45597
63791,63114,62432,61754,61077,60396,59724,59038,58368,57682,57005,56323,55646,54965,54282,53601,52915,52159,51510,51306,51131,50723,50023,49336,48635,47944,47250,46547,45849
64035,63354,62670,61995,61319,60635,59966,59278,58607,57921,57246,56562,55886,55209,54522,53842,53156,52403,51757,51552,51378,50966,50275,49580,48885,48191,47502,46800,46099
64279,63595,62910,62235,61560,60874,60204,59520,58845,58164,57489,56807,56130,55452,54763,54087,53398,52648,51996,51794,51622,51211,50522,49827,49138,48440,47750,47054,46353
64520,63836,63151,62476,61799,61115,60442,59762,59084,58403,57727,57053,56369,55692,55004,54329,53638,52889,52236,52040,51866,51456,50769,50079,49385,48688,47994,47305,46605
64760,64076,63392,62717,62036,61356,60680,60003,59326,58642,57969,57296,56611,55935,55248,54569,53883,53130,52479,52282,52111,51699,51016,50324,49629,48936,48238,47549,46855
65000,64317,63637,62957,62273,61599,60921,60245,59568,58880,58212,57530,56853,56176,55497,54809,54127,53374,52730,52523,52352,51945,51262,50567,49875,49184,48487,47794,47104
65240,64557,63881,63198,62513,61844,61163,60486,59808,59122,58454,57768,57092,56415,55738,55049,54372,53617,52975,52765,52593,52186,51504,50811,50123,49432,48735,48043,47349
65480,64796,64123,63438,62754,62085,61405,60727,60046,59364,58693,58009,57331,56654,55976,55293,54616,53858,53220,53006,52834,52427,51750,51057,50368,49677,48987,48292,47599
65720,65039,64363,63679,62994,62325,61650,60969,60284,59606,58931,58256,57571,56898,56212,55534,54856,54103,53463,53246,53078,52669,51992,51303,50610,49922,49237,48540,47848
65963,65283,64603,63921,63238,62565,61891,61210,60524,59847,59170,58498,57814,57135,56451,55775,55099,54347,53704,53490,53322,52911,52234,51546,50852,50169,49483,48788,48097
66208,65526,64845,64164,63482,62802,62132,61447,60765,60089,59412,58735,58057,57371,56693,56018,55341,54589,53944,53735,53562,53156,52475,51788,51098,50416,49727,49036,48345
66454,65769,65088,64407,63726,63044,62372,61687,61006,60330,59654,58970,58296,57610,56937,56257,55581,54830,54185,53980,53806,53401,52716,52031,51345,50663,49974,49284,48593
66697,66011,65332,64649,63966,63288,62613,61928,61247,60571,59893,59209,58534,57857,57179,56499,55821,55074,54425,54224,54051,53646,52957,52276,51591,50906,50221,49532,48840
66943,66250,65575,64889,64206,63532,62851,62169,61490,60813,60131,59450,58772,58100,57417,56743,56063,55314,54666,54464,54295,53888,53200,52522,51836,51150,50468,49775,49083
67189,66493,65818,65129,64447,63772,63088,62409,61734,61051,60368,59693,59014,58342,57659,56985,56306,55554,54910,54707,54539,54128,53446,52760,52077,51396,50712,50018,49331
67432,66736,66057,65373,64690,64012,63329,62650,61975,61289,60609,59938,59253,58584,57900,57228,56548,55795,55154,54950,54779,54373,53690,52999,52319,51642,50954,50263,49579
67672,66979,66299,65620,64934,64253,63571,62889,62216,61531,60852,60180,59492,58823,58138,57468,56787,56037,55395,55189,55019,54614,53931,53242,52559,51884,51196,50510,49824
67914,67226,66542,65862,65178,64496,63815,63134,62456,61771,61096,60418,59734,59060,58380,57707,57026,56280,55634,55429,55259,54854,54170,53491,52802,52125,51438,50760,50066
68161,67473,66784,66105,65425,64739,64058,63375,62696,62012,61337,60657,59976,59299,58619,57945,57267,56520,55873,55669,55498,55093,54410,53736,53047,52368,51683,50997,50309
68408,67720,67031,66348,65668,64982,64298,63615,62939,62252,61578,60902,60215,59541,58858,58187,57509,56759,56116,55909,55737,55333,54651,53977,53296,52612,51928,51239,50551
68653,67966,67278,66590,65911,65221,64539,63855,63182,62492,61818,61143,60452,59779,59100,58429,57751,56999,56359,56153,55980,55572,54895,54217,53542,52853,52172,51480,50796
68896,68210,67525,66833,66154,65461,64783,64095,63422,62735,62059,61384,60693,60017,59345,58670,57990,57245,56601,56395,56221,55813,55138,54457,53782,53093,52414,51723,51042
69143,68453,67772,67077,66396,65703,65026,64335,63662,62979,62303,61625,60937,60259,59588,58908,58228,57489,56839,56635,56460,56057,55382,54696,54018,53337,52650,51969,51286
69390,68696,68016,67324,66637,65953,65267,64578,63903,63222,62545,61865,61180,60499,59830,59145,58467,57728,57077,56874,56703,56300,55624,54936,54253,53582,52892,52214,51528
69637,68942,68259,67571,66877,66200,65507,64821,64147,63466,62785,62108,61421,60742,60071,59385,58708,57962,57318,57112,56945,56539,55863,55178,54496,53826,53139,52456,51774
69884,69189,68502,67818,67120,66444,65750,65065,64386,63709,63025,62351,61662,60987,60309,59626,58949,58200,57561,57355,57186,56777,56102,55420,54740,54065,53387,52696,52020
70130,69436,68744,68065,67366,66683,65992,65312,64627,63953,63265,62591,61904,61227,60546,59867,59191,58441,57803,57597,57425,57016,56341,55660,54983,54308,53632,52938,52262
70377,69683,68987,68312,67612,66926,66236,65556,64871,64193,63505,62831,62148,61468,60783,60108,59432,58683,58045,57838,57662,57259,56581,55902,55227,54550,53872,53183,52502
70624,69930,69230,68558,67855,67170,66483,65798,65118,64432,63749,63071,62388,61710,61027,60349,59673,58928,58285,58076,57903,57501,56823,56144,55466,54789,54112,53427,52743
70871,70176,69473,68805,68098,67413,66730,66041,65362,64671,63989,63311,62630,61954,61271,60589,59913,59167,58522,58316,58146,57741,57065,56387,55708,55033,54350,53669,52988
71118,70423,69715,69052,68340,67657,66976,66284,65604,64914,64229,63554,62873,62194,61515,60830,60150,59406,58760,58560,58392,57979,57307,56625,55950,55273,54586,53910,53229
71365,70670,69958,69299,68583,67900,67223,66527,65847,65158,64472,63796,63117,62434,61756,61071,60387,59647,58997,58805,58633,58221,57549,56863,56193,55512,54824,54153,53471
71612,70917,70201,69546,68826,68143,67470,66769,66090,65401,64718,64035,63360,62674,61993,61311,60629,59888,59236,59042,58872,58460,57791,57103,56432,55751,55066,54397,53715
71859,71164,70444,69793,69069,68387,67717,67012,66332,65645,64965,64274,63602,62914,62232,61555,60873,60131,59477,59282,59110,58699,58030,57345,56670,55990,55309,54637,53955
72106,71411,70686,70040,69311,68630,67964,67255,66575,65888,65212,64514,63842,63154,62475,61797,61117,60374,59718,59523,59351,58940,58267,57587,56909,56229,55552,54876,54194
72353,71658,70929,70287,69554,68874,68211,67497,66818,66132,65459,64753,64081,63394,62719,62038,61361,60611,59961,59764,59593,59184,58505,57829,57151,56467,55795,55115,54434
72600,71905,71172,70534,69797,69117,68458,67740,67061,66375,65706,64992,64320,63637,62962,62281,61604,60850,60205,60002,59833,59425,58747,58070,57393,56705,56035,55354,54673
72847,72152,71414,70781,70039,69361,68705,67983,67303,66619,65953,65232,64560,63880,63205,62524,61844,61092,60446,60243,60070,59662,58985,58312,57633,56947,56274,55593,54912
73093,72399,71657,71028,70282,69604,68952,68226,67546,66862,66200,65471,64799,64124,63449,62768,62084,61336,60686,60486,60310,59904,59224,58553,57871,57190,56512,55834,55154
73340,72646,71900,71275,70525,69847,69199,68468,67789,67105,66446,65710,65038,64367,63692,63011,62324,61577,60927,60726,60552,60147,59469,58794,58109,57431,56754,56076,55397
73587,72893,72143,71521,70768,70091,69446,68711,68032,67349,66693,65950,65278,64611,63936,63255,62563,61817,61168,60966,60796,60390,59710,59035,58349,57673,56996,56322,55640
73834,73140,72385,71768,71010,70334,69693,68954,68274,67592,66940,66189,65517,64854,64179,63498,62803,62056,61408,61206,61040,60630,59951,59272,58590,57914,57237,56563,55883
74081,73386,72628,72015,71253,70578,69939,69197,68517,67836,67187,66428,65756,65098,64423,63742,63043,62296,61649,61446,61284,60870,60192,59509,58832,58155,57475,56800,56122
74328,73633,72871,72262,71496,70821,70186,69439,68760,68079,67434,66667,65995,65341,64666,63985,63283,62536,61890,61686,61528,61110,60432,59746,59072,58397,57713,57034,56360
74575,73880,73114,72509,71739,71065,70433,69682,69003,68323,67681,66907,66235,65585,64910,64228,63523,62776,62130,61926,61773,61350,60673,59983,59313,58638,57952,57279,56598
74822,74127,73356,72756,71981,71308,70680,69925,69245,68566,67928,67146,66474,65828,65153,64472,63763,63016,62371,62166,62017,61590,60914,60221,59554,58879,58193,57522,56840
75069,74374,73599,73003,72224,71552,70927,70168,69488,68809,68175,67385,66713,66071,65396,64715,64003,63256,62612,62406,62261,61830,61154,60458,59794,59121,58434,57764,57079
75316,74621,73842,73250,72467,71795,71174,70410,69731,69053,68422,67625,66953,66315,65640,64959,64243,63496,62852,62646,62505,62070,61395,60695,60035,59362,58676,58005,57318
75563,74868,74084,73497,72709,72038,71421,70653,69973,69296,68669,67864,67192,66558,65883,65202,64483,63736,63093,62886,62749,62310,61635,60932,60276,59603,58917,58246,57560
75810,75115,74326,73744,72951,72281,71668,70896,70215,69539,68916,68103,67431,66801,66126,65445,64723,63976,63334,63126,62993,62550,61875,61169,60517,59844,59158,58487,57802
76057,75362,74568,73991,73193,72524,71915,71139,70457,69782,69163,68342,67670,67044,66369,65688,64963,64216,63575,63366,63237,62790,62115,61406,60758,60085,59399,58728,58044
76304,75609,74810,74238,73435,72767,72162,71382,70699,70025,69410,68581,67909,67287,66612,65931,65203,64456,63816,63606,63481,63030,62355,61643,60999,60326,59640,58969,58286
76551,75856,75052,74485,73677,73010,72409,71625,70941,70268,69657,68820,68148,67530,66855,66174,65443,64696,64057,63846,63725,63270,62595,61880,61240,60567,59881,59210,58528
76798,76103,75294,74732,73919,73253,72656,71868,71183,70511,69904,69059,68387,67773,67098,66417,65683,64936,64298,64086,63969,63510,62835,62117,61481,60808,60122,59451,58770
77045,76350,75536,74979,74161,73496,72903,72111,71425,70754,70151,69298,68626,68016,67341,66660,65923,65176,64539,64326,64213,63750,63075,62354,61722,61049,60363,59692,59012
77292,76597,75778,75226,74403,73739,73150,72354,71667,70997,70398,69537,68865,68259,67584,66903,66163,65416,64780,64566,64457,63990,63315,62591,61963,61290,60604,59933,59254
77539,76844,76020,75473,74645,73982,73397,72597,71909,71240,70645,69776,69104,68502,67827,67146,66403,65656,65021,64806,64701,64230,63555,62828,62204,61531,60845,60174,59496
77786,77091,76262,75720,74887,74225,73644,72840,72151,71483,70892,70015,69343,68745,68070,67389,66643,65896,65262,65046,64945,64470,63795,63065,62445,61772,61086,60415,59738
78033,77338,76504,75967,75129,74468,73891,73083,72393,71726,71139,70254,69582,68988,68313,67632,66883,66136,65503,65286,65189,64710,64035,63302,62686,62013,61327,60656,59980
78280,77585,76746,76214,75371,74711,74138,73326,72635,71969,71386,70493,69821,69231,68556,67875,67123,66376,65744,65526,65433,64950,64275,63539,62927,62254,61568,60897,60222
78527,77832,76988,76461,75613,74954,74385,73569,72877,72212,71633,70732,70060,69474,68799,68118,67363,66616,65985,65766,65677,65190,64515,63776,63168,62495,61809,61138,60464
78774,78079,77230,76708,75855,75197,74632,73812,73119,72455,71880,70971,70299,69717,69042,68361,67603,66856,66226,66006,65921,65430,64755,64013,63409,62736,62050,61379,60706
79021,78326,77472,76955,76097,75440,74879,74055,73361,72698,72127,71210,70538,69960,69285,68604,67843,67096,66467,66246,66165,65670,64995,64250,63650,62977,62291,61620,60948
79268,78573,77714,77202,76339,75683,75126,74298,73603,72941,72374,71449,70777,70203,69528,68847,68083,67336,66708,66486,66409,65910,65235,64487,63891,63218,62532,61861,61190
79515,78820,77956,77449,76581,75926,75373,74541,73845,73184,72621,71688,71016,70446,69771,69090,68323,67576,66949,66726,66653,66150,65475,64724,64132,63459,62773,62102,61432
79762,79067,78198,77696,76823,76169,75620,74784,74087,73427,72868,71927,71255,70689,70014,69333,68563,67816,67190,66966,66897,66390,65715,64961,64373,63700,63014,62343,61674
80009,79314,78440,77943,77065,76412,75867,75027,74329,73670,73115,72166,71494,70932,70257,69576,68803,68056,67431,67206,67141,66630,65955,65198,64614,63941,63255,62584,61916
80256,79561,78682,78190,77307,76655,76114,75270,74571,73913,73362,72405,71733,71175,70500,69819,69043,68296,67672,67446,67385,66870,66195,65435,64855,64182,63496,62825,62158
80503,79808,78924,78437,77549,76898,76361,75513,74813,74156,73609,72644,71972,71418,70743,70062,69283,68536,67913,67686,67629,67110,66435,65672,65096,64423,63737,63066,62400
80750,80055,79166,78684,77791,77141,76608,75756,75055,74399,73856,72883,72211,71661,70986,70305,69523,68776,68154,67926,67873,67350,66675,65909,65337,64664,63978,63307,62642
80997,80302,79408,78931,78033,77384,76855,75999,75297,74642,74103,73122,72450,71904,71229,70548,69763,69016,68395,68166,68117,67590,66915,66146,65578,64905,64219,63548,62884
81244,80549,79650,79178,78275,77627,77102,76242,75539,74885,74350,73361,72689,72147,71472,70791,70003,69256,68636,68406,68361,67830,67155,66383,65819,65146,64460,63789,63126
81491,80796,79892,79425,78517,77870,77349,76485,75781,75128,74597,73600,72928,72390,71715,71034,70243,69496,68877,68646,68605,68070,67395,66620,66060,65387,64701,64030,63368
81738,81043,80134,79672,78759,78113,77596,76728,76023,75371,74844,73839,73167,72633,71958,71277,70483,69736,69118,68886,68849,68310,67635,66857,66301,65628,64942,64271,63610
81985,81290,80376,79919,79001,78356,77843,76971,76265,75614,75091,74078,73406,72876,72201,71520,70723,69976,69359,69126,69093,68550,67875,67094,66542,65869,65183,64512,63852
82232,81537,80618,80166,79243,78599,78090,77214,76507,75857,75338,74317,73645,73119,72444,71763,70963,70216,69600,69366,69337,68790,68115,67331,66783,66110,65424,64753,64094
82479,81784,80860,80413,79485,78842,78337,77457,76749,76100,75585,74556,73884,73362,72687,72006,71203,70456,69841,69606,69581,69030,68355,67568,67024,66351,65665,64994,64336
82726,82031,81102,80660,79727,79085,78584,77700,76991,76343,75832,74795,74123,73605,72930,72249,71443,70696,70082,69846,69825,69270,68595,67805,67265,66592,65906,65235,64578
82973,82278,81344,80907,79969,79328,78831,77943,77233,76586,76079,75034,74362,73848,73173,72492,71683,70936,70323,70086,70069,69510,68835,68042,67506,66833,66147,65476,64820
83220,82525,81586,81154,80211,79571,79078,78186,77475,76829,76326,75273,74601,74091,73416,72735,71923,71176,70564,70326,70313,69750,69075,68279,67747,67074,66388,65717,65062
83467,82772,81828,81401,80453,79814,79325,78429,77717,77072,76573,75512,74840,74334,73659,72978,72163,71416,70805,70566,70557,69990,69315,68516,67988,67315,66629,65958,65304
83714,83019,82070,81648,80695,80057,79572,78672,77959,77315,76820,75751,75079,74577,73902,73221,72403,71656,71046,70806,70801,70230,69555,68753,68229,67556,66870,66199,65546
83961,83266,82312,81895,80937,80300,79819,78915,78201,77558,77067,75990,75318,74820,74145,73464,72643,71896,71287,71046,71045,70470,69795,68990,68470,67797,67111,66440,65788
84208,83513,82554,82142,81179,80543,80066,79158,78443,77801,77314,76229,75557,75063,74388,73707,72883,72136,71528,71286,71289,70710,70035,69227,68711,68038,67352,66681,66030
84455,83760,82796,82389,81421,80786,80313,79401,78685,78044,77561,76468,75796,75306,74631,73950,73123,72376,71769,71526,71533,70950,70275,69464,68952,68279,67593,66922,66272
84702,84007,83038,82636,81663,81029,80560,79644,78927,78287,77808,76707,76035,75549,74874,74193,73363,72616,72010,71766,71777,71190,70515,69701,69193,68520,67834,67163,66514
84949,84254,83280,82883,81905,81272,80807,79887,79169,78530,78055,76946,76274,75792,75117,74436,73603,72856,72251,72006,72021,71430,70755,69938,69434,68761,68075,67404,66756
85196,84501,83522,83130,82147,81515,81054,80130,79411,78773,78302,77185,76513,76035,75360,74679,73843,73096,72492,72246,72265,71670,70995,70175,69675,69002,68316,67645,66998
85443,84748,83764,83377,82389,81758,81301,80373,79653,79016,78549,77424,76752,76278,75603,74922,74083,73336,72733,72486,72509,71910,71235,70412,69916,69243,68557,67886,67240
85690,84995,84006,83624,82631,82001,81548,80616,79895,79259,78796,77663,76991,76521,75846,75165,74323,73576,72974,72726,72753,72150,71475,70649,70157,69484,68798,68127,67482
85937,85242,84248,83871,82873,82244,81795,80859,80137,79502,79043,77902,77230,76764,76089,75408,74563,73816,73215,72966,72997,72390,71715,70886,70398,69725,69039,68368,67724
86184,85489,84490,84118,83115,82487,82042,81102,80379,79745,79290,78141,77469,77007,76332,75651,74803,74056,73456,73206,73241,72630,71955,71123,70639,69966,69280,68609,67966
86431,85736,84732,84365,83357,82730,82289,81345,80621,79988,79537,78380,77708,77250,76575,75894,75043,74296,73697,73446,73485,72870,72195,71360,70880,70207,69521,68850,68208
86678,85983,84974,84612,83599,82973,82536,81588,80863,80231,79784,78619,77947,77493,76818,76137,75283,74536,73938,73686,73729,73110,72435,71597,71121,70448,69762,69091,68450
86925,86230,85216,84859,83841,83216,82783,81831,81105,80474,80031,78858,78186,77736,77061,76380,75523,74776,74179,73926,73973,73350,72675,71834,71362,70689,70003,69332,68692
87172,86477,85458,85106,84083,83459,83030,82074,81347,80717,80278,79097,78425,77979,77304,76623,75763,75016,74420,74166,74217,73590,72915,72071,71603,70930,70244,69573,68934
87419,86724,85700,85353,84325,83702,83277,82317,81589,80960,80525,79336,78664,78222,77547,76866,76003,75256,74661,74406,74461,73830,73155,72308,71844,71171,70485,69814,69176
87666,86971,85942,85600,84567,83945,83524,82560,81831,81203,80772,79575,78903,78465,77790,77109,76243,75496,74902,74646,74705,74070,73395,72545,72085,71412,70726,70055,69418
87913,87218,86184,85847,84809,84188,83771,82803,82073,81446,81019,79814,79142,78708,78033,77352,76483,75736,75143,74886,74949,74310,73635,72782,72326,71653,70967,70296,69660
88160,87465,86426,86094,85051,84431,84018,83046,82315,81689,81266,80053,79381,78951,78276,77595,76723,75976,75384,75126,75193,74550,73875,73019,72567,71894,71208,70537,69902
88407,87712,86668,86341,85293,84674,84265,83289,82557,81932,81513,80292,79620,79194,78519,77838,76963,76216,75625,75366,75437,74790,74115,73256,72808,72135,71449,70778,70144
88654,87959,86910,86588,85535,84917,84512,83532,82799,82175,81760,80531,79859,79437,78762,78081,77203,76456,75866,75606,75681,75030,74355,73493,73049,72376,71690,71019,70386
88901,88206,87152,86835,85777,85160,84759,83775,83041,82418,82007,80770,80098,79680,79005,78324,77443,76696,76107,75846,75925,75270,74595,73730,73290,72617,71931,71260,70628
89148,88453,87394,87082,86019,85403,85006,84018,83283,82661,82254,81009,80337,79923,79248,78567,77683,76936,76348,76086,76169,75510,74835,73967,73531,72858,72172,71501,70870
89395,88700,87636,87329,86261,85646,85253,84261,83525,82904,82501,81248,80576,80166,79491,78810,77923,77176,76589,76326,76413,75750,75075,74204,73772,73099,72413,71742,71112
89642,88947,87878,87576,86503,85889,85500,84504,83767,83147,82748,81487,80815,80409,79734,79053,78163,77416,76830,76566,76657,75990,75315,74441,74013,73340,72654,71983,71354
89889,89194,88120,87823,86745,86132,85747,84747,84009,83390,82995,81726,81054,80652,79977,79296,78403,77656,77071,76806,76901,76230,75555,74678,74254,73581,72895,72224,71596
90136,89441,88362,88070,86987,86375,85994,84990,84251,83633,83242,81965,81293,80895,80220,79539,78643,77896,77312,77046,77145,76470,75795,74915,74495,73822,73136,72465,71838
90383,89688,88604,88317,87229,86618,86241,85233,84493,83876,83489,82204,81532,81138,80463,79782,78883,78136,77553,77286,77389,76710,76035,75152,74736,74063,73377,72706,72080
90630,89935,88846,88564,87471,86861,86488,85476,84735,84119,83736,82443,81771,81381,80706,80025,79123,78376,77794,77526,77633,76950,76275,75389,74977,74304,73618,72947,72322
90877,90182,89088,88811,87713,87104,86735,85719,84977,84362,83983,82682,82010,81624,80949,80268,79363,78616,78035,77766,77877,77190,76515,75626,75218,74545,73859,73188,72564
91124,90429,89330,89058,87955,87347,86982,85962,85219,84605,84230,82921,82249,81867,81192,80511,79603,78856,78276,78006,78121,77430,76755,75863,75459,74786,74100,73429,72806
91371,90676,89572,89305,88197,87590,87229,86205,85461,84848,84477,83160,82488,82110,81435,80754,79843,79096,78517,78246,78365,77670,76995,76100,75700,75027,74341,73670,73048
91618,90923,89814,89552,88439,87833,87476,86448,85703,85091,84724,83399,82727,82353,81678,80997,80083,79336,78758,78486,78609,77910,77235,76337,75941,75268,74582,73911,73290
91865,91170,90056,89799,88681,88076,87723,86691,85945,85334,84971,83638,82966,82596,81921,81240,80323,79576,78999,78726,78853,78150,77475,76574,76182,75509,74823,74152,73532
92112,91417,90298,90046,88923,88319,87970,86934,86187,85577,85218,83877,83205,82839,82164,81483,80563,79816,79240,78966,79097,78390,77715,76811,76423,75750,75064,74393,73774
92359,91664,90540,90293,89165,88562,88217,87177,86429,85820,85465,84116,83444,83082,82407,81726,80803,80056,79481,79206,79341,78630,77955,77048,76664,75991,75305,74634,74016
92606,91911,90782,90540,89407,88805,88464,87420,86671,86063,85712,84355,83683,83325,82650,81969,81043,80296,79722,79446,79585,78870,78195,77285,76905,76232,75546,74875,74258
92853,92158,91024,90787,89649,89048,88711,87663,86913,86306,85959,84594,83922,83568,82893,82212,81283,80536,79963,79686,79829,79110,78435,77522,77146,76473,75787,75116,74500
93100,92405,91266,91034,89891,89291,88958,87906,87155,86549,86206,84833,84161,83811,83136,82455,81523,80776,80204,79926,80073,79350,78675,77759,77387,76714,76028,75357,74742
93347,92652,91508,91281,90133,89534,89205,88149,87397,86792,86453,85072,84400,84054,83379,82698,81763,81016,80445,80166,80317,79590,78915,77996,77628,76955,76269,75598,74984
93594,92899,91750,91528,90375,89777,89452,88392,87639,87035,86700,85311,84639,84297,83622,82941,82003,81256,80686,80406,80561,79830,79155,78233,77869,77196,76510,75839,75226
93841,93146,91992,91775,90617,90020,89699,88635,87881,87278,86947,85550,84878,84540,83865,83184,82243,81496,80927,80646,80805,80070,79395,78470,78110,77437,76751,76080,75468
94088,93393,92234,92022,90859,90263,89946,88878,88123,87521,87194,85789,85117,84783,84108,83427,82483,81736,81168,80886,81049,80310,79635,78707,78351,77678,76992,76321,75710
94335,93640,92476,92269,91101,90506,90193,89121,88365,87764,87441,86028,85356,85026,84351,83670,82723,81976,81409,81126,81293,80550,79875,78944,78592,77919,77233,76562,75952
94582,93887,92718,92516,91343,90749,90440,89364,88607,88007,87688,86267,85595,85269,84594,83913,82963,82216,81650,81366,81537,80790,80115,79181,78833,78160,77474,76803,76194
94829,94134,92960,92763,91585,90992,90687,89607,88849,88250,87935,86506,85834,85512,84837,84156,83203,82456,81891,81606,81781,81030,80355,79418,79074,78401,77715,77044,76436
95076,94381,93202,93010,91827,91235,90934,89850,89091,88493,88182,86745,86073,85755,85080,84399,83443,82696,82132,81846,82025,81270,80595,79655,79315,78642,77956,77285,76678
95323,94628,93444,93257,92069,91478,91181,90093,89333,88736,88429,86984,86312,85998,85323,84642,83683,82936,82373,82086,82269,81510,80835,79892,79556,78883,78197,77526,76920
95570,94875,93686,93504,92311,91721,91428,90336,89575,88979,88676,87223,86551,86241,85566,84885,83923,83176,82614,82326,82513,81750,81075,80129,79797,79124,78438,77767,77162
95817,95122,93928,93751,92553,91964,91675,90579,89817,89222,88923,87462,86790,86484,85809,85128,84163,83416,82855,82566,82757,81990,81315,80366,80038,79365,78679,78008,77404
96064,95369,94170,93998,92795,92207,91922,90822,90059,89465,89170,87701,87029,86727,86052,85371,84403,83656,83096,82806,83001,82230,81555,80603,80279,79606,78920,78249,77646
96311,95616,94412,94245,93037,92450,92169,91065,90301,89708,89417,87940,87268,86970,86295,85614,84643,83896,83337,83046,83245,82470,81795,80840,80520,79847,79161,78490,77888
96558,95863,94654,94492,93279,92693,92416,91308,90543,89951,89664,88179,87507,87213,86538,85857,84883,84136,83578,83286,83489,82710,82035,81077,80761,80088,79402,78731,78130
96805,96110,94896,94739,93521,92936,92663,91551,90785,90194,89911,88418,87746,87456,86781,86100,85123,84376,83819,83526,83733,82950,82275,81314,81002,80329,79643,78972,78372
97052,96357,95138,94986,93763,93179,92910,91794,91027,90437,90158,88657,87985,87699,87024,86343,85363,84616,84060,83766,83977,83190,82515,81551,81243,80570,79884,79213,78614
97299,96604,95380,95233,94005,93422,93157,92037,91269,90680,90405,88896,88224,87942,87267,86586,85603,84856,84301,84006,84221,83430,82755,81788,81484,80811,80125,79454,78856
97546,96851,95622,95480,94247,93665,93404,92280,91511,90923,90652,89135,88463,88185,87510,86829,85843,85096,84542,84246,84465,83670,82995,82025,81725,81052,80366,79695,79098
97793,97098,95864,95727,94489,93908,93651,92523,91753,91166,90899,89374,88702,88428,87753,87072,86083,85336,84783,84486,84709,83910,83235,82262,81966,81293,80607,79936,79340
98040,97345,96106,95974,94731,94151,93898,92766,91995,91409,91146,89613,88941,88671,87996,87315,86323,85576,85024,84726,84953,84150,83475,82499,82207,81534,80848,80177,79582
98287,97592,96348,96221,94973,94394,94145,93009,92237,91652,91393,89852,89180,88914,88239,87558,86563,85816,85265,84966,85197,84390,83715,82736,82448,81775,81089,80418,79824
98534,97839,96590,96468,95215,94637,94392,93252,92479,91895,91640,90091,89419,89157,88482,87801,86803,86056,85506,85206,85441,84630,83955,82973,82689,82016,81330,80659,80066
98781,98086,96832,96715,95457,94880,94639,93495,92721,92138,91887,90330,89658,89400,88725,88044,87043,86296,85747,85446,85685,84870,84195,83210,82930,82257,81571,80900,80308
99028,98333,97074,96962,95699,95123,94886,93738,92963,92381,92134,90569,89897,89643,88968,88287,87283,86536,85988,85686,85929,85110,84435,83447,83171,82498,81812,81141,80550
99275,98580,97316,97209,95941,95366,95133,93981,93205,92624,92381,90808,90136,89886,89211,88530,87523,86776,86229,85926,86173,85350,84675,83684,83412,82739,82053,81382,80792
99522,98827,97558,97456,96183,95609,95380,94224,93447,92867,92628,91047,90375,90129,89454,88773,87763,87016,86470,86166,86417,85590,84915,83921,83653,82980,82294,81623,81034
99769,99074,97800,97703,96425,95852,95627,94467,93689,93110,92875,91286,90614,90372,89697,89016,88003,87256,86711,86406,86661,85830,85155,84158,83894,83221,82535,81864,81276
100016,99321,98042,97950,96667,96095,95874,94710,93931,93353,93122,91525,90853,90615,89940,89259,88243,87496,86952,86646,86905,86070,85395,84395,84135,83462,82776,82105,81518
100263,99568,98284,98197,96909,96338,96121,94953,94173,93596,93369,91764,91092,90858,90183,89502,88483,87736,87193,86886,87149,86310,85635,84632,84376,83703,83017,82346,81760
100510,99815,98526,98444,97151,96581,96368,95196,94415,93839,93616,92003,91331,91101,90426,89745,88723,87976,87434,87126,87393,86550,85875,84869,84617,83944,83258,82587,82002
100757,100062,98768,98691,97393,96824,96615,95439,94657,94082,93863,92242,91570,91344,90669,89988,88963,88216,87675,87366,87637,86790,86115,85106,84858,84185,83499,82828,82244
101004,100309,99010,98938,97635,97067,96862,95682,94899,94325,94110,92481,91809,91587,90912,90231,89203,88456,87916,87606,87881,87030,86355,85343,85099,84426,83740,83069,82486
101251,100556,99252,99185,97877,97310,97109,95925,95141,94568,94357,92720,92048,91830,91155,90474,89443,88696,88157,87846,88125,87270,86595,85580,85340,84667,83981,83310,82728
101498,100803,99494,99432,98119,97553,97356,96168,95383,94811,94604,92959,92287,92073,91398,90717,89683,88936,88398,88086,88369,87510,86835,85817,85581,84908,84222,83551,82970
101745,101050,99736,99679,98361,97796,97603,96411,95625,95054,94851,93198,92526,92316,91641,90960,89923,89176,88639,88326,88613,87750,87075,86054,85822,85149,84463,83792,83212
101992,101297,99978,99926,98603,98039,97850,96654,95867,95297,95098,93437,92765,92559,91884,91203,90163,89416,88880,88566,88857,87990,87315,86291,86063,85390,84704,84033,83454
102239,101544,100220,100173,98845,98282,98097,96897,96109,95540,95345,93676,93004,92802,92127,91446,90403,89656,89121,88806,89101,88230,87555,86528,86304,85631,84945,84274,83696
102486,101791,100462,100420,99087,98525,98344,97140,96351,95783,95592,93915,93243,93045,92370,91689,90643,89896,89362,89046,89345,88470,87795,86765,86545,85872,85186,84515,83938
102733,102038,100704,100667,99329,98768,98591,97383,96593,96026,95839,94154,93482,93288,92613,91932,90883,90136,89603,89286,89589,88710,88035,87002,86786,86113,85427,84756,84180
102980,102285,100946,100914,99571,99011,98838,97626,96835,96269,96086,94393,93721,93531,92856,92175,91123,90376,89844,89526,89833,88950,88275,87239,87027,86354,85668,84997,84422
103227,102532,101188,101161,99813,99254,99085,97869,97077,96512,96333,94632,93960,93774,93099,92418,91363,90616,90085,89766,90077,89190,88515,87476,87268,86595,85909,85238,84664
103474,102779,101430,101408,100055,99497,99332,98112,97319,96755,96580,94871,94199,94017,93342,92661,91603,90856,90326,90006,90321,89430,88755,87713,87509,86836,86150,85479,84906
103721,103026,101672,101655,100297,99740,99579,98355,97561,96998,96827,95110,94438,94260,93585,92904,91843,91096,90567,90246,90565,89670,88995,87950,87750,87077,86391,85720,85148
103968,103273,101914,101902,100539,99983,99826,98598,97803,97241,97074,95349,94677,94503,93828,93147,92083,91336,90808,90486,90809,89910,89235,88187,87991,87318,86632,85961,85390
104215,103520,102156,102149,100781,100226,100073,98841,98045,97484,97321,95588,94916,94746,94071,93390,92323,91576,91049,90726,91053,90150,89475,88424,88232,87559,86873,86202,85632
104462,103767,102398,102396,101023,100469,100320,99084,98287,97727,97568,95827,95155,94989,94314,93633,92563,91816,91290,90966,91297,90390,89715,88661,88473,87800,87114,86443,85874
104709,104014,102640,102643,101265,100712,100567,99327,98529,97970,97815,96066,95394,95232,94557,93876,92803,92056,91531,91206,91541,90630,89955,88898,88714,88041,87355,86684,86116
104956,104261,102882,102890,101507,100955,100814,99570,98771,98213,98062,96305,95633,95475,94800,94119,93043,92296,91772,91446,91785,90870,90195,89135,88955,88282,87596,86925,86358
105203,104508,103124,103137,101749,101198,101061,99813,99013,98456,98309,96544,95872,95718,95043,94362,93283,92536,92013,91686,92029,91110,90435,89372,89196,88523,87837,87166,86600
105450,104755,103366,103384,101991,101441,101308,100056,99255,98699,98556,96783,96111,95961,95286,94605,93523,92776,92254,91926,92273,91350,90675,89609,89437,88764,88078,87407,86842
105697,105002,103608,103631,102233,101684,101555,100299,99497,98942,98803,97022,96350,96204,95529,94848,93763,93016,92495,92166,92517,91590,90915,89846,89678,89005,88319,87648,87084
105944,105249,103850,103878,102475,101927,101802,100542,99739,99185,99050,97261,96589,96447,95772,95091,94003,93256,92736,92406,92761,91830,91155,90083,89919,89246,88560,87889,87326
106191,105496,104092,104125,102717,102170,102049,100785,99981,99428,99297,97500,96828,96690,96015,95334,94243,93496,92977,92646,93005,92070,91395,90320,90160,89487,88801,88130,87568
106438,105743,104334,104372,102959,102413,102296,101028,100223,99671,99544,97739,97067,96933,96258,95577,94483,93736,93218,92886,93249,92310,91635,90557,90401,89728,89042,88371,87810
106685,105990,104576,104619,103201,102656,102543,101271,100465,99914,99791,97978,97306,97176,96501,95820,94723,93976,93459,93126,93493,92550,91875,90794,90642,89969,89283,88612,88052
106932,106237,104818,104866,103443,102899,102790,101514,100707,100157,100038,98217,97545,97419,96744,96063,94963,94216,93700,93366,93737,92790,92115,91031,90883,90210,89524,88853,88294
107179,106484,105060,105113,103685,103142,103037,101757,100949,100400,100285,98456,97784,97662,96987,96306,95203,94456,93941,93606,93981,93030,92355,91268,91124,90451,89765,89094,88536
107426,106731,105302,105360,103927,103385,103284,102000,101191,100643,100532,98695,98023,97905,97230,96549,95443,94696,94182,93846,94225,93270,92595,91505,91365,90692,90006,89335,88778
107673,106978,105544,105607,104169,103628,103531,102243,101433,100886,100779,98934,98262,98148,97473,96792,95683,94936,94423,94086,94469,93510,92835,91742,91606,90933,90247,89576,89020
107920,107225,105786,105854,104411,103871,103778,102486,101675,101129,101026,99173,98501,98391,97716,97035,95923,95176,94664,94326,94713,93750,93075,91979,91847,91174,90488,89817,89262
108167,107472,106028,106101,104653,104114,104025,102729,101917,101372,101273,99412,98740,98634,97959,97278,96163,95416,94905,94566,94957,93990,93315,92216,92088,91415,90729,90058,89504
108414,107719,106270,106348,104895,104357,104272,102972,102159,101615,101520,99651,98979,98877,98202,97521,96403,95656,95146,94806,95201,94230,93555,92453,92329,91656,90970,90299,89746
108661,107966,106512,106595,105137,104600,104519,103215,102401,101858,101767,99890,99218,99120,98445,97764,96643,95896,95387,95046,95445,94470,93795,92690,92570,91897,91211,90540,89988
108908,108213,106754,106842,105379,104843,104766,103458,102643,102101,102014,100129,99457,99363,98688,98007,96883,96136,95628,95286,95689,94710,94035,92927,92811,92138,91452,90781,90230
