11630,11343,11038,10755,10449,10152,9863.5,9565.2,9282.6,8983.6,8690.6,8394.6,8115.9,7820.3,7530.2,7238.3,6949,6634,6357.6,6273.1,6191.4,5997.8,5710,5422.7,5146,4853.4,4572.6,4282.7,3987.3
11691,11398,11098,10810,10508,10211,9922.6,9624.2,9335.7,9041.9,8747.6,8452.3,8167.1,7876.7,7585.3,7293.4,7003.5,6688.5,6411.5,6326.9,6240.4,6051.1,5763.3,5475.4,5193.4,4900.8,4619.5,4329.1,4038.4
11751,11453,11159,10864,10568,10270,9981.6,9683.3,9388.7,9100.3,8804.6,8509.9,8218.3,7933,7640.4,7348.5,7057.9,6742.9,6465.3,6380.8,6289.4,6104.4,5816.6,5528.1,5240.8,4948.2,4666.5,4375.6,4089.4
11812,11509,11219,10918,10628,10329,10037,9742.4,9445,9158.6,8862,8567.6,8272.9,7989.4,7695.9,7403.6,7112.9,6797.4,6519.2,6431.5,6340.2,6157.7,5869.3,5580.8,5288.2,4997.2,4713.4,4425.5,4140.5
11874,11570,11279,10978,10688,10388,10090,9800.9,9503.3,9213.2,8919.6,8624.9,8329.9,8042.5,7751.6,7459.1,7168,6848.1,6573.1,6480.5,6394.1,6211.4,5922,5629.2,5336.2,5049.3,4762.5,4477.1,4191.5
11940,11630,11339,11038,10742,10447,10147,9859.3,9561.7,9265.7,8977.3,8681.9,8386.4,8093.7,7804.3,7514.8,7223,6897.6,6623.1,6532.4,6447.9,6265.3,5971.6,5677.6,5388.9,5101.5,4814.7,4528.7,4242.6
12009,11691,11399,11098,10798,10506,10207,9917.7,9620,9321.9,9035,8738.9,8442.8,8148.4,7855.5,7566.8,7278.1,6950.8,6672.7,6586.3,6501.8,6315.6,6020.5,5730.1,5441.6,5153.6,4866.8,4580.3,4290.9
12081,11751,11459,11157,10862,10565,10266,9976,9678.4,9379.6,9092.6,8795.9,8499.6,8204.8,7910.4,7617.4,7333.2,7005.3,6726.4,6640.5,6555.7,6364.6,6073,5782.8,5494.4,5205.9,4919,4631.9,4337.8
12156,11812,11519,11217,10925,10625,10325,10035,9736.8,9437.8,9150.3,8853.4,8556.6,8261.1,7966.7,7671.9,7388.3,7060.2,6780.9,6695,6609.5,6420.2,6126.3,5836.1,5547.1,5258.6,4971,4683.5,4389.4
12233,11875,11579,11277,10985,10685,10384,10094,9795.1,9496.2,9208,8911.1,8613.6,8317.5,8023.1,7727.6,7443.9,7115.3,6839.4,6749.4,6663.7,6479,6183.2,5889.3,5599.8,5311.3,5022.6,4735.2,4445.1
12310,11941,11639,11337,11045,10744,10444,10152,9853.5,9553.9,9265.7,8968.2,8670.6,8374.3,8079.4,7787.8,7499.6,7170.4,6898.9,6803.9,6718.8,6535,6241.3,5946.5,5652.5,5363.4,5074.3,4786.8,4499.3
12387,12016,11699,11400,11104,10805,10508,10211,9911.8,9611.7,9323.3,9025.2,8727.6,8431.3,8140,7849.3,7555.3,7225.4,6954.8,6861.3,6773.7,6589.5,6296.9,6004.6,5709.8,5415.6,5127,4838.4,4550.9
12464,12093,11764,11465,11163,10869,10571,10270,9971.1,9675.4,9381,9082.8,8784.6,8492.7,8201.4,7906,7611,7284.7,7009.8,6921.4,6828.2,6644,6351.4,6059.6,5768,5472.6,5179.7,4890.6,4602.5
12541,12176,11829,11526,11223,10931,10630,10330,10035,9738.3,9438.7,9140.5,8847,8554.9,8258.5,7961.7,7666.7,7345.5,7064.9,6978.9,6883.9,6698.4,6405.5,6113.5,5822.3,5530.1,5236.6,4943,4654.1
12618,12257,11894,11586,11287,10990,10691,10394,10097,9796.7,9497,9203.4,8909.9,8611.7,8314.8,8017.9,7722.4,7401.9,7120,7033.9,6944,6752.9,6459.3,6167.4,5875.5,5584.1,5293.5,4999.9,4706.2
12695,12333,11961,11651,11352,11053,10755,10456,10155,9856.2,9560.7,9265.7,8966.9,8668.1,8375.8,8074.3,7782.5,7457,7179.2,7089,7002.8,6807.4,6516.6,6221.2,5928.8,5637.4,5346.7,5056.8,4762.5
12771,12409,12037,11716,11416,11117,10816,10515,10216,9919.1,9623,9322.7,9024.2,8730.1,8437.3,8135.2,7843.2,7516.4,7239.3,7144.1,7057.3,6865.1,6576.1,6278.3,5982.1,5694.4,5399.4,5109.2,4818.8
12851,12485,12115,11780,11481,11177,10875,10577,10279,9982.3,9680.7,9380.7,9086.4,8792.1,8494.5,8196.7,7900.1,7577.2,7295.2,7201.8,7112.9,6925.2,6632.5,6337.1,6039,5752.5,5456.4,5161.3,4871
12934,12565,12196,11845,11540,11236,10938,10640,10343,10046,9740,9443.7,9148.7,8849.1,8551.6,8258.2,7956.4,7634,7350.3,7261.9,7173,6984.9,6687,6396.2,6097.8,5807.3,5514.6,5218,4923.2
13015,12647,12275,11910,11600,11301,11002,10704,10407,10107,9802.9,9506.6,9211.6,8906.6,8613.1,8319.6,8016.9,7689.7,7410.1,7322,7233.3,7044.3,6744.7,6455.6,6156.6,5860.6,5572.7,5275.5,4980
13097,12725,12351,11982,11665,11366,11067,10768,10470,10166,9865.8,9569.5,9273.2,8968.8,8674.6,8376,8077.7,7749.5,7470.9,7382.1,7294,7101.3,6804.8,6512.1,6215.3,5917.3,5630.8,5333.4,5037.5
13174,12801,12431,12063,11730,11431,11131,10832,10534,10227,9928.7,9632.4,9330.2,9031.1,8736.8,8432.6,8139.1,7810.3,7531.6,7442.5,7354.6,7156.3,6864.5,6566.6,6274.5,5976.1,5685.7,5391.6,5095
13252,12882,12512,12144,11794,11495,11196,10896,10598,10289,9992,9695.3,9389,9094,8799,8494.8,8200.6,7871,7592.4,7503.3,7414.7,7214.7,6923.9,6623.9,6333.9,6034.9,5739,5449.3,5152.5
13333,12964,12594,12225,11864,11560,11260,10960,10661,10353,10056,9758.2,9451.9,9156.7,8861.2,8556.9,8262.1,7931.8,7653.2,7564.1,7475,7275.4,6983.7,6683.3,6393.3,6093.6,5795.2,5506.8,5210
13415,13045,12676,12306,11940,11624,11324,11024,10725,10417,10119,9821.1,9514.8,9218.9,8923.3,8618.4,8323.5,7993.2,7713.9,7624.9,7535.8,7335.8,7043.8,6742.7,6452.7,6152.4,5853.3,5564.6,5267.5
13496,13127,12757,12387,12019,11688,11388,11088,10789,10480,10182,9884.5,9577.7,9281.1,8985.5,8679.9,8385,8054.7,7774.7,7685.6,7596.5,7395.9,7103.9,6802.2,6512.2,6211.2,5911.8,5622.8,5325.4
13578,13208,12838,12468,12100,11756,11452,11152,10852,10544,10245,9948.1,9643.2,9343.3,9047.7,8742.1,8446.5,8116.1,7835.5,7746.4,7657.3,7459.4,7164,6861.9,6571.6,6270.3,5970.6,5681.2,5383.5
13659,13289,12919,12549,12180,11825,11519,11216,10916,10612,10309,10011,9711.3,9405.8,9109.9,8805.3,8507.9,8177.6,7896.3,7807.2,7718.1,7525.3,7224.1,6922,6631,6329.7,6031.8,5740,5441.6
13741,13370,13000,12630,12261,11895,11588,11282,10981,10681,10377,10074,9776.5,9468.7,9172.1,8871.9,8569.5,8239.1,7957,7867.9,7778.8,7587.9,7284.1,6984.8,6690.4,6389.1,6095.5,5798.8,5499.8
13822,13451,13081,12712,12341,11965,11655,11351,11045,10745,10446,10137,9839.4,9534.2,9234.3,8937.3,8631.7,8300.6,8018.5,7929.2,7839.6,7648.7,7344.6,7049.9,6749.8,6448.5,6157.2,5857.5,5560.2
13908,13532,13162,12792,12422,12047,11720,11418,11108,10808,10509,10200,9902.3,9602.4,9296.4,8999.5,8694.9,8367.2,8079.9,7990.6,7900.4,7709.5,7405.4,7112.3,6809.3,6510.3,6216.6,5916.3,5623.2
13995,13618,13243,12873,12502,12133,11784,11482,11174,10872,10572,10267,9965.2,9667,9358.6,9061.6,8761.5,8433.5,8145.8,8055.1,7963.2,7770.2,7469.2,7172.4,6871.4,6574.6,6276,5975.1,5684.4
14077,13705,13327,12953,12583,12214,11847,11546,11243,10937,10636,10336,10032,9729.2,9423.8,9123.8,8826.9,8494.9,8211.5,8120.9,8029.8,7831,7535,7232.5,6936.5,6636.8,6335.4,6035.8,5743.2
14159,13786,13414,13036,12663,12295,11924,11611,11309,11006,10700,10399,10100,9795.3,9491.9,9188.2,8889,8556.9,8273,8183.6,8094.3,7891.8,7597.7,7292.6,6999.2,6696.2,6396.9,6099.5,5801.9
14245,13867,13496,13123,12745,12374,12005,11678,11373,11073,10769,10463,10164,9863.5,9556.6,9255.5,8953,8623.5,8334.8,8245.1,8155.8,7956.6,7658.5,7355.8,7059.3,6758.1,6461.3,6161.6,5860.7
14330,13953,13577,13207,12831,12455,12085,11747,11440,11137,10837,10532,10227,9927.7,9618.8,9320.7,9020.4,8689.5,8401.4,8310.5,8219.5,8023.2,7722.5,7421.6,7122.2,6823.2,6523.7,6221,5921.1
14411,14040,13662,13287,12915,12541,12166,11817,11509,11203,10900,10599,10295,9990.6,9684.9,9383.7,9085.6,8751.6,8467.4,8377.1,8286.1,8089.3,7788.3,7487.4,7188,6886.1,6583.1,6282.2,5984.8
14495,14120,13748,13372,12995,12625,12251,11887,11578,11272,10965,10663,10363,10058,9753,9449.2,9147.8,8814.8,8529.6,8439.5,8350.2,8155.1,7850.8,7553.3,7250.9,6946.2,6644.7,6346.5,6048.6
14580,14202,13834,13457,13079,12706,12335,11966,11648,11341,11034,10728,10426,10126,9821.2,9516.5,9212.5,8881.4,8592.7,8501,8411.7,8217.5,7911.5,7616.1,7311,7008.4,6709.8,6410.9,6113
14666,14288,13919,13543,13165,12789,12416,12046,11717,11410,11103,10796,10489,10194,9889.3,9583.9,9279.8,8948.2,8659.2,8566.8,8475.9,8279,7976.4,7676.9,7374,7073.5,6774.6,6475.3,6175.9
14752,14374,14000,13629,13251,12875,12498,12131,11786,11479,11172,10864,10558,10262,9956.8,9651.3,9347.2,9015.6,8725.8,8633.4,8542.5,8344.7,8043,7740.8,7439.9,7139,6839,6539.9,6234.6
14838,14460,14082,13710,13337,12960,12583,12215,11855,11548,11240,10933,10627,10325,10024,9719.2,9414.5,9081.2,8792.4,8700.7,8609.1,8411.3,8109,7806.6,7505.7,7204.8,6903.6,6605,6294.8
14924,14546,14167,13791,13423,13045,12668,12295,11925,11617,11309,11002,10695,10389,10087,9787.3,9481.9,9143.3,8857.8,8768.1,8675.7,8477.9,8174.8,7872.9,7571.5,7270.3,6968.7,6668.3,6359.9
15010,14632,14253,13876,13509,13130,12754,12377,12004,11686,11378,11070,10763,10457,10150,9850.6,9549.3,9207.7,8919.9,8834.7,8742.8,8544.5,8241.2,7939.5,7637.4,7335.4,7032.2,6727.7,6424.9
15096,14718,14339,13961,13594,13216,12839,12462,12085,11755,11446,11138,10832,10525,10219,9912.8,9613.6,9275,8984,8901.2,8810.1,8611.8,8307.8,8005.6,7703.2,7400.8,7093,6788.8,6489.2
15182,14803,14425,14047,13679,13301,12924,12547,12170,11824,11515,11207,10900,10593,10287,9980.3,9676.5,9342.4,9051.3,8963.4,8877,8679.1,8374.4,8071.4,7769,7466.6,7155.5,6853.9,6553.8
15268,14889,14511,14133,13764,13386,13009,12632,12255,11893,11584,11276,10969,10661,10355,10048,9742.9,9409.8,9118.7,9026,8943.5,8745.7,8441,8137.8,7834.9,7532.5,7220.5,6919.2,6618.9
15354,14975,14597,14219,13850,13472,13094,12717,12340,11964,11653,11345,11038,10730,10423,10117,9810.3,9477.1,9186.1,9093.4,9010.7,8812.3,8508.3,8204.4,7901.2,7598.3,7285.9,6985,6684
15439,15060,14683,14304,13935,13558,13180,12802,12425,12049,11722,11414,11106,10798,10491,10185,9878.3,9544.5,9253.4,9161.6,9078.1,8879.7,8575.6,8271,7967.8,7664.5,7351.8,7050.6,6749
15524,15145,14768,14389,14020,13643,13266,12887,12509,12134,11791,11482,11174,10867,10559,10253,9946.5,9612.3,9320.8,9234.1,9145.5,8947,8642.3,8337.6,8034.4,7731.1,7419.7,7115.7,6814.1
15609,15231,14853,14478,14106,13728,13350,12973,12594,12218,11861,11551,11243,10936,10628,10321,10019,9680.5,9388.2,9305.5,9212.8,9013.6,8708.9,8404.2,8100.9,7797.3,7490.6,7182.7,6879.2
15695,15318,14943,14569,14192,13813,13435,13058,12679,12304,11941,11620,11312,11004,10696,10389,10091,9748.1,9455.5,9372.9,9280.2,9080.3,8775.5,8470.8,8167,7863.1,7559.6,7253.6,6944.5
15783,15408,15033,14655,14276,13898,13520,13143,12764,12394,12021,11689,11380,11072,10764,10459,10159,9815.5,9526.2,9440.2,9347.5,9147.7,8842.1,8538,8232.8,7929.4,7626.2,7322.7,7010.3
15873,15497,15119,14740,14361,13984,13605,13228,12849,12482,12105,11758,11449,11140,10834,10532,10228,9887.6,9598.7,9507.6,9414.9,9215,8909.4,8605.4,8299.8,7996,7692.4,7388.6,7077.4
15960,15581,15204,14825,14446,14069,13690,13313,12938,12567,12190,11826,11518,11213,10908,10604,10296,9961,9668.2,9575,9482.3,9282.4,8976.8,8672,8367.2,8062.6,7758.3,7454.4,7148.3
16045,15666,15289,14910,14531,14154,13776,13403,13028,12652,12274,11897,11591,11287,10979,10672,10364,10029,9736.3,9642.3,9549.6,9349.8,9044.2,8738.6,8433.9,8129.2,7824.5,7520.2,7217.8
16130,15751,15376,15000,14616,14242,13867,13493,13114,12736,12359,11982,11664,11356,11048,10740,10432,10096,9803.9,9710,9617.1,9417.1,9111.5,8806,8500.5,8195.8,7891.1,7586.4,7283.7
16215,15839,15466,15090,14705,14332,13955,13578,13198,12821,12444,12067,11733,11424,11116,10808,10500,10165,9871.2,9778.2,9685.3,9486.7,9178.9,8873.5,8567.1,8262.4,7957.7,7652.9,7349.5
16304,15929,15554,15175,14795,14419,14040,13662,13283,12906,12529,12151,11803,11492,11184,10876,10568,10233,9939.3,9848.7,9754.3,9560.1,9247.5,8945.3,8633.7,8332.7,8024.3,7721.4,7415.3
16395,16016,15639,15260,14881,14503,14124,13747,13369,12996,12612,12237,11876,11561,11257,10945,10639,10301,10007,9921.2,9826.8,9630.7,9320.1,9016.6,8705.7,8404.4,8094,7792.3,7482.8
16479,16101,15726,15345,14966,14592,14209,13834,13459,13086,12701,12327,11953,11635,11330,11016,10712,10370,10080,9991.1,9898.2,9698.1,9391,9083.9,8778.2,8472.1,8165.7,7861.2,7553.7
16563,16190,15815,15431,15056,14681,14298,13923,13548,13170,12791,12415,12038,11708,11399,11089,10783,10442,10152,10059,9966.4,9765.5,9458.4,9151.3,8845.7,8538.7,8234,7927.8,7623.1
16653,16280,15901,15520,15145,14766,14388,14010,13633,13254,12877,12500,12122,11777,11467,11159,10851,10514,10220,10127,10034,9832.8,9527.7,9218.6,8913.3,8606,8300.6,7994.4,7689.7
16743,16365,15986,15607,15230,14851,14473,14095,13719,13339,12962,12587,12206,11847,11536,11227,10919,10582,10289,10194,10102,9903.8,9600.3,9287.2,8985,8673.3,8370.8,8061,7756.3
16832,16448,16074,15692,15316,14941,14557,14183,13808,13424,13050,12676,12292,11926,11605,11300,10987,10652,10363,10266,10172,9977.2,9670.8,9359.8,9056.3,8745.4,8442.6,8131,7822.9
16920,16537,16163,15779,15405,15031,14646,14273,13896,13515,13139,12762,12381,12006,11679,11373,11059,10725,10435,10340,10245,10047,9739,9431,9123.7,8817.9,8511,8203.5,7891.7
17004,16627,16248,15869,15493,15115,14737,14359,13981,13603,13224,12847,12468,12091,11751,11442,11132,10796,10502,10409,10316,10115,9806.7,9499.1,9191.1,8884.7,8578.3,8272.3,7963.5
17090,16716,16332,15958,15576,15200,14826,14443,14068,13687,13310,12936,12553,12178,11819,11510,11202,10865,10570,10477,10384,10187,9874.1,9569.1,9259.3,8951.4,8645.7,8338.9,8032.7
17179,16804,16421,16047,15663,15290,14915,14531,14157,13773,13399,13025,12641,12267,11892,11584,11270,10933,10638,10550,10455,10259,9945.2,9641.6,9328.6,9023.9,8713.1,8409.5,8099.2
17268,16888,16510,16132,15754,15378,14999,14620,14243,13862,13487,13109,12730,12354,11977,11658,11343,11001,10708,10623,10527,10328,10019,9712.1,9401.1,9096.1,8784.3,8482.1,8169
17356,16973,16599,16216,15843,15462,15085,14705,14328,13952,13572,13193,12816,12439,12063,11726,11416,11072,10781,10691,10597,10396,10088,9780.2,9472,9164.2,8856.1,8550.1,8241.6
17444,17062,16688,16304,15932,15548,15174,14790,14416,14042,13658,13283,12901,12526,12152,11795,11484,11145,10852,10760,10665,10469,10156,9850.9,9539.4,9233.2,8923.7,8616.7,8310.5
17533,17151,16772,16393,16017,15637,15262,14879,14505,14128,13747,13373,12989,12615,12239,11868,11553,11219,10920,10833,10737,10543,10228,9923.4,9609.1,9305.8,8991.1,8688.1,8377.1
17619,17239,16856,16482,16100,15726,15346,14968,14590,14212,13836,13456,13078,12701,12323,11945,11626,11292,10992,10906,10811,10611,10301,9993.2,9682.5,9377,9063.7,8760.6,8447.6
17702,17327,16944,16572,16188,15816,15432,15058,14674,14300,13926,13542,13168,12785,12410,12029,11700,11362,11065,10974,10879,10680,10369,10061,9755.5,9444.4,9136.3,8828.7,8520.2
17788,17415,17033,16661,16277,15904,15521,15146,14763,14389,14012,13631,13256,12873,12499,12115,11774,11430,11138,11044,10948,10753,10438,10133,9828,9513.7,9209.7,8896,8592.7
17876,17503,17122,16749,16366,15992,15610,15230,14852,14474,14096,13720,13340,12962,12585,12205,11848,11503,11212,11117,11021,10825,10511,10205,9898.1,9587.1,9282,8968.3,8665.2
17964,17591,17211,16832,16455,16077,15699,15315,14941,14558,14183,13809,13425,13052,12670,12295,11921,11578,11281,11188,11094,10893,10584,10274,9966.3,9658,9349.4,9040.8,8733.7
18052,17677,17299,16916,16543,16161,15788,15404,15030,14646,14272,13896,13515,13142,12758,12384,12000,11646,11349,11256,11168,10963,10658,10342,10038,9725.3,9418.2,9114.2,8801
18140,17760,17386,17004,16631,16248,15876,15493,15119,14735,14361,13981,13605,13226,12847,12470,12089,11714,11422,11327,11240,11037,10730,10415,10111,9795.6,9491.6,9187,8872.9
18227,17846,17473,17092,16714,16337,15961,15581,15207,14824,14450,14068,13694,13311,12936,12554,12178,11788,11495,11401,11308,11108,10798,10489,10180,9869,9563,9254.4,8945.4
18315,17934,17559,17180,16797,16425,16045,15669,15291,14913,14535,14158,13782,13400,13026,12642,12268,11862,11565,11474,11378,11176,10868,10563,10248,9941.9,9630.3,9322.9,9013.1
18401,18022,17642,17268,16886,16515,16132,15758,15376,15002,14619,14246,13866,13489,13109,12731,12353,11940,11634,11547,11452,11247,10942,10635,10321,10016,9699.8,9396.8,9080.5
18489,18109,17727,17356,16974,16603,16220,15844,15464,15091,14709,14334,13951,13579,13194,12819,12437,12022,11708,11618,11523,11321,11013,10704,10393,10085,9773.2,9468,9154.7
18575,18195,17815,17445,17062,16691,16308,15927,15553,15174,14797,14419,14040,13665,13282,12909,12526,12112,11781,11686,11592,11394,11080,10772,10466,10153,9847.4,9535.3,9227.3
18661,18282,17902,17532,17150,16774,16396,16013,15643,15258,14887,14503,14129,13749,13372,12994,12614,12200,11853,11757,11663,11467,11151,10845,10540,10224,9920.7,9605,9299.8
18749,18370,17990,17616,17238,16857,16484,16102,15728,15348,14975,14590,14218,13835,13462,13077,12704,12290,11930,11831,11737,11537,11224,10918,10609,10298,9990.2,9678.6,9371.5
18830,18457,18078,17697,17325,16943,16572,16190,15811,15436,15058,14680,14304,13924,13549,13165,12793,12376,12013,11910,11809,11605,11299,10986,10677,10370,10059,9751.2,9439.2
18913,18543,18164,17783,17412,17031,16656,16278,15897,15524,15142,14770,14387,14013,13634,13255,12876,12459,12100,11988,11883,11677,11372,11056,10751,10445,10130,9824.5,9509.5
18999,18629,18250,17870,17498,17119,16739,16366,15985,15610,15231,14859,14474,14101,13719,13344,12961,12547,12189,12078,11964,11750,11441,11129,10823,10512,10204,9896,9583.3
19086,18712,18337,17957,17581,17207,16827,16454,16073,15693,15319,14942,14564,14186,13808,13433,13051,12636,12278,12165,12047,11823,11510,11202,10890,10581,10278,9964.1,9656.4
19174,18793,18424,18044,17664,17294,16913,16538,16161,15778,15408,15025,14652,14270,13896,13518,13139,12721,12367,12250,12136,11897,11582,11276,10961,10656,10351,10035,9730
19261,18881,18511,18130,17751,17381,17001,16621,16249,15866,15494,15113,14740,14359,13985,13602,13227,12805,12454,12336,12224,11982,11655,11347,11034,10728,10419,10108,9800.2
19344,18969,18594,18217,17839,17468,17089,16708,16337,15955,15577,15201,14824,14447,14072,13690,13317,12894,12538,12426,12312,12065,11729,11416,11108,10797,10488,10183,9868.3
19428,19057,18677,18302,17926,17554,17175,16796,16422,16043,15662,15289,14908,14535,14155,13781,13400,12982,12624,12515,12402,12155,11804,11489,11182,10867,10562,10256,9939.2
19516,19145,18764,18385,18013,17637,17262,16882,16503,16131,15750,15378,14996,14624,14241,13870,13486,13072,12713,12604,12487,12243,11878,11562,11253,10941,10634,10325,10013
19603,19228,18853,18472,18101,17719,17343,16969,16588,16219,15838,15461,15084,14709,14330,13956,13575,13161,12798,12690,12570,12328,11950,11635,11321,11013,10702,10393,10086
19688,19311,18936,18560,18186,17806,17427,17057,16676,16304,15926,15545,15173,14792,14419,14039,13662,13244,12882,12774,12659,12413,12039,11708,11392,11086,10771,10465,10160
19773,19396,19019,18644,18268,17892,17514,17144,16764,16385,16014,15633,15260,14880,14507,14125,13745,13329,12972,12860,12748,12502,12128,11776,11466,11158,10845,10539,10230
19858,19482,19109,18727,18355,17975,17602,17227,16852,16471,16101,15721,15343,14968,14593,14214,13831,13419,13060,12949,12833,12590,12213,11845,11536,11227,10918,10608,10298
19943,19572,19197,18814,18443,18061,17690,17309,16935,16558,16185,15808,15427,15051,14676,14299,13920,13507,13150,13037,12917,12674,12297,11922,11604,11297,10992,10676,10371
20028,19659,19282,18904,18529,18150,17776,17397,17016,16645,16267,15893,15515,15134,14763,14382,14009,13595,13238,13120,13007,12760,12387,12002,11677,11372,11065,10750,10445
20117,19745,19366,18989,18613,18237,17860,17485,17104,16733,16353,15975,15603,15222,14851,14470,14098,13684,13323,13207,13095,12849,12473,12090,11751,11443,11133,10824,10514
20208,19830,19451,19074,18695,18321,17944,17569,17192,16817,16441,16060,15690,15310,14935,14559,14183,13767,13406,13295,13184,12939,12557,12181,11825,11511,11204,10897,10582
20296,19916,19537,19159,18780,18407,18027,17653,17275,16900,16525,16148,15776,15396,15016,14647,14266,13852,13495,13379,13272,13028,12644,12271,11898,11582,11277,10970,10655
20383,20003,19623,19244,18870,18496,18113,17741,17359,16988,16608,16236,15859,15484,15104,14733,14352,13941,13584,13463,13356,13114,12733,12359,11981,11656,11348,11039,10728
20470,20089,19709,19329,18960,18583,18203,17828,17447,17076,16695,16324,15943,15567,15192,14817,14440,14028,13667,13553,13441,13197,12819,12443,12065,11726,11417,11109,10797
20558,20175,19796,19416,19047,18668,18290,17911,17536,17161,16783,16409,16031,15651,15280,14900,14525,14111,13751,13641,13530,13284,12903,12529,12150,11795,11488,11182,10867
20640,20264,19883,19508,19131,18752,18374,17996,17620,17244,16869,16492,16117,15739,15367,14987,14608,14196,13839,13729,13617,13372,12991,12619,12234,11872,11562,11253,10940
20725,20351,19970,19598,19217,18837,18460,18081,17705,17332,16952,16578,16200,15827,15450,15075,14694,14284,13925,13817,13699,13456,13080,12705,12324,11951,11632,11321,11013
20814,20440,20057,19685,19304,18924,18545,18169,17795,17422,17039,16667,16286,15915,15534,15157,14782,14369,14008,13900,13784,13539,13164,12788,12413,12036,11700,11394,11082
20903,20529,20144,19772,19390,19009,18634,18259,17882,17506,17127,16751,16374,16001,15622,15239,14869,14451,14093,13983,13872,13627,13247,12875,12496,12119,11773,11468,11153
20993,20617,20233,19859,19477,19094,18724,18346,17967,17590,17212,16835,16459,16084,15709,15328,14957,14536,14181,14071,13956,13715,13334,12963,12582,12204,11847,11538,11227
21083,20706,20322,19946,19565,19182,18810,18431,18053,17674,17298,16920,16543,16167,15792,15415,15040,14624,14269,14159,14039,13798,13422,13048,12670,12288,11926,11606,11298
21175,20795,20411,20035,19652,19275,18897,18517,18138,17761,17388,17003,16630,16250,15877,15498,15123,14712,14357,14242,14126,13881,13506,13131,12756,12378,12004,11675,11366
21266,20885,20500,20124,19738,19365,18984,18602,18227,17851,17475,17091,16720,16336,15965,15584,15211,14800,14442,14324,14214,13969,13589,13217,12839,12466,12088,11744,11438
21358,20977,20589,20213,19827,19453,19071,18689,18317,17939,17560,17181,16806,16425,16051,15672,15299,14885,14524,14412,14298,14057,13676,13305,12925,12554,12173,11816,11513
21449,21068,20678,20302,19916,19541,19158,18776,18403,18024,17645,17266,16889,16510,16134,15760,15384,14968,14610,14499,14381,14139,13764,13390,13013,12640,12261,11889,11582
21541,21160,20769,20391,20011,19629,19247,18869,18490,18110,17730,17351,16978,16595,16222,15848,15467,15055,14698,14582,14468,14223,13852,13473,13097,12723,12348,11971,11649
21635,21252,20860,20482,20104,19717,19340,18960,18577,18196,17817,17442,17067,16682,16311,15935,15555,15143,14783,14666,14557,14309,13939,13558,13179,12808,12431,12056,11721
21729,21344,20952,20572,20194,19806,19432,19047,18664,18284,17908,17531,17152,16771,16397,16018,15643,15227,14865,14754,14645,14397,14021,13646,13265,12895,12515,12139,11793
21823,21437,21043,20662,20284,19895,19519,19135,18756,18376,17998,17617,17237,16862,16481,16104,15726,15310,14952,14842,14733,14485,14105,13730,13353,12980,12601,12221,11866
21917,21531,21139,20754,20374,19987,19608,19223,18848,18464,18083,17704,17327,16952,16567,16193,15810,15399,15040,14930,14815,14572,14193,13812,13441,13063,12688,12309,11938
22011,21625,21237,20845,20464,20082,19697,19314,18936,18551,18172,17794,17416,17037,16657,16281,15900,15487,15128,15016,14897,14655,14281,13900,13529,13147,12771,12397,12021
22108,21719,21333,20943,20556,20175,19791,19407,19026,18643,18264,17882,17502,17122,16747,16365,15988,15575,15216,15099,14985,14740,14369,13988,13613,13235,12855,12485,12104
22204,21813,21427,21041,20647,20266,19886,19497,19120,18735,18351,17968,17590,17212,16837,16452,16077,15663,15300,15185,15075,14828,14456,14074,13695,13323,12942,12572,12192
22300,21909,21520,21135,20739,20356,19976,19586,19210,18822,18438,18058,17681,17302,16923,16541,16164,15746,15385,15273,15163,14916,14539,14162,13782,13411,13030,12654,12280
22397,22006,21615,21228,20838,20447,20066,19683,19298,18913,18531,18151,17773,17389,17006,16630,16248,15831,15473,15361,15251,15004,14621,14250,13870,13494,13118,12737,12366
22496,22102,21710,21322,20934,20544,20158,19777,19391,19006,18625,18243,17864,17475,17098,16720,16335,15919,15561,15450,15339,15092,14709,14338,13958,13576,13206,12823,12454
22594,22199,21808,21416,21028,20642,20253,19866,19485,19101,18718,18336,17951,17565,17188,16811,16424,16008,15651,15539,15426,15180,14797,14421,14044,13663,13293,12911,12536
22692,22297,21910,21512,21126,20736,20350,19959,19577,19195,18809,18423,18037,17656,17278,16901,16514,16096,15739,15627,15509,15265,14886,14503,14130,13750,13376,12998,12619
22792,22396,22008,21613,21226,20830,20447,20055,19667,19286,18898,18510,18128,17749,17368,16986,16604,16186,15827,15715,15594,15348,14974,14591,14218,13837,13458,13086,12706
22899,22500,22105,21711,21322,20930,20543,20152,19764,19375,18990,18603,18221,17841,17459,17071,16694,16277,15915,15805,15684,15435,15062,14679,14306,13925,13543,13173,12792
23001,22600,22203,21807,21418,21030,20636,20249,19860,19472,19083,18697,18315,17932,17551,17161,16784,16366,16004,15893,15772,15524,15150,14767,14394,14012,13631,13259,12879
23102,22701,22304,21911,21519,21129,20732,20347,19957,19566,19177,18791,18408,18024,17643,17252,16874,16455,16094,15983,15861,15616,15238,14855,14482,14100,13722,13346,12966
23204,22807,22409,22014,21620,21224,20832,20445,20054,19662,19272,18885,18502,18116,17734,17348,16964,16545,16184,16072,15953,15710,15326,14943,14568,14186,13814,13434,13053
23308,22915,22514,22117,21723,21321,20931,20537,20151,19758,19369,18980,18595,18210,17826,17445,17055,16635,16273,16162,16048,15801,15414,15033,14657,14274,13902,13521,13139
23419,23023,22619,22222,21825,21422,21031,20633,20248,19854,19464,19075,18688,18303,17919,17536,17145,16725,16362,16252,16140,15889,15503,15126,14745,14360,13989,13607,13225
23527,23125,22726,22325,21928,21524,21131,20733,20346,19951,19560,19169,18781,18395,18011,17627,17243,16816,16455,16340,16228,15977,15592,15216,14833,14448,14077,13693,13315
23639,23230,22830,22430,22032,21627,21233,20837,20445,20050,19658,19271,18875,18489,18104,17720,17338,16910,16550,16430,16316,16067,15684,15306,14922,14541,14164,13780,13406
23750,23338,22930,22537,22136,21729,21333,20942,20544,20147,19761,19371,18973,18589,18196,17812,17429,17005,16643,16519,16406,16157,15777,15394,15015,14634,14251,13867,13495
23862,23447,23038,22643,22242,21834,21436,21043,20642,20246,19860,19466,19075,18687,18294,17904,17520,17098,16733,16615,16501,16246,15867,15482,15105,14722,14338,13958,13582
23974,23558,23150,22751,22347,21944,21538,21144,20746,20351,19957,19563,19171,18780,18393,18001,17613,17188,16827,16709,16596,16341,15956,15573,15193,14809,14428,14050,13669
24087,23669,23267,22859,22452,22050,21649,21245,20854,20452,20055,19660,19266,18878,18487,18099,17707,17284,16922,16799,16687,16436,16051,15666,15283,14902,14521,14141,13755
24198,23786,23378,22967,22559,22156,21755,21351,20954,20552,20155,19761,19369,18978,18582,18199,17803,17382,17014,16891,16777,16530,16144,15759,15376,14995,14613,14234,13844
24314,23902,23487,23079,22670,22261,21859,21460,21056,20656,20260,19864,19470,19076,18683,18296,17903,17479,17104,16988,16873,16626,16238,15854,15470,15088,14706,14322,13935
24430,24015,23599,23194,22783,22370,21967,21564,21165,20761,20363,19967,19573,19171,18783,18391,18001,17575,17199,17085,16968,16721,16333,15948,15563,15180,14792,14408,14027
24550,24136,23716,23303,22891,22483,22078,21670,21269,20869,20467,20070,19676,19272,18883,18485,18099,17673,17297,17180,17064,16817,16429,16041,15657,15273,14880,14498,14119
24673,24255,23834,23417,23004,22594,22189,21780,21369,20976,20573,20174,19778,19374,18983,18584,18197,17771,17392,17276,17161,16912,16524,16136,15752,15366,14971,14590,14210
24798,24370,23954,23535,23121,22709,22299,21888,21478,21083,20678,20278,19881,19476,19084,18686,18297,17869,17490,17373,17257,17009,16620,16230,15845,15460,15065,14682,14302
24923,24490,24075,23653,23236,22823,22405,21999,21589,21190,20786,20384,19984,19578,19184,18791,18395,17967,17588,17471,17353,17105,16715,16325,15938,15553,15163,14775,14394
25044,24613,24192,23773,23353,22938,22516,22111,21699,21298,20892,20489,20089,19681,19286,18895,18495,18064,17688,17568,17451,17201,16811,16421,16033,15646,15261,14866,14486
25166,24736,24307,23892,23470,23053,22632,22222,21814,21407,20999,20595,20193,19790,19387,18996,18595,18164,17791,17672,17551,17298,16906,16516,16127,15740,15354,14959,14577
25294,24864,24434,24012,23588,23170,22753,22336,21929,21516,21107,20701,20298,19899,19492,19096,18701,18262,17891,17772,17653,17394,17002,16610,16222,15833,15448,15057,14668
25422,24992,24562,24132,23706,23286,22870,22456,22040,21626,21215,20810,20408,20002,19601,19197,18804,18367,17989,17870,17752,17491,17100,16711,16315,15929,15540,15154,14764
25550,25118,24690,24253,23826,23404,22985,22572,22156,21741,21329,20923,20519,20109,19706,19306,18904,18470,18091,17969,17850,17594,17202,16811,16413,16028,15633,15247,14861
25682,25243,24815,24378,23951,23529,23107,22687,22275,21858,21444,21035,20625,20219,19809,19414,19011,18570,18194,18073,17953,17695,17305,16906,16514,16128,15732,15340,14957
25815,25372,24939,24505,24078,23653,23228,22806,22387,21975,21560,21149,20732,20329,19917,19522,19117,18670,18300,18178,18056,17798,17407,17003,16614,16228,15830,15437,15055
25949,25506,25066,24636,24202,23778,23346,22927,22502,22088,21673,21258,20846,20441,20028,19629,19223,18776,18403,18283,18162,17902,17508,17105,16715,16325,15930,15535,15152
26086,25643,25203,24767,24333,23902,23468,23049,22622,22202,21782,21368,20959,20552,20140,19738,19332,18883,18509,18388,18266,18007,17610,17207,16816,16419,16029,15633,15250
26224,25779,25337,24898,24464,24028,23594,23172,22745,22321,21906,21484,21073,20664,20251,19846,19440,18990,18615,18492,18371,18110,17714,17309,16917,16520,16128,15732,15346
26359,25915,25466,25029,24593,24158,23724,23295,22866,22441,22027,21605,21187,20777,20361,19957,19549,19100,18721,18598,18475,18214,17817,17414,17018,16626,16227,15830,15444
26498,26050,25600,25163,24720,24286,23852,23416,22987,22569,22145,21726,21303,20890,20478,20068,19657,19214,18826,18704,18581,18321,17920,17522,17120,16727,16327,15930,15543
26641,26188,25738,25296,24849,24413,23982,23543,23112,22689,22265,21844,21423,21005,20595,20180,19770,19320,18932,18815,18690,18433,18025,17627,17227,16828,16428,16033,15641
26783,26330,25880,25432,24985,24540,24109,23677,23239,22810,22388,21962,21542,21121,20707,20297,19884,19430,19042,18925,18802,18540,18133,17728,17332,16934,16533,16136,15738
26929,26471,26021,25571,25124,24678,24239,23805,23370,22937,22513,22082,21658,21242,20821,20411,19995,19544,19155,19032,18913,18644,18240,17836,17434,17040,16636,16235,15836
27076,26612,26161,25711,25261,24816,24372,23930,23501,23061,22637,22204,21781,21365,20942,20522,20106,19658,19269,19143,19024,18754,18344,17944,17539,17140,16737,16337,15940
27222,26759,26298,25848,25401,24949,24504,24062,23626,23187,22761,22329,21907,21484,21062,20639,20223,19772,19381,19256,19132,18866,18453,18053,17647,17243,16842,16441,16043
27370,26909,26445,25992,25541,25082,24638,24200,23755,23316,22885,22459,22029,21599,21180,20759,20340,19887,19495,19367,19240,18978,18565,18164,17755,17351,16948,16547,16147
27522,27058,26595,26135,25678,25222,24778,24337,23886,23448,23013,22583,22152,21726,21303,20877,20458,20003,19610,19481,19352,19092,18681,18274,17864,17457,17054,16652,16253
27673,27208,26738,26278,25821,25364,24914,24473,24022,23584,23150,22706,22276,21854,21425,20998,20577,20121,19724,19595,19469,19205,18797,18384,17973,17564,17160,16760,16356
27825,27359,26885,26425,25963,25506,25053,24609,24156,23720,23281,22838,22402,21975,21547,21118,20696,20238,19838,19710,19589,19317,18909,18494,18082,17675,17272,16872,16462
27982,27507,27034,26574,26105,25649,25195,24743,24291,23853,23408,22973,22532,22099,21671,21244,20821,20355,19955,19831,19705,19430,19021,18609,18196,17789,17382,16979,16572
28143,27661,27187,26719,26252,25793,25337,24881,24433,23987,23542,23101,22667,22225,21798,21370,20943,20476,20077,19952,19822,19549,19134,18726,18311,17900,17489,17086,16680
28303,27816,27342,26868,26402,25941,25477,25024,24573,24124,23679,23235,22799,22357,21924,21497,21062,20601,20197,20067,19945,19669,19248,18838,18421,18009,17599,17196,16786
28461,27974,27495,27022,26555,26088,25623,25171,24713,24262,23818,23373,22931,22489,22053,21621,21191,20725,20315,20188,20066,19790,19367,18950,18534,18122,17713,17307,16895
28622,28132,27649,27177,26706,26236,25773,25316,24855,24401,23956,23503,23061,22622,22184,21747,21320,20848,20436,20311,20189,19913,19487,19067,18651,18236,17827,17419,17006
28779,28292,27808,27335,26856,26389,25923,25460,25000,24540,24094,23639,23194,22756,22313,21876,21445,20971,20560,20434,20310,20034,19607,19186,18768,18350,17941,17533,17118
28945,28458,27971,27492,27012,26540,26074,25605,25145,24684,24230,23783,23331,22891,22442,22006,21571,21097,20685,20559,20432,20156,19727,19304,18885,18467,18055,17646,17229
29110,28621,28133,27652,27169,26692,26224,25751,25291,24831,24370,23922,23467,23025,22577,22141,21700,21226,20813,20688,20555,20279,19851,19427,19007,18584,18170,17758,17345
29278,28783,28296,27807,27325,26849,26375,25900,25440,24980,24513,24057,23605,23163,22714,22276,21833,21355,20942,20815,20680,20405,19979,19552,19129,18703,18288,17872,17463
29451,28949,28459,27965,27485,27003,26529,26052,25589,25125,24659,24203,23746,23298,22849,22411,21965,21481,21070,20941,20811,20533,20102,19674,19249,18826,18410,17988,17576
29625,29115,28621,28127,27647,27158,26682,26206,25736,25266,24806,24351,23889,23436,22988,22543,22097,21615,21196,21067,20940,20659,20222,19794,19371,18945,18525,18108,17689
29799,29288,28789,28291,27806,27316,26843,26362,25888,25419,24956,24492,24035,23576,23126,22678,22232,21747,21325,21196,21068,20787,20350,19920,19496,19064,18642,18229,17806
29971,29462,28955,28460,27969,27479,27002,26515,26041,25571,25103,24639,24182,23722,23266,22818,22370,21879,21459,21327,21198,20919,20481,20046,19620,19189,18767,18350,17925
30143,29634,29128,28632,28133,27643,27160,26674,26193,25724,25254,24788,24326,23865,23404,22955,22509,22015,21595,21461,21330,21050,20609,20177,19745,19311,18890,18467,18045
30320,29809,29301,28804,28300,27808,27321,26832,26349,25880,25406,24940,24469,24008,23548,23093,22646,22153,21729,21598,21463,21179,20741,20306,19872,19440,19012,18584,18165
30502,29985,29477,28974,28471,27972,27486,26990,26507,26035,25559,25092,24615,24155,23695,23235,22788,22287,21867,21733,21600,21315,20871,20436,20000,19568,19138,18711,18288
30684,30166,29653,29144,28641,28141,27646,27153,26671,26193,25717,25241,24765,24304,23844,23378,22931,22424,22004,21869,21737,21452,21002,20564,20128,19696,19266,18839,18410
30866,30348,29829,29315,28811,28311,27811,27314,26831,26352,25871,25393,24918,24453,23993,23526,23074,22567,22139,22011,21872,21585,21137,20692,20257,19824,19394,18961,18531
31048,30529,30005,29487,28986,28480,27980,27481,26994,26511,26025,25549,25073,24601,24141,23671,23215,22710,22276,22151,22013,21722,21272,20830,20391,19952,19520,19083,18654
31232,30714,30183,29665,29159,28649,28149,27651,27157,26673,26182,25707,25227,24754,24289,23820,23356,22856,22418,22293,22156,21863,21406,20969,20525,20084,19645,19214,18779
31417,30899,30369,29844,29333,28823,28323,27819,27322,26835,26342,25867,25381,24908,24436,23969,23504,23003,22562,22432,22296,22003,21544,21102,20658,20215,19773,19343,18908
31608,31081,30553,30025,29507,28997,28494,27988,27491,26999,26507,26027,25541,25059,24590,24121,23656,23148,22707,22571,22436,22142,21683,21237,20793,20353,19904,19470,19041
31797,31268,30736,30211,29688,29175,28665,28159,27657,27165,26672,26183,25697,25215,24745,24273,23807,23293,22852,22713,22575,22286,21828,21374,20929,20489,20038,19601,19169
31992,31457,30919,30395,29871,29352,28842,28331,27824,27327,26838,26343,25857,25374,24901,24423,23957,23438,22998,22858,22725,22427,21970,21514,21067,20625,20174,19737,19299
32190,31647,31108,30578,30054,29529,29019,28503,27997,27495,27004,26507,26018,25532,25060,24581,24107,23587,23148,23007,22872,22572,22114,21657,21204,20761,20310,19870,19430
32384,31841,31302,30767,30236,29712,29196,28680,28174,27670,27173,26676,26179,25696,25217,24738,24259,23738,23298,23155,23015,22717,22256,21800,21345,20896,20446,20006,19561
32582,32035,31494,30956,30421,29897,29375,28859,28349,27841,27342,26843,26347,25859,25373,24890,24415,23891,23447,23305,23163,22865,22399,21941,21486,21034,20583,20142,19696
32782,32230,31686,31144,30608,30086,29556,29040,28524,28010,27509,27010,26515,26021,25529,25047,24569,24047,23597,23452,23317,23014,22544,22087,21627,21175,20723,20278,19831
32986,32428,31885,31340,30795,30271,29737,29218,28702,28189,27683,27177,26682,26187,25696,25208,24723,24203,23751,23607,23471,23161,22690,22233,21770,21317,20865,20415,19969
33187,32633,32085,31536,30988,30459,29924,29396,28880,28368,27857,27348,26850,26354,25862,25370,24885,24360,23905,23761,23624,23310,22841,22380,21916,21463,21003,20554,20108
33394,32839,32280,31736,31187,30648,30113,29583,29062,28546,28034,27517,27023,26518,26027,25530,25049,24517,24057,23918,23777,23463,22993,22527,22065,21609,21149,20694,20248
33604,33040,32480,31931,31382,30837,30297,29767,29241,28725,28213,27691,27195,26687,26192,25696,25211,24675,24217,24076,23929,23619,23146,22680,22216,21754,21292,20834,20386
33810,33244,32681,32125,31578,31027,30492,29957,29431,28909,28391,27869,27366,26860,26357,25866,25370,24836,24376,24234,24086,23776,23298,22831,22366,21899,21436,20977,20524
34021,33449,32883,32324,31776,31219,30686,30146,29618,29092,28570,28049,27539,27035,26525,26033,25537,24998,24539,24391,24244,23934,23455,22981,22516,22043,21583,21120,20663
34235,33661,33089,32530,31971,31419,30875,30335,29798,29273,28751,28231,27715,27211,26697,26197,25705,25161,24702,24549,24407,24091,23609,23135,22667,22191,21731,21264,20806
34447,33873,33295,32736,32172,31620,31068,30525,29987,29457,28932,28413,27895,27385,26870,26370,25868,25324,24863,24711,24570,24254,23764,23291,22816,22340,21880,21413,20953
34659,34084,33502,32942,32375,31820,31266,30718,30182,29644,29114,28594,28076,27559,27044,26544,26033,25488,25024,24874,24732,24414,23923,23448,22969,22494,22028,21567,21099
34875,34292,33716,33148,32579,32021,31466,30913,30377,29837,29299,28781,28255,27737,27218,26718,26207,25656,25187,25042,24893,24576,24085,23607,23123,22648,22178,21717,21247
35093,34503,33933,33350,32785,32218,31667,31112,30569,30029,29487,28966,28435,27917,27393,26891,26381,25822,25354,25206,25059,24737,24248,23766,23282,22807,22329,21863,21392
35311,34726,34150,33566,32992,32427,31868,31309,30763,30223,29677,29151,28619,28096,27572,27062,26553,25993,25526,25371,25228,24902,24414,23925,23441,22966,22484,22012,21543
35535,34949,34363,33783,33203,32634,32069,31509,30959,30413,29868,29336,28804,28276,27753,27238,26726,26168,25697,25540,25394,25072,24579,24088,23596,23125,22641,22165,21696
35762,35170,34579,33996,33416,32845,32270,31710,31155,30609,30063,29526,28989,28461,27938,27417,26903,26345,25867,25709,25562,25241,24743,24253,23756,23281,22800,22320,21846
35987,35390,34795,34211,33632,33053,32478,31917,31357,30806,30259,29718,29177,28646,28123,27599,27080,26524,26037,25881,25732,25411,24912,24417,23920,23440,22957,22476,21998
36212,35610,35015,34423,33844,33269,32690,32123,31563,31007,30455,29914,29372,28834,28305,27781,27258,26701,26210,26056,25905,25581,25081,24582,24085,23600,23116,22631,22157
36442,35833,35238,34643,34058,33481,32902,32332,31770,31208,30652,30109,29568,29024,28491,27965,27438,26876,26385,26231,26080,25754,25248,24751,24252,23761,23280,22790,22312
36672,36062,35463,34868,34278,33693,33116,32543,31974,31409,30853,30303,29761,29214,28678,28151,27622,27051,26561,26406,26256,25929,25417,24918,24421,23926,23441,22951,22470
36900,36290,35686,35087,34498,33908,33330,32755,32178,31613,31055,30496,29955,29405,28868,28340,27807,27230,26741,26584,26431,26104,25592,25087,24588,24094,23602,23112,22631
37129,36514,35909,35305,34715,34125,33542,32964,32385,31816,31259,30696,30147,29596,29059,28526,27993,27411,26921,26764,26611,26276,25763,25255,24758,24259,23767,23278,22792
37362,36747,36136,35531,34936,34343,33758,33175,32595,32021,31466,30900,30346,29791,29254,28717,28179,27596,27104,26948,26792,26455,25943,25432,24929,24425,23932,23443,22952
37595,36980,36365,35759,35159,34560,33971,33387,32811,32232,31669,31103,30552,29991,29445,28908,28365,27782,27289,27134,26977,26635,26123,25611,25100,24595,24098,23609,23111
37824,37209,36598,35987,35387,34787,34192,33607,33024,32444,31878,31309,30754,30193,29641,29099,28556,27969,27475,27319,27158,26821,26299,25784,25273,24766,24264,23771,23273
38061,37444,36832,36216,35615,35015,34415,33830,33236,32660,32086,31516,30955,30394,29838,29291,28747,28160,27659,27501,27341,27002,26477,25959,25449,24940,24431,23937,23442
38306,37683,37064,36450,35838,35243,34637,34043,33453,32873,32298,31723,31157,30596,30040,29487,28940,28351,27842,27687,27527,27184,26662,26141,25625,25117,24602,24105,23611
38548,37920,37296,36682,36068,35466,34856,34261,33676,33090,32510,31934,31360,30798,30241,29684,29137,28542,28031,27878,27715,27366,26843,26322,25804,25293,24778,24278,23780
38789,38156,37533,36912,36300,35690,35084,34484,33898,33307,32727,32141,31572,31005,30442,29882,29333,28735,28223,28064,27904,27553,27025,26503,25986,25469,24955,24453,23951
39031,38398,37768,37146,36528,35918,35313,34712,34116,33521,32940,32351,31783,31212,30643,30085,29532,28932,28417,28251,28091,27744,27208,26687,26167,25646,25132,24625,24120
39269,38639,38010,37382,36758,36148,35543,34939,34341,33743,33156,32573,31990,31419,30855,30290,29736,29129,28610,28447,28280,27936,27395,26874,26346,25827,25313,24797,24290
39512,38881,38251,37621,36995,36384,35774,35166,34567,33962,33372,32790,32200,31626,31065,30495,29938,29328,28805,28639,28474,28128,27583,27060,26530,26005,25491,24971,24462
39756,39125,38494,37859,37236,36620,36002,35397,34790,34185,33595,33008,32418,31835,31270,30699,30135,29527,29002,28836,28670,28319,27775,27244,26716,26186,25672,25147,24637
40004,39369,38734,38098,37478,36857,36233,35625,35018,34410,33818,33225,32635,32050,31475,30904,30341,29727,29203,29034,28867,28513,27969,27433,26899,26368,25849,25325,24814
40254,39613,38973,38341,37713,37092,36470,35853,35248,34635,34040,33443,32853,32268,31685,31114,30550,29929,29401,29236,29067,28710,28166,27624,27085,26555,26028,25504,24992
40503,39862,39221,38585,37954,37329,36705,36085,35476,34861,34263,33663,33073,32482,31900,31326,30757,30134,29602,29438,29269,28909,28361,27817,27277,26746,26216,25688,25169
40752,40111,39470,38829,38198,37568,36939,36318,35704,35089,34486,33886,33296,32698,32118,31535,30968,30341,29800,29640,29472,29111,28556,28012,27473,26933,26406,25875,25349
41002,40355,39719,39068,38437,37807,37176,36552,35936,35321,34712,34112,33519,32919,32335,31746,31176,30552,30006,29844,29670,29313,28753,28206,27666,27121,26588,26062,25532
41256,40605,39963,39312,38681,38046,37415,36785,36170,35555,34941,34341,33742,33142,32557,31963,31384,30760,30213,30051,29875,29513,28953,28402,27858,27310,26773,26250,25715
41510,40859,40207,39561,38925,38284,37658,37023,36408,35788,35173,34564,33964,33364,32775,32184,31604,30972,30425,30257,30082,29716,29156,28599,28051,27511,26966,26435,25901
41764,41108,40457,39810,39169,38528,37903,37262,36646,36021,35406,34792,34192,33592,32997,32403,31822,31184,30637,30461,30290,29920,29362,28800,28248,27708,27158,26623,26088
42019,41362,40710,40059,39413,38777,38146,37506,36880,36260,35640,35024,34420,33815,33220,32625,32035,31397,30845,30671,30502,30129,29569,29003,28450,27900,27351,26815,26275
42277,41616,40960,40309,39663,39021,38385,37750,37119,36493,35868,35258,34643,34038,33438,32843,32248,31609,31053,30883,30714,30341,29773,29205,28653,28095,27545,27005,26466
42532,41870,41214,40562,39917,39265,38624,37993,37363,36732,36107,35486,34876,34266,33661,33066,32471,31826,31270,31098,30926,30554,29983,29408,28850,28297,27742,27196,26656
42791,42126,41468,40812,40165,39516,38869,38232,37606,36971,36346,35720,35110,34500,33890,33294,32698,32044,31488,31316,31139,30763,30191,29615,29048,28499,27940,27391,26851
43051,42385,41722,41066,40414,39769,39119,38477,37845,37214,36589,35958,35348,34732,34122,33516,32916,32261,31706,31534,31351,30978,30399,29822,29256,28698,28139,27588,27045
43309,42644,41978,41320,40665,40017,39372,38726,38089,37454,36827,36193,35582,34961,34350,33741,33135,32479,31924,31751,31569,31195,30611,30030,29463,28901,28342,27786,27242
43570,42900,42237,41574,40919,40266,39620,38975,38333,37697,37067,36436,35820,35194,34578,33973,33365,32702,32147,31966,31787,31409,30823,30242,29671,29109,28543,27986,27443
43834,43158,42496,41833,41175,40517,39869,39224,38578,37943,37309,36674,36053,35427,34807,34201,33596,32931,32370,32182,32009,31626,31040,30460,29884,29317,28744,28189,27642
44097,43424,42757,42094,41434,40771,40118,39472,38825,38190,37548,36914,36286,35662,35042,34429,33824,33159,32593,32403,32228,31848,31254,30677,30096,29524,28952,28395,27840
44361,43688,43018,42353,41693,41024,40369,39721,39073,38434,37788,37158,36525,35901,35279,34661,34052,33387,32816,32626,32451,32071,31471,30890,30309,29733,29162,28600,28041
44624,43946,43276,42609,41949,41280,40623,39970,39327,38677,38032,37402,36772,36139,35512,34898,34280,33615,33036,32852,32674,32293,31693,31108,30523,29946,29372,28803,28241
44887,44210,43537,42865,42205,41539,40879,40221,39576,38925,38277,37645,37013,36380,35750,35133,34511,33843,33260,33080,32902,32511,31916,31322,30740,30158,29582,29011,28446
45152,44478,43801,43126,42466,41795,41135,40475,39822,39179,38526,37889,37251,36621,35991,35371,34744,34071,33493,33308,33129,32739,32139,31549,30958,30371,29795,29224,28654
45418,44741,44064,43390,42727,42055,41392,40732,40076,39427,38775,38135,37495,36859,36232,35610,34980,34302,33724,33536,33353,32967,32367,31771,31176,30585,30008,29434,28858
45683,45001,44327,43653,42985,42315,41647,40987,40335,39674,39024,38384,37744,37100,36476,35848,35218,34539,33952,33769,33583,33195,32590,31990,31395,30803,30220,29644,29064
45951,45267,44590,43916,43247,42574,41904,41244,40588,39928,39275,38632,37992,37347,36719,36086,35456,34772,34183,33997,33816,33418,32818,32213,31618,31021,30435,29854,29276
46218,45538,44856,44182,43510,42832,42166,41506,40839,40187,39526,38878,38238,37595,36960,36321,35695,35005,34419,34235,34051,33651,33041,32436,31840,31240,30653,30065,29492
46488,45808,45127,44447,43770,43093,42429,41766,41096,40443,39781,39127,38484,37844,37201,36561,35933,35243,34654,34473,34287,33880,33269,32664,32063,31463,30873,30283,29710
46761,46075,45397,44713,44031,43357,42693,42024,41354,40696,40036,39378,38733,38093,37445,36805,36175,35486,34887,34701,34520,34118,33498,32892,32288,31686,31096,30506,29924
47033,46345,45665,44981,44293,43619,42952,42282,41612,40949,40289,39629,38981,38338,37688,37048,36418,35724,35127,34935,34751,34356,33732,33120,32515,31911,31319,30726,30137
47303,46618,45932,45246,44560,43886,43213,42541,41871,41206,40546,39886,39233,38585,37935,37295,36662,35960,35367,35173,34987,34590,33969,33350,32745,32139,31542,30944,30353
47571,46890,46199,45514,44827,44154,43473,42798,42133,41465,40801,40141,39487,38837,38187,37544,36909,36201,35609,35416,35230,34827,34204,33584,32976,32367,31767,31168,30574
47845,47159,46468,45787,45095,44418,43734,43060,42396,41723,41054,40399,39740,39087,38437,37788,37153,36448,35848,35655,35471,35061,34440,33821,33204,32597,31995,31392,30797
48122,47428,46741,46056,45365,44684,44004,43323,42659,41985,41315,40657,39993,39339,38690,38040,37396,36696,36086,35898,35712,35301,34677,34056,33434,32828,32223,31615,31017
48398,47699,47010,46325,45637,44952,44274,43589,42923,42248,41578,40915,40251,39592,38939,38289,37644,36941,36329,36141,35952,35543,34918,34292,33669,33055,32451,31838,31238
48674,47972,47279,46594,45907,45219,44541,43858,43185,42507,41838,41174,40510,39845,39191,38542,37892,37188,36572,36381,36190,35783,35156,34527,33905,33286,32679,32064,31464
48948,48249,47553,46864,46174,45486,44808,44122,43452,42769,42096,41432,40768,40099,39444,38791,38141,37433,36819,36628,36434,36026,35396,34765,34138,33519,32907,32292,31692
49220,48523,47829,47136,46444,45757,45076,44388,43716,43032,42358,41690,41021,40356,39702,39043,38394,37680,37068,36873,36686,36271,35638,35005,34374,33754,33137,32523,31920
49496,48795,48106,47407,46718,46026,45343,44655,43978,43299,42625,41952,41279,40614,39960,39296,38642,37928,37316,37121,36933,36517,35876,35246,34612,33992,33370,32756,32144
49777,49072,48380,47680,46993,46295,45614,44926,44244,43566,42893,42210,41541,40877,40218,39554,38895,38180,37564,37371,37176,36763,36118,35487,34852,34233,33606,32989,32375
50056,49352,48652,47956,47264,46569,45882,45198,44512,43834,43157,42473,41804,41140,40477,39812,39149,38433,37817,37623,37422,37011,36366,35730,35098,34474,33844,33222,32608
50336,49627,48927,48232,47537,46843,46152,45471,44783,44101,43419,42740,42067,41398,40730,40071,39407,38686,38070,37873,37675,37259,36612,35973,35344,34712,34082,33455,32840
50616,49907,49202,48507,47811,47115,46426,45739,45051,44369,43682,43004,42329,41661,40987,40324,39665,38939,38324,38126,37924,37507,36855,36216,35587,34950,34320,33691,33077
50890,50187,49478,48778,48081,47388,46700,46008,45317,44636,43948,43270,42597,41919,41245,40582,39923,39197,38577,38377,38176,37757,37103,36462,35830,35188,34562,33929,33311
51163,50466,49758,49053,48353,47664,46971,46280,45588,44899,44215,43537,42860,42182,41508,40840,40176,39455,38825,38627,38429,38011,37356,36710,36073,35429,34805,34167,33544
51437,50740,50038,49329,48629,47938,47242,46551,45863,45167,44487,43805,43127,42449,41770,41102,40433,39713,39082,38882,38682,38261,37610,36961,36319,35675,35048,34409,33781
51718,51019,50317,49609,48905,48210,47515,46822,46137,45443,44754,44072,43394,42716,42038,41370,40696,39967,39341,39140,38939,38511,37863,37214,36564,35923,35287,34652,34023
52002,51302,50591,49888,49185,48486,47791,47096,46408,45713,45021,44343,43662,42979,42301,41628,40954,40223,39593,39398,39193,38767,38113,37467,36813,36171,35532,34899,34266
52285,51577,50869,50162,49460,48761,48065,47372,46679,45979,45291,44611,43924,43242,42563,41886,41217,40486,39851,39654,39454,39025,38364,37717,37066,36419,35780,35143,34509
52565,51854,51153,50442,49739,49037,48338,47646,46953,46251,45563,44878,44194,43513,42830,42152,41479,40749,40114,39909,39717,39284,38619,37965,37319,36671,36025,35386,34752
52842,52136,51433,50720,50019,49317,48618,47916,47226,46528,45834,45144,44467,43780,43098,42420,41742,41007,40372,40166,39972,39539,38875,38216,37569,36920,36271,35625,34991
53122,52416,51707,51004,50299,49596,48897,48189,47501,46801,46108,45414,44734,44046,43365,42687,42004,41269,40630,40425,40224,39794,39130,38472,37817,37168,36523,35874,35237
53406,52695,51983,51283,50577,49876,49172,48470,47780,47074,46385,45689,45001,44317,43627,42955,42267,41531,40887,40690,40485,40051,39390,38727,38068,37419,36772,36127,35481
53691,52977,52263,51558,50856,50150,49448,48752,48055,47349,46657,45962,45271,44590,43893,43222,42534,41794,41149,40956,40752,40311,39651,38986,38320,37668,37024,36372,35728
53972,53259,52546,51836,51133,50428,49732,49022,48330,47626,46931,46235,45542,44858,44164,43484,42801,42056,41412,41219,41015,40577,39911,39245,38577,37920,37273,36619,35971
54253,53541,52828,52121,51415,50707,50010,49298,48606,47905,47206,46511,45816,45128,44436,43750,43073,42323,41679,41481,41278,40842,40171,39503,38838,38176,37528,36871,36218
54533,53823,53110,52405,51698,50989,50289,49583,48884,48180,47481,46785,46092,45399,44707,44021,43340,42586,41946,41743,41536,41105,40429,39760,39098,38437,37782,37123,36470
54814,54103,53392,52682,51978,51272,50567,49861,49158,48456,47756,47060,46368,45673,44978,44293,43607,42851,42208,42006,41797,41364,40689,40021,39355,38693,38035,37380,36723
55095,54384,53674,52962,52257,51551,50846,50140,49432,48736,48031,47338,46641,45946,45250,44564,43878,43121,42475,42269,42066,41624,40951,40283,39613,38946,38287,37634,36975
55381,54669,53954,53248,52539,51829,51124,50418,49712,49015,48307,47613,46914,46219,45524,44835,44145,43394,42742,42538,42339,41890,41213,40546,39873,39205,38547,37887,37228
55668,54954,54235,53534,52821,52108,51402,50697,49990,49289,48587,47888,47189,46492,45800,45106,44412,43662,43005,42808,42604,42160,41478,40808,40136,39467,38806,38139,37485
55952,55239,54519,53815,53103,52390,51680,50975,50269,49563,48866,48164,47464,46765,46076,45377,44686,43932,43274,43075,42865,42425,41745,41070,40398,39730,39064,38396,37739
56236,55522,54805,54096,53385,52672,51959,51256,50551,49841,49140,48443,47739,47040,46349,45651,44962,44203,43550,43341,43134,42688,42010,41334,40657,39992,39321,38653,37991
56520,55803,55087,54377,53666,52954,52241,51538,50835,50120,49414,48717,48014,47315,46622,45924,45235,44471,43819,43609,43402,42957,42273,41599,40917,40255,39582,38911,38248
56798,56087,55369,54657,53947,53236,52524,51818,51114,50402,49692,48991,48289,47590,46897,46197,45502,44739,44085,43880,43672,43228,42542,41863,41181,40514,39841,39168,38505
57081,56371,55653,54943,54231,53517,52811,52095,51391,50685,49971,49271,48569,47866,47172,46473,45773,45010,44359,44151,43943,43498,42812,42133,41448,40777,40101,39429,38767
57365,56653,55937,55230,54516,53798,53097,52375,51671,50965,50253,49549,48853,48144,47447,46748,46048,45283,44631,44422,44214,43765,43079,42403,41717,41044,40364,39691,39029
57645,56936,56221,55514,54798,54082,53378,52661,51953,51242,50536,49828,49131,48419,47721,47022,46323,45559,44905,44694,44487,44033,43347,42669,41987,41308,40629,39957,39292
57924,57219,56504,55797,55078,54367,53658,52948,52233,51522,50815,50110,49410,48698,47996,47297,46601,45833,45177,44964,44763,44310,43618,42935,42252,41570,40893,40221,39550
58206,57502,56787,56076,55359,54649,53939,53228,52510,51804,51093,50389,49689,48982,48276,47572,46879,46105,45451,45240,45036,44585,43890,43204,42518,41837,41158,40486,39806
58493,57786,57070,56355,55643,54929,54220,53509,52792,52085,51372,50669,49967,49261,48555,47847,47152,46380,45724,45515,45309,44856,44165,43475,42789,42106,41424,40750,40067
58779,58072,57353,56638,55927,55210,54502,53789,53079,52366,51654,50951,50241,49539,48833,48127,47425,46654,45996,45790,45583,45131,44436,43747,43060,42375,41690,41014,40336
59065,58354,57635,56924,56215,55494,54786,54072,53360,52643,51936,51231,50520,49817,49112,48405,47703,46929,46271,46065,45854,45401,44712,44022,43330,42646,41957,41281,40605
59348,58636,57918,57211,56499,55778,55070,54358,53644,52928,52218,51508,50802,50099,49390,48684,47978,47208,46548,46340,46129,45672,44982,44293,43598,42917,42223,41547,40868
59630,58917,58205,57496,56782,56066,55354,54640,53926,53219,52504,51788,51084,50378,49668,48962,48256,47482,46826,46615,46405,45946,45252,44569,43874,43186,42490,41814,41130
59915,59201,58491,57778,57064,56350,55638,54921,54205,53497,52785,52074,51366,50655,49949,49241,48535,47762,47101,46890,46684,46221,45528,44839,44149,43454,42760,42080,41394
60194,59486,58777,58056,57347,56632,55917,55205,54487,53776,53071,52355,51646,50935,50229,49523,48813,48046,47380,47164,46958,46495,45798,45109,44419,43723,43036,42346,41660
60479,59770,59059,58342,57629,56915,56200,55489,54772,54062,53351,52635,51924,51217,50506,49802,49092,48326,47654,47438,47232,46774,46072,45379,44690,43991,43311,42612,41929
60763,60055,59340,58627,57916,57200,56486,55772,55056,54349,53635,52921,52205,51500,50786,50083,49374,48604,47933,47714,47511,47054,46351,45659,44960,44267,43580,42880,42201
61046,60340,59621,58910,58193,57486,56773,56059,55340,54633,53917,53202,52486,51785,51068,50365,49653,48878,48211,47995,47790,47329,46631,45939,45230,44546,43848,43151,42472
61329,60621,59906,59191,58474,57767,57057,56340,55623,54917,54199,53486,52767,52066,51349,50647,49933,49154,48490,48279,48069,47606,46906,46214,45510,44817,44123,43423,42741
61607,60900,60191,59472,58757,58053,57334,56621,55906,55201,54484,53771,53051,52347,51631,50928,50215,49435,48768,48561,48347,47885,47180,46484,45790,45087,44397,43698,43008
61891,61181,60471,59757,59044,58335,57612,56905,56189,55479,54767,54054,53337,52628,51917,51210,50497,49720,49051,48838,48626,48165,47457,46761,46060,45361,44667,43969,43280
62174,61464,60751,60041,59332,58619,57898,57191,56471,55758,55045,54335,53621,52912,52198,51491,50779,50006,49330,49116,48904,48448,47735,47039,46334,45640,44938,44245,43554
62456,61743,61033,60325,59613,58902,58183,57473,56754,56042,55328,54618,53905,53197,52479,51768,51061,50288,49610,49399,49181,48732,48016,47315,46616,45911,45218,44520,43825
62738,62024,61320,60609,59893,59184,58466,57754,57036,56329,55616,54896,54189,53479,52763,52049,51342,50568,49892,49676,49460,49014,48299,47592,46896,46185,45497,44795,44096
63020,62307,61603,60893,60176,59468,58749,58036,57323,56613,55900,55179,54473,53759,53048,52329,51619,50845,50174,49954,49744,49291,48582,47873,47175,46462,45772,45069,44371
63301,62589,61885,61176,60460,59753,59035,58323,57609,56891,56183,55466,54757,54040,53330,52614,51904,51121,50456,50235,50030,49568,48864,48154,47453,46745,46051,45348,44646
63583,62871,62168,61454,60742,60034,59319,58611,57895,57174,56465,55751,55041,54324,53610,52899,52189,51403,50736,50517,50312,49846,49142,48432,47732,47026,46326,45623,44926
63862,63152,62449,61736,61021,60313,59599,58895,58178,57460,56748,56034,55320,54608,53891,53184,52475,51687,51013,50798,50588,50127,49419,48710,48008,47304,46600,45901,45199
64139,63434,62726,62019,61304,60594,59881,59175,58461,57746,57035,56318,55605,54896,54175,53468,52756,51973,51289,51081,50874,50405,49697,48993,48282,47580,46876,46176,45479
64420,63713,63004,62300,61587,60877,60168,59451,58745,58032,57317,56604,55892,55180,54459,53752,53036,52252,51574,51366,51156,50684,49973,49275,48561,47855,47155,46450,45753
64696,63989,63284,62577,61869,61156,60455,59732,59025,58316,57598,56886,56176,55463,54741,54036,53317,52530,51859,51647,51436,50968,50254,49557,48844,48135,47433,46727,46027
64975,64265,63564,62855,62152,61438,60738,60019,59309,58596,57880,57172,56454,55745,55029,54319,53602,52813,52141,51927,51717,51252,50539,49839,49126,48417,47713,47006,46305
65255,64545,63841,63134,62433,61720,61017,60304,59594,58876,58160,57458,56737,56028,55313,54598,53886,53102,52422,52207,52000,51533,50822,50116,49408,48695,47996,47287,46581
65532,64826,64121,63417,62715,62002,61299,60583,59876,59160,58441,57740,57017,56310,55594,54877,54170,53386,52704,52492,52283,51813,51105,50396,49690,48977,48278,47567,46857
65808,65106,64402,63702,62996,62284,61581,60867,60155,59445,58726,58021,57302,56591,55874,55161,54453,53670,52988,52776,52564,52093,51390,50680,49967,49259,48555,47845,47137
66085,65383,64680,63982,63275,62565,61862,61149,60434,59727,59011,58302,57588,56873,56160,55448,54736,53954,53272,53064,52849,52378,51674,50963,50250,49535,48832,48123,47418
66363,65659,64957,64263,63552,62847,62140,61432,60717,60006,59295,58587,57872,57155,56442,55735,55019,54237,53556,53350,53128,52668,51954,51244,50533,49816,49110,48406,47696
66643,65936,65233,64539,63833,63126,62417,61713,61000,60285,59581,58872,58153,57436,56728,56021,55302,54520,53840,53632,53407,52953,52230,51525,50814,50101,49390,48688,47974
66919,66214,65510,64813,64113,63403,62698,61991,61283,60568,59868,59152,58438,57718,57014,56303,55586,54802,54128,53910,53690,53233,52513,51805,51095,50384,49676,48970,48257
67192,66494,65787,65090,64390,63684,62979,62273,61565,60851,60152,59435,58723,58004,57296,56585,55872,55085,54412,54190,53977,53514,52802,52090,51377,50665,49959,49247,48539
67464,66770,66064,65367,64664,63964,63260,62551,61847,61134,60430,59718,59007,58289,57579,56866,56154,55369,54695,54474,54262,53798,53088,52375,51661,50946,50237,49528,48821
67736,67043,66345,65644,64941,64243,63535,62830,62125,61416,60709,59996,59289,58573,57864,57150,56435,55656,54976,54761,54545,54081,53369,52656,51941,51228,50518,49809,49103
68012,67315,66625,65920,65218,64519,63815,63111,62402,61697,60987,60280,59568,58861,58145,57434,56717,55938,55254,55048,54828,54360,53649,52938,52225,51512,50803,50093,49380
68284,67586,66906,66196,65494,64792,64096,63392,62681,61984,61268,60563,59847,59147,58425,57716,56998,56219,55536,55332,55111,54647,53933,53219,52509,51792,51088,50377,49664
68555,67858,67186,66476,65771,65069,64377,63672,62962,62266,61554,60845,60131,59429,58708,58000,57281,56501,55823,55612,55398,54934,54221,53500,52793,52076,51373,50657,49947
68826,68130,67467,66757,66048,65345,64659,63953,63242,62545,61836,61128,60413,59708,58992,58285,57566,56784,56105,55892,55680,55218,54504,53784,53077,52360,51653,50938,50228
69097,68402,67747,67037,66324,65622,64940,64233,63523,62822,62117,61410,60696,59992,59275,58566,57851,57069,56387,56178,55962,55498,54786,54072,53361,52644,51932,51218,50508
69368,68674,68028,67318,66601,65898,65222,64510,63803,63099,62396,61687,60978,60271,59559,58845,58136,57350,56668,56464,56244,55779,55068,54354,53644,52928,52212,51503,50790
69639,68946,68308,67598,66877,66175,65503,64786,64084,63375,62673,61968,61261,60550,59842,59126,58417,57634,56950,56745,56528,56065,55353,54637,53923,53213,52495,51787,51075
69911,69218,68588,67878,67154,66452,65785,65063,64364,63652,62950,62247,61538,60828,60122,59410,58696,57919,57236,57026,56818,56351,55638,54923,54210,53500,52779,52071,51354
70182,69490,68869,68159,67431,66728,66066,65340,64645,63929,63226,62524,61816,61105,60400,59693,58977,58201,57521,57308,57102,56636,55920,55207,54497,53783,53062,52355,51638
70453,69762,69149,68439,67707,67005,66348,65616,64925,64205,63503,62800,62093,61388,60679,59976,59260,58480,57806,57593,57383,56918,56201,55490,54781,54060,53345,52639,51922
70724,70034,69430,68720,67984,67281,66629,65893,65206,64482,63779,63077,62371,61671,60957,60258,59544,58760,58090,57877,57664,57201,56482,55776,55061,54342,53628,52921,52202
70995,70306,69710,69000,68260,67558,66911,66169,65486,64758,64056,63354,62648,61953,61236,60541,59828,59044,58373,58157,57944,57486,56767,56062,55341,54624,53910,53200,52484
71266,70578,69991,69281,68537,67835,67192,66446,65767,65035,64333,63630,62926,62236,61514,60823,60111,59328,58652,58441,58223,57770,57052,56343,55627,54909,54193,53479,52769
71537,70850,70271,69561,68814,68111,67474,66723,66047,65312,64609,63907,63204,62518,61793,61106,60395,59611,58932,58726,58503,58049,57337,56628,55913,55194,54475,53766,53057
71808,71121,70552,69842,69090,68388,67755,66999,66327,65588,64886,64183,63481,62801,62072,61389,60678,59895,59211,59010,58783,58329,57621,56910,56194,55476,54760,54053,53339
72079,71393,70832,70122,69367,68664,68036,67276,66608,65865,65162,64460,63759,63083,62350,61671,60962,60178,59491,59295,59062,58608,57906,57191,56474,55758,55047,54340,53622
72350,71665,71113,70402,69644,68941,68318,67552,66888,66141,65439,64737,64036,63366,62629,61954,61246,60462,59770,59580,59342,58888,58191,57471,56757,56043,55332,54624,53905
72622,71937,71393,70683,69920,69218,68599,67829,67169,66418,65716,65013,64314,63648,62907,62236,61529,60746,60050,59864,59621,59167,58476,57752,57042,56325,55618,54906,54187
72893,72209,71673,70963,70197,69494,68881,68106,67449,66695,65992,65290,64591,63931,63186,62519,61813,61029,60329,60149,59901,59447,58760,58033,57327,56606,55899,55187,54472
73164,72481,71954,71244,70473,69771,69162,68382,67730,66971,66269,65566,64869,64213,63464,62801,62096,61313,60609,60434,60180,59726,59045,58313,57611,56886,56184,55469,54757
73435,72753,72234,71524,70750,70048,69444,68659,68010,67248,66545,65843,65146,64496,63743,63084,62380,61596,60889,60719,60460,60006,59330,58594,57896,57167,56470,55751,55038
73706,73025,72515,71805,71027,70324,69725,68936,68291,67524,66822,66120,65424,64778,64021,63366,62664,61880,61168,61003,60739,60286,59614,58874,58181,57447,56755,56033,55320
73977,73297,72796,72086,71304,70600,70006,69213,68572,67800,67099,66397,65702,65060,64299,63648,62948,62164,61447,61287,61018,60566,59898,59154,58466,57727,57040,56315,55602
74248,73569,73077,72367,71581,70876,70287,69490,68853,68076,67376,66674,65980,65342,64577,63930,63232,62448,61726,61571,61297,60846,60182,59434,58751,58007,57325,56597,55884
74519,73841,73358,72648,71858,71152,70568,69767,69134,68352,67653,66951,66258,65624,64855,64212,63516,62732,62005,61855,61576,61126,60466,59714,59036,58287,57610,56879,56166
74790,74113,73639,72929,72135,71428,70849,70044,69415,68628,67930,67228,66536,65906,65133,64494,63800,63016,62284,62139,61855,61406,60750,59994,59321,58567,57895,57161,56448
75061,74385,73920,73210,72412,71704,71130,70321,69696,68904,68207,67505,66814,66188,65411,64776,64084,63300,62563,62423,62134,61686,61034,60274,59606,58847,58180,57443,56730
75332,74657,74201,73491,72689,71980,71411,70598,69977,69180,68484,67782,67092,66470,65689,65058,64368,63584,62842,62707,62413,61966,61318,60554,59891,59127,58465,57725,57012
75603,74929,74482,73772,72966,72256,71692,70875,70258,69456,68761,68059,67370,66752,65967,65340,64652,63868,63121,62991,62692,62246,61602,60834,60176,59407,58750,58007,57294
75874,75201,74763,74053,73243,72532,71973,71152,70539,69732,69038,68336,67648,67034,66245,65622,64936,64152,63400,63275,62971,62526,61886,61114,60461,59687,59035,58289,57576
76145,75473,75044,74334,73520,72808,72254,71429,70820,70008,69315,68613,67926,67316,66523,65904,65220,64436,63679,63559,63250,62806,62170,61394,60746,59967,59320,58571,57858
76416,75745,75325,74615,73797,73084,72535,71706,71101,70284,69592,68890,68204,67598,66801,66186,65504,64720,63958,63843,63529,63086,62454,61674,61031,60247,59605,58853,58140
76687,76017,75606,74896,74074,73360,72816,71983,71382,70560,69869,69167,68482,67880,67079,66468,65788,65004,64237,64127,63808,63366,62738,61954,61316,60527,59890,59135,58422
76958,76289,75887,75177,74351,73636,73097,72260,71663,70836,70146,69444,68760,68162,67357,66750,66072,65288,64516,64411,64087,63646,63022,62234,61601,60807,60175,59417,58704
77229,76561,76168,75458,74628,73912,73378,72537,71944,71112,70423,69721,69038,68444,67635,67032,66356,65572,64795,64695,64366,63926,63306,62514,61886,61087,60460,59699,58986
77500,76833,76449,75739,74905,74188,73659,72814,72225,71388,70700,69998,69316,68726,67913,67314,66640,65856,65074,64979,64645,64206,63590,62794,62171,61367,60745,59981,59268
77771,77105,76730,76020,75182,74464,73940,73091,72506,71664,70977,70275,69594,69008,68191,67596,66924,66140,65353,65263,64924,64486,63874,63074,62456,61647,61030,60263,59550
78042,77377,77011,76301,75459,74740,74221,73368,72787,71940,71254,70552,69872,69290,68469,67878,67208,66424,65632,65547,65203,64766,64158,63354,62741,61927,61315,60545,59832
78313,77649,77292,76582,75736,75016,74502,73645,73068,72216,71531,70829,70150,69572,68747,68160,67492,66708,65911,65831,65482,65046,64442,63634,63026,62207,61600,60827,60114
78584,77921,77573,76863,76013,75292,74783,73922,73349,72492,71808,71106,70428,69854,69025,68442,67776,66992,66190,66115,65761,65326,64726,63914,63311,62487,61885,61109,60396
78855,78193,77854,77144,76290,75568,75064,74199,73630,72768,72085,71383,70706,70136,69303,68724,68060,67276,66469,66399,66040,65606,65010,64194,63596,62767,62170,61391,60678
79126,78465,78135,77425,76567,75844,75345,74476,73911,73044,72362,71660,70984,70418,69581,69006,68344,67560,66748,66683,66319,65886,65294,64474,63881,63047,62455,61673,60960
79397,78737,78416,77706,76844,76120,75626,74753,74192,73320,72639,71937,71262,70700,69859,69288,68628,67844,67027,66967,66598,66166,65578,64754,64166,63327,62740,61955,61242
79668,79009,78697,77987,77121,76396,75907,75030,74473,73596,72916,72214,71540,70982,70137,69570,68912,68128,67306,67251,66877,66446,65862,65034,64451,63607,63025,62237,61524
79939,79281,78978,78268,77398,76672,76188,75307,74754,73872,73193,72491,71818,71264,70415,69852,69196,68412,67585,67535,67156,66726,66146,65314,64736,63887,63310,62519,61806
80210,79553,79259,78549,77675,76948,76469,75584,75035,74148,73470,72768,72096,71546,70693,70134,69480,68696,67864,67819,67435,67006,66430,65594,65021,64167,63595,62801,62088
80481,79825,79540,78830,77952,77224,76750,75861,75316,74424,73747,73045,72374,71828,70971,70416,69764,68980,68143,68103,67714,67286,66714,65874,65306,64447,63880,63083,62370
80752,80097,79821,79111,78229,77500,77031,76138,75597,74700,74024,73322,72652,72110,71249,70698,70048,69264,68422,68387,67993,67566,66998,66154,65591,64727,64165,63365,62652
81023,80369,80102,79392,78506,77776,77312,76415,75878,74976,74301,73599,72930,72392,71527,70980,70332,69548,68701,68671,68272,67846,67282,66434,65876,65007,64450,63647,62934
81294,80641,80383,79673,78783,78052,77593,76692,76159,75252,74578,73876,73208,72674,71805,71262,70616,69832,68980,68955,68551,68126,67566,66714,66161,65287,64735,63929,63216
81565,80913,80664,79954,79060,78328,77874,76969,76440,75528,74855,74153,73486,72956,72083,71544,70900,70116,69259,69239,68830,68406,67850,66994,66446,65567,65020,64211,63498
81836,81185,80945,80235,79337,78604,78155,77246,76721,75804,75132,74430,73764,73238,72361,71826,71184,70400,69538,69523,69109,68686,68134,67274,66731,65847,65305,64493,63780
82107,81457,81226,80516,79614,78880,78436,77523,77002,76080,75409,74707,74042,73520,72639,72108,71468,70684,69817,69807,69388,68966,68418,67554,67016,66127,65590,64775,64062
82378,81729,81507,80797,79891,79156,78717,77800,77283,76356,75686,74984,74320,73802,72917,72390,71752,70968,70096,70091,69667,69246,68702,67834,67301,66407,65875,65057,64344
82649,82001,81788,81078,80168,79432,78998,78077,77564,76632,75963,75261,74598,74084,73195,72672,72036,71252,70375,70375,69946,69526,68986,68114,67586,66687,66160,65339,64626
82920,82273,82069,81359,80445,79708,79279,78354,77845,76908,76240,75538,74876,74366,73473,72954,72320,71536,70654,70659,70225,69806,69270,68394,67871,66967,66445,65621,64908
83191,82545,82350,81640,80722,79984,79560,78631,78126,77184,76517,75815,75154,74648,73751,73236,72604,71820,70933,70943,70504,70086,69554,68674,68156,67247,66730,65903,65190
83462,82817,82631,81921,80999,80260,79841,78908,78407,77460,76794,76092,75432,74930,74029,73518,72888,72104,71212,71227,70783,70366,69838,68954,68441,67527,67015,66185,65472
83733,83089,82912,82202,81276,80536,80122,79185,78688,77736,77071,76369,75710,75212,74307,73800,73172,72388,71491,71511,71062,70646,70122,69234,68726,67807,67300,66467,65754
84004,83361,83193,82483,81553,80812,80403,79462,78969,78012,77348,76646,75988,75494,74585,74082,73456,72672,71770,71795,71341,70926,70406,69514,69011,68087,67585,66749,66036
84275,83633,83474,82764,81830,81088,80684,79739,79250,78288,77625,76923,76266,75776,74863,74364,73740,72956,72049,72079,71620,71206,70690,69794,69296,68367,67870,67031,66318
84546,83905,83755,83045,82107,81364,80965,80016,79531,78564,77902,77200,76544,76058,75141,74646,74024,73240,72328,72363,71899,71486,70974,70074,69581,68647,68155,67313,66600
84817,84177,84036,83326,82384,81640,81246,80293,79812,78840,78179,77477,76822,76340,75419,74928,74308,73524,72607,72647,72178,71766,71258,70354,69866,68927,68440,67595,66882
85088,84449,84317,83607,82661,81916,81527,80570,80093,79116,78456,77754,77100,76622,75697,75210,74592,73808,72886,72931,72457,72046,71542,70634,70151,69207,68725,67877,67164
85359,84721,84598,83888,82938,82192,81808,80847,80374,79392,78733,78031,77378,76904,75975,75492,74876,74092,73165,73215,72736,72326,71826,70914,70436,69487,69010,68159,67446
85630,84993,84879,84169,83215,82468,82089,81124,80655,79668,79010,78308,77656,77186,76253,75774,75160,74376,73444,73499,73015,72606,72110,71194,70721,69767,69295,68441,67728
85901,85265,85160,84450,83492,82744,82370,81401,80936,79944,79287,78585,77934,77468,76531,76056,75444,74660,73723,73783,73294,72886,72394,71474,71006,70047,69580,68723,68010
86172,85537,85441,84731,83769,83020,82651,81678,81217,80220,79564,78862,78212,77750,76809,76338,75728,74944,74002,74067,73573,73166,72678,71754,71291,70327,69865,69005,68292
86443,85809,85722,85012,84046,83296,82932,81955,81498,80496,79841,79139,78490,78032,77087,76620,76012,75228,74281,74351,73852,73446,72962,72034,71576,70607,70150,69287,68574
86714,86081,86003,85293,84323,83572,83213,82232,81779,80772,80118,79416,78768,78314,77365,76902,76296,75512,74560,74635,74131,73726,73246,72314,71861,70887,70435,69569,68856
86985,86353,86284,85574,84600,83848,83494,82509,82060,81048,80395,79693,79046,78596,77643,77184,76580,75796,74839,74919,74410,74006,73530,72594,72146,71167,70720,69851,69138
87256,86625,86565,85855,84877,84124,83775,82786,82341,81324,80672,79970,79324,78878,77921,77466,76864,76080,75118,75203,74689,74286,73814,72874,72431,71447,71005,70133,69420
87527,86897,86846,86136,85154,84400,84056,83063,82622,81600,80949,80247,79602,79160,78199,77748,77148,76364,75397,75487,74968,74566,74098,73154,72716,71727,71290,70415,69702
87798,87169,87127,86417,85431,84676,84337,83340,82903,81876,81226,80524,79880,79442,78477,78030,77432,76648,75676,75771,75247,74846,74382,73434,73001,72007,71575,70697,69984
88069,87441,87408,86698,85708,84952,84618,83617,83184,82152,81503,80801,80158,79724,78755,78312,77716,76932,75955,76055,75526,75126,74666,73714,73286,72287,71860,70979,70266
88340,87713,87689,86979,85985,85228,84899,83894,83465,82428,81780,81078,80436,80006,79033,78594,78000,77216,76234,76339,75805,75406,74950,73994,73571,72567,72145,71261,70548
88611,87985,87970,87260,86262,85504,85180,84171,83746,82704,82057,81355,80714,80288,79311,78876,78284,77500,76513,76623,76084,75686,75234,74274,73856,72847,72430,71543,70830
88882,88257,88251,87541,86539,85780,85461,84448,84027,82980,82334,81632,80992,80570,79589,79158,78568,77784,76792,76907,76363,75966,75518,74554,74141,73127,72715,71825,71112
89153,88529,88532,87822,86816,86056,85742,84725,84308,83256,82611,81909,81270,80852,79867,79440,78852,78068,77071,77191,76642,76246,75802,74834,74426,73407,73000,72107,71394
89424,88801,88813,88103,87093,86332,86023,85002,84589,83532,82888,82186,81548,81134,80145,79722,79136,78352,77350,77475,76921,76526,76086,75114,74711,73687,73285,72389,71676
89695,89073,89094,88384,87370,86608,86304,85279,84870,83808,83165,82463,81826,81416,80423,80004,79420,78636,77629,77759,77200,76806,76370,75394,74996,73967,73570,72671,71958
89966,89345,89375,88665,87647,86884,86585,85556,85151,84084,83442,82740,82104,81698,80701,80286,79704,78920,77908,78043,77479,77086,76654,75674,75281,74247,73855,72953,72240
90237,89617,89656,88946,87924,87160,86866,85833,85432,84360,83719,83017,82382,81980,80979,80568,79988,79204,78187,78327,77758,77366,76938,75954,75566,74527,74140,73235,72522
90508,89889,89937,89227,88201,87436,87147,86110,85713,84636,83996,83294,82660,82262,81257,80850,80272,79488,78466,78611,78037,77646,77222,76234,75851,74807,74425,73517,72804
90779,90161,90218,89508,88478,87712,87428,86387,85994,84912,84273,83571,82938,82544,81535,81132,80556,79772,78745,78895,78316,77926,77506,76514,76136,75087,74710,73799,73086
91050,90433,90499,89789,88755,87988,87709,86664,86275,85188,84550,83848,83216,82826,81813,81414,80840,80056,79024,79179,78595,78206,77790,76794,76421,75367,74995,74081,73368
91321,90705,90780,90070,89032,88264,87990,86941,86556,85464,84827,84125,83494,83108,82091,81696,81124,80340,79303,79463,78874,78486,78074,77074,76706,75647,75280,74363,73650
91592,90977,91061,90351,89309,88540,88271,87218,86837,85740,85104,84402,83772,83390,82369,81978,81408,80624,79582,79747,79153,78766,78358,77354,76991,75927,75565,74645,73932
91863,91249,91342,90632,89586,88816,88552,87495,87118,86016,85381,84679,84050,83672,82647,82260,81692,80908,79861,80031,79432,79046,78642,77634,77276,76207,75850,74927,74214
92134,91521,91623,90913,89863,89092,88833,87772,87399,86292,85658,84956,84328,83954,82925,82542,81976,81192,80140,80315,79711,79326,78926,77914,77561,76487,76135,75209,74496
92405,91793,91904,91194,90140,89368,89114,88049,87680,86568,85935,85233,84606,84236,83203,82824,82260,81476,80419,80599,79990,79606,79210,78194,77846,76767,76420,75491,74778
92676,92065,92185,91475,90417,89644,89395,88326,87961,86844,86212,85510,84884,84518,83481,83106,82544,81760,80698,80883,80269,79886,79494,78474,78131,77047,76705,75773,75060
92947,92337,92466,91756,90694,89920,89676,88603,88242,87120,86489,85787,85162,84800,83759,83388,82828,82044,80977,81167,80548,80166,79778,78754,78416,77327,76990,76055,75342
93218,92609,92747,92037,90971,90196,89957,88880,88523,87396,86766,86064,85440,85082,84037,83670,83112,82328,81256,81451,80827,80446,80062,79034,78701,77607,77275,76337,75624
93489,92881,93028,92318,91248,90472,90238,89157,88804,87672,87043,86341,85718,85364,84315,83952,83396,82612,81535,81735,81106,80726,80346,79314,78986,77887,77560,76619,75906
93760,93153,93309,92599,91525,90748,90519,89434,89085,87948,87320,86618,85996,85646,84593,84234,83680,82896,81814,82019,81385,81006,80630,79594,79271,78167,77845,76901,76188
94031,93425,93590,92880,91802,91024,90800,89711,89366,88224,87597,86895,86274,85928,84871,84516,83964,83180,82093,82303,81664,81286,80914,79874,79556,78447,78130,77183,76470
94302,93697,93871,93161,92079,91300,91081,89988,89647,88500,87874,87172,86552,86210,85149,84798,84248,83464,82372,82587,81943,81566,81198,80154,79841,78727,78415,77465,76752
94573,93969,94152,93442,92356,91576,91362,90265,89928,88776,88151,87449,86830,86492,85427,85080,84532,83748,82651,82871,82222,81846,81482,80434,80126,79007,78700,77747,77034
94844,94241,94433,93723,92633,91852,91643,90542,90209,89052,88428,87726,87108,86774,85705,85362,84816,84032,82930,83155,82501,82126,81766,80714,80411,79287,78985,78029,77316
95115,94513,94714,94004,92910,92128,91924,90819,90490,89328,88705,88003,87386,87056,85983,85644,85100,84316,83209,83439,82780,82406,82050,80994,80696,79567,79270,78311,77598
95386,94785,94995,94285,93187,92404,92205,91096,90771,89604,88982,88280,87664,87338,86261,85926,85384,84600,83488,83723,83059,82686,82334,81274,80981,79847,79555,78593,77880
95657,95057,95276,94566,93464,92680,92486,91373,91052,89880,89259,88557,87942,87620,86539,86208,85668,84884,83767,84007,83338,82966,82618,81554,81266,80127,79840,78875,78162
95928,95329,95557,94847,93741,92956,92767,91650,91333,90156,89536,88834,88220,87902,86817,86490,85952,85168,84046,84291,83617,83246,82902,81834,81551,80407,80125,79157,78444
96199,95601,95838,95128,94018,93232,93048,91927,91614,90432,89813,89111,88498,88184,87095,86772,86236,85452,84325,84575,83896,83526,83186,82114,81836,80687,80410,79439,78726
96470,95873,96119,95409,94295,93508,93329,92204,91895,90708,90090,89388,88776,88466,87373,87054,86520,85736,84604,84859,84175,83806,83470,82394,82121,80967,80695,79721,79008
96741,96145,96400,95690,94572,93784,93610,92481,92176,90984,90367,89665,89054,88748,87651,87336,86804,86020,84883,85143,84454,84086,83754,82674,82406,81247,80980,80003,79290
97012,96417,96681,95971,94849,94060,93891,92758,92457,91260,90644,89942,89332,89030,87929,87618,87088,86304,85162,85427,84733,84366,84038,82954,82691,81527,81265,80285,79572
97283,96689,96962,96252,95126,94336,94172,93035,92738,91536,90921,90219,89610,89312,88207,87900,87372,86588,85441,85711,85012,84646,84322,83234,82976,81807,81550,80567,79854
97554,96961,97243,96533,95403,94612,94453,93312,93019,91812,91198,90496,89888,89594,88485,88182,87656,86872,85720,85995,85291,84926,84606,83514,83261,82087,81835,80849,80136
97825,97233,97524,96814,95680,94888,94734,93589,93300,92088,91475,90773,90166,89876,88763,88464,87940,87156,85999,86279,85570,85206,84890,83794,83546,82367,82120,81131,80418
98096,97505,97805,97095,95957,95164,95015,93866,93581,92364,91752,91050,90444,90158,89041,88746,88224,87440,86278,86563,85849,85486,85174,84074,83831,82647,82405,81413,80700
98367,97777,98086,97376,96234,95440,95296,94143,93862,92640,92029,91327,90722,90440,89319,89028,88508,87724,86557,86847,86128,85766,85458,84354,84116,82927,82690,81695,80982
98638,98049,98367,97657,96511,95716,95577,94420,94143,92916,92306,91604,91000,90722,89597,89310,88792,88008,86836,87131,86407,86046,85742,84634,84401,83207,82975,81977,81264
98909,98321,98648,97938,96788,95992,95858,94697,94424,93192,92583,91881,91278,91004,89875,89592,89076,88292,87115,87415,86686,86326,86026,84914,84686,83487,83260,82259,81546
99180,98593,98929,98219,97065,96268,96139,94974,94705,93468,92860,92158,91556,91286,90153,89874,89360,88576,87394,87699,86965,86606,86310,85194,84971,83767,83545,82541,81828
99451,98865,99210,98500,97342,96544,96420,95251,94986,93744,93137,92435,91834,91568,90431,90156,89644,88860,87673,87983,87244,86886,86594,85474,85256,84047,83830,82823,82110
99722,99137,99491,98781,97619,96820,96701,95528,95267,94020,93414,92712,92112,91850,90709,90438,89928,89144,87952,88267,87523,87166,86878,85754,85541,84327,84115,83105,82392
99993,99409,99772,99062,97896,97096,96982,95805,95548,94296,93691,92989,92390,92132,90987,90720,90212,89428,88231,88551,87802,87446,87162,86034,85826,84607,84400,83387,82674
100264,99681,100053,99343,98173,97372,97263,96082,95829,94572,93968,93266,92668,92414,91265,91002,90496,89712,88510,88835,88081,87726,87446,86314,86111,84887,84685,83669,82956
100535,99953,100334,99624,98450,97648,97544,96359,96110,94848,94245,93543,92946,92696,91543,91284,90780,89996,88789,89119,88360,88006,87730,86594,86396,85167,84970,83951,83238
100806,100225,100615,99905,98727,97924,97825,96636,96391,95124,94522,93820,93224,92978,91821,91566,91064,90280,89068,89403,88639,88286,88014,86874,86681,85447,85255,84233,83520
101077,100497,100896,100186,99004,98200,98106,96913,96672,95400,94799,94097,93502,93260,92099,91848,91348,90564,89347,89687,88918,88566,88298,87154,86966,85727,85540,84515,83802
101348,100769,101177,100467,99281,98476,98387,97190,96953,95676,95076,94374,93780,93542,92377,92130,91632,90848,89626,89971,89197,88846,88582,87434,87251,86007,85825,84797,84084
101619,101041,101458,100748,99558,98752,98668,97467,97234,95952,95353,94651,94058,93824,92655,92412,91916,91132,89905,90255,89476,89126,88866,87714,87536,86287,86110,85079,84366
101890,101313,101739,101029,99835,99028,98949,97744,97515,96228,95630,94928,94336,94106,92933,92694,92200,91416,90184,90539,89755,89406,89150,87994,87821,86567,86395,85361,84648
102161,101585,102020,101310,100112,99304,99230,98021,97796,96504,95907,95205,94614,94388,93211,92976,92484,91700,90463,90823,90034,89686,89434,88274,88106,86847,86680,85643,84930
102432,101857,102301,101591,100389,99580,99511,98298,98077,96780,96184,95482,94892,94670,93489,93258,92768,91984,90742,91107,90313,89966,89718,88554,88391,87127,86965,85925,85212
102703,102129,102582,101872,100666,99856,99792,98575,98358,97056,96461,95759,95170,94952,93767,93540,93052,92268,91021,91391,90592,90246,90002,88834,88676,87407,87250,86207,85494
102974,102401,102863,102153,100943,100132,100073,98852,98639,97332,96738,96036,95448,95234,94045,93822,93336,92552,91300,91675,90871,90526,90286,89114,88961,87687,87535,86489,85776
103245,102673,103144,102434,101220,100408,100354,99129,98920,97608,97015,96313,95726,95516,94323,94104,93620,92836,91579,91959,91150,90806,90570,89394,89246,87967,87820,86771,86058
103516,102945,103425,102715,101497,100684,100635,99406,99201,97884,97292,96590,96004,95798,94601,94386,93904,93120,91858,92243,91429,91086,90854,89674,89531,88247,88105,87053,86340
103787,103217,103706,102996,101774,100960,100916,99683,99482,98160,97569,96867,96282,96080,94879,94668,94188,93404,92137,92527,91708,91366,91138,89954,89816,88527,88390,87335,86622
104058,103489,103987,103277,102051,101236,101197,99960,99763,98436,97846,97144,96560,96362,95157,94950,94472,93688,92416,92811,91987,91646,91422,90234,90101,88807,88675,87617,86904
104329,103761,104268,103558,102328,101512,101478,100237,100044,98712,98123,97421,96838,96644,95435,95232,94756,93972,92695,93095,92266,91926,91706,90514,90386,89087,88960,87899,87186
104600,104033,104549,103839,102605,101788,101759,100514,100325,98988,98400,97698,97116,96926,95713,95514,95040,94256,92974,93379,92545,92206,91990,90794,90671,89367,89245,88181,87468
104871,104305,104830,104120,102882,102064,102040,100791,100606,99264,98677,97975,97394,97208,95991,95796,95324,94540,93253,93663,92824,92486,92274,91074,90956,89647,89530,88463,87750
105142,104577,105111,104401,103159,102340,102321,101068,100887,99540,98954,98252,97672,97490,96269,96078,95608,94824,93532,93947,93103,92766,92558,91354,91241,89927,89815,88745,88032
105413,104849,105392,104682,103436,102616,102602,101345,101168,99816,99231,98529,97950,97772,96547,96360,95892,95108,93811,94231,93382,93046,92842,91634,91526,90207,90100,89027,88314
105684,105121,105673,104963,103713,102892,102883,101622,101449,100092,99508,98806,98228,98054,96825,96642,96176,95392,94090,94515,93661,93326,93126,91914,91811,90487,90385,89309,88596
105955,105393,105954,105244,103990,103168,103164,101899,101730,100368,99785,99083,98506,98336,97103,96924,96460,95676,94369,94799,93940,93606,93410,92194,92096,90767,90670,89591,88878
106226,105665,106235,105525,104267,103444,103445,102176,102011,100644,100062,99360,98784,98618,97381,97206,96744,95960,94648,95083,94219,93886,93694,92474,92381,91047,90955,89873,89160
106497,105937,106516,105806,104544,103720,103726,102453,102292,100920,100339,99637,99062,98900,97659,97488,97028,96244,94927,95367,94498,94166,93978,92754,92666,91327,91240,90155,89442
106768,106209,106797,106087,104821,103996,104007,102730,102573,101196,100616,99914,99340,99182,97937,97770,97312,96528,95206,95651,94777,94446,94262,93034,92951,91607,91525,90437,89724
107039,106481,107078,106368,105098,104272,104288,103007,102854,101472,100893,100191,99618,99464,98215,98052,97596,96812,95485,95935,95056,94726,94546,93314,93236,91887,91810,90719,90006
