54.5,54.5,54.5,54.5,54.5,54.5,54.5,54.5,54.5,54.5,54.5,54.5,54.5,54.5,54.5,54.5,54.5,54.5,54.5,54.5,54.5,54.5,54.5,54.5,54.5,54.5,54.5,54.5,54.5
54.843,54.843,54.843,54.843,54.843,54.843,54.843,54.843,54.843,54.843,54.843,54.843,54.843,54.843,54.843,54.843,54.843,54.843,54.843,54.843,54.843,54.843,54.843,54.843,54.843,54.843,54.843,54.843,54.843
55.186,55.186,55.186,55.186,55.186,55.186,55.186,55.186,55.186,55.186,55.186,55.186,55.186,55.186,55.186,55.186,55.186,55.186,55.186,55.186,55.186,55.186,55.186,55.186,55.186,55.186,55.186,55.186,55.186
55.528,55.528,55.528,55.528,55.528,55.528,55.528,55.528,55.528,55.528,55.528,55.528,55.528,55.528,55.528,55.528,55.528,55.528,55.528,55.528,55.528,55.528,55.528,55.528,55.528,55.528,55.528,55.528,55.528
55.871,55.871,55.871,55.871,55.871,55.871,55.871,55.871,55.871,55.871,55.871,55.871,55.871,55.871,55.871,55.871,55.871,55.871,55.871,55.871,55.871,55.871,55.871,55.871,55.871,55.871,55.871,55.871,55.871
56.214,56.214,56.214,56.214,56.214,56.214,56.214,56.214,56.214,56.214,56.214,56.214,56.214,56.214,56.214,56.214,56.214,56.214,56.214,56.214,56.214,56.214,56.214,56.214,56.214,56.214,56.214,56.214,56.214
56.557,56.557,56.557,56.557,56.557,56.557,56.557,56.557,56.557,56.557,56.557,56.557,56.557,56.557,56.557,56.557,56.557,56.557,56.557,56.557,56.557,56.557,56.557,56.557,56.557,56.557,56.557,56.557,56.557
56.899,56.899,56.899,56.899,56.899,56.899,56.899,56.899,56.899,56.899,56.899,56.899,56.899,56.899,56.899,56.899,56.899,56.899,56.899,56.899,56.899,56.899,56.899,56.899,56.899,56.899,56.899,56.899,56.899
57.242,57.242,57.242,57.242,57.242,57.242,57.242,57.242,57.242,57.242,57.242,57.242,57.242,57.242,57.242,57.242,57.242,57.242,57.242,57.242,57.242,57.242,57.242,57.242,57.242,57.242,57.242,57.242,57.242
57.585,57.585,57.585,57.585,57.585,57.585,57.585,57.585,57.585,57.585,57.585,57.585,57.585,57.585,57.585,57.585,57.585,57.585,57.585,57.585,57.585,57.585,57.585,57.585,57.585,57.585,57.585,57.585,57.585
57.928,57.928,57.928,57.928,57.928,57.928,57.928,57.928,57.928,57.928,57.928,57.928,57.928,57.928,57.928,57.928,57.928,57.928,57.928,57.928,57.928,57.928,57.928,57.928,57.928,57.928,57.928,57.928,57.928
58.27,58.27,58.27,58.27,58.27,58.27,58.27,58.27,58.27,58.27,58.27,58.27,58.27,58.27,58.27,58.27,58.27,58.27,58.27,58.27,58.27,58.27,58.27,58.27,58.27,58.27,58.27,58.27,58.27
58.613,58.613,58.613,58.613,58.613,58.613,58.613,58.613,58.613,58.613,58.613,58.613,58.613,58.613,58.613,58.613,58.613,58.613,58.613,58.613,58.613,58.613,58.613,58.613,58.613,58.613,58.613,58.613,58.613
58.956,58.956,58.956,58.956,58.956,58.956,58.956,58.956,58.956,58.956,58.956,58.956,58.956,58.956,58.956,58.956,58.956,58.956,58.956,58.956,58.956,58.956,58.956,58.956,58.956,58.956,58.956,58.956,58.956
59.299,59.299,59.299,59.299,59.299,59.299,59.299,59.299,59.299,59.299,59.299,59.299,59.299,59.299,59.299,59.299,59.299,59.299,59.299,59.299,59.299,59.299,59.299,59.299,59.299,59.299,59.299,59.299,59.299
59.641,59.641,59.641,59.641,59.641,59.641,59.641,59.641,59.641,59.641,59.641,59.641,59.641,59.641,59.641,59.641,59.641,59.641,59.641,59.641,59.641,59.641,59.641,59.641,59.641,59.641,59.641,59.641,59.641
59.984,59.984,59.984,59.984,59.984,59.984,59.984,59.984,59.984,59.984,59.984,59.984,59.984,59.984,59.984,59.984,59.984,59.984,59.984,59.984,59.984,59.984,59.984,59.984,59.984,59.984,59.984,59.984,59.984
60.327,60.327,60.327,60.327,60.327,60.327,60.327,60.327,60.327,60.327,60.327,60.327,60.327,60.327,60.327,60.327,60.327,60.327,60.327,60.327,60.327,60.327,60.327,60.327,60.327,60.327,60.327,60.327,60.327
60.67,60.67,60.67,60.67,60.67,60.67,60.67,60.67,60.67,60.67,60.67,60.67,60.67,60.67,60.67,60.67,60.67,60.67,60.67,60.67,60.67,60.67,60.67,60.67,60.67,60.67,60.67,60.67,60.67
61.012,61.012,61.012,61.012,61.012,61.012,61.012,61.012,61.012,61.012,61.012,61.012,61.012,61.012,61.012,61.012,61.012,61.012,61.012,61.012,61.012,61.012,61.012,61.012,61.012,61.012,61.012,61.012,61.012
61.355,61.355,61.355,61.355,61.355,61.355,61.355,61.355,61.355,61.355,61.355,61.355,61.355,61.355,61.355,61.355,61.355,61.355,61.355,61.355,61.355,61.355,61.355,61.355,61.355,61.355,61.355,61.355,61.355
61.698,61.698,61.698,61.698,61.698,61.698,61.698,61.698,61.698,61.698,61.698,61.698,61.698,61.698,61.698,61.698,61.698,61.698,61.698,61.698,61.698,61.698,61.698,61.698,61.698,61.698,61.698,61.698,61.698
62.041,62.041,62.041,62.041,62.041,62.041,62.041,62.041,62.041,62.041,62.041,62.041,62.041,62.041,62.041,62.041,62.041,62.041,62.041,62.041,62.041,62.041,62.041,62.041,62.041,62.041,62.041,62.041,62.041
62.383,62.383,62.383,62.383,62.383,62.383,62.383,62.383,62.383,62.383,62.383,62.383,62.383,62.383,62.383,62.383,62.383,62.383,62.383,62.383,62.383,62.383,62.383,62.383,62.383,62.383,62.383,62.383,62.383
62.726,62.726,62.726,62.726,62.726,62.726,62.726,62.726,62.726,62.726,62.726,62.726,62.726,62.726,62.726,62.726,62.726,62.726,62.726,62.726,62.726,62.726,62.726,62.726,62.726,62.726,62.726,62.726,62.726
63.069,63.069,63.069,63.069,63.069,63.069,63.069,63.069,63.069,63.069,63.069,63.069,63.069,63.069,63.069,63.069,63.069,63.069,63.069,63.069,63.069,63.069,63.069,63.069,63.069,63.069,63.069,63.069,63.069
63.412,63.412,63.412,63.412,63.412,63.412,63.412,63.412,63.412,63.412,63.412,63.412,63.412,63.412,63.412,63.412,63.412,63.412,63.412,63.412,63.412,63.412,63.412,63.412,63.412,63.412,63.412,63.412,63.412
63.754,63.754,63.754,63.754,63.754,63.754,63.754,63.754,63.754,63.754,63.754,63.754,63.754,63.754,63.754,63.754,63.754,63.754,63.754,63.754,63.754,63.754,63.754,63.754,63.754,63.754,63.754,63.754,63.754
64.097,64.097,64.097,64.097,64.097,64.097,64.097,64.097,64.097,64.097,64.097,64.097,64.097,64.097,64.097,64.097,64.097,64.097,64.097,64.097,64.097,64.097,64.097,64.097,64.097,64.097,64.097,64.097,64.097
64.44,64.44,64.44,64.44,64.44,64.44,64.44,64.44,64.44,64.44,64.44,64.44,64.44,64.44,64.44,64.44,64.44,64.44,64.44,64.44,64.44,64.44,64.44,64.44,64.44,64.44,64.44,64.44,64.44
64.783,64.783,64.783,64.783,64.783,64.783,64.783,64.783,64.783,64.783,64.783,64.783,64.783,64.783,64.783,64.783,64.783,64.783,64.783,64.783,64.783,64.783,64.783,64.783,64.783,64.783,64.783,64.783,64.783
65.125,65.125,65.125,65.125,65.125,65.125,65.125,65.125,65.125,65.125,65.125,65.125,65.125,65.125,65.125,65.125,65.125,65.125,65.125,65.125,65.125,65.125,65.125,65.125,65.125,65.125,65.125,65.125,65.125
65.468,65.468,65.468,65.468,65.468,65.468,65.468,65.468,65.468,65.468,65.468,65.468,65.468,65.468,65.468,65.468,65.468,65.468,65.468,65.468,65.468,65.468,65.468,65.468,65.468,65.468,65.468,65.468,65.468
65.811,65.811,65.811,65.811,65.811,65.811,65.811,65.811,65.811,65.811,65.811,65.811,65.811,65.811,65.811,65.811,65.811,65.811,65.811,65.811,65.811,65.811,65.811,65.811,65.811,65.811,65.811,65.811,65.811
66.154,66.154,66.154,66.154,66.154,66.154,66.154,66.154,66.154,66.154,66.154,66.154,66.154,66.154,66.154,66.154,66.154,66.154,66.154,66.154,66.154,66.154,66.154,66.154,66.154,66.154,66.154,66.154,66.154
66.496,66.496,66.496,66.496,66.496,66.496,66.496,66.496,66.496,66.496,66.496,66.496,66.496,66.496,66.496,66.496,66.496,66.496,66.496,66.496,66.496,66.496,66.496,66.496,66.496,66.496,66.496,66.496,66.496
66.839,66.839,66.839,66.839,66.839,66.839,66.839,66.839,66.839,66.839,66.839,66.839,66.839,66.839,66.839,66.839,66.839,66.839,66.839,66.839,66.839,66.839,66.839,66.839,66.839,66.839,66.839,66.839,66.839
67.182,67.182,67.182,67.182,67.182,67.182,67.182,67.182,67.182,67.182,67.182,67.182,67.182,67.182,67.182,67.182,67.182,67.182,67.182,67.182,67.182,67.182,67.182,67.182,67.182,67.182,67.182,67.182,67.182
67.525,67.525,67.525,67.525,67.525,67.525,67.525,67.525,67.525,67.525,67.525,67.525,67.525,67.525,67.525,67.525,67.525,67.525,67.525,67.525,67.525,67.525,67.525,67.525,67.525,67.525,67.525,67.525,67.525
67.867,67.867,67.867,67.867,67.867,67.867,67.867,67.867,67.867,67.867,67.867,67.867,67.867,67.867,67.867,67.867,67.867,67.867,67.867,67.867,67.867,67.867,67.867,67.867,67.867,67.867,67.867,67.867,67.867
68.21,68.21,68.21,68.21,68.21,68.21,68.21,68.21,68.21,68.21,68.21,68.21,68.21,68.21,68.21,68.21,68.21,68.21,68.21,68.21,68.21,68.21,68.21,68.21,68.21,68.21,68.21,68.21,68.21
68.553,68.553,68.553,68.553,68.553,68.553,68.553,68.553,68.553,68.553,68.553,68.553,68.553,68.553,68.553,68.553,68.553,68.553,68.553,68.553,68.553,68.553,68.553,68.553,68.553,68.553,68.553,68.553,68.553
68.896,68.896,68.896,68.896,68.896,68.896,68.896,68.896,68.896,68.896,68.896,68.896,68.896,68.896,68.896,68.896,68.896,68.896,68.896,68.896,68.896,68.896,68.896,68.896,68.896,68.896,68.896,68.896,68.896
69.238,69.238,69.238,69.238,69.238,69.238,69.238,69.238,69.238,69.238,69.238,69.238,69.238,69.238,69.238,69.238,69.238,69.238,69.238,69.238,69.238,69.238,69.238,69.238,69.238,69.238,69.238,69.238,69.238
69.581,69.581,69.581,69.581,69.581,69.581,69.581,69.581,69.581,69.581,69.581,69.581,69.581,69.581,69.581,69.581,69.581,69.581,69.581,69.581,69.581,69.581,69.581,69.581,69.581,69.581,69.581,69.581,69.581
69.924,69.924,69.924,69.924,69.924,69.924,69.924,69.924,69.924,69.924,69.924,69.924,69.924,69.924,69.924,69.924,69.924,69.924,69.924,69.924,69.924,69.924,69.924,69.924,69.924,69.924,69.924,69.924,69.924
70.267,70.267,70.267,70.267,70.267,70.267,70.267,70.267,70.267,70.267,70.267,70.267,70.267,70.267,70.267,70.267,70.267,70.267,70.267,70.267,70.267,70.267,70.267,70.267,70.267,70.267,70.267,70.267,70.267
70.609,70.609,70.609,70.609,70.609,70.609,70.609,70.609,70.609,70.609,70.609,70.609,70.609,70.609,70.609,70.609,70.609,70.609,70.609,70.609,70.609,70.609,70.609,70.609,70.609,70.609,70.609,70.609,70.609
70.952,70.952,70.952,70.952,70.952,70.952,70.952,70.952,70.952,70.952,70.952,70.952,70.952,70.952,70.952,70.952,70.952,70.952,70.952,70.952,70.952,70.952,70.952,70.952,70.952,70.952,70.952,70.952,70.952
71.295,71.295,71.295,71.295,71.295,71.295,71.295,71.295,71.295,71.295,71.295,71.295,71.295,71.295,71.295,71.295,71.295,71.295,71.295,71.295,71.295,71.295,71.295,71.295,71.295,71.295,71.295,71.295,71.295
71.638,71.638,71.638,71.638,71.638,71.638,71.638,71.638,71.638,71.638,71.638,71.638,71.638,71.638,71.638,71.638,71.638,71.638,71.638,71.638,71.638,71.638,71.638,71.638,71.638,71.638,71.638,71.638,71.638
71.98,71.98,71.98,71.98,71.98,71.98,71.98,71.98,71.98,71.98,71.98,71.98,71.98,71.98,71.98,71.98,71.98,71.98,71.98,71.98,71.98,71.98,71.98,71.98,71.98,71.98,71.98,71.98,71.98
72.323,72.323,72.323,72.323,72.323,72.323,72.323,72.323,72.323,72.323,72.323,72.323,72.323,72.323,72.323,72.323,72.323,72.323,72.323,72.323,72.323,72.323,72.323,72.323,72.323,72.323,72.323,72.323,72.323
72.666,72.666,72.666,72.666,72.666,72.666,72.666,72.666,72.666,72.666,72.666,72.666,72.666,72.666,72.666,72.666,72.666,72.666,72.666,72.666,72.666,72.666,72.666,72.666,72.666,72.666,72.666,72.666,72.666
73.009,73.009,73.009,73.009,73.009,73.009,73.009,73.009,73.009,73.009,73.009,73.009,73.009,73.009,73.009,73.009,73.009,73.009,73.009,73.009,73.009,73.009,73.009,73.009,73.009,73.009,73.009,73.009,73.009
73.351,73.351,73.351,73.351,73.351,73.351,73.351,73.351,73.351,73.351,73.351,73.351,73.351,73.351,73.351,73.351,73.351,73.351,73.351,73.351,73.351,73.351,73.351,73.351,73.351,73.351,73.351,73.351,73.351
73.694,73.694,73.694,73.694,73.694,73.694,73.694,73.694,73.694,73.694,73.694,73.694,73.694,73.694,73.694,73.694,73.694,73.694,73.694,73.694,73.694,73.694,73.694,73.694,73.694,73.694,73.694,73.694,73.694
74.037,74.037,74.037,74.037,74.037,74.037,74.037,74.037,74.037,74.037,74.037,74.037,74.037,74.037,74.037,74.037,74.037,74.037,74.037,74.037,74.037,74.037,74.037,74.037,74.037,74.037,74.037,74.037,74.037
74.38,74.38,74.38,74.38,74.38,74.38,74.38,74.38,74.38,74.38,74.38,74.38,74.38,74.38,74.38,74.38,74.38,74.38,74.38,74.38,74.38,74.38,74.38,74.38,74.38,74.38,74.38,74.38,74.38
74.722,74.722,74.722,74.722,74.722,74.722,74.722,74.722,74.722,74.722,74.722,74.722,74.722,74.722,74.722,74.722,74.722,74.722,74.722,74.722,74.722,74.722,74.722,74.722,74.722,74.722,74.722,74.722,74.722
75.065,75.065,75.065,75.065,75.065,75.065,75.065,75.065,75.065,75.065,75.065,75.065,75.065,75.065,75.065,75.065,75.065,75.065,75.065,75.065,75.065,75.065,75.065,75.065,75.065,75.065,75.065,75.065,75.065
75.408,75.408,75.408,75.408,75.408,75.408,75.408,75.408,75.408,75.408,75.408,75.408,75.408,75.408,75.408,75.408,75.408,75.408,75.408,75.408,75.408,75.408,75.408,75.408,75.408,75.408,75.408,75.408,75.408
75.751,75.751,75.751,75.751,75.751,75.751,75.751,75.751,75.751,75.751,75.751,75.751,75.751,75.751,75.751,75.751,75.751,75.751,75.751,75.751,75.751,75.751,75.751,75.751,75.751,75.751,75.751,75.751,75.751
76.093,76.093,76.093,76.093,76.093,76.093,76.093,76.093,76.093,76.093,76.093,76.093,76.093,76.093,76.093,76.093,76.093,76.093,76.093,76.093,76.093,76.093,76.093,76.093,76.093,76.093,76.093,76.093,76.093
76.436,76.436,76.436,76.436,76.436,76.436,76.436,76.436,76.436,76.436,76.436,76.436,76.436,76.436,76.436,76.436,76.436,76.436,76.436,76.436,76.436,76.436,76.436,76.436,76.436,76.436,76.436,76.436,76.436
76.779,76.779,76.779,76.779,76.779,76.779,76.779,76.779,76.779,76.779,76.779,76.779,76.779,76.779,76.779,76.779,76.779,76.779,76.779,76.779,76.779,76.779,76.779,76.779,76.779,76.779,76.779,76.779,76.779
77.122,77.122,77.122,77.122,77.122,77.122,77.122,77.122,77.122,77.122,77.122,77.122,77.122,77.122,77.122,77.122,77.122,77.122,77.122,77.122,77.122,77.122,77.122,77.122,77.122,77.122,77.122,77.122,77.122
77.464,77.464,77.464,77.464,77.464,77.464,77.464,77.464,77.464,77.464,77.464,77.464,77.464,77.464,77.464,77.464,77.464,77.464,77.464,77.464,77.464,77.464,77.464,77.464,77.464,77.464,77.464,77.464,77.464
77.807,77.807,77.807,77.807,77.807,77.807,77.807,77.807,77.807,77.807,77.807,77.807,77.807,77.807,77.807,77.807,77.807,77.807,77.807,77.807,77.807,77.807,77.807,77.807,77.807,77.807,77.807,77.807,77.807
78.15,78.15,78.15,78.15,78.15,78.15,78.15,78.15,78.15,78.15,78.15,78.15,78.15,78.15,78.15,78.15,78.15,78.15,78.15,78.15,78.15,78.15,78.15,78.15,78.15,78.15,78.15,78.15,78.15
78.493,78.493,78.493,78.493,78.493,78.493,78.493,78.493,78.493,78.493,78.493,78.493,78.493,78.493,78.493,78.493,78.493,78.493,78.493,78.493,78.493,78.493,78.493,78.493,78.493,78.493,78.493,78.493,78.493
78.835,78.835,78.835,78.835,78.835,78.835,78.835,78.835,78.835,78.835,78.835,78.835,78.835,78.835,78.835,78.835,78.835,78.835,78.835,78.835,78.835,78.835,78.835,78.835,78.835,78.835,78.835,78.835,78.835
79.178,79.178,79.178,79.178,79.178,79.178,79.178,79.178,79.178,79.178,79.178,79.178,79.178,79.178,79.178,79.178,79.178,79.178,79.178,79.178,79.178,79.178,79.178,79.178,79.178,79.178,79.178,79.178,79.178
79.521,79.521,79.521,79.521,79.521,79.521,79.521,79.521,79.521,79.521,79.521,79.521,79.521,79.521,79.521,79.521,79.521,79.521,79.521,79.521,79.521,79.521,79.521,79.521,79.521,79.521,79.521,79.521,79.521
79.864,79.864,79.864,79.864,79.864,79.864,79.864,79.864,79.864,79.864,79.864,79.864,79.864,79.864,79.864,79.864,79.864,79.864,79.864,79.864,79.864,79.864,79.864,79.864,79.864,79.864,79.864,79.864,79.864
80.206,80.206,80.206,80.206,80.206,80.206,80.206,80.206,80.206,80.206,80.206,80.206,80.206,80.206,80.206,80.206,80.206,80.206,80.206,80.206,80.206,80.206,80.206,80.206,80.206,80.206,80.206,80.206,80.206
80.549,80.549,80.549,80.549,80.549,80.549,80.549,80.549,80.549,80.549,80.549,80.549,80.549,80.549,80.549,80.549,80.549,80.549,80.549,80.549,80.549,80.549,80.549,80.549,80.549,80.549,80.549,80.549,80.549
80.892,80.892,80.892,80.892,80.892,80.892,80.892,80.892,80.892,80.892,80.892,80.892,80.892,80.892,80.892,80.892,80.892,80.892,80.892,80.892,80.892,80.892,80.892,80.892,80.892,80.892,80.892,80.892,80.892
81.235,81.235,81.235,81.235,81.235,81.235,81.235,81.235,81.235,81.235,81.235,81.235,81.235,81.235,81.235,81.235,81.235,81.235,81.235,81.235,81.235,81.235,81.235,81.235,81.235,81.235,81.235,81.235,81.235
81.577,81.577,81.577,81.577,81.577,81.577,81.577,81.577,81.577,81.577,81.577,81.577,81.577,81.577,81.577,81.577,81.577,81.577,81.577,81.577,81.577,81.577,81.577,81.577,81.577,81.577,81.577,81.577,81.577
81.92,81.92,81.92,81.92,81.92,81.92,81.92,81.92,81.92,81.92,81.92,81.92,81.92,81.92,81.92,81.92,81.92,81.92,81.92,81.92,81.92,81.92,81.92,81.92,81.92,81.92,81.92,81.92,81.92
82.263,82.263,82.263,82.263,82.263,82.263,82.263,82.263,82.263,82.263,82.263,82.263,82.263,82.263,82.263,82.263,82.263,82.263,82.263,82.263,82.263,82.263,82.263,82.263,82.263,82.263,82.263,82.263,82.263
82.606,82.606,82.606,82.606,82.606,82.606,82.606,82.606,82.606,82.606,82.606,82.606,82.606,82.606,82.606,82.606,82.606,82.606,82.606,82.606,82.606,82.606,82.606,82.606,82.606,82.606,82.606,82.606,82.606
82.948,82.948,82.948,82.948,82.948,82.948,82.948,82.948,82.948,82.948,82.948,82.948,82.948,82.948,82.948,82.948,82.948,82.948,82.948,82.948,82.948,82.948,82.948,82.948,82.948,82.948,82.948,82.948,82.948
83.291,83.291,83.291,83.291,83.291,83.291,83.291,83.291,83.291,83.291,83.291,83.291,83.291,83.291,83.291,83.291,83.291,83.291,83.291,83.291,83.291,83.291,83.291,83.291,83.291,83.291,83.291,83.291,83.291
83.634,83.634,83.634,83.634,83.634,83.634,83.634,83.634,83.634,83.634,83.634,83.634,83.634,83.634,83.634,83.634,83.634,83.634,83.634,83.634,83.634,83.634,83.634,83.634,83.634,83.634,83.634,83.634,83.634
83.977,83.977,83.977,83.977,83.977,83.977,83.977,83.977,83.977,83.977,83.977,83.977,83.977,83.977,83.977,83.977,83.977,83.977,83.977,83.977,83.977,83.977,83.977,83.977,83.977,83.977,83.977,83.977,83.977
84.319,84.319,84.319,84.319,84.319,84.319,84.319,84.319,84.319,84.319,84.319,84.319,84.319,84.319,84.319,84.319,84.319,84.319,84.319,84.319,84.319,84.319,84.319,84.319,84.319,84.319,84.319,84.319,84.319
84.662,84.662,84.662,84.662,84.662,84.662,84.662,84.662,84.662,84.662,84.662,84.662,84.662,84.662,84.662,84.662,84.662,84.662,84.662,84.662,84.662,84.662,84.662,84.662,84.662,84.662,84.662,84.662,84.662
85.005,85.005,85.005,85.005,85.005,85.005,85.005,85.005,85.005,85.005,85.005,85.005,85.005,85.005,85.005,85.005,85.005,85.005,85.005,85.005,85.005,85.005,85.005,85.005,85.005,85.005,85.005,85.005,85.005
85.348,85.348,85.348,85.348,85.348,85.348,85.348,85.348,85.348,85.348,85.348,85.348,85.348,85.348,85.348,85.348,85.348,85.348,85.348,85.348,85.348,85.348,85.348,85.348,85.348,85.348,85.348,85.348,85.348
85.69,85.69,85.69,85.69,85.69,85.69,85.69,85.69,85.69,85.69,85.69,85.69,85.69,85.69,85.69,85.69,85.69,85.69,85.69,85.69,85.69,85.69,85.69,85.69,85.69,85.69,85.69,85.69,85.69
86.033,86.033,86.033,86.033,86.033,86.033,86.033,86.033,86.033,86.033,86.033,86.033,86.033,86.033,86.033,86.033,86.033,86.033,86.033,86.033,86.033,86.033,86.033,86.033,86.033,86.033,86.033,86.033,86.033
86.376,86.376,86.376,86.376,86.376,86.376,86.376,86.376,86.376,86.376,86.376,86.376,86.376,86.376,86.376,86.376,86.376,86.376,86.376,86.376,86.376,86.376,86.376,86.376,86.376,86.376,86.376,86.376,86.376
86.719,86.719,86.719,86.719,86.719,86.719,86.719,86.719,86.719,86.719,86.719,86.719,86.719,86.719,86.719,86.719,86.719,86.719,86.719,86.719,86.719,86.719,86.719,86.719,86.719,86.719,86.719,86.719,86.719
87.061,87.061,87.061,87.061,87.061,87.061,87.061,87.061,87.061,87.061,87.061,87.061,87.061,87.061,87.061,87.061,87.061,87.061,87.061,87.061,87.061,87.061,87.061,87.061,87.061,87.061,87.061,87.061,87.061
87.404,87.404,87.404,87.404,87.404,87.404,87.404,87.404,87.404,87.404,87.404,87.404,87.404,87.404,87.404,87.404,87.404,87.404,87.404,87.404,87.404,87.404,87.404,87.404,87.404,87.404,87.404,87.404,87.404
87.747,87.747,87.747,87.747,87.747,87.747,87.747,87.747,87.747,87.747,87.747,87.747,87.747,87.747,87.747,87.747,87.747,87.747,87.747,87.747,87.747,87.747,87.747,87.747,87.747,87.747,87.747,87.747,87.747
88.09,88.09,88.09,88.09,88.09,88.09,88.09,88.09,88.09,88.09,88.09,88.09,88.09,88.09,88.09,88.09,88.09,88.09,88.09,88.09,88.09,88.09,88.09,88.09,88.09,88.09,88.09,88.09,88.09
88.432,88.432,88.432,88.432,88.432,88.432,88.432,88.432,88.432,88.432,88.432,88.432,88.432,88.432,88.432,88.432,88.432,88.432,88.432,88.432,88.432,88.432,88.432,88.432,88.432,88.432,88.432,88.432,88.432
88.775,88.775,88.775,88.775,88.775,88.775,88.775,88.775,88.775,88.775,88.775,88.775,88.775,88.775,88.775,88.775,88.775,88.775,88.775,88.775,88.775,88.775,88.775,88.775,88.775,88.775,88.775,88.775,88.775
89.118,89.118,89.118,89.118,89.118,89.118,89.118,89.118,89.118,89.118,89.118,89.118,89.118,89.118,89.118,89.118,89.118,89.118,89.118,89.118,89.118,89.118,89.118,89.118,89.118,89.118,89.118,89.118,89.118
89.461,89.461,89.461,89.461,89.461,89.461,89.461,89.461,89.461,89.461,89.461,89.461,89.461,89.461,89.461,89.461,89.461,89.461,89.461,89.461,89.461,89.461,89.461,89.461,89.461,89.461,89.461,89.461,89.461
89.803,89.803,89.803,89.803,89.803,89.803,89.803,89.803,89.803,89.803,89.803,89.803,89.803,89.803,89.803,89.803,89.803,89.803,89.803,89.803,89.803,89.803,89.803,89.803,89.803,89.803,89.803,89.803,89.803
90.146,90.146,90.146,90.146,90.146,90.146,90.146,90.146,90.146,90.146,90.146,90.146,90.146,90.146,90.146,90.146,90.146,90.146,90.146,90.146,90.146,90.146,90.146,90.146,90.146,90.146,90.146,90.146,90.146
90.489,90.489,90.489,90.489,90.489,90.489,90.489,90.489,90.489,90.489,90.489,90.489,90.489,90.489,90.489,90.489,90.489,90.489,90.489,90.489,90.489,90.489,90.489,90.489,90.489,90.489,90.489,90.489,90.489
90.832,90.832,90.832,90.832,90.832,90.832,90.832,90.832,90.832,90.832,90.832,90.832,90.832,90.832,90.832,90.832,90.832,90.832,90.832,90.832,90.832,90.832,90.832,90.832,90.832,90.832,90.832,90.832,90.832
91.174,91.174,91.174,91.174,91.174,91.174,91.174,91.174,91.174,91.174,91.174,91.174,91.174,91.174,91.174,91.174,91.174,91.174,91.174,91.174,91.174,91.174,91.174,91.174,91.174,91.174,91.174,91.174,91.174
91.517,91.517,91.517,91.517,91.517,91.517,91.517,91.517,91.517,91.517,91.517,91.517,91.517,91.517,91.517,91.517,91.517,91.517,91.517,91.517,91.517,91.517,91.517,91.517,91.517,91.517,91.517,91.517,91.517
91.86,91.86,91.86,91.86,91.86,91.86,91.86,91.86,91.86,91.86,91.86,91.86,91.86,91.86,91.86,91.86,91.86,91.86,91.86,91.86,91.86,91.86,91.86,91.86,91.86,91.86,91.86,91.86,91.86
92.203,92.203,92.203,92.203,92.203,92.203,92.203,92.203,92.203,92.203,92.203,92.203,92.203,92.203,92.203,92.203,92.203,92.203,92.203,92.203,92.203,92.203,92.203,92.203,92.203,92.203,92.203,92.203,92.203
92.545,92.545,92.545,92.545,92.545,92.545,92.545,92.545,92.545,92.545,92.545,92.545,92.545,92.545,92.545,92.545,92.545,92.545,92.545,92.545,92.545,92.545,92.545,92.545,92.545,92.545,92.545,92.545,92.545
92.888,92.888,92.888,92.888,92.888,92.888,92.888,92.888,92.888,92.888,92.888,92.888,92.888,92.888,92.888,92.888,92.888,92.888,92.888,92.888,92.888,92.888,92.888,92.888,92.888,92.888,92.888,92.888,92.888
93.231,93.231,93.231,93.231,93.231,93.231,93.231,93.231,93.231,93.231,93.231,93.231,93.231,93.231,93.231,93.231,93.231,93.231,93.231,93.231,93.231,93.231,93.231,93.231,93.231,93.231,93.231,93.231,93.231
93.574,93.574,93.574,93.574,93.574,93.574,93.574,93.574,93.574,93.574,93.574,93.574,93.574,93.574,93.574,93.574,93.574,93.574,93.574,93.574,93.574,93.574,93.574,93.574,93.574,93.574,93.574,93.574,93.574
93.916,93.916,93.916,93.916,93.916,93.916,93.916,93.916,93.916,93.916,93.916,93.916,93.916,93.916,93.916,93.916,93.916,93.916,93.916,93.916,93.916,93.916,93.916,93.916,93.916,93.916,93.916,93.916,93.916
94.259,94.259,94.259,94.259,94.259,94.259,94.259,94.259,94.259,94.259,94.259,94.259,94.259,94.259,94.259,94.259,94.259,94.259,94.259,94.259,94.259,94.259,94.259,94.259,94.259,94.259,94.259,94.259,94.259
94.602,94.602,94.602,94.602,94.602,94.602,94.602,94.602,94.602,94.602,94.602,94.602,94.602,94.602,94.602,94.602,94.602,94.602,94.602,94.602,94.602,94.602,94.602,94.602,94.602,94.602,94.602,94.602,94.602
94.945,94.945,94.945,94.945,94.945,94.945,94.945,94.945,94.945,94.945,94.945,94.945,94.945,94.945,94.945,94.945,94.945,94.945,94.945,94.945,94.945,94.945,94.945,94.945,94.945,94.945,94.945,94.945,94.945
95.287,95.287,95.287,95.287,95.287,95.287,95.287,95.287,95.287,95.287,95.287,95.287,95.287,95.287,95.287,95.287,95.287,95.287,95.287,95.287,95.287,95.287,95.287,95.287,95.287,95.287,95.287,95.287,95.287
95.63,95.63,95.63,95.63,95.63,95.63,95.63,95.63,95.63,95.63,95.63,95.63,95.63,95.63,95.63,95.63,95.63,95.63,95.63,95.63,95.63,95.63,95.63,95.63,95.63,95.63,95.63,95.63,95.63
95.973,95.973,95.973,95.973,95.973,95.973,95.973,95.973,95.973,95.973,95.973,95.973,95.973,95.973,95.973,95.973,95.973,95.973,95.973,95.973,95.973,95.973,95.973,95.973,95.973,95.973,95.973,95.973,95.973
96.316,96.316,96.316,96.316,96.316,96.316,96.316,96.316,96.316,96.316,96.316,96.316,96.316,96.316,96.316,96.316,96.316,96.316,96.316,96.316,96.316,96.316,96.316,96.316,96.316,96.316,96.316,96.316,96.316
96.658,96.658,96.658,96.658,96.658,96.658,96.658,96.658,96.658,96.658,96.658,96.658,96.658,96.658,96.658,96.658,96.658,96.658,96.658,96.658,96.658,96.658,96.658,96.658,96.658,96.658,96.658,96.658,96.658
97.001,97.001,97.001,97.001,97.001,97.001,97.001,97.001,97.001,97.001,97.001,97.001,97.001,97.001,97.001,97.001,97.001,97.001,97.001,97.001,97.001,97.001,97.001,97.001,97.001,97.001,97.001,97.001,97.001
97.344,97.344,97.344,97.344,97.344,97.344,97.344,97.344,97.344,97.344,97.344,97.344,97.344,97.344,97.344,97.344,97.344,97.344,97.344,97.344,97.344,97.344,97.344,97.344,97.344,97.344,97.344,97.344,97.344
97.687,97.687,97.687,97.687,97.687,97.687,97.687,97.687,97.687,97.687,97.687,97.687,97.687,97.687,97.687,97.687,97.687,97.687,97.687,97.687,97.687,97.687,97.687,97.687,97.687,97.687,97.687,97.687,97.687
98.029,98.029,98.029,98.029,98.029,98.029,98.029,98.029,98.029,98.029,98.029,98.029,98.029,98.029,98.029,98.029,98.029,98.029,98.029,98.029,98.029,98.029,98.029,98.029,98.029,98.029,98.029,98.029,98.029
98.372,98.372,98.372,98.372,98.372,98.372,98.372,98.372,98.372,98.372,98.372,98.372,98.372,98.372,98.372,98.372,98.372,98.372,98.372,98.372,98.372,98.372,98.372,98.372,98.372,98.372,98.372,98.372,98.372
98.715,98.715,98.715,98.715,98.715,98.715,98.715,98.715,98.715,98.715,98.715,98.715,98.715,98.715,98.715,98.715,98.715,98.715,98.715,98.715,98.715,98.715,98.715,98.715,98.715,98.715,98.715,98.715,98.715
99.058,99.058,99.058,99.058,99.058,99.058,99.058,99.058,99.058,99.058,99.058,99.058,99.058,99.058,99.058,99.058,99.058,99.058,99.058,99.058,99.058,99.058,99.058,99.058,99.058,99.058,99.058,99.058,99.058
99.401,99.401,99.401,99.401,99.401,99.401,99.401,99.401,99.401,99.401,99.401,99.401,99.401,99.401,99.401,99.401,99.401,99.401,99.401,99.401,99.401,99.401,99.401,99.401,99.401,99.401,99.401,99.401,99.401
99.743,99.743,99.743,99.743,99.743,99.743,99.743,99.743,99.743,99.743,99.743,99.743,99.743,99.743,99.743,99.743,99.743,99.743,99.743,99.743,99.743,99.743,99.743,99.743,99.743,99.743,99.743,99.743,99.743
100.09,100.09,100.09,100.09,100.09,100.09,100.09,100.09,100.09,100.09,100.09,100.09,100.09,100.09,100.09,100.09,100.09,100.09,100.09,100.09,100.09,100.09,100.09,100.09,100.09,100.09,100.09,100.09,100.09
100.43,100.43,100.43,100.43,100.43,100.43,100.43,100.43,100.43,100.43,100.43,100.43,100.43,100.43,100.43,100.43,100.43,100.43,100.43,100.43,100.43,100.43,100.43,100.43,100.43,100.43,100.43,100.43,100.43
100.77,100.77,100.77,100.77,100.77,100.77,100.77,100.77,100.77,100.77,100.77,100.77,100.77,100.77,100.77,100.77,100.77,100.77,100.77,100.77,100.77,100.77,100.77,100.77,100.77,100.77,100.77,100.77,100.77
101.11,101.11,101.11,101.11,101.11,101.11,101.11,101.11,101.11,101.11,101.11,101.11,101.11,101.11,101.11,101.11,101.11,101.11,101.11,101.11,101.11,101.11,101.11,101.11,101.11,101.11,101.11,101.11,101.11
101.46,101.46,101.46,101.46,101.46,101.46,101.46,101.46,101.46,101.46,101.46,101.46,101.46,101.46,101.46,101.46,101.46,101.46,101.46,101.46,101.46,101.46,101.46,101.46,101.46,101.46,101.46,101.46,101.46
101.8,101.8,101.8,101.8,101.8,101.8,101.8,101.8,101.8,101.8,101.8,101.8,101.8,101.8,101.8,101.8,101.8,101.8,101.8,101.8,101.8,101.8,101.8,101.8,101.8,101.8,101.8,101.8,101.8
102.14,102.14,102.14,102.14,102.14,102.14,102.14,102.14,102.14,102.14,102.14,102.14,102.14,102.14,102.14,102.14,102.14,102.14,102.14,102.14,102.14,102.14,102.14,102.14,102.14,102.14,102.14,102.14,102.14
102.49,102.49,102.49,102.49,102.49,102.49,102.49,102.49,102.49,102.49,102.49,102.49,102.49,102.49,102.49,102.49,102.49,102.49,102.49,102.49,102.49,102.49,102.49,102.49,102.49,102.49,102.49,102.49,102.49
102.83,102.83,102.83,102.83,102.83,102.83,102.83,102.83,102.83,102.83,102.83,102.83,102.83,102.83,102.83,102.83,102.83,102.83,102.83,102.83,102.83,102.83,102.83,102.83,102.83,102.83,102.83,102.83,102.83
103.17,103.17,103.17,103.17,103.17,103.17,103.17,103.17,103.17,103.17,103.17,103.17,103.17,103.17,103.17,103.17,103.17,103.17,103.17,103.17,103.17,103.17,103.17,103.17,103.17,103.17,103.17,103.17,103.17
103.51,103.51,103.51,103.51,103.51,103.51,103.51,103.51,103.51,103.51,103.51,103.51,103.51,103.51,103.51,103.51,103.51,103.51,103.51,103.51,103.51,103.51,103.51,103.51,103.51,103.51,103.51,103.51,103.51
103.86,103.86,103.86,103.86,103.86,103.86,103.86,103.86,103.86,103.86,103.86,103.86,103.86,103.86,103.86,103.86,103.86,103.86,103.86,103.86,103.86,103.86,103.86,103.86,103.86,103.86,103.86,103.86,103.86
104.2,104.2,104.2,104.2,104.2,104.2,104.2,104.2,104.2,104.2,104.2,104.2,104.2,104.2,104.2,104.2,104.2,104.2,104.2,104.2,104.2,104.2,104.2,104.2,104.2,104.2,104.2,104.2,104.2
104.54,104.54,104.54,104.54,104.54,104.54,104.54,104.54,104.54,104.54,104.54,104.54,104.54,104.54,104.54,104.54,104.54,104.54,104.54,104.54,104.54,104.54,104.54,104.54,104.54,104.54,104.54,104.54,104.54
104.88,104.88,104.88,104.88,104.88,104.88,104.88,104.88,104.88,104.88,104.88,104.88,104.88,104.88,104.88,104.88,104.88,104.88,104.88,104.88,104.88,104.88,104.88,104.88,104.88,104.88,104.88,104.88,104.88
105.23,105.23,105.23,105.23,105.23,105.23,105.23,105.23,105.23,105.23,105.23,105.23,105.23,105.23,105.23,105.23,105.23,105.23,105.23,105.23,105.23,105.23,105.23,105.23,105.23,105.23,105.23,105.23,105.23
105.57,105.57,105.57,105.57,105.57,105.57,105.57,105.57,105.57,105.57,105.57,105.57,105.57,105.57,105.57,105.57,105.57,105.57,105.57,105.57,105.57,105.57,105.57,105.57,105.57,105.57,105.57,105.57,105.57
105.91,105.91,105.91,105.91,105.91,105.91,105.91,105.91,105.91,105.91,105.91,105.91,105.91,105.91,105.91,105.91,105.91,105.91,105.91,105.91,105.91,105.91,105.91,105.91,105.91,105.91,105.91,105.91,105.91
106.26,106.26,106.26,106.26,106.26,106.26,106.26,106.26,106.26,106.26,106.26,106.26,106.26,106.26,106.26,106.26,106.26,106.26,106.26,106.26,106.26,106.26,106.26,106.26,106.26,106.26,106.26,106.26,106.26
106.6,106.6,106.6,106.6,106.6,106.6,106.6,106.6,106.6,106.6,106.6,106.6,106.6,106.6,106.6,106.6,106.6,106.6,106.6,106.6,106.6,106.6,106.6,106.6,106.6,106.6,106.6,106.6,106.6
106.94,106.94,106.94,106.94,106.94,106.94,106.94,106.94,106.94,106.94,106.94,106.94,106.94,106.94,106.94,106.94,106.94,106.94,106.94,106.94,106.94,106.94,106.94,106.94,106.94,106.94,106.94,106.94,106.94
107.28,107.28,107.28,107.28,107.28,107.28,107.28,107.28,107.28,107.28,107.28,107.28,107.28,107.28,107.28,107.28,107.28,107.28,107.28,107.28,107.28,107.28,107.28,107.28,107.28,107.28,107.28,107.28,107.28
107.63,107.63,107.63,107.63,107.63,107.63,107.63,107.63,107.63,107.63,107.63,107.63,107.63,107.63,107.63,107.63,107.63,107.63,107.63,107.63,107.63,107.63,107.63,107.63,107.63,107.63,107.63,107.63,107.63
107.97,107.97,107.97,107.97,107.97,107.97,107.97,107.97,107.97,107.97,107.97,107.97,107.97,107.97,107.97,107.97,107.97,107.97,107.97,107.97,107.97,107.97,107.97,107.97,107.97,107.97,107.97,107.97,107.97
108.31,108.31,108.31,108.31,108.31,108.31,108.31,108.31,108.31,108.31,108.31,108.31,108.31,108.31,108.31,108.31,108.31,108.31,108.31,108.31,108.31,108.31,108.31,108.31,108.31,108.31,108.31,108.31,108.31
108.65,108.65,108.65,108.65,108.65,108.65,108.65,108.65,108.65,108.65,108.65,108.65,108.65,108.65,108.65,108.65,108.65,108.65,108.65,108.65,108.65,108.65,108.65,108.65,108.65,108.65,108.65,108.65,108.65
109,109,109,109,109,109,109,109,109,109,109,109,109,109,109,109,109,109,109,109,109,109,109,109,109,109,109,109,109
109.34,109.34,109.34,109.34,109.34,109.34,109.34,109.34,109.34,109.34,109.34,109.34,109.34,109.34,109.34,109.34,109.34,109.34,109.34,109.34,109.34,109.34,109.34,109.34,109.34,109.34,109.34,109.34,109.34
109.68,109.68,109.68,109.68,109.68,109.68,109.68,109.68,109.68,109.68,109.68,109.68,109.68,109.68,109.68,109.68,109.68,109.68,109.68,109.68,109.68,109.68,109.68,109.68,109.68,109.68,109.68,109.68,109.68
110.03,110.03,110.03,110.03,110.03,110.03,110.03,110.03,110.03,110.03,110.03,110.03,110.03,110.03,110.03,110.03,110.03,110.03,110.03,110.03,110.03,110.03,110.03,110.03,110.03,110.03,110.03,110.03,110.03
110.37,110.37,110.37,110.37,110.37,110.37,110.37,110.37,110.37,110.37,110.37,110.37,110.37,110.37,110.37,110.37,110.37,110.37,110.37,110.37,110.37,110.37,110.37,110.37,110.37,110.37,110.37,110.37,110.37
110.71,110.71,110.71,110.71,110.71,110.71,110.71,110.71,110.71,110.71,110.71,110.71,110.71,110.71,110.71,110.71,110.71,110.71,110.71,110.71,110.71,110.71,110.71,110.71,110.71,110.71,110.71,110.71,110.71
111.05,111.05,111.05,111.05,111.05,111.05,111.05,111.05,111.05,111.05,111.05,111.05,111.05,111.05,111.05,111.05,111.05,111.05,111.05,111.05,111.05,111.05,111.05,111.05,111.05,111.05,111.05,111.05,111.05
111.4,111.4,111.4,111.4,111.4,111.4,111.4,111.4,111.4,111.4,111.4,111.4,111.4,111.4,111.4,111.4,111.4,111.4,111.4,111.4,111.4,111.4,111.4,111.4,111.4,111.4,111.4,111.4,111.4
111.74,111.74,111.74,111.74,111.74,111.74,111.74,111.74,111.74,111.74,111.74,111.74,111.74,111.74,111.74,111.74,111.74,111.74,111.74,111.74,111.74,111.74,111.74,111.74,111.74,111.74,111.74,111.74,111.74
112.08,112.08,112.08,112.08,112.08,112.08,112.08,112.08,112.08,112.08,112.08,112.08,112.08,112.08,112.08,112.08,112.08,112.08,112.08,112.08,112.08,112.08,112.08,112.08,112.08,112.08,112.08,112.08,112.08
112.43,112.43,112.43,112.43,112.43,112.43,112.43,112.43,112.43,112.43,112.43,112.43,112.43,112.43,112.43,112.43,112.43,112.43,112.43,112.43,112.43,112.43,112.43,112.43,112.43,112.43,112.43,112.43,112.43
112.77,112.77,112.77,112.77,112.77,112.77,112.77,112.77,112.77,112.77,112.77,112.77,112.77,112.77,112.77,112.77,112.77,112.77,112.77,112.77,112.77,112.77,112.77,112.77,112.77,112.77,112.77,112.77,112.77
113.11,113.11,113.11,113.11,113.11,113.11,113.11,113.11,113.11,113.11,113.11,113.11,113.11,113.11,113.11,113.11,113.11,113.11,113.11,113.11,113.11,113.11,113.11,113.11,113.11,113.11,113.11,113.11,113.11
113.45,113.45,113.45,113.45,113.45,113.45,113.45,113.45,113.45,113.45,113.45,113.45,113.45,113.45,113.45,113.45,113.45,113.45,113.45,113.45,113.45,113.45,113.45,113.45,113.45,113.45,113.45,113.45,113.45
113.8,113.8,113.8,113.8,113.8,113.8,113.8,113.8,113.8,113.8,113.8,113.8,113.8,113.8,113.8,113.8,113.8,113.8,113.8,113.8,113.8,113.8,113.8,113.8,113.8,113.8,113.8,113.8,113.8
114.14,114.14,114.14,114.14,114.14,114.14,114.14,114.14,114.14,114.14,114.14,114.14,114.14,114.14,114.14,114.14,114.14,114.14,114.14,114.14,114.14,114.14,114.14,114.14,114.14,114.14,114.14,114.14,114.14
114.48,114.48,114.48,114.48,114.48,114.48,114.48,114.48,114.48,114.48,114.48,114.48,114.48,114.48,114.48,114.48,114.48,114.48,114.48,114.48,114.48,114.48,114.48,114.48,114.48,114.48,114.48,114.48,114.48
114.82,114.82,114.82,114.82,114.82,114.82,114.82,114.82,114.82,114.82,114.82,114.82,114.82,114.82,114.82,114.82,114.82,114.82,114.82,114.82,114.82,114.82,114.82,114.82,114.82,114.82,114.82,114.82,114.82
115.17,115.17,115.17,115.17,115.17,115.17,115.17,115.17,115.17,115.17,115.17,115.17,115.17,115.17,115.17,115.17,115.17,115.17,115.17,115.17,115.17,115.17,115.17,115.17,115.17,115.17,115.17,115.17,115.17
115.51,115.51,115.51,115.51,115.51,115.51,115.51,115.51,115.51,115.51,115.51,115.51,115.51,115.51,115.51,115.51,115.51,115.51,115.51,115.51,115.51,115.51,115.51,115.51,115.51,115.51,115.51,115.51,115.51
115.85,115.85,115.85,115.85,115.85,115.85,115.85,115.85,115.85,115.85,115.85,115.85,115.85,115.85,115.85,115.85,115.85,115.85,115.85,115.85,115.85,115.85,115.85,115.85,115.85,115.85,115.85,115.85,115.85
116.2,116.2,116.2,116.2,116.2,116.2,116.2,116.2,116.2,116.2,116.2,116.2,116.2,116.2,116.2,116.2,116.2,116.2,116.2,116.2,116.2,116.2,116.2,116.2,116.2,116.2,116.2,116.2,116.2
116.54,116.54,116.54,116.54,116.54,116.54,116.54,116.54,116.54,116.54,116.54,116.54,116.54,116.54,116.54,116.54,116.54,116.54,116.54,116.54,116.54,116.54,116.54,116.54,116.54,116.54,116.54,116.54,116.54
116.88,116.88,116.88,116.88,116.88,116.88,116.88,116.88,116.88,116.88,116.88,116.88,116.88,116.88,116.88,116.88,116.88,116.88,116.88,116.88,116.88,116.88,116.88,116.88,116.88,116.88,116.88,116.88,116.88
117.22,117.22,117.22,117.22,117.22,117.22,117.22,117.22,117.22,117.22,117.22,117.22,117.22,117.22,117.22,117.22,117.22,117.22,117.22,117.22,117.22,117.22,117.22,117.22,117.22,117.22,117.22,117.22,117.22
117.57,117.57,117.57,117.57,117.57,117.57,117.57,117.57,117.57,117.57,117.57,117.57,117.57,117.57,117.57,117.57,117.57,117.57,117.57,117.57,117.57,117.57,117.57,117.57,117.57,117.57,117.57,117.57,117.57
117.91,117.91,117.91,117.91,117.91,117.91,117.91,117.91,117.91,117.91,117.91,117.91,117.91,117.91,117.91,117.91,117.91,117.91,117.91,117.91,117.91,117.91,117.91,117.91,117.91,117.91,117.91,117.91,117.91
118.25,118.25,118.25,118.25,118.25,118.25,118.25,118.25,118.25,118.25,118.25,118.25,118.25,118.25,118.25,118.25,118.25,118.25,118.25,118.25,118.25,118.25,118.25,118.25,118.25,118.25,118.25,118.25,118.25
118.59,118.59,118.59,118.59,118.59,118.59,118.59,118.59,118.59,118.59,118.59,118.59,118.59,118.59,118.59,118.59,118.59,118.59,118.59,118.59,118.59,118.59,118.59,118.59,118.59,118.59,118.59,118.59,118.59
118.94,118.94,118.94,118.94,118.94,118.94,118.94,118.94,118.94,118.94,118.94,118.94,118.94,118.94,118.94,118.94,118.94,118.94,118.94,118.94,118.94,118.94,118.94,118.94,118.94,118.94,118.94,118.94,118.94
119.28,119.28,119.28,119.28,119.28,119.28,119.28,119.28,119.28,119.28,119.28,119.28,119.28,119.28,119.28,119.28,119.28,119.28,119.28,119.28,119.28,119.28,119.28,119.28,119.28,119.28,119.28,119.28,119.28
119.62,119.62,119.62,119.62,119.62,119.62,119.62,119.62,119.62,119.62,119.62,119.62,119.62,119.62,119.62,119.62,119.62,119.62,119.62,119.62,119.62,119.62,119.62,119.62,119.62,119.62,119.62,119.62,119.62
119.97,119.97,119.97,119.97,119.97,119.97,119.97,119.97,119.97,119.97,119.97,119.97,119.97,119.97,119.97,119.97,119.97,119.97,119.97,119.97,119.97,119.97,119.97,119.97,119.97,119.97,119.97,119.97,119.97
120.31,120.31,120.31,120.31,120.31,120.31,120.31,120.31,120.31,120.31,120.31,120.31,120.31,120.31,120.31,120.31,120.31,120.31,120.31,120.31,120.31,120.31,120.31,120.31,120.31,120.31,120.31,120.31,120.31
120.65,120.65,120.65,120.65,120.65,120.65,120.65,120.65,120.65,120.65,120.65,120.65,120.65,120.65,120.65,120.65,120.65,120.65,120.65,120.65,120.65,120.65,120.65,120.65,120.65,120.65,120.65,120.65,120.65
120.99,120.99,120.99,120.99,120.99,120.99,120.99,120.99,120.99,120.99,120.99,120.99,120.99,120.99,120.99,120.99,120.99,120.99,120.99,120.99,120.99,120.99,120.99,120.99,120.99,120.99,120.99,120.99,120.99
121.34,121.34,121.34,121.34,121.34,121.34,121.34,121.34,121.34,121.34,121.34,121.34,121.34,121.34,121.34,121.34,121.34,121.34,121.34,121.34,121.34,121.34,121.34,121.34,121.34,121.34,121.34,121.34,121.34
121.68,121.68,121.68,121.68,121.68,121.68,121.68,121.68,121.68,121.68,121.68,121.68,121.68,121.68,121.68,121.68,121.68,121.68,121.68,121.68,121.68,121.68,121.68,121.68,121.68,121.68,121.68,121.68,121.68
122.02,122.02,122.02,122.02,122.02,122.02,122.02,122.02,122.02,122.02,122.02,122.02,122.02,122.02,122.02,122.02,122.02,122.02,122.02,122.02,122.02,122.02,122.02,122.02,122.02,122.02,122.02,122.02,122.02
122.36,122.36,122.36,122.36,122.36,122.36,122.36,122.36,122.36,122.36,122.36,122.36,122.36,122.36,122.36,122.36,122.36,122.36,122.36,122.36,122.36,122.36,122.36,122.36,122.36,122.36,122.36,122.36,122.36
122.71,122.71,122.71,122.71,122.71,122.71,122.71,122.71,122.71,122.71,122.71,122.71,122.71,122.71,122.71,122.71,122.71,122.71,122.71,122.71,122.71,122.71,122.71,122.71,122.71,122.71,122.71,122.71,122.71
123.05,123.05,123.05,123.05,123.05,123.05,123.05,123.05,123.05,123.05,123.05,123.05,123.05,123.05,123.05,123.05,123.05,123.05,123.05,123.05,123.05,123.05,123.05,123.05,123.05,123.05,123.05,123.05,123.05
123.39,123.39,123.39,123.39,123.39,123.39,123.39,123.39,123.39,123.39,123.39,123.39,123.39,123.39,123.39,123.39,123.39,123.39,123.39,123.39,123.39,123.39,123.39,123.39,123.39,123.39,123.39,123.39,123.39
123.74,123.74,123.74,123.74,123.74,123.74,123.74,123.74,123.74,123.74,123.74,123.74,123.74,123.74,123.74,123.74,123.74,123.74,123.74,123.74,123.74,123.74,123.74,123.74,123.74,123.74,123.74,123.74,123.74
124.08,124.08,124.08,124.08,124.08,124.08,124.08,124.08,124.08,124.08,124.08,124.08,124.08,124.08,124.08,124.08,124.08,124.08,124.08,124.08,124.08,124.08,124.08,124.08,124.08,124.08,124.08,124.08,124.08
124.42,124.42,124.42,124.42,124.42,124.42,124.42,124.42,124.42,124.42,124.42,124.42,124.42,124.42,124.42,124.42,124.42,124.42,124.42,124.42,124.42,124.42,124.42,124.42,124.42,124.42,124.42,124.42,124.42
124.76,124.76,124.76,124.76,124.76,124.76,124.76,124.76,124.76,124.76,124.76,124.76,124.76,124.76,124.76,124.76,124.76,124.76,124.76,124.76,124.76,124.76,124.76,124.76,124.76,124.76,124.76,124.76,124.76
125.11,125.11,125.11,125.11,125.11,125.11,125.11,125.11,125.11,125.11,125.11,125.11,125.11,125.11,125.11,125.11,125.11,125.11,125.11,125.11,125.11,125.11,125.11,125.11,125.11,125.11,125.11,125.11,125.11
125.45,125.45,125.45,125.45,125.45,125.45,125.45,125.45,125.45,125.45,125.45,125.45,125.45,125.45,125.45,125.45,125.45,125.45,125.45,125.45,125.45,125.45,125.45,125.45,125.45,125.45,125.45,125.45,125.45
125.79,125.79,125.79,125.79,125.79,125.79,125.79,125.79,125.79,125.79,125.79,125.79,125.79,125.79,125.79,125.79,125.79,125.79,125.79,125.79,125.79,125.79,125.79,125.79,125.79,125.79,125.79,125.79,125.79
126.14,126.14,126.14,126.14,126.14,126.14,126.14,126.14,126.14,126.14,126.14,126.14,126.14,126.14,126.14,126.14,126.14,126.14,126.14,126.14,126.14,126.14,126.14,126.14,126.14,126.14,126.14,126.14,126.14
126.48,126.48,126.48,126.48,126.48,126.48,126.48,126.48,126.48,126.48,126.48,126.48,126.48,126.48,126.48,126.48,126.48,126.48,126.48,126.48,126.48,126.48,126.48,126.48,126.48,126.48,126.48,126.48,126.48
126.82,126.82,126.82,126.82,126.82,126.82,126.82,126.82,126.82,126.82,126.82,126.82,126.82,126.82,126.82,126.82,126.82,126.82,126.82,126.82,126.82,126.82,126.82,126.82,126.82,126.82,126.82,126.82,126.82
127.16,127.16,127.16,127.16,127.16,127.16,127.16,127.16,127.16,127.16,127.16,127.16,127.16,127.16,127.16,127.16,127.16,127.16,127.16,127.16,127.16,127.16,127.16,127.16,127.16,127.16,127.16,127.16,127.16
127.51,127.51,127.51,127.51,127.51,127.51,127.51,127.51,127.51,127.51,127.51,127.51,127.51,127.51,127.51,127.51,127.51,127.51,127.51,127.51,127.51,127.51,127.51,127.51,127.51,127.51,127.51,127.51,127.51
127.85,127.85,127.85,127.85,127.85,127.85,127.85,127.85,127.85,127.85,127.85,127.85,127.85,127.85,127.85,127.85,127.85,127.85,127.85,127.85,127.85,127.85,127.85,127.85,127.85,127.85,127.85,127.85,127.85
128.19,128.19,128.19,128.19,128.19,128.19,128.19,128.19,128.19,128.19,128.19,128.19,128.19,128.19,128.19,128.19,128.19,128.19,128.19,128.19,128.19,128.19,128.19,128.19,128.19,128.19,128.19,128.19,128.19
128.53,128.53,128.53,128.53,128.53,128.53,128.53,128.53,128.53,128.53,128.53,128.53,128.53,128.53,128.53,128.53,128.53,128.53,128.53,128.53,128.53,128.53,128.53,128.53,128.53,128.53,128.53,128.53,128.53
128.88,128.88,128.88,128.88,128.88,128.88,128.88,128.88,128.88,128.88,128.88,128.88,128.88,128.88,128.88,128.88,128.88,128.88,128.88,128.88,128.88,128.88,128.88,128.88,128.88,128.88,128.88,128.88,128.88
129.22,129.22,129.22,129.22,129.22,129.22,129.22,129.22,129.22,129.22,129.22,129.22,129.22,129.22,129.22,129.22,129.22,129.22,129.22,129.22,129.22,129.22,129.22,129.22,129.22,129.22,129.22,129.22,129.22
129.56,129.56,129.56,129.56,129.56,129.56,129.56,129.56,129.56,129.56,129.56,129.56,129.56,129.56,129.56,129.56,129.56,129.56,129.56,129.56,129.56,129.56,129.56,129.56,129.56,129.56,129.56,129.56,129.56
129.91,129.91,129.91,129.91,129.91,129.91,129.91,129.91,129.91,129.91,129.91,129.91,129.91,129.91,129.91,129.91,129.91,129.91,129.91,129.91,129.91,129.91,129.91,129.91,129.91,129.91,129.91,129.91,129.91
130.25,130.25,130.25,130.25,130.25,130.25,130.25,130.25,130.25,130.25,130.25,130.25,130.25,130.25,130.25,130.25,130.25,130.25,130.25,130.25,130.25,130.25,130.25,130.25,130.25,130.25,130.25,130.25,130.25
130.59,130.59,130.59,130.59,130.59,130.59,130.59,130.59,130.59,130.59,130.59,130.59,130.59,130.59,130.59,130.59,130.59,130.59,130.59,130.59,130.59,130.59,130.59,130.59,130.59,130.59,130.59,130.59,130.59
130.93,130.93,130.93,130.93,130.93,130.93,130.93,130.93,130.93,130.93,130.93,130.93,130.93,130.93,130.93,130.93,130.93,130.93,130.93,130.93,130.93,130.93,130.93,130.93,130.93,130.93,130.93,130.93,130.93
131.28,131.28,131.28,131.28,131.28,131.28,131.28,131.28,131.28,131.28,131.28,131.28,131.28,131.28,131.28,131.28,131.28,131.28,131.28,131.28,131.28,131.28,131.28,131.28,131.28,131.28,131.28,131.28,131.28
131.62,131.62,131.62,131.62,131.62,131.62,131.62,131.62,131.62,131.62,131.62,131.62,131.62,131.62,131.62,131.62,131.62,131.62,131.62,131.62,131.62,131.62,131.62,131.62,131.62,131.62,131.62,131.62,131.62
131.96,131.96,131.96,131.96,131.96,131.96,131.96,131.96,131.96,131.96,131.96,131.96,131.96,131.96,131.96,131.96,131.96,131.96,131.96,131.96,131.96,131.96,131.96,131.96,131.96,131.96,131.96,131.96,131.96
132.3,132.3,132.3,132.3,132.3,132.3,132.3,132.3,132.3,132.3,132.3,132.3,132.3,132.3,132.3,132.3,132.3,132.3,132.3,132.3,132.3,132.3,132.3,132.3,132.3,132.3,132.3,132.3,132.3
132.65,132.65,132.65,132.65,132.65,132.65,132.65,132.65,132.65,132.65,132.65,132.65,132.65,132.65,132.65,132.65,132.65,132.65,132.65,132.65,132.65,132.65,132.65,132.65,132.65,132.65,132.65,132.65,132.65
132.99,132.99,132.99,132.99,132.99,132.99,132.99,132.99,132.99,132.99,132.99,132.99,132.99,132.99,132.99,132.99,132.99,132.99,132.99,132.99,132.99,132.99,132.99,132.99,132.99,132.99,132.99,132.99,132.99
133.33,133.33,133.33,133.33,133.33,133.33,133.33,133.33,133.33,133.33,133.33,133.33,133.33,133.33,133.33,133.33,133.33,133.33,133.33,133.33,133.33,133.33,133.33,133.33,133.33,133.33,133.33,133.33,133.33
133.68,133.68,133.68,133.68,133.68,133.68,133.68,133.68,133.68,133.68,133.68,133.68,133.68,133.68,133.68,133.68,133.68,133.68,133.68,133.68,133.68,133.68,133.68,133.68,133.68,133.68,133.68,133.68,133.68
134.02,134.02,134.02,134.02,134.02,134.02,134.02,134.02,134.02,134.02,134.02,134.02,134.02,134.02,134.02,134.02,134.02,134.02,134.02,134.02,134.02,134.02,134.02,134.02,134.02,134.02,134.02,134.02,134.02
134.36,134.36,134.36,134.36,134.36,134.36,134.36,134.36,134.36,134.36,134.36,134.36,134.36,134.36,134.36,134.36,134.36,134.36,134.36,134.36,134.36,134.36,134.36,134.36,134.36,134.36,134.36,134.36,134.36
134.7,134.7,134.7,134.7,134.7,134.7,134.7,134.7,134.7,134.7,134.7,134.7,134.7,134.7,134.7,134.7,134.7,134.7,134.7,134.7,134.7,134.7,134.7,134.7,134.7,134.7,134.7,134.7,134.7
135.05,135.05,135.05,135.05,135.05,135.05,135.05,135.05,135.05,135.05,135.05,135.05,135.05,135.05,135.05,135.05,135.05,135.05,135.05,135.05,135.05,135.05,135.05,135.05,135.05,135.05,135.05,135.05,135.05
135.39,135.39,135.39,135.39,135.39,135.39,135.39,135.39,135.39,135.39,135.39,135.39,135.39,135.39,135.39,135.39,135.39,135.39,135.39,135.39,135.39,135.39,135.39,135.39,135.39,135.39,135.39,135.39,135.39
135.73,135.73,135.73,135.73,135.73,135.73,135.73,135.73,135.73,135.73,135.73,135.73,135.73,135.73,135.73,135.73,135.73,135.73,135.73,135.73,135.73,135.73,135.73,135.73,135.73,135.73,135.73,135.73,135.73
136.07,136.07,136.07,136.07,136.07,136.07,136.07,136.07,136.07,136.07,136.07,136.07,136.07,136.07,136.07,136.07,136.07,136.07,136.07,136.07,136.07,136.07,136.07,136.07,136.07,136.07,136.07,136.07,136.07
136.42,136.42,136.42,136.42,136.42,136.42,136.42,136.42,136.42,136.42,136.42,136.42,136.42,136.42,136.42,136.42,136.42,136.42,136.42,136.42,136.42,136.42,136.42,136.42,136.42,136.42,136.42,136.42,136.42
136.76,136.76,136.76,136.76,136.76,136.76,136.76,136.76,136.76,136.76,136.76,136.76,136.76,136.76,136.76,136.76,136.76,136.76,136.76,136.76,136.76,136.76,136.76,136.76,136.76,136.76,136.76,136.76,136.76
137.1,137.1,137.1,137.1,137.1,137.1,137.1,137.1,137.1,137.1,137.1,137.1,137.1,137.1,137.1,137.1,137.1,137.1,137.1,137.1,137.1,137.1,137.1,137.1,137.1,137.1,137.1,137.1,137.1
137.45,137.45,137.45,137.45,137.45,137.45,137.45,137.45,137.45,137.45,137.45,137.45,137.45,137.45,137.45,137.45,137.45,137.45,137.45,137.45,137.45,137.45,137.45,137.45,137.45,137.45,137.45,137.45,137.45
137.79,137.79,137.79,137.79,137.79,137.79,137.79,137.79,137.79,137.79,137.79,137.79,137.79,137.79,137.79,137.79,137.79,137.79,137.79,137.79,137.79,137.79,137.79,137.79,137.79,137.79,137.79,137.79,137.79
138.13,138.13,138.13,138.13,138.13,138.13,138.13,138.13,138.13,138.13,138.13,138.13,138.13,138.13,138.13,138.13,138.13,138.13,138.13,138.13,138.13,138.13,138.13,138.13,138.13,138.13,138.13,138.13,138.13
138.47,138.47,138.47,138.47,138.47,138.47,138.47,138.47,138.47,138.47,138.47,138.47,138.47,138.47,138.47,138.47,138.47,138.47,138.47,138.47,138.47,138.47,138.47,138.47,138.47,138.47,138.47,138.47,138.47
138.82,138.82,138.82,138.82,138.82,138.82,138.82,138.82,138.82,138.82,138.82,138.82,138.82,138.82,138.82,138.82,138.82,138.82,138.82,138.82,138.82,138.82,138.82,138.82,138.82,138.82,138.82,138.82,138.82
139.16,139.16,139.16,139.16,139.16,139.16,139.16,139.16,139.16,139.16,139.16,139.16,139.16,139.16,139.16,139.16,139.16,139.16,139.16,139.16,139.16,139.16,139.16,139.16,139.16,139.16,139.16,139.16,139.16
139.5,139.5,139.5,139.5,139.5,139.5,139.5,139.5,139.5,139.5,139.5,139.5,139.5,139.5,139.5,139.5,139.5,139.5,139.5,139.5,139.5,139.5,139.5,139.5,139.5,139.5,139.5,139.5,139.5
139.85,139.85,139.85,139.85,139.85,139.85,139.85,139.85,139.85,139.85,139.85,139.85,139.85,139.85,139.85,139.85,139.85,139.85,139.85,139.85,139.85,139.85,139.85,139.85,139.85,139.85,139.85,139.85,139.85
140.19,140.19,140.19,140.19,140.19,140.19,140.19,140.19,140.19,140.19,140.19,140.19,140.19,140.19,140.19,140.19,140.19,140.19,140.19,140.19,140.19,140.19,140.19,140.19,140.19,140.19,140.19,140.19,140.19
140.53,140.53,140.53,140.53,140.53,140.53,140.53,140.53,140.53,140.53,140.53,140.53,140.53,140.53,140.53,140.53,140.53,140.53,140.53,140.53,140.53,140.53,140.53,140.53,140.53,140.53,140.53,140.53,140.53
140.87,140.87,140.87,140.87,140.87,140.87,140.87,140.87,140.87,140.87,140.87,140.87,140.87,140.87,140.87,140.87,140.87,140.87,140.87,140.87,140.87,140.87,140.87,140.87,140.87,140.87,140.87,140.87,140.87
141.22,141.22,141.22,141.22,141.22,141.22,141.22,141.22,141.22,141.22,141.22,141.22,141.22,141.22,141.22,141.22,141.22,141.22,141.22,141.22,141.22,141.22,141.22,141.22,141.22,141.22,141.22,141.22,141.22
141.56,141.56,141.56,141.56,141.56,141.56,141.56,141.56,141.56,141.56,141.56,141.56,141.56,141.56,141.56,141.56,141.56,141.56,141.56,141.56,141.56,141.56,141.56,141.56,141.56,141.56,141.56,141.56,141.56
141.9,141.9,141.9,141.9,141.9,141.9,141.9,141.9,141.9,141.9,141.9,141.9,141.9,141.9,141.9,141.9,141.9,141.9,141.9,141.9,141.9,141.9,141.9,141.9,141.9,141.9,141.9,141.9,141.9
142.24,142.24,142.24,142.24,142.24,142.24,142.24,142.24,142.24,142.24,142.24,142.24,142.24,142.24,142.24,142.24,142.24,142.24,142.24,142.24,142.24,142.24,142.24,142.24,142.24,142.24,142.24,142.24,142.24
142.59,142.59,142.59,142.59,142.59,142.59,142.59,142.59,142.59,142.59,142.59,142.59,142.59,142.59,142.59,142.59,142.59,142.59,142.59,142.59,142.59,142.59,142.59,142.59,142.59,142.59,142.59,142.59,142.59
142.93,142.93,142.93,142.93,142.93,142.93,142.93,142.93,142.93,142.93,142.93,142.93,142.93,142.93,142.93,142.93,142.93,142.93,142.93,142.93,142.93,142.93,142.93,142.93,142.93,142.93,142.93,142.93,142.93
143.27,143.27,143.27,143.27,143.27,143.27,143.27,143.27,143.27,143.27,143.27,143.27,143.27,143.27,143.27,143.27,143.27,143.27,143.27,143.27,143.27,143.27,143.27,143.27,143.27,143.27,143.27,143.27,143.27
143.61,143.61,143.61,143.61,143.61,143.61,143.61,143.61,143.61,143.61,143.61,143.61,143.61,143.61,143.61,143.61,143.61,143.61,143.61,143.61,143.61,143.61,143.61,143.61,143.61,143.61,143.61,143.61,143.61
143.95,143.95,143.95,143.95,143.95,143.95,143.95,143.95,143.95,143.95,143.95,143.95,143.95,143.95,143.95,143.95,143.95,143.95,143.95,143.95,143.95,143.95,143.95,143.95,143.95,143.95,143.95,143.95,143.95
144.29,144.29,144.29,144.29,144.29,144.29,144.29,144.29,144.29,144.29,144.29,144.29,144.29,144.29,144.29,144.29,144.29,144.29,144.29,144.29,144.29,144.29,144.29,144.29,144.29,144.29,144.29,144.29,144.29
144.63,144.63,144.63,144.63,144.63,144.63,144.63,144.63,144.63,144.63,144.63,144.63,144.63,144.63,144.63,144.63,144.63,144.63,144.63,144.63,144.63,144.63,144.63,144.63,144.63,144.63,144.63,144.63,144.63
144.97,144.97,144.97,144.97,144.97,144.97,144.97,144.97,144.97,144.97,144.97,144.97,144.97,144.97,144.97,144.97,144.97,144.97,144.97,144.97,144.97,144.97,144.97,144.97,144.97,144.97,144.97,144.97,144.97
145.31,145.31,145.31,145.31,145.31,145.31,145.31,145.31,145.31,145.31,145.31,145.31,145.31,145.31,145.31,145.31,145.31,145.31,145.31,145.31,145.31,145.31,145.31,145.31,145.31,145.31,145.31,145.31,145.31
145.65,145.65,145.65,145.65,145.65,145.65,145.65,145.65,145.65,145.65,145.65,145.65,145.65,145.65,145.65,145.65,145.65,145.65,145.65,145.65,145.65,145.65,145.65,145.65,145.65,145.65,145.65,145.65,145.65
145.99,145.99,145.99,145.99,145.99,145.99,145.99,145.99,145.99,145.99,145.99,145.99,145.99,145.99,145.99,145.99,145.99,145.99,145.99,145.99,145.99,145.99,145.99,145.99,145.99,145.99,145.99,145.99,145.99
146.33,146.33,146.33,146.33,146.33,146.33,146.33,146.33,146.33,146.33,146.33,146.33,146.33,146.33,146.33,146.33,146.33,146.33,146.33,146.33,146.33,146.33,146.33,146.33,146.33,146.33,146.33,146.33,146.33
146.67,146.67,146.67,146.67,146.67,146.67,146.67,146.67,146.67,146.67,146.67,146.67,146.67,146.67,146.67,146.67,146.67,146.67,146.67,146.67,146.67,146.67,146.67,146.67,146.67,146.67,146.67,146.67,146.67
147.01,147.01,147.01,147.01,147.01,147.01,147.01,147.01,147.01,147.01,147.01,147.01,147.01,147.01,147.01,147.01,147.01,147.01,147.01,147.01,147.01,147.01,147.01,147.01,147.01,147.01,147.01,147.01,147.01
147.35,147.35,147.35,147.35,147.35,147.35,147.35,147.35,147.35,147.35,147.35,147.35,147.35,147.35,147.35,147.35,147.35,147.35,147.35,147.35,147.35,147.35,147.35,147.35,147.35,147.35,147.35,147.35,147.35
147.69,147.69,147.69,147.69,147.69,147.69,147.69,147.69,147.69,147.69,147.69,147.69,147.69,147.69,147.69,147.69,147.69,147.69,147.69,147.69,147.69,147.69,147.69,147.69,147.69,147.69,147.69,147.69,147.69
148.03,148.03,148.03,148.03,148.03,148.03,148.03,148.03,148.03,148.03,148.03,148.03,148.03,148.03,148.03,148.03,148.03,148.03,148.03,148.03,148.03,148.03,148.03,148.03,148.03,148.03,148.03,148.03,148.03
148.37,148.37,148.37,148.37,148.37,148.37,148.37,148.37,148.37,148.37,148.37,148.37,148.37,148.37,148.37,148.37,148.37,148.37,148.37,148.37,148.37,148.37,148.37,148.37,148.37,148.37,148.37,148.37,148.37
148.71,148.71,148.71,148.71,148.71,148.71,148.71,148.71,148.71,148.71,148.71,148.71,148.71,148.71,148.71,148.71,148.71,148.71,148.71,148.71,148.71,148.71,148.71,148.71,148.71,148.71,148.71,148.71,148.71
149.05,149.05,149.05,149.05,149.05,149.05,149.05,149.05,149.05,149.05,149.05,149.05,149.05,149.05,149.05,149.05,149.05,149.05,149.05,149.05,149.05,149.05,149.05,149.05,149.05,149.05,149.05,149.05,149.05
149.39,149.39,149.39,149.39,149.39,149.39,149.39,149.39,149.39,149.39,149.39,149.39,149.39,149.39,149.39,149.39,149.39,149.39,149.39,149.39,149.39,149.39,149.39,149.39,149.39,149.39,149.39,149.39,149.39
149.73,149.73,149.73,149.73,149.73,149.73,149.73,149.73,149.73,149.73,149.73,149.73,149.73,149.73,149.73,149.73,149.73,149.73,149.73,149.73,149.73,149.73,149.73,149.73,149.73,149.73,149.73,149.73,149.73
150.07,150.07,150.07,150.07,150.07,150.07,150.07,150.07,150.07,150.07,150.07,150.07,150.07,150.07,150.07,150.07,150.07,150.07,150.07,150.07,150.07,150.07,150.07,150.07,150.07,150.07,150.07,150.07,150.07
150.41,150.41,150.41,150.41,150.41,150.41,150.41,150.41,150.41,150.41,150.41,150.41,150.41,150.41,150.41,150.41,150.41,150.41,150.41,150.41,150.41,150.41,150.41,150.41,150.41,150.41,150.41,150.41,150.41
150.75,150.75,150.75,150.75,150.75,150.75,150.75,150.75,150.75,150.75,150.75,150.75,150.75,150.75,150.75,150.75,150.75,150.75,150.75,150.75,150.75,150.75,150.75,150.75,150.75,150.75,150.75,150.75,150.75
151.09,151.09,151.09,151.09,151.09,151.09,151.09,151.09,151.09,151.09,151.09,151.09,151.09,151.09,151.09,151.09,151.09,151.09,151.09,151.09,151.09,151.09,151.09,151.09,151.09,151.09,151.09,151.09,151.09
151.43,151.43,151.43,151.43,151.43,151.43,151.43,151.43,151.43,151.43,151.43,151.43,151.43,151.43,151.43,151.43,151.43,151.43,151.43,151.43,151.43,151.43,151.43,151.43,151.43,151.43,151.43,151.43,151.43
151.77,151.77,151.77,151.77,151.77,151.77,151.77,151.77,151.77,151.77,151.77,151.77,151.77,151.77,151.77,151.77,151.77,151.77,151.77,151.77,151.77,151.77,151.77,151.77,151.77,151.77,151.77,151.77,151.77
152.11,152.11,152.11,152.11,152.11,152.11,152.11,152.11,152.11,152.11,152.11,152.11,152.11,152.11,152.11,152.11,152.11,152.11,152.11,152.11,152.11,152.11,152.11,152.11,152.11,152.11,152.11,152.11,152.11
152.45,152.45,152.45,152.45,152.45,152.45,152.45,152.45,152.45,152.45,152.45,152.45,152.45,152.45,152.45,152.45,152.45,152.45,152.45,152.45,152.45,152.45,152.45,152.45,152.45,152.45,152.45,152.45,152.45
152.790000000001,152.790000000001,152.790000000001,152.790000000001,152.790000000001,152.790000000001,152.790000000001,152.790000000001,152.790000000001,152.790000000001,152.790000000001,152.790000000001,152.790000000001,152.790000000001,152.790000000001,152.790000000001,152.790000000001,152.790000000001,152.790000000001,152.790000000001,152.790000000001,152.790000000001,152.790000000001,152.790000000001,152.790000000001,152.790000000001,152.790000000001,152.790000000001,152.790000000001
153.13,153.13,153.13,153.13,153.13,153.13,153.13,153.13,153.13,153.13,153.13,153.13,153.13,153.13,153.13,153.13,153.13,153.13,153.13,153.13,153.13,153.13,153.13,153.13,153.13,153.13,153.13,153.13,153.13
153.47,153.47,153.47,153.47,153.47,153.47,153.47,153.47,153.47,153.47,153.47,153.47,153.47,153.47,153.47,153.47,153.47,153.47,153.47,153.47,153.47,153.47,153.47,153.47,153.47,153.47,153.47,153.47,153.47
153.81,153.81,153.81,153.81,153.81,153.81,153.81,153.81,153.81,153.81,153.81,153.81,153.81,153.81,153.81,153.81,153.81,153.81,153.81,153.81,153.81,153.81,153.81,153.81,153.81,153.81,153.81,153.81,153.81
154.15,154.15,154.15,154.15,154.15,154.15,154.15,154.15,154.15,154.15,154.15,154.15,154.15,154.15,154.15,154.15,154.15,154.15,154.15,154.15,154.15,154.15,154.15,154.15,154.15,154.15,154.15,154.15,154.15
154.49,154.49,154.49,154.49,154.49,154.49,154.49,154.49,154.49,154.49,154.49,154.49,154.49,154.49,154.49,154.49,154.49,154.49,154.49,154.49,154.49,154.49,154.49,154.49,154.49,154.49,154.49,154.49,154.49
154.83,154.83,154.83,154.83,154.83,154.83,154.83,154.83,154.83,154.83,154.83,154.83,154.83,154.83,154.83,154.83,154.83,154.83,154.83,154.83,154.83,154.83,154.83,154.83,154.83,154.83,154.83,154.83,154.83
155.17,155.17,155.17,155.17,155.17,155.17,155.17,155.17,155.17,155.17,155.17,155.17,155.17,155.17,155.17,155.17,155.17,155.17,155.17,155.17,155.17,155.17,155.17,155.17,155.17,155.17,155.17,155.17,155.17
155.51,155.51,155.51,155.51,155.51,155.51,155.51,155.51,155.51,155.51,155.51,155.51,155.51,155.51,155.51,155.51,155.51,155.51,155.51,155.51,155.51,155.51,155.51,155.51,155.51,155.51,155.51,155.51,155.51
155.85,155.85,155.85,155.85,155.85,155.85,155.85,155.85,155.85,155.85,155.85,155.85,155.85,155.85,155.85,155.85,155.85,155.85,155.85,155.85,155.85,155.85,155.85,155.85,155.85,155.85,155.85,155.85,155.85
156.190000000001,156.190000000001,156.190000000001,156.190000000001,156.190000000001,156.190000000001,156.190000000001,156.190000000001,156.190000000001,156.190000000001,156.190000000001,156.190000000001,156.190000000001,156.190000000001,156.190000000001,156.190000000001,156.190000000001,156.190000000001,156.190000000001,156.190000000001,156.190000000001,156.190000000001,156.190000000001,156.190000000001,156.190000000001,156.190000000001,156.190000000001,156.190000000001,156.190000000001
156.53,156.53,156.53,156.53,156.53,156.53,156.53,156.53,156.53,156.53,156.53,156.53,156.53,156.53,156.53,156.53,156.53,156.53,156.53,156.53,156.53,156.53,156.53,156.53,156.53,156.53,156.53,156.53,156.53
156.87,156.87,156.87,156.87,156.87,156.87,156.87,156.87,156.87,156.87,156.87,156.87,156.87,156.87,156.87,156.87,156.87,156.87,156.87,156.87,156.87,156.87,156.87,156.87,156.87,156.87,156.87,156.87,156.87
157.210000000001,157.210000000001,157.210000000001,157.210000000001,157.210000000001,157.210000000001,157.210000000001,157.210000000001,157.210000000001,157.210000000001,157.210000000001,157.210000000001,157.210000000001,157.210000000001,157.210000000001,157.210000000001,157.210000000001,157.210000000001,157.210000000001,157.210000000001,157.210000000001,157.210000000001,157.210000000001,157.210000000001,157.210000000001,157.210000000001,157.210000000001,157.210000000001,157.210000000001
157.55,157.55,157.55,157.55,157.55,157.55,157.55,157.55,157.55,157.55,157.55,157.55,157.55,157.55,157.55,157.55,157.55,157.55,157.55,157.55,157.55,157.55,157.55,157.55,157.55,157.55,157.55,157.55,157.55
157.89,157.89,157.89,157.89,157.89,157.89,157.89,157.89,157.89,157.89,157.89,157.89,157.89,157.89,157.89,157.89,157.89,157.89,157.89,157.89,157.89,157.89,157.89,157.89,157.89,157.89,157.89,157.89,157.89
158.23,158.23,158.23,158.23,158.23,158.23,158.23,158.23,158.23,158.23,158.23,158.23,158.23,158.23,158.23,158.23,158.23,158.23,158.23,158.23,158.23,158.23,158.23,158.23,158.23,158.23,158.23,158.23,158.23
158.57,158.57,158.57,158.57,158.57,158.57,158.57,158.57,158.57,158.57,158.57,158.57,158.57,158.57,158.57,158.57,158.57,158.57,158.57,158.57,158.57,158.57,158.57,158.57,158.57,158.57,158.57,158.57,158.57
158.91,158.91,158.91,158.91,158.91,158.91,158.91,158.91,158.91,158.91,158.91,158.91,158.91,158.91,158.91,158.91,158.91,158.91,158.91,158.91,158.91,158.91,158.91,158.91,158.91,158.91,158.91,158.91,158.91
159.250000000001,159.250000000001,159.250000000001,159.250000000001,159.250000000001,159.250000000001,159.250000000001,159.250000000001,159.250000000001,159.250000000001,159.250000000001,159.250000000001,159.250000000001,159.250000000001,159.250000000001,159.250000000001,159.250000000001,159.250000000001,159.250000000001,159.250000000001,159.250000000001,159.250000000001,159.250000000001,159.250000000001,159.250000000001,159.250000000001,159.250000000001,159.250000000001,159.250000000001
159.59,159.59,159.59,159.59,159.59,159.59,159.59,159.59,159.59,159.59,159.59,159.59,159.59,159.59,159.59,159.59,159.59,159.59,159.59,159.59,159.59,159.59,159.59,159.59,159.59,159.59,159.59,159.59,159.59
159.93,159.93,159.93,159.93,159.93,159.93,159.93,159.93,159.93,159.93,159.93,159.93,159.93,159.93,159.93,159.93,159.93,159.93,159.93,159.93,159.93,159.93,159.93,159.93,159.93,159.93,159.93,159.93,159.93
160.27,160.27,160.27,160.27,160.27,160.27,160.27,160.27,160.27,160.27,160.27,160.27,160.27,160.27,160.27,160.27,160.27,160.27,160.27,160.27,160.27,160.27,160.27,160.27,160.27,160.27,160.27,160.27,160.27
160.61,160.61,160.61,160.61,160.61,160.61,160.61,160.61,160.61,160.61,160.61,160.61,160.61,160.61,160.61,160.61,160.61,160.61,160.61,160.61,160.61,160.61,160.61,160.61,160.61,160.61,160.61,160.61,160.61
160.95,160.95,160.95,160.95,160.95,160.95,160.95,160.95,160.95,160.95,160.95,160.95,160.95,160.95,160.95,160.95,160.95,160.95,160.95,160.95,160.95,160.95,160.95,160.95,160.95,160.95,160.95,160.95,160.95
161.29,161.29,161.29,161.29,161.29,161.29,161.29,161.29,161.29,161.29,161.29,161.29,161.29,161.29,161.29,161.29,161.29,161.29,161.29,161.29,161.29,161.29,161.29,161.29,161.29,161.29,161.29,161.29,161.29
161.63,161.63,161.63,161.63,161.63,161.63,161.63,161.63,161.63,161.63,161.63,161.63,161.63,161.63,161.63,161.63,161.63,161.63,161.63,161.63,161.63,161.63,161.63,161.63,161.63,161.63,161.63,161.63,161.63
161.97,161.97,161.97,161.97,161.97,161.97,161.97,161.97,161.97,161.97,161.97,161.97,161.97,161.97,161.97,161.97,161.97,161.97,161.97,161.97,161.97,161.97,161.97,161.97,161.97,161.97,161.97,161.97,161.97
162.31,162.31,162.31,162.31,162.31,162.31,162.31,162.31,162.31,162.31,162.31,162.31,162.31,162.31,162.31,162.31,162.31,162.31,162.31,162.31,162.31,162.31,162.31,162.31,162.31,162.31,162.31,162.31,162.31
162.650000000001,162.650000000001,162.650000000001,162.650000000001,162.650000000001,162.650000000001,162.650000000001,162.650000000001,162.650000000001,162.650000000001,162.650000000001,162.650000000001,162.650000000001,162.650000000001,162.650000000001,162.650000000001,162.650000000001,162.650000000001,162.650000000001,162.650000000001,162.650000000001,162.650000000001,162.650000000001,162.650000000001,162.650000000001,162.650000000001,162.650000000001,162.650000000001,162.650000000001
162.990000000002,162.990000000002,162.990000000002,162.990000000002,162.990000000002,162.990000000002,162.990000000002,162.990000000002,162.990000000002,162.990000000002,162.990000000002,162.990000000002,162.990000000002,162.990000000002,162.990000000002,162.990000000002,162.990000000002,162.990000000002,162.990000000002,162.990000000002,162.990000000002,162.990000000002,162.990000000002,162.990000000002,162.990000000002,162.990000000002,162.990000000002,162.990000000002,162.990000000002
163.33,163.33,163.33,163.33,163.33,163.33,163.33,163.33,163.33,163.33,163.33,163.33,163.33,163.33,163.33,163.33,163.33,163.33,163.33,163.33,163.33,163.33,163.33,163.33,163.33,163.33,163.33,163.33,163.33
163.67,163.67,163.67,163.67,163.67,163.67,163.67,163.67,163.67,163.67,163.67,163.67,163.67,163.67,163.67,163.67,163.67,163.67,163.67,163.67,163.67,163.67,163.67,163.67,163.67,163.67,163.67,163.67,163.67
164.01,164.01,164.01,164.01,164.01,164.01,164.01,164.01,164.01,164.01,164.01,164.01,164.01,164.01,164.01,164.01,164.01,164.01,164.01,164.01,164.01,164.01,164.01,164.01,164.01,164.01,164.01,164.01,164.01
164.35,164.35,164.35,164.35,164.35,164.35,164.35,164.35,164.35,164.35,164.35,164.35,164.35,164.35,164.35,164.35,164.35,164.35,164.35,164.35,164.35,164.35,164.35,164.35,164.35,164.35,164.35,164.35,164.35
164.690000000001,164.690000000001,164.690000000001,164.690000000001,164.690000000001,164.690000000001,164.690000000001,164.690000000001,164.690000000001,164.690000000001,164.690000000001,164.690000000001,164.690000000001,164.690000000001,164.690000000001,164.690000000001,164.690000000001,164.690000000001,164.690000000001,164.690000000001,164.690000000001,164.690000000001,164.690000000001,164.690000000001,164.690000000001,164.690000000001,164.690000000001,164.690000000001,164.690000000001
165.030000000001,165.030000000001,165.030000000001,165.030000000001,165.030000000001,165.030000000001,165.030000000001,165.030000000001,165.030000000001,165.030000000001,165.030000000001,165.030000000001,165.030000000001,165.030000000001,165.030000000001,165.030000000001,165.030000000001,165.030000000001,165.030000000001,165.030000000001,165.030000000001,165.030000000001,165.030000000001,165.030000000001,165.030000000001,165.030000000001,165.030000000001,165.030000000001,165.030000000001
165.370000000001,165.370000000001,165.370000000001,165.370000000001,165.370000000001,165.370000000001,165.370000000001,165.370000000001,165.370000000001,165.370000000001,165.370000000001,165.370000000001,165.370000000001,165.370000000001,165.370000000001,165.370000000001,165.370000000001,165.370000000001,165.370000000001,165.370000000001,165.370000000001,165.370000000001,165.370000000001,165.370000000001,165.370000000001,165.370000000001,165.370000000001,165.370000000001,165.370000000001
165.709999999999,165.709999999999,165.709999999999,165.709999999999,165.709999999999,165.709999999999,165.709999999999,165.709999999999,165.709999999999,165.709999999999,165.709999999999,165.709999999999,165.709999999999,165.709999999999,165.709999999999,165.709999999999,165.709999999999,165.709999999999,165.709999999999,165.709999999999,165.709999999999,165.709999999999,165.709999999999,165.709999999999,165.709999999999,165.709999999999,165.709999999999,165.709999999999,165.709999999999
166.049999999999,166.049999999999,166.049999999999,166.049999999999,166.049999999999,166.049999999999,166.049999999999,166.049999999999,166.049999999999,166.049999999999,166.049999999999,166.049999999999,166.049999999999,166.049999999999,166.049999999999,166.049999999999,166.049999999999,166.049999999999,166.049999999999,166.049999999999,166.049999999999,166.049999999999,166.049999999999,166.049999999999,166.049999999999,166.049999999999,166.049999999999,166.049999999999,166.049999999999
166.389999999999,166.389999999999,166.389999999999,166.389999999999,166.389999999999,166.389999999999,166.389999999999,166.389999999999,166.389999999999,166.389999999999,166.389999999999,166.389999999999,166.389999999999,166.389999999999,166.389999999999,166.389999999999,166.389999999999,166.389999999999,166.389999999999,166.389999999999,166.389999999999,166.389999999999,166.389999999999,166.389999999999,166.389999999999,166.389999999999,166.389999999999,166.389999999999,166.389999999999
166.73,166.73,166.73,166.73,166.73,166.73,166.73,166.73,166.73,166.73,166.73,166.73,166.73,166.73,166.73,166.73,166.73,166.73,166.73,166.73,166.73,166.73,166.73,166.73,166.73,166.73,166.73,166.73,166.73
167.070000000002,167.070000000002,167.070000000002,167.070000000002,167.070000000002,167.070000000002,167.070000000002,167.070000000002,167.070000000002,167.070000000002,167.070000000002,167.070000000002,167.070000000002,167.070000000002,167.070000000002,167.070000000002,167.070000000002,167.070000000002,167.070000000002,167.070000000002,167.070000000002,167.070000000002,167.070000000002,167.070000000002,167.070000000002,167.070000000002,167.070000000002,167.070000000002,167.070000000002
167.410000000002,167.410000000002,167.410000000002,167.410000000002,167.410000000002,167.410000000002,167.410000000002,167.410000000002,167.410000000002,167.410000000002,167.410000000002,167.410000000002,167.410000000002,167.410000000002,167.410000000002,167.410000000002,167.410000000002,167.410000000002,167.410000000002,167.410000000002,167.410000000002,167.410000000002,167.410000000002,167.410000000002,167.410000000002,167.410000000002,167.410000000002,167.410000000002,167.410000000002
167.75,167.75,167.75,167.75,167.75,167.75,167.75,167.75,167.75,167.75,167.75,167.75,167.75,167.75,167.75,167.75,167.75,167.75,167.75,167.75,167.75,167.75,167.75,167.75,167.75,167.75,167.75,167.75,167.75
168.09,168.09,168.09,168.09,168.09,168.09,168.09,168.09,168.09,168.09,168.09,168.09,168.09,168.09,168.09,168.09,168.09,168.09,168.09,168.09,168.09,168.09,168.09,168.09,168.09,168.09,168.09,168.09,168.09
168.43,168.43,168.43,168.43,168.43,168.43,168.43,168.43,168.43,168.43,168.43,168.43,168.43,168.43,168.43,168.43,168.43,168.43,168.43,168.43,168.43,168.43,168.43,168.43,168.43,168.43,168.43,168.43,168.43
168.77,168.77,168.77,168.77,168.77,168.77,168.77,168.77,168.77,168.77,168.77,168.77,168.77,168.77,168.77,168.77,168.77,168.77,168.77,168.77,168.77,168.77,168.77,168.77,168.77,168.77,168.77,168.77,168.77
169.110000000001,169.110000000001,169.110000000001,169.110000000001,169.110000000001,169.110000000001,169.110000000001,169.110000000001,169.110000000001,169.110000000001,169.110000000001,169.110000000001,169.110000000001,169.110000000001,169.110000000001,169.110000000001,169.110000000001,169.110000000001,169.110000000001,169.110000000001,169.110000000001,169.110000000001,169.110000000001,169.110000000001,169.110000000001,169.110000000001,169.110000000001,169.110000000001,169.110000000001
169.450000000001,169.450000000001,169.450000000001,169.450000000001,169.450000000001,169.450000000001,169.450000000001,169.450000000001,169.450000000001,169.450000000001,169.450000000001,169.450000000001,169.450000000001,169.450000000001,169.450000000001,169.450000000001,169.450000000001,169.450000000001,169.450000000001,169.450000000001,169.450000000001,169.450000000001,169.450000000001,169.450000000001,169.450000000001,169.450000000001,169.450000000001,169.450000000001,169.450000000001
169.790000000001,169.790000000001,169.790000000001,169.790000000001,169.790000000001,169.790000000001,169.790000000001,169.790000000001,169.790000000001,169.790000000001,169.790000000001,169.790000000001,169.790000000001,169.790000000001,169.790000000001,169.790000000001,169.790000000001,169.790000000001,169.790000000001,169.790000000001,169.790000000001,169.790000000001,169.790000000001,169.790000000001,169.790000000001,169.790000000001,169.790000000001,169.790000000001,169.790000000001
170.129999999999,170.129999999999,170.129999999999,170.129999999999,170.129999999999,170.129999999999,170.129999999999,170.129999999999,170.129999999999,170.129999999999,170.129999999999,170.129999999999,170.129999999999,170.129999999999,170.129999999999,170.129999999999,170.129999999999,170.129999999999,170.129999999999,170.129999999999,170.129999999999,170.129999999999,170.129999999999,170.129999999999,170.129999999999,170.129999999999,170.129999999999,170.129999999999,170.129999999999
170.469999999999,170.469999999999,170.469999999999,170.469999999999,170.469999999999,170.469999999999,170.469999999999,170.469999999999,170.469999999999,170.469999999999,170.469999999999,170.469999999999,170.469999999999,170.469999999999,170.469999999999,170.469999999999,170.469999999999,170.469999999999,170.469999999999,170.469999999999,170.469999999999,170.469999999999,170.469999999999,170.469999999999,170.469999999999,170.469999999999,170.469999999999,170.469999999999,170.469999999999
170.809999999999,170.809999999999,170.809999999999,170.809999999999,170.809999999999,170.809999999999,170.809999999999,170.809999999999,170.809999999999,170.809999999999,170.809999999999,170.809999999999,170.809999999999,170.809999999999,170.809999999999,170.809999999999,170.809999999999,170.809999999999,170.809999999999,170.809999999999,170.809999999999,170.809999999999,170.809999999999,170.809999999999,170.809999999999,170.809999999999,170.809999999999,170.809999999999,170.809999999999
171.15,171.15,171.15,171.15,171.15,171.15,171.15,171.15,171.15,171.15,171.15,171.15,171.15,171.15,171.15,171.15,171.15,171.15,171.15,171.15,171.15,171.15,171.15,171.15,171.15,171.15,171.15,171.15,171.15
171.490000000002,171.490000000002,171.490000000002,171.490000000002,171.490000000002,171.490000000002,171.490000000002,171.490000000002,171.490000000002,171.490000000002,171.490000000002,171.490000000002,171.490000000002,171.490000000002,171.490000000002,171.490000000002,171.490000000002,171.490000000002,171.490000000002,171.490000000002,171.490000000002,171.490000000002,171.490000000002,171.490000000002,171.490000000002,171.490000000002,171.490000000002,171.490000000002,171.490000000002
171.830000000002,171.830000000002,171.830000000002,171.830000000002,171.830000000002,171.830000000002,171.830000000002,171.830000000002,171.830000000002,171.830000000002,171.830000000002,171.830000000002,171.830000000002,171.830000000002,171.830000000002,171.830000000002,171.830000000002,171.830000000002,171.830000000002,171.830000000002,171.830000000002,171.830000000002,171.830000000002,171.830000000002,171.830000000002,171.830000000002,171.830000000002,171.830000000002,171.830000000002
172.17,172.17,172.17,172.17,172.17,172.17,172.17,172.17,172.17,172.17,172.17,172.17,172.17,172.17,172.17,172.17,172.17,172.17,172.17,172.17,172.17,172.17,172.17,172.17,172.17,172.17,172.17,172.17,172.17
172.51,172.51,172.51,172.51,172.51,172.51,172.51,172.51,172.51,172.51,172.51,172.51,172.51,172.51,172.51,172.51,172.51,172.51,172.51,172.51,172.51,172.51,172.51,172.51,172.51,172.51,172.51,172.51,172.51
172.85,172.85,172.85,172.85,172.85,172.85,172.85,172.85,172.85,172.85,172.85,172.85,172.85,172.85,172.85,172.85,172.85,172.85,172.85,172.85,172.85,172.85,172.85,172.85,172.85,172.85,172.85,172.85,172.85
173.190000000001,173.190000000001,173.190000000001,173.190000000001,173.190000000001,173.190000000001,173.190000000001,173.190000000001,173.190000000001,173.190000000001,173.190000000001,173.190000000001,173.190000000001,173.190000000001,173.190000000001,173.190000000001,173.190000000001,173.190000000001,173.190000000001,173.190000000001,173.190000000001,173.190000000001,173.190000000001,173.190000000001,173.190000000001,173.190000000001,173.190000000001,173.190000000001,173.190000000001
173.530000000001,173.530000000001,173.530000000001,173.530000000001,173.530000000001,173.530000000001,173.530000000001,173.530000000001,173.530000000001,173.530000000001,173.530000000001,173.530000000001,173.530000000001,173.530000000001,173.530000000001,173.530000000001,173.530000000001,173.530000000001,173.530000000001,173.530000000001,173.530000000001,173.530000000001,173.530000000001,173.530000000001,173.530000000001,173.530000000001,173.530000000001,173.530000000001,173.530000000001
173.870000000001,173.870000000001,173.870000000001,173.870000000001,173.870000000001,173.870000000001,173.870000000001,173.870000000001,173.870000000001,173.870000000001,173.870000000001,173.870000000001,173.870000000001,173.870000000001,173.870000000001,173.870000000001,173.870000000001,173.870000000001,173.870000000001,173.870000000001,173.870000000001,173.870000000001,173.870000000001,173.870000000001,173.870000000001,173.870000000001,173.870000000001,173.870000000001,173.870000000001
174.209999999999,174.209999999999,174.209999999999,174.209999999999,174.209999999999,174.209999999999,174.209999999999,174.209999999999,174.209999999999,174.209999999999,174.209999999999,174.209999999999,174.209999999999,174.209999999999,174.209999999999,174.209999999999,174.209999999999,174.209999999999,174.209999999999,174.209999999999,174.209999999999,174.209999999999,174.209999999999,174.209999999999,174.209999999999,174.209999999999,174.209999999999,174.209999999999,174.209999999999
174.549999999999,174.549999999999,174.549999999999,174.549999999999,174.549999999999,174.549999999999,174.549999999999,174.549999999999,174.549999999999,174.549999999999,174.549999999999,174.549999999999,174.549999999999,174.549999999999,174.549999999999,174.549999999999,174.549999999999,174.549999999999,174.549999999999,174.549999999999,174.549999999999,174.549999999999,174.549999999999,174.549999999999,174.549999999999,174.549999999999,174.549999999999,174.549999999999,174.549999999999
174.889999999999,174.889999999999,174.889999999999,174.889999999999,174.889999999999,174.889999999999,174.889999999999,174.889999999999,174.889999999999,174.889999999999,174.889999999999,174.889999999999,174.889999999999,174.889999999999,174.889999999999,174.889999999999,174.889999999999,174.889999999999,174.889999999999,174.889999999999,174.889999999999,174.889999999999,174.889999999999,174.889999999999,174.889999999999,174.889999999999,174.889999999999,174.889999999999,174.889999999999
175.23,175.23,175.23,175.23,175.23,175.23,175.23,175.23,175.23,175.23,175.23,175.23,175.23,175.23,175.23,175.23,175.23,175.23,175.23,175.23,175.23,175.23,175.23,175.23,175.23,175.23,175.23,175.23,175.23
175.570000000002,175.570000000002,175.570000000002,175.570000000002,175.570000000002,175.570000000002,175.570000000002,175.570000000002,175.570000000002,175.570000000002,175.570000000002,175.570000000002,175.570000000002,175.570000000002,175.570000000002,175.570000000002,175.570000000002,175.570000000002,175.570000000002,175.570000000002,175.570000000002,175.570000000002,175.570000000002,175.570000000002,175.570000000002,175.570000000002,175.570000000002,175.570000000002,175.570000000002
175.910000000002,175.910000000002,175.910000000002,175.910000000002,175.910000000002,175.910000000002,175.910000000002,175.910000000002,175.910000000002,175.910000000002,175.910000000002,175.910000000002,175.910000000002,175.910000000002,175.910000000002,175.910000000002,175.910000000002,175.910000000002,175.910000000002,175.910000000002,175.910000000002,175.910000000002,175.910000000002,175.910000000002,175.910000000002,175.910000000002,175.910000000002,175.910000000002,175.910000000002
176.250000000002,176.250000000002,176.250000000002,176.250000000002,176.250000000002,176.250000000002,176.250000000002,176.250000000002,176.250000000002,176.250000000002,176.250000000002,176.250000000002,176.250000000002,176.250000000002,176.250000000002,176.250000000002,176.250000000002,176.250000000002,176.250000000002,176.250000000002,176.250000000002,176.250000000002,176.250000000002,176.250000000002,176.250000000002,176.250000000002,176.250000000002,176.250000000002,176.250000000002
176.59,176.59,176.59,176.59,176.59,176.59,176.59,176.59,176.59,176.59,176.59,176.59,176.59,176.59,176.59,176.59,176.59,176.59,176.59,176.59,176.59,176.59,176.59,176.59,176.59,176.59,176.59,176.59,176.59
176.93,176.93,176.93,176.93,176.93,176.93,176.93,176.93,176.93,176.93,176.93,176.93,176.93,176.93,176.93,176.93,176.93,176.93,176.93,176.93,176.93,176.93,176.93,176.93,176.93,176.93,176.93,176.93,176.93
177.27,177.27,177.27,177.27,177.27,177.27,177.27,177.27,177.27,177.27,177.27,177.27,177.27,177.27,177.27,177.27,177.27,177.27,177.27,177.27,177.27,177.27,177.27,177.27,177.27,177.27,177.27,177.27,177.27
177.610000000001,177.610000000001,177.610000000001,177.610000000001,177.610000000001,177.610000000001,177.610000000001,177.610000000001,177.610000000001,177.610000000001,177.610000000001,177.610000000001,177.610000000001,177.610000000001,177.610000000001,177.610000000001,177.610000000001,177.610000000001,177.610000000001,177.610000000001,177.610000000001,177.610000000001,177.610000000001,177.610000000001,177.610000000001,177.610000000001,177.610000000001,177.610000000001,177.610000000001
177.950000000001,177.950000000001,177.950000000001,177.950000000001,177.950000000001,177.950000000001,177.950000000001,177.950000000001,177.950000000001,177.950000000001,177.950000000001,177.950000000001,177.950000000001,177.950000000001,177.950000000001,177.950000000001,177.950000000001,177.950000000001,177.950000000001,177.950000000001,177.950000000001,177.950000000001,177.950000000001,177.950000000001,177.950000000001,177.950000000001,177.950000000001,177.950000000001,177.950000000001
178.290000000001,178.290000000001,178.290000000001,178.290000000001,178.290000000001,178.290000000001,178.290000000001,178.290000000001,178.290000000001,178.290000000001,178.290000000001,178.290000000001,178.290000000001,178.290000000001,178.290000000001,178.290000000001,178.290000000001,178.290000000001,178.290000000001,178.290000000001,178.290000000001,178.290000000001,178.290000000001,178.290000000001,178.290000000001,178.290000000001,178.290000000001,178.290000000001,178.290000000001
178.629999999999,178.629999999999,178.629999999999,178.629999999999,178.629999999999,178.629999999999,178.629999999999,178.629999999999,178.629999999999,178.629999999999,178.629999999999,178.629999999999,178.629999999999,178.629999999999,178.629999999999,178.629999999999,178.629999999999,178.629999999999,178.629999999999,178.629999999999,178.629999999999,178.629999999999,178.629999999999,178.629999999999,178.629999999999,178.629999999999,178.629999999999,178.629999999999,178.629999999999
178.969999999999,178.969999999999,178.969999999999,178.969999999999,178.969999999999,178.969999999999,178.969999999999,178.969999999999,178.969999999999,178.969999999999,178.969999999999,178.969999999999,178.969999999999,178.969999999999,178.969999999999,178.969999999999,178.969999999999,178.969999999999,178.969999999999,178.969999999999,178.969999999999,178.969999999999,178.969999999999,178.969999999999,178.969999999999,178.969999999999,178.969999999999,178.969999999999,178.969999999999
179.309999999999,179.309999999999,179.309999999999,179.309999999999,179.309999999999,179.309999999999,179.309999999999,179.309999999999,179.309999999999,179.309999999999,179.309999999999,179.309999999999,179.309999999999,179.309999999999,179.309999999999,179.309999999999,179.309999999999,179.309999999999,179.309999999999,179.309999999999,179.309999999999,179.309999999999,179.309999999999,179.309999999999,179.309999999999,179.309999999999,179.309999999999,179.309999999999,179.309999999999
179.65,179.65,179.65,179.65,179.65,179.65,179.65,179.65,179.65,179.65,179.65,179.65,179.65,179.65,179.65,179.65,179.65,179.65,179.65,179.65,179.65,179.65,179.65,179.65,179.65,179.65,179.65,179.65,179.65
179.990000000002,179.990000000002,179.990000000002,179.990000000002,179.990000000002,179.990000000002,179.990000000002,179.990000000002,179.990000000002,179.990000000002,179.990000000002,179.990000000002,179.990000000002,179.990000000002,179.990000000002,179.990000000002,179.990000000002,179.990000000002,179.990000000002,179.990000000002,179.990000000002,179.990000000002,179.990000000002,179.990000000002,179.990000000002,179.990000000002,179.990000000002,179.990000000002,179.990000000002
180.330000000002,180.330000000002,180.330000000002,180.330000000002,180.330000000002,180.330000000002,180.330000000002,180.330000000002,180.330000000002,180.330000000002,180.330000000002,180.330000000002,180.330000000002,180.330000000002,180.330000000002,180.330000000002,180.330000000002,180.330000000002,180.330000000002,180.330000000002,180.330000000002,180.330000000002,180.330000000002,180.330000000002,180.330000000002,180.330000000002,180.330000000002,180.330000000002,180.330000000002
180.67,180.67,180.67,180.67,180.67,180.67,180.67,180.67,180.67,180.67,180.67,180.67,180.67,180.67,180.67,180.67,180.67,180.67,180.67,180.67,180.67,180.67,180.67,180.67,180.67,180.67,180.67,180.67,180.67
181.01,181.01,181.01,181.01,181.01,181.01,181.01,181.01,181.01,181.01,181.01,181.01,181.01,181.01,181.01,181.01,181.01,181.01,181.01,181.01,181.01,181.01,181.01,181.01,181.01,181.01,181.01,181.01,181.01
181.35,181.35,181.35,181.35,181.35,181.35,181.35,181.35,181.35,181.35,181.35,181.35,181.35,181.35,181.35,181.35,181.35,181.35,181.35,181.35,181.35,181.35,181.35,181.35,181.35,181.35,181.35,181.35,181.35
181.690000000001,181.690000000001,181.690000000001,181.690000000001,181.690000000001,181.690000000001,181.690000000001,181.690000000001,181.690000000001,181.690000000001,181.690000000001,181.690000000001,181.690000000001,181.690000000001,181.690000000001,181.690000000001,181.690000000001,181.690000000001,181.690000000001,181.690000000001,181.690000000001,181.690000000001,181.690000000001,181.690000000001,181.690000000001,181.690000000001,181.690000000001,181.690000000001,181.690000000001
182.029999999999,182.029999999999,182.029999999999,182.029999999999,182.029999999999,182.029999999999,182.029999999999,182.029999999999,182.029999999999,182.029999999999,182.029999999999,182.029999999999,182.029999999999,182.029999999999,182.029999999999,182.029999999999,182.029999999999,182.029999999999,182.029999999999,182.029999999999,182.029999999999,182.029999999999,182.029999999999,182.029999999999,182.029999999999,182.029999999999,182.029999999999,182.029999999999,182.029999999999
182.370000000003,182.370000000003,182.370000000003,182.370000000003,182.370000000003,182.370000000003,182.370000000003,182.370000000003,182.370000000003,182.370000000003,182.370000000003,182.370000000003,182.370000000003,182.370000000003,182.370000000003,182.370000000003,182.370000000003,182.370000000003,182.370000000003,182.370000000003,182.370000000003,182.370000000003,182.370000000003,182.370000000003,182.370000000003,182.370000000003,182.370000000003,182.370000000003,182.370000000003
182.710000000003,182.710000000003,182.710000000003,182.710000000003,182.710000000003,182.710000000003,182.710000000003,182.710000000003,182.710000000003,182.710000000003,182.710000000003,182.710000000003,182.710000000003,182.710000000003,182.710000000003,182.710000000003,182.710000000003,182.710000000003,182.710000000003,182.710000000003,182.710000000003,182.710000000003,182.710000000003,182.710000000003,182.710000000003,182.710000000003,182.710000000003,182.710000000003,182.710000000003
183.050000000003,183.050000000003,183.050000000003,183.050000000003,183.050000000003,183.050000000003,183.050000000003,183.050000000003,183.050000000003,183.050000000003,183.050000000003,183.050000000003,183.050000000003,183.050000000003,183.050000000003,183.050000000003,183.050000000003,183.050000000003,183.050000000003,183.050000000003,183.050000000003,183.050000000003,183.050000000003,183.050000000003,183.050000000003,183.050000000003,183.050000000003,183.050000000003,183.050000000003
183.390000000003,183.390000000003,183.390000000003,183.390000000003,183.390000000003,183.390000000003,183.390000000003,183.390000000003,183.390000000003,183.390000000003,183.390000000003,183.390000000003,183.390000000003,183.390000000003,183.390000000003,183.390000000003,183.390000000003,183.390000000003,183.390000000003,183.390000000003,183.390000000003,183.390000000003,183.390000000003,183.390000000003,183.390000000003,183.390000000003,183.390000000003,183.390000000003,183.390000000003
183.730000000003,183.730000000003,183.730000000003,183.730000000003,183.730000000003,183.730000000003,183.730000000003,183.730000000003,183.730000000003,183.730000000003,183.730000000003,183.730000000003,183.730000000003,183.730000000003,183.730000000003,183.730000000003,183.730000000003,183.730000000003,183.730000000003,183.730000000003,183.730000000003,183.730000000003,183.730000000003,183.730000000003,183.730000000003,183.730000000003,183.730000000003,183.730000000003,183.730000000003
184.07,184.07,184.07,184.07,184.07,184.07,184.07,184.07,184.07,184.07,184.07,184.07,184.07,184.07,184.07,184.07,184.07,184.07,184.07,184.07,184.07,184.07,184.07,184.07,184.07,184.07,184.07,184.07,184.07
184.41,184.41,184.41,184.41,184.41,184.41,184.41,184.41,184.41,184.41,184.41,184.41,184.41,184.41,184.41,184.41,184.41,184.41,184.41,184.41,184.41,184.41,184.41,184.41,184.41,184.41,184.41,184.41,184.41
184.75,184.75,184.75,184.75,184.75,184.75,184.75,184.75,184.75,184.75,184.75,184.75,184.75,184.75,184.75,184.75,184.75,184.75,184.75,184.75,184.75,184.75,184.75,184.75,184.75,184.75,184.75,184.75,184.75
185.09,185.09,185.09,185.09,185.09,185.09,185.09,185.09,185.09,185.09,185.09,185.09,185.09,185.09,185.09,185.09,185.09,185.09,185.09,185.09,185.09,185.09,185.09,185.09,185.09,185.09,185.09,185.09,185.09
185.43,185.43,185.43,185.43,185.43,185.43,185.43,185.43,185.43,185.43,185.43,185.43,185.43,185.43,185.43,185.43,185.43,185.43,185.43,185.43,185.43,185.43,185.43,185.43,185.43,185.43,185.43,185.43,185.43
