726.98,704.77,682.53,660.49,638.5,616.58,594.98,573.82,553.07,532.85,513.45,495.02,477.72,461.78,447.42,434.94,424.7,416.56,412.33,411.63,411.02,410.42,409.35,407.53,405.1,401.81,398.14,393.9,388.9
726.85,704.67,682.52,660.45,638.46,616.57,595.01,573.86,553.16,533,513.64,495.23,477.97,462.08,447.77,435.36,425.21,417.15,413.03,412.37,411.8,411.32,410.39,408.74,406.4,403.26,399.66,395.42,390.53
726.73,704.57,682.51,660.41,638.42,616.56,595.04,573.9,553.24,533.15,513.83,495.44,478.22,462.38,448.12,435.79,425.71,417.75,413.72,413.11,412.57,412.22,411.44,409.95,407.7,404.72,401.19,396.95,392.16
726.61,704.49,682.42,660.37,638.39,616.55,595.07,573.94,553.32,533.29,514.01,495.65,478.47,462.69,448.48,436.21,426.22,418.35,414.41,413.84,413.34,413.12,412.49,411.16,409,406.18,402.72,398.47,393.8
726.59,704.5,682.28,660.31,638.35,616.54,595.08,573.99,553.4,533.43,514.2,495.87,478.73,462.99,448.83,436.64,426.72,418.94,415.12,414.58,414.12,414.02,413.53,412.38,410.3,407.63,404.24,400.07,395.43
726.56,704.43,682.27,660.25,638.36,616.55,595.1,574.04,553.49,533.57,514.38,496.08,478.98,463.29,449.18,437.07,427.23,419.54,415.85,415.36,414.93,414.93,414.61,413.59,411.64,409.09,405.78,401.68,397.09
726.53,704.37,682.26,660.22,638.36,616.61,595.14,574.13,553.59,533.72,514.55,496.29,479.24,463.59,449.53,437.5,427.75,420.18,416.59,416.16,415.76,415.85,415.7,414.81,413.03,410.54,407.36,403.31,398.81
726.5,704.39,682.26,660.26,638.3,616.61,595.19,574.23,553.71,533.85,514.72,496.5,479.5,463.88,449.89,437.94,428.27,420.8,417.35,416.96,416.59,416.81,416.78,416.09,414.42,412.08,408.94,404.99,400.53
726.55,704.36,682.24,660.34,638.32,616.56,595.2,574.29,553.82,533.98,514.9,496.73,479.76,464.19,450.25,438.38,428.79,421.44,418.14,417.8,417.46,417.76,417.93,417.38,415.84,413.63,410.53,406.71,402.26
726.57,704.36,682.29,660.29,638.35,616.58,595.21,574.33,553.91,534.11,515.08,496.95,480.02,464.49,450.62,438.82,429.32,422.1,418.93,418.64,418.35,418.74,419.1,418.67,417.3,415.18,412.22,408.43,404.07
726.58,704.39,682.33,660.28,638.38,616.63,595.24,574.37,554.01,534.24,515.27,497.19,480.28,464.81,450.99,439.26,429.86,422.76,419.75,419.49,419.25,419.74,420.27,420.04,418.77,416.79,413.91,410.2,405.89
726.62,704.48,682.29,660.3,638.4,616.72,595.31,574.4,554.11,534.39,515.47,497.43,480.54,465.12,451.38,439.71,430.4,423.43,420.58,420.39,420.19,420.74,421.5,421.42,420.26,418.41,415.6,412.02,407.71
726.69,704.49,682.3,660.35,638.41,616.77,595.4,574.48,554.23,534.55,515.68,497.67,480.8,465.44,451.77,440.17,430.96,424.12,421.41,421.3,421.16,421.8,422.74,422.79,421.82,420.03,417.39,413.85,409.62
726.71,704.52,682.35,660.34,638.49,616.79,595.46,574.56,554.36,534.73,515.91,497.92,481.08,465.76,452.17,440.64,431.52,424.81,422.28,422.21,422.12,422.89,423.98,424.23,423.38,421.72,419.19,415.72,411.55
726.73,704.58,682.43,660.32,638.53,616.87,595.54,574.64,554.48,534.9,516.14,498.17,481.36,466.1,452.59,441.11,432.08,425.52,423.16,423.16,423.12,423.98,425.27,425.67,424.97,423.44,420.99,417.68,413.49
726.77,704.67,682.46,660.37,638.53,616.97,595.62,574.74,554.59,535.04,516.33,498.43,481.65,466.45,453.01,441.59,432.68,426.25,424.05,424.11,424.13,425.14,426.57,427.12,426.62,425.16,422.86,419.64,415.52
726.86,704.71,682.52,660.44,638.56,617.1,595.73,574.87,554.68,535.18,516.51,498.69,481.95,466.82,453.44,442.08,433.27,426.98,424.99,425.08,425.14,426.34,427.88,428.68,428.26,426.96,424.74,421.61,417.61
726.89,704.75,682.61,660.51,638.61,617.11,595.86,575,554.78,535.31,516.69,498.94,482.29,467.2,453.87,442.57,433.87,427.74,425.92,426.11,426.21,427.53,429.28,430.24,429.96,428.79,426.61,423.62,419.68
726.94,704.81,682.73,660.56,638.69,617.14,595.97,575.14,554.95,535.46,516.87,499.19,482.61,467.59,454.31,443.07,434.5,428.5,426.86,427.12,427.29,428.77,430.69,431.81,431.76,430.63,428.6,425.63,421.82
727.03,704.92,682.8,660.67,638.8,617.21,596.06,575.32,555.13,535.62,517.07,499.47,482.97,468,454.76,443.58,435.12,429.26,427.85,428.17,428.37,430.01,432.1,433.4,433.56,432.54,430.6,427.66,424
727.13,704.99,682.88,660.81,638.89,617.34,596.12,575.47,555.33,535.82,517.29,499.74,483.34,468.42,455.21,444.1,435.77,430.08,428.84,429.25,429.51,431.25,433.67,434.99,435.36,434.52,432.6,429.82,426.17
727.21,705.08,682.97,660.95,638.98,617.47,596.22,575.52,555.52,536.04,517.5,500.02,483.69,468.83,455.69,444.67,436.43,430.91,429.85,430.34,430.65,432.57,435.23,436.6,437.16,436.5,434.72,431.97,428.41
727.33,705.18,683.07,661.07,639.12,617.59,596.37,575.63,555.71,536.31,517.73,500.3,484.05,469.24,456.19,445.24,437.09,431.76,430.89,431.46,431.81,433.9,436.8,438.37,438.95,438.51,436.88,434.13,430.72
727.43,705.3,683.2,661.17,639.3,617.71,596.58,575.75,555.82,536.57,517.99,500.54,484.38,469.64,456.69,445.84,437.77,432.64,431.94,432.6,433.03,435.24,438.4,440.13,440.79,440.53,439.05,436.47,433.03
727.56,705.4,683.31,661.28,639.48,617.84,596.76,575.94,555.93,536.78,518.25,500.77,484.69,470.04,457.19,446.45,438.44,433.51,433.04,433.74,434.25,436.68,439.99,441.91,442.79,442.57,441.27,438.82,435.39
727.69,705.54,683.41,661.4,639.62,618.02,596.89,576.17,556.1,536.98,518.53,501.06,485.01,470.44,457.69,447.06,439.13,434.42,434.16,434.96,435.51,438.11,441.61,443.77,444.8,444.68,443.52,441.16,437.85
727.87,705.68,683.55,661.58,639.75,618.23,597.04,576.45,556.3,537.17,518.8,501.36,485.35,470.85,458.19,447.71,439.84,435.34,435.29,436.18,436.82,439.57,443.33,445.64,446.82,446.9,445.78,443.61,440.31
728.01,705.81,683.69,661.72,639.89,618.42,597.23,576.63,556.56,537.38,519.05,501.71,485.71,471.27,458.7,448.35,440.57,436.28,436.48,437.42,438.14,441.05,445.07,447.53,448.91,449.12,448.11,446.06,442.79
728.16,705.93,683.86,661.85,640.04,618.58,597.43,576.81,556.84,537.59,519.35,502.07,486.1,471.74,459.28,449.07,441.41,437.26,437.67,438.71,439.5,442.52,446.83,449.56,451,451.39,450.51,448.51,445.4
728.35,706.15,684.03,662.02,640.27,618.77,597.69,577.03,557.14,537.89,519.66,502.43,486.51,472.22,459.87,449.8,442.26,438.24,438.88,439.99,440.87,444.06,448.66,451.6,453.14,453.73,452.91,451.04,448.02
728.54,706.34,684.2,662.2,640.45,618.96,597.9,577.26,557.3,538.21,519.96,502.8,486.95,472.67,460.46,450.54,443.15,439.27,440.14,441.34,442.26,445.66,450.48,453.67,455.44,456.07,455.39,453.6,450.63
728.7,706.52,684.35,662.37,640.63,619.15,598.07,577.5,557.54,538.53,520.25,503.2,487.4,473.12,461.06,451.3,444.05,440.31,441.4,442.72,443.73,447.26,452.37,455.82,457.75,458.46,457.97,456.16,453.38
728.89,706.7,684.55,662.59,640.82,619.39,598.34,577.81,557.86,538.81,520.67,503.59,487.88,473.67,461.64,452.05,444.97,441.36,442.7,444.1,445.19,448.93,454.33,457.97,460.09,460.96,460.55,458.86,456.15
729.09,706.92,684.8,662.83,641.04,619.65,598.6,578.08,558.15,539.03,521.06,503.92,488.36,474.22,462.21,452.78,445.91,442.44,444.04,445.55,446.7,450.61,456.28,460.17,462.51,463.46,463.18,461.65,458.92
729.31,707.12,685.03,663.01,641.26,619.89,598.83,578.32,558.46,539.37,521.41,504.33,488.84,474.87,462.85,453.51,446.86,443.52,445.38,447.01,448.26,452.31,458.3,462.43,464.93,466,465.93,464.44,461.83
729.55,707.37,685.28,663.22,641.51,620.08,599.08,578.65,558.79,539.76,521.74,504.9,489.3,475.53,463.57,454.18,447.81,444.66,446.78,448.49,449.83,454.12,460.34,464.69,467.4,468.67,468.68,467.32,464.8
729.77,707.6,685.54,663.49,641.8,620.37,599.41,578.94,559.13,540.12,522.04,505.35,489.75,476.12,464.32,454.86,448.77,445.82,448.17,450.03,451.45,455.92,462.39,467.02,469.94,471.34,471.47,470.3,467.76
730,707.79,685.72,663.79,642.07,620.65,599.71,579.22,559.49,540.47,522.49,505.75,490.33,476.69,465.11,455.72,449.71,447.04,449.61,451.56,453.07,457.76,464.54,469.41,472.48,474.05,474.33,473.29,470.85
730.26,708.06,685.98,664.08,642.31,620.93,599.96,579.54,559.84,540.83,522.96,506.19,490.96,477.25,465.85,456.57,450.65,448.37,451.07,453.18,454.74,459.65,466.71,471.79,475.09,476.89,477.2,476.31,474.05
730.54,708.36,686.3,664.36,642.61,621.22,600.32,579.92,560.19,541.3,523.4,506.65,491.45,477.81,466.51,457.55,451.62,449.7,452.54,454.8,456.48,461.52,468.91,474.29,477.8,479.74,480.12,479.42,477.25
730.79,708.63,686.56,664.64,642.95,621.62,600.66,580.3,560.53,541.75,523.84,507.19,491.93,478.59,467.2,458.56,452.64,451.01,454.06,456.45,458.21,463.51,471.2,476.83,480.51,482.64,483.23,482.53,480.48
731.05,708.89,686.81,664.93,643.28,621.92,600.98,580.65,560.9,542.15,524.29,507.75,492.58,479.33,467.97,459.42,453.74,452.32,455.58,458.11,460.04,465.5,473.5,479.36,483.32,485.64,486.34,485.68,483.78
731.32,709.17,687.12,665.25,643.55,622.23,601.31,581.07,561.36,542.62,524.88,508.31,493.22,479.91,468.81,460.23,454.99,453.75,457.24,459.77,461.88,467.55,475.85,481.99,486.2,488.64,489.49,488.99,487.08
731.61,709.5,687.48,665.6,643.95,622.6,601.79,581.45,561.83,543.07,525.4,508.88,493.86,480.6,469.77,461.2,456.23,455.21,458.95,461.49,463.75,469.66,478.23,484.61,489.08,491.7,492.76,492.3,490.41
731.93,709.81,687.79,665.95,644.32,623.01,602.18,581.84,562.29,543.47,525.82,509.45,494.54,481.46,470.63,462.24,457.38,456.64,460.78,463.2,465.67,471.78,480.62,487.29,492.05,494.85,496.03,495.64,493.93
732.25,710.14,688.13,666.29,644.68,623.41,602.53,582.23,562.76,544.01,526.5,510.14,495.22,482.25,471.42,463.37,458.54,458.03,462.79,465.17,467.58,473.97,483.13,490.05,495.04,498,499.33,499.18,497.45
732.52,710.43,688.43,666.63,645.05,623.78,602.92,582.72,563.26,544.58,527.11,510.75,495.92,482.97,472.38,464.54,459.81,459.51,464.73,467.25,469.52,476.16,485.64,492.8,498.03,501.23,502.7,502.73,500.97
732.81,710.75,688.79,666.99,645.45,624.21,603.43,583.26,563.77,545.17,527.57,511.28,496.67,483.84,473.43,465.63,461.09,461.12,466.31,469.25,471.46,478.36,488.2,495.65,501.12,504.51,506.08,506.28,504.77
733.14,711.12,689.18,667.39,645.9,624.69,603.93,583.75,564.23,545.65,528.23,512.17,497.52,484.73,474.35,466.69,462.51,462.74,467.89,471.13,473.57,480.56,490.78,498.54,504.22,507.81,509.54,509.97,508.59
733.48,711.5,689.58,667.81,646.37,625.14,604.37,584.16,564.78,546.31,528.92,512.94,498.3,485.58,475.24,467.96,463.92,464.45,470.22,473.07,475.73,482.82,493.4,501.45,507.36,511.23,513.18,513.66,512.41
733.82,711.85,689.93,668.17,646.68,625.56,604.85,584.73,565.39,547.03,529.59,513.54,499.05,486.5,476.41,469.25,465.36,466.17,472.6,475.32,477.84,485.27,496.14,504.46,510.57,514.7,516.83,517.36,516.38
734.15,712.19,690.29,668.56,647.11,625.91,605.39,585.32,566.03,547.55,530.19,514.32,500.03,487.56,477.55,470.39,466.81,467.96,474.52,477.57,479.9,487.72,498.88,507.47,513.78,518.16,520.53,521.25,520.39
734.46,712.51,690.64,669.02,647.61,626.44,605.93,585.89,566.61,548.15,530.95,515.12,500.99,488.57,478.58,471.6,468.4,469.77,476.3,479.71,482.06,490.09,501.69,510.57,517.19,521.75,524.31,525.14,524.39
734.82,712.89,691.03,669.48,648.1,627.03,606.5,586.42,567.14,548.83,531.82,515.93,501.94,489.58,479.79,473.09,469.97,471.63,478.29,481.85,484.5,492.45,504.52,513.72,520.66,525.34,528.09,529.05,528.5
735.21,713.31,691.49,669.92,648.54,627.51,606.98,586.96,567.84,549.61,532.62,516.72,502.74,490.65,481.15,474.46,471.43,473.52,480.42,484.11,486.92,495.06,507.4,516.89,524.15,528.98,532.01,533.12,532.63
735.57,713.71,691.97,670.35,648.97,628.02,607.52,587.7,568.57,550.43,533.26,517.58,503.71,491.83,482.35,475.7,473,475.52,482.68,486.39,489.37,497.75,510.36,520.18,527.68,532.75,536,537.2,536.76
735.94,714.06,692.33,670.79,649.47,628.61,608.15,588.34,569.26,551.01,534.04,518.52,504.86,493.09,483.58,477.31,474.74,477.53,485.05,488.8,491.82,500.49,513.34,523.47,531.21,536.51,540,541.31,541.03
736.3,714.42,692.72,671.26,650.05,629.21,608.76,588.99,569.92,551.83,535.02,519.63,505.75,493.96,484.95,479.1,476.47,479.52,487.39,491.25,494.38,503.27,516.45,526.87,534.84,540.4,544.05,545.52,545.34
736.67,714.85,693.25,671.78,650.58,629.73,609.31,589.61,570.63,552.72,535.91,520.53,506.76,495.18,486.38,480.46,478.18,481.52,489.73,493.76,496.94,506.08,519.56,530.31,538.51,544.35,548.11,549.72,549.65
737.04,715.3,693.71,672.29,651.11,630.23,609.91,590.31,571.48,553.53,536.79,521.46,507.89,496.79,487.87,481.93,480.32,483.54,492.18,496.3,499.57,508.93,522.77,533.8,542.23,548.32,552.21,554.04,554.15
737.42,715.75,694.16,672.76,651.61,630.83,610.65,591.09,572.28,554.4,537.7,522.53,509.16,497.9,489.16,483.69,482.48,485.73,494.71,498.91,502.2,511.8,526,537.34,546.1,552.42,556.47,558.48,558.66
737.79,716.2,694.61,673.18,652.11,631.52,611.43,591.82,573.04,555.17,538.68,523.68,510.34,499.08,490.62,485.48,484.2,488.11,497.19,501.56,504.96,514.72,529.31,540.91,549.99,556.53,560.72,562.93,563.19
738.22,716.64,695.05,673.76,652.75,632.19,612.05,592.47,573.82,556.04,539.76,524.81,511.49,500.36,492.27,487.27,486.02,490.51,499.64,504.22,507.74,517.71,532.66,544.6,553.97,560.7,565.11,567.52,567.93
738.65,717.08,695.52,674.36,653.38,632.82,612.66,593.22,574.66,557.01,540.72,525.81,512.61,501.94,494.02,488.97,487.96,492.91,502.42,506.89,510.59,520.83,536.11,548.29,557.95,564.9,569.58,572.14,572.68
739.1,717.53,696.02,674.9,653.98,633.44,613.35,594.1,575.66,558.03,541.67,526.83,514.02,503.41,495.52,490.6,490.19,495.26,505.31,509.8,513.47,523.96,539.6,552.13,562.03,569.16,574.07,576.79,577.49
739.54,717.97,696.57,675.46,654.58,634.05,614.15,594.98,576.44,559,542.68,528.33,515.36,504.81,496.8,492.19,492.48,497.57,508.23,512.73,516.44,527.12,543.15,555.97,566.18,573.58,578.66,581.59,582.47
739.98,718.41,697.11,676.01,655.19,634.71,614.98,595.76,577.23,559.88,543.81,529.49,516.66,506.1,498.87,494.68,494.38,499.83,511.15,515.69,519.43,530.33,546.74,559.96,570.36,578,583.24,586.39,587.46
740.43,718.86,697.66,676.55,655.83,635.45,615.75,596.49,578.22,561.1,545.06,530.6,517.96,507.81,500.62,496.66,496.65,502.46,514.03,518.7,522.47,533.59,550.38,563.95,574.6,582.57,588.01,591.3,592.51
740.87,719.32,698.2,677.1,656.49,636.18,616.51,597.31,579.27,562.22,546.23,531.84,519.63,509.51,502.21,498.09,499.27,505.48,516.87,521.77,525.63,536.95,554.04,568.02,578.87,587.16,592.88,596.28,597.6
741.31,719.82,698.74,677.64,657.14,636.81,617.28,598.27,580.3,563.16,547.29,533.27,521.19,511.12,503.99,500.77,501.48,507.91,519.64,524.86,528.88,540.36,557.85,572.1,583.35,591.86,597.76,601.27,602.69
741.77,720.36,699.28,678.22,657.84,637.43,618.05,599.25,581.26,564.21,548.65,534.74,522.59,512.63,506.08,503.04,503.62,510.46,522.74,527.95,532.16,543.88,561.75,576.33,587.83,596.62,602.69,606.44,608.05
742.23,720.88,699.82,678.86,658.52,638.14,618.84,600.24,582.16,565.41,550.04,536.05,524.08,514.59,508.09,505.03,505.71,513.72,525.97,531.29,535.47,547.42,565.68,580.59,592.41,601.43,607.63,611.61,613.41
742.7,721.43,700.37,679.53,659.21,639.04,619.67,601.16,583.1,566.64,551.32,537.35,525.88,516.49,509.99,507.12,508.58,516.38,528.98,534.66,538.99,551.13,569.6,584.93,596.97,606.29,612.8,616.92,618.85
743.17,721.98,700.92,680.2,659.9,639.92,620.5,602.09,584.25,567.84,552.49,538.93,527.59,518.21,511.95,509.63,511.29,518.85,532.15,537.89,542.49,554.87,573.71,589.28,601.72,611.2,617.98,622.34,624.37
743.64,722.51,701.48,680.88,660.55,640.74,621.45,603.03,585.44,569,553.76,540.53,529.15,519.89,514.24,512.05,513.8,521.96,535.56,541.29,545.97,558.69,577.86,593.81,606.47,616.24,623.23,627.78,629.89
744.13,723.05,702.04,681.54,661.18,641.51,622.32,603.98,586.58,570.09,555.34,542.06,530.71,522.05,516.41,514.21,516.32,525.18,538.81,544.86,549.61,562.6,582.11,598.35,611.33,621.31,628.51,633.29,635.6
744.62,723.61,702.62,682.21,661.85,642.25,623.13,605.01,587.7,571.16,556.75,543.53,532.51,524.13,518.47,516.69,519.29,528.42,542.14,548.4,553.34,566.59,586.43,603.02,616.19,626.54,633.94,638.81,641.32
745.13,724.17,703.2,682.91,662.57,643.12,624.01,606,588.86,572.54,558.13,544.91,534.46,526.04,520.58,519.39,522.29,531.32,545.8,552.02,557.13,570.6,590.89,607.73,621.24,631.79,639.5,644.5,647.14
745.64,724.74,703.79,683.58,663.35,644.01,624.96,606.92,589.99,573.94,559.5,546.69,536.27,527.94,523.05,521.85,524.84,534.7,550.04,555.83,561,574.67,595.41,612.61,626.32,637.22,645.11,650.21,653.04
746.14,725.3,704.4,684.27,664.16,644.84,625.88,607.89,591.11,575.33,560.84,548.51,537.98,530.01,525.35,524.16,527.79,538.25,554.14,559.95,564.93,578.8,599.97,617.49,631.6,642.69,650.78,656.07,659
746.65,725.83,705.03,684.96,664.96,645.69,626.92,608.86,592.2,576.7,562.23,550.2,539.66,532.35,527.53,526.84,530.93,541.61,557.17,563.91,568.87,583.14,604.5,622.4,636.87,648.29,656.49,662.1,665.18
747.19,726.43,705.68,685.68,665.79,646.54,627.96,610.05,593.32,577.98,563.76,551.82,541.54,534.5,529.85,529.74,533.91,544.56,560.75,567.49,572.99,587.4,609.19,627.45,642.24,653.84,662.28,668.21,671.37
747.76,727.03,706.32,686.38,666.61,647.41,629.05,611.16,594.52,579.34,565.41,553.4,543.58,536.54,532.31,532.34,536.49,547.83,564.5,571.4,577.16,591.65,614,632.75,647.75,659.65,668.2,674.32,677.77
748.33,727.65,706.96,687.1,667.46,648.25,630.11,612.3,595.72,580.7,567.04,554.99,545.67,538.45,534.94,534.75,539.7,551.47,568.28,575.25,581.01,596.25,618.9,637.93,653.27,665.41,674.35,680.53,684
748.89,728.24,707.6,687.82,668.27,649.14,631.08,613.46,596.99,582.06,568.6,556.61,547.69,540.49,537.42,537.32,542.85,554.94,571.98,579.12,585,600.72,623.83,643.28,658.96,671.31,680.44,686.87,690.36
749.45,728.8,708.27,688.56,669.11,650.02,632.11,614.6,598.32,583.41,570.22,558.46,549.56,542.86,539.78,540.39,545.82,558.08,575.98,582.92,588.86,604.92,628.83,648.65,664.72,677.34,686.7,693.3,696.91
749.97,729.37,708.97,689.36,669.96,650.94,633.19,615.63,599.6,584.85,571.76,560.36,551.37,545.22,542.06,543.25,548.61,561.43,579.85,586.89,592.73,609.02,633.81,654.16,670.49,683.47,693.06,699.77,703.54
750.61,729.99,709.69,690.17,670.83,651.87,634.24,616.88,600.88,586.28,573.32,562.2,553.15,547.53,544.43,545.9,551.56,564.89,582.96,590.51,596.4,613.14,638.79,659.71,676.34,689.63,699.43,706.32,710.3
751.23,730.63,710.42,690.93,671.71,652.81,635.3,618.2,602.13,587.76,574.94,564.06,555.12,549.79,546.93,548.61,554.96,568.14,586.36,593.88,600.31,616.96,643.65,665.22,682.34,695.79,705.84,713.13,717.17
751.81,731.31,711.15,691.7,672.56,653.76,636.36,619.46,603.38,589.25,576.59,565.92,557.36,551.92,549.58,551.25,558.08,571.36,589.78,597.5,603.98,620.73,648.33,670.77,688.32,702.39,712.52,719.94,724.19
752.39,732.01,711.91,692.49,673.4,654.75,637.5,620.68,604.77,590.74,578.2,567.8,559.51,553.98,552.04,553.89,561.11,574.89,593.19,601.03,607.43,624.5,652.67,676.31,694.49,708.78,719.27,726.76,731.47
753.01,732.75,712.66,693.32,674.33,655.76,638.65,621.91,606.31,592.22,579.92,569.62,561.7,556.15,554.34,556.62,563.88,578.32,596.76,604.61,611.07,628.34,656.72,681.57,700.59,715.27,726.03,733.74,738.69
753.6,733.46,713.47,694.21,675.26,656.8,639.79,623.26,607.82,593.69,581.61,571.55,563.81,558.66,557.11,559.53,566.73,581.57,600.54,608.13,614.68,631.82,660.59,686.52,706.72,721.83,733.03,741,745.98
754.2,734.17,714.32,695.09,676.19,657.87,640.94,624.61,609.19,595.3,583.35,573.42,565.95,561.1,559.58,562.4,569.65,584.69,604.43,611.87,618.17,635.43,664.46,691.3,712.63,728.58,740.11,748.32,753.35
754.81,734.85,715.23,695.95,677.14,658.94,642.09,625.89,610.51,596.95,585.06,575.4,568.11,563.53,562.13,565.01,572.86,587.7,607.75,615.45,621.72,639.1,668.11,695.73,718.42,735.02,747.18,755.41,760.91
755.44,735.55,716.06,696.79,678.02,660.1,643.29,627.21,612.12,598.73,586.83,577.36,570.28,566.01,564.9,567.8,576.04,591.31,610.95,618.75,625.24,642.59,671.78,699.88,723.86,741.66,754.23,762.97,768.31
756.07,736.28,716.81,697.66,678.91,661.31,644.66,628.61,613.74,600.35,588.73,579.38,572.49,568.45,567.66,570.66,579.17,594.78,614.37,622.23,628.92,646.17,675.42,703.86,729.13,748.08,761.32,770.5,775.88
756.71,737.02,717.63,698.72,679.92,662.5,646.03,630.07,615.2,602.07,590.61,581.46,574.69,570.85,570.36,573.75,582.25,598.2,617.99,625.82,632.45,649.61,679.02,707.83,734.01,754.16,768.43,777.97,783.77
757.38,737.77,718.45,699.72,681.04,663.69,647.33,631.55,616.67,603.91,592.58,583.55,577,573.39,573.17,576.78,585.41,601.63,621.55,629.34,635.91,653.38,682.64,711.58,738.4,760.09,775.3,785.54,791.83
758.06,738.53,719.31,700.6,682.18,664.88,648.59,632.88,618.25,606.13,594.53,585.67,579.33,575.94,575.96,579.9,588.49,605.03,625.06,632.99,639.52,656.93,686.22,715.17,742.73,765.84,782.14,792.91,799.72
758.73,739.3,720.18,701.53,683.43,666.14,649.92,634.32,619.99,608.07,596.6,587.93,581.76,578.59,578.81,582.93,591.82,608.41,628.68,636.55,643.04,660.43,689.78,718.85,746.82,771.05,788.93,800.34,807.73
759.46,740.06,721.05,702.47,684.66,667.38,651.27,635.86,621.85,610.08,598.68,590.28,584.33,581.25,581.67,586,595.11,611.92,632.29,640.14,646.67,664.13,693.42,722.47,750.73,776.06,795.36,807.86,815.83
760.18,740.86,721.95,703.47,685.9,668.7,652.79,637.42,623.74,612.09,601.04,592.76,586.94,584.03,584.6,589.24,598.59,615.41,635.93,643.8,650.26,667.71,697.06,726.16,754.65,780.84,801.42,815.16,823.7
760.92,741.64,722.87,704.49,687.14,670.01,654.41,638.94,625.71,614.17,603.66,595.23,589.7,586.92,587.69,592.41,602.04,618.98,639.64,647.5,653.93,671.31,700.77,729.76,758.48,785.17,807.11,822.19,831.54
761.66,742.44,723.79,705.58,688.39,671.37,655.97,640.45,627.7,616.31,606.33,597.84,592.64,589.96,590.97,595.83,605.55,622.68,643.41,651.26,657.7,675.11,704.41,733.47,762.22,789.46,812.47,829.09,839.34
762.41,743.25,724.72,706.66,689.59,672.72,657.54,642.24,629.78,618.78,608.94,600.47,595.7,593.25,594.37,599.43,609.23,626.4,647.2,655.11,661.55,678.98,708.15,737.17,765.88,793.46,817.7,835.62,847.08
763.14,744.08,725.67,707.78,690.76,674.08,659.09,644.19,631.99,621.45,611.52,603.57,598.95,596.8,598.03,603.07,613.11,630.46,651.21,659.14,665.64,682.96,711.94,740.86,769.62,797.49,822.47,841.6,854.56
763.9,744.91,726.62,708.91,691.94,675.46,660.69,646.25,634.48,623.81,614.32,606.91,602.42,600.59,602.06,606.99,617.13,634.54,655.47,663.36,669.79,687.06,715.86,744.55,773.31,801.41,827.09,847.52,861.6
764.65,745.76,727.58,710.02,693.16,676.87,662.32,648.16,636.86,626.14,616.96,610.46,605.93,604.68,606.55,611.27,621.53,638.9,659.83,667.84,674.15,691.34,719.91,748.39,777.07,805.2,831.66,853.28,868.46
765.41,746.71,728.56,711.13,694.38,678.34,664.01,649.98,639.2,628.39,619.23,613.74,609.68,609.05,611.35,616.18,626.45,643.6,664.74,672.49,678.8,696.07,724.16,752.37,780.82,809.06,835.86,858.5,875.13
766.18,747.66,729.5,712.23,695.61,679.83,665.73,651.83,641.29,630.71,622.19,617.16,613.31,613.73,616.62,621.72,631.8,648.78,669.81,677.77,683.87,700.91,728.63,756.42,784.6,812.82,839.91,863.76,881.56
766.99,748.6,730.45,713.27,696.87,681.4,667.45,653.72,643.56,633.06,625.19,620.8,617.63,618.75,622.44,627.77,637.97,654.43,675.42,683.29,689.34,706.23,733.34,760.61,788.43,816.63,843.94,868.56,887.64
767.79,749.57,731.48,714.29,698.21,682.98,669.22,655.68,645.83,635.45,628.19,625.33,622.14,623.83,628.61,634.82,645.22,661.03,681.71,689.48,695.46,712.02,738.59,765.11,792.48,820.38,847.94,873.12,893.32
768.61,750.53,732.54,715.31,699.56,684.6,671,657.7,648.31,637.98,631.38,629.1,626.83,629.13,635.37,642.44,653.67,668.52,688.87,696.51,702.29,718.56,744.17,769.86,796.65,824.23,851.75,877.61,898.93
769.45,751.48,733.63,716.32,701.11,686.22,672.78,659.71,650.72,640.56,634.86,632.57,631.78,634.6,642.14,651.04,663.14,677.49,697.18,704.6,710.17,725.93,750.36,774.92,801.11,828.17,855.64,881.91,904.29
770.29,752.44,734.72,717.58,702.65,687.89,674.61,661.82,653.19,643.22,639.19,636.23,636.99,640.03,649.18,659.83,674.23,688.41,707.41,714.09,719.27,734.42,757.39,780.57,805.63,832.29,859.56,886.07,909.38
771.16,753.39,735.81,719.05,704.16,689.56,676.52,663.94,655.72,646.2,643.27,639.94,642.18,645.48,656.34,669.32,686.26,701.8,719.55,725.8,730.02,744.43,765.13,786.64,810.6,836.66,863.49,890.09,914.08
772.03,754.34,736.93,720.56,705.67,691.2,678.38,666.24,658.25,649.16,646.98,643.77,647.29,650.83,663.34,678.73,698.83,718.3,734.83,740.41,743.42,755.75,774.08,793.55,815.99,841.08,867.49,894.1,918.75
772.91,755.3,738.07,721.95,707.16,692.85,680.36,668.49,660.74,652.06,650.25,647.18,652.12,656.73,670.51,688.16,711.59,737.11,754.26,758.8,760.47,769.96,784.61,801.1,821.99,845.74,871.66,898.16,923.22
773.81,756.25,739.2,723.34,708.57,694.3,682.35,671.01,663.17,654.93,653.56,651.11,656.79,662.95,677.58,697.65,723.83,756.18,779.06,782.58,782.56,787.74,797.18,810.28,828.59,850.93,875.97,902.22,927.49
774.69,757.22,740.36,724.71,709.95,695.54,684.32,673.65,665.63,657.76,656.93,655.57,661.41,668.91,684.45,707.05,736.03,775.23,808.75,811.82,811.58,811.93,812.3,820.39,836.07,856.55,880.47,906.31,931.68
775.58,758.2,741.51,726.05,711.34,696.83,686.3,676.51,668.14,660.6,660.27,660.19,666.25,674.88,691.23,716.53,747.53,793.4,837.79,848.12,847.27,843.14,830.71,832.29,844.24,862.72,885.44,910.48,935.92
776.48,759.21,742.66,727.38,712.72,698.99,688.39,679.49,670.7,663.45,663.6,664.54,671.14,680.84,698.06,724.41,758.55,809.17,865.24,881.63,887.67,883.98,855.09,846.4,853.96,869.68,890.7,914.76,940.02
777.37,760.23,743.81,728.66,714.08,701.19,690.65,682.08,673.3,666.41,666.98,668.68,675.91,686.76,705.01,732.46,769.03,824.21,888.45,910.51,923.79,935.76,885.93,863.31,865.08,877.43,896.37,919.43,944.22
778.24,761.3,744.99,729.94,715.55,703.2,692.91,684.1,675.61,669.56,670.37,672.72,680.44,692.73,711.75,740.46,777.88,837.31,906.97,934.06,952.76,991.55,926.87,884.95,878.34,886.04,902.68,924.43,948.47
779.13,762.43,746.12,731.24,717.03,705,694.53,686.09,677.5,672.81,673.91,676.78,684.89,698.45,718.54,748.4,787.46,849.3,922.67,952.18,975.24,1037.7,981.55,911.52,893.61,896.15,909.65,929.67,952.96
780.03,763.53,747.27,732.46,718.55,706.81,696.04,688.38,679.5,676.24,677.43,680.67,689.55,704.12,724.55,756.62,797.19,859.32,936.01,966.03,991.87,1068.1,1049.3,946.28,912.88,907.5,917.69,935.52,957.75
780.93,764.68,748.44,733.68,720.11,708.59,697.68,690.66,682.09,679.81,680.82,684.5,694.13,709.66,730.34,764.3,805.66,868.99,947.54,978.38,1004.5,1087.3,1132.2,990.42,936.61,921.26,926.79,941.91,962.76
781.83,765.82,749.67,734.83,721.68,710.35,699.57,692.84,684.69,684.14,684.3,688.17,698.72,715.25,735.92,771.26,813.4,878.16,957.9,988.58,1014.7,1098.2,1202.6,1047.6,964.77,937.83,936.88,949.03,967.92
782.77,766.95,750.88,735.94,723.34,712.11,701.46,694.95,687.49,688.47,687.71,691.82,703.28,720.37,741.35,777.87,820.41,887.3,966.47,997.5,1023.9,1104.5,1248,1123.8,999.85,957.18,949.11,957.08,973.77
783.7,768.03,752.06,737.08,725.01,713.88,703.42,697.04,690.34,691.51,691.23,695.43,707.89,725.52,746.86,784.24,827.19,895.45,974.27,1005,1031.7,1109.5,1271.4,1214.7,1043.9,980.75,963.36,966.04,980.2
784.64,769.12,753.25,738.79,726.73,715.63,705.41,699.36,693.1,694.39,694.98,698.92,712.53,730.24,752.23,790.26,833.86,902.86,981.42,1011.8,1038.1,1113.4,1275.3,1304.1,1101.5,1009.8,979.52,976.66,987.31
785.65,770.22,754.46,740.48,728.5,717.39,707.4,701.69,695.72,697.24,698.74,702.69,717.17,734.91,757.53,796.08,840.6,909.63,988.07,1017.9,1043.8,1117,1273.2,1372.7,1177.1,1045.6,999.46,988.65,995.61
786.65,771.32,755.69,742.11,730.23,719.14,709.51,704.01,698.29,700.08,701.73,706.6,721.66,739.53,762.89,802.01,847.14,915.79,994.16,1023.3,1048.8,1120.7,1270.5,1417.7,1262.1,1089.2,1022.9,1002.7,1004.7
787.7,772.45,756.9,743.69,731.75,720.82,711.63,706.3,700.81,702.92,704.36,710.83,726.01,743.99,768.12,807.65,853.29,921.82,999.74,1028.3,1053.4,1123.4,1267.2,1429.3,1350.1,1143.9,1050.1,1019.3,1015.3
788.77,773.54,758.11,745.22,733.21,722.22,713.78,708.61,703.28,705.71,707.05,715.16,730.05,748.23,773.36,812.99,859.37,928.01,1004.9,1033,1057.6,1125.6,1263.8,1428.4,1429.7,1212.8,1084.2,1038.5,1027.2
789.85,774.64,759.34,746.71,734.7,723.62,715.99,710.86,705.74,708.58,709.91,719.58,733.95,752.61,778.79,818.19,865.31,933.07,1009.6,1037.4,1061.4,1127.5,1259.5,1421.5,1485.2,1292.2,1126.1,1061.3,1040.9
790.95,775.76,760.56,748.21,736.16,725.5,718.26,713.12,708.29,711.41,712.77,724.05,737.84,757.07,784.27,823.32,870.7,937.9,1014.2,1041.1,1065.1,1129.5,1256.4,1412.3,1516.3,1372.8,1177.1,1088.5,1057
792.04,776.93,761.79,749.71,737.58,727.79,720.61,715.42,710.84,714.22,715.78,728.32,741.7,761.41,789.95,828.27,876.07,942.5,1018.5,1044.9,1068,1131.2,1254.1,1404.7,1530.7,1448.1,1236.3,1121,1075
793.14,778.09,763.02,751.16,739.05,730.04,722.93,717.71,713.45,717.02,718.86,731.99,745.51,765.58,795.54,832.94,880.9,946.9,1022.2,1048.4,1070.9,1132.7,1252.4,1395.1,1533,1508.2,1304.8,1159.8,1096.6
794.28,779.28,764.25,752.6,740.54,731.93,725.03,720.01,716.08,719.82,721.97,735.66,749.2,769.81,800.87,837.56,885.59,951.36,1025.9,1051.6,1073.8,1134.3,1250.4,1386.2,1527.9,1552.6,1380.4,1205.9,1122.9
795.38,780.47,765.67,754.03,742.04,733.83,726.6,722.3,718.72,722.62,725.08,739.15,753,774.22,806.09,841.97,890.04,955.56,1029.2,1054.5,1076.3,1135.6,1248.5,1378.9,1520.3,1581.2,1451.3,1259.8,1153.2
796.48,781.67,767.1,755.43,743.63,735.71,728.14,724.61,721.33,725.41,728.18,742.53,756.57,778.62,809.94,846.35,894.11,959.52,1032.4,1057.3,1078.7,1136.8,1247.1,1373.6,1509.9,1595.8,1511.9,1319.1,1189.5
797.58,782.84,768.58,756.83,745.2,737.52,729.86,726.94,724,728.2,731.24,745.83,760.06,782.95,813.89,849.85,898.03,963.4,1035.5,1059.9,1081.1,1137.9,1244.8,1368,1497.9,1597.9,1561.3,1385.9,1230.3
798.69,784.02,770.12,758.23,746.78,739.33,731.7,729.04,726.63,730.99,734.28,749.07,763.51,787.18,817.76,853.44,901.99,967.21,1038.4,1062.5,1083.2,1138.9,1243,1362.4,1487.9,1596.9,1598.9,1450.1,1277.1
799.77,785.2,771.69,759.62,748.39,741.14,733.58,731.17,729.2,733.76,737.3,752.31,766.93,791.22,821.63,857.57,905.95,970.84,1041.2,1065,1085.3,1139.9,1241.7,1357.3,1479.8,1592.9,1620.9,1509.3,1331.6
800.84,786.35,773.19,761.06,750,742.93,735.56,733.38,731.76,736.48,740.25,755.47,770.29,795.17,825.41,861.84,910.73,974.28,1043.8,1067.2,1087.4,1140.9,1241.1,1353.2,1472.5,1585.9,1633.1,1560.3,1389.4
801.9,787.53,774.68,762.65,751.76,744.7,737.51,735.67,734.1,739.17,743.12,758.56,773.64,799.04,829.09,865.97,915.58,977.62,1046.2,1069.4,1089.3,1141.9,1240,1349.2,1465.2,1575.5,1639.5,1598.6,1449
802.98,788.73,776.15,764.24,753.61,746.45,739.46,737.91,736.43,741.87,746.04,761.72,776.95,802.63,832.68,870.06,919.4,980.63,1048.7,1071.6,1091.1,1142.7,1238.4,1344.5,1457.6,1566.2,1641.6,1624.9,1504.8
804.04,789.93,777.53,765.69,755.46,748.19,741.44,740.13,738.76,744.55,749,764.83,780.21,806.31,836.21,873.98,922.85,983.71,1050.9,1073.7,1093,1143.7,1237.3,1340.8,1451.2,1557.8,1640,1644.6,1554.7
805.07,791.11,778.88,767.03,757.43,749.93,743.41,742.37,740.98,747.2,751.96,767.93,783.46,809.81,839.75,877.81,926.2,987.04,1053.2,1075.6,1094.8,1144.6,1236.3,1337.7,1445.2,1550.8,1635.1,1658,1592.9
806.09,792.39,780.22,768.38,759.4,751.65,745.51,744.62,743.26,749.8,754.87,771.01,786.7,813.21,843.18,881.63,929.48,990.39,1055.4,1077.4,1096.3,1145.5,1235.8,1335.4,1439.3,1542.4,1628.5,1665.1,1623.1
807.11,793.64,781.54,769.8,761.28,753.37,747.67,746.77,745.55,752.37,757.72,774.06,789.88,816.62,846.54,885.18,932.68,993.36,1057.6,1079.3,1097.8,1146.4,1235,1332.1,1433.6,1533.7,1621.7,1668.2,1645.5
807.92,794.92,782.9,771.2,763,754.9,749.89,748.94,747.83,754.88,760.49,777.11,793.02,819.85,849.84,888.73,935.75,996.42,1059.7,1081.1,1099.4,1147.2,1234,1328.7,1427.9,1526.8,1615,1668.3,1662.3
808.72,796.26,784.23,772.6,764.76,756.36,752.2,751.07,750.12,757.39,763.15,780.01,796.13,823.08,853.08,892.07,938.9,999.11,1061.7,1082.8,1100.9,1147.9,1233.4,1326,1423.6,1521.4,1607.8,1665.9,1672.8
809.65,797.58,785.57,774.06,766.46,757.86,754.57,753.19,752.54,759.89,765.88,782.91,799.11,826.26,856.32,895.32,941.89,1001.8,1063.7,1084.3,1102.1,1148.6,1232.9,1323.7,1419.7,1515.5,1599.5,1661.6,1680.2
811.09,798.93,786.92,775.56,768.13,759.61,756.99,755.31,754.91,762.38,768.63,785.83,802.14,829.37,859.42,898.46,944.81,1004.3,1065.6,1086,1103.5,1149.2,1232.4,1322,1416.2,1507.9,1592.1,1657.2,1684.6
812.54,800.3,788.28,777.09,769.81,761.4,759.46,757.38,757.32,764.93,771.42,788.66,805.16,832.48,862.5,901.38,947.59,1006.7,1067.6,1087.6,1104.8,1149.9,1231.8,1319.7,1411.5,1501.8,1585.7,1652.8,1686
813.86,801.67,789.6,778.64,771.46,763.21,761.92,759.44,759.81,767.4,774.23,791.41,808.14,835.51,865.55,904.37,950.28,1009.1,1069.5,1089.3,1106.2,1150.6,1231,1317.1,1406.8,1496.3,1580.3,1648.5,1685.1
815.04,802.68,790.95,780.16,773.09,765.05,763.8,761.54,762.29,769.88,777,794.12,811.11,838.47,868.51,907.28,952.96,1011.4,1071.2,1091,1107.7,1151.3,1230.3,1315.2,1403.3,1491.5,1574.9,1642.4,1683.2
816.24,803.68,792.32,781.72,774.73,766.92,765.6,763.7,764.86,772.39,779.69,796.82,813.95,841.38,871.39,910.12,955.51,1013.7,1072.7,1092.4,1109.1,1152.1,1230.1,1313.2,1400.4,1487.1,1569.2,1636.1,1680.9
817.4,804.73,793.68,783.29,776.39,768.72,767.43,765.87,767.46,774.84,782.3,799.56,816.84,844.27,874.25,912.96,958.06,1015.9,1074.3,1093.7,1110.2,1152.7,1229.8,1311.8,1398.3,1483.1,1563,1630.3,1678.4
818.55,805.87,795,784.84,778.02,770.5,769.33,767.92,770.07,777.29,784.83,802.2,819.74,847.16,877.09,915.66,960.57,1018,1075.8,1095,1111.3,1153.4,1229.5,1310.2,1395.1,1478.7,1557.3,1625.5,1675.1
819.69,807.01,796.31,786.34,779.65,772.31,771.19,769.9,772.61,779.73,787.37,804.87,822.58,849.97,879.94,918.37,963,1020.1,1077.4,1096.3,1112.4,1154,1229.2,1308.3,1391.2,1474.4,1551.8,1620.7,1670.9
820.8,808.18,797.61,787.88,781.28,774.08,773.08,771.89,775.15,782.16,789.84,807.53,825.36,852.71,882.68,921.03,965.41,1022,1078.9,1097.6,1113.5,1154.7,1228.4,1306.2,1387.5,1470.3,1546.3,1615.2,1666.6
821.93,809.36,799,789.36,782.91,775.81,774.99,773.89,777.57,784.59,792.29,810.11,828.06,855.41,885.37,923.62,967.75,1024.1,1080.3,1098.8,1114.6,1155.3,1227.6,1304.9,1383.8,1466.1,1542.3,1609.6,1662.6
823.06,810.52,800.39,790.76,784.51,777.53,776.86,775.92,779.81,786.95,794.8,812.68,830.73,858.02,888,926.21,970.06,1026,1081.7,1100.1,1115.7,1156,1227.4,1303.6,1381.6,1462.1,1538.8,1604.5,1658.5
824.16,811.74,801.77,792.18,786.14,779.27,778.76,777.96,782.11,789.27,797.5,815.24,833.4,860.64,890.59,928.65,972.34,1027.8,1083.1,1101.3,1116.7,1156.5,1227.4,1302.7,1380,1459,1533.6,1600.5,1654.5
825.28,812.97,803.16,793.56,787.78,780.96,780.67,779.96,784.32,791.55,800.18,817.78,835.95,863.22,893.24,931.1,974.51,1029.7,1084.4,1102.4,1117.7,1157.2,1227.3,1301.9,1378.6,1456.7,1528.9,1595.9,1649.8
826.39,814.2,804.54,794.94,789.37,782.68,782.6,782.01,786.5,793.81,802.84,820.32,838.55,865.76,895.82,933.55,976.71,1031.5,1085.8,1103.6,1118.7,1157.7,1227.2,1300.8,1377.3,1453.2,1525,1590.9,1644.3
827.49,815.44,805.92,796.32,790.96,784.4,784.49,784.04,788.68,796.06,805.48,822.84,841.1,868.37,898.35,935.93,978.87,1033.2,1087.1,1104.7,1119.8,1158.3,1226.9,1299.4,1374.9,1448.7,1520.4,1586.7,1640.7
828.61,816.67,807.3,797.73,792.55,786.11,786.41,786.05,790.84,798.3,808.11,825.36,843.54,870.92,900.84,938.25,981,1035,1088.4,1105.8,1120.7,1158.9,1226.7,1298,1371.6,1444.7,1514.3,1582.8,1637
829.71,817.9,808.67,799.14,794.15,787.87,788.31,788.03,792.96,800.52,810.63,827.85,845.98,873.43,903.31,940.5,983.13,1036.8,1089.6,1107,1121.7,1159.4,1226.5,1296.7,1368.8,1441.5,1509.3,1577.2,1632.7
830.82,819.16,810,800.57,795.73,789.65,790.17,789.99,795.06,802.7,813.14,830.31,848.35,875.9,905.71,942.75,985.12,1038.5,1090.9,1108.1,1122.6,1160,1226.3,1295.4,1366.9,1438.6,1506.8,1571.5,1628.7
831.94,820.4,811.33,802.02,797.32,791.45,792.03,791.95,797.16,804.87,815.59,832.78,850.69,878.33,908.06,945.03,987.14,1040.1,1092.1,1109.2,1123.6,1160.6,1226.2,1294.3,1364.9,1436.6,1504.5,1567.4,1624.8
833.05,821.66,812.68,803.44,798.92,793.25,793.84,793.9,799.31,807.06,817.9,835.19,853.01,880.76,910.37,947.22,989.15,1041.7,1093.3,1110.2,1124.5,1161.1,1226,1293.3,1363.5,1434.5,1502.9,1563.3,1621.2
834.18,822.93,813.99,804.9,800.5,795.06,795.64,795.85,801.4,809.27,820.26,837.58,855.29,883.16,912.69,949.39,991.11,1043.3,1094.5,1111.2,1125.4,1161.7,1225.9,1292.4,1362,1432.7,1501.2,1560.7,1617.6
835.31,824.18,815.31,806.39,802.05,796.82,797.43,797.84,803.47,811.46,822.54,839.96,857.57,885.54,914.91,951.51,993.03,1044.9,1095.6,1112.2,1126.3,1162.3,1225.9,1291.6,1360.6,1430.8,1497.2,1557.9,1613.5
836.45,825.43,816.64,807.87,803.62,798.55,799.22,799.8,805.54,813.6,824.8,842.26,859.89,887.93,917.14,953.6,994.89,1046.4,1096.8,1113.3,1127.2,1162.9,1225.8,1290.8,1359.1,1428.2,1493.1,1553.8,1609.4
837.59,826.7,817.95,809.36,805.18,800.31,801.01,801.74,807.62,815.72,827.09,844.52,862.24,890.19,919.34,955.68,996.73,1048,1097.9,1114.3,1128.1,1163.4,1225.7,1290.1,1357.7,1425.3,1489.9,1549.7,1605
838.75,827.97,819.22,810.86,806.71,802.04,802.8,803.68,809.66,817.83,829.35,846.74,864.65,892.48,921.48,957.72,998.57,1049.5,1099.1,1115.3,1129,1164,1225.6,1289.4,1356.4,1422.6,1486.8,1547,1600.5
839.93,829.2,820.49,812.38,808.28,803.75,804.57,805.61,811.67,819.99,831.56,848.93,867,894.77,923.63,959.75,1000.4,1051,1100.2,1116.2,1129.8,1164.5,1225.6,1288.6,1354.9,1420.4,1484.1,1544.5,1598.2
841.11,830.41,821.76,813.9,809.82,805.45,806.36,807.55,813.65,822.08,833.74,851.18,869.35,897.01,925.73,961.78,1002.2,1052.5,1101.2,1117.2,1130.7,1165,1225.6,1288,1353.6,1418.1,1481.6,1542.2,1596.6
842.3,831.63,823.02,815.41,811.36,807.11,808.14,809.47,815.63,824.15,835.89,853.35,871.67,899.25,927.81,963.76,1003.9,1053.9,1102.3,1118.1,1131.5,1165.6,1225.6,1287.4,1352.3,1416.1,1479.3,1539.8,1593.7
843.5,832.84,824.33,816.94,812.91,808.74,809.91,811.38,817.59,826.23,838.1,855.52,873.93,901.41,929.89,965.75,1005.7,1055.3,1103.4,1119.1,1132.3,1166.2,1225.6,1286.8,1351,1414.3,1477.1,1537.2,1589.8
844.7,834.04,825.65,818.51,814.4,810.34,811.69,813.29,819.54,828.31,840.24,857.72,876.14,903.53,931.92,967.7,1007.4,1056.7,1104.4,1120.1,1133.2,1166.7,1225.6,1286.2,1349.8,1412.4,1474.9,1533.8,1586.2
845.88,835.24,826.99,820.03,815.9,811.92,813.42,815.18,821.49,830.37,842.34,859.83,878.31,905.7,933.95,969.63,1009.1,1058.2,1105.5,1121,1134,1167.3,1225.6,1285.7,1348.7,1410.7,1472.6,1530.3,1582.9
847.08,836.44,828.41,821.49,817.4,813.48,815.17,817.04,823.42,832.4,844.43,861.94,880.46,907.8,935.94,971.56,1010.7,1059.5,1106.6,1121.9,1134.9,1167.8,1225.6,1285.2,1347.5,1409,1470.4,1527.3,1579.8
848.26,837.63,829.83,822.9,818.79,815.11,816.94,818.86,825.34,834.42,846.49,864.04,882.65,909.87,937.88,973.45,1012.4,1060.9,1107.6,1122.8,1135.6,1168.3,1225.7,1284.7,1346.5,1407.3,1468.2,1524.4,1577.1
849.41,838.81,831.24,824.31,820.16,816.78,818.7,820.67,827.26,836.43,848.54,866.11,884.75,911.92,939.86,975.32,1014,1062.2,1108.6,1123.7,1136.4,1168.9,1225.8,1284.2,1345.5,1405.6,1466,1521.7,1574.5
850.59,840,832.63,825.73,821.58,818.47,820.43,822.48,829.12,838.39,850.58,868.22,886.84,913.96,941.78,977.18,1015.6,1063.5,1109.6,1124.6,1137.2,1169.4,1225.8,1283.7,1344.6,1404.1,1463.8,1519.3,1572.1
851.75,841.19,834.02,827.14,823.1,820.23,822.17,824.3,831.03,840.34,852.59,870.27,888.93,915.96,943.69,978.99,1017.2,1064.9,1110.6,1125.5,1138,1169.9,1225.8,1283.4,1343.6,1402.6,1461.6,1516.8,1569.7
852.91,842.37,835.4,828.52,824.63,822.02,823.91,826.02,832.93,842.31,854.59,872.3,891.01,917.93,945.63,980.76,1018.8,1066.2,1111.6,1126.4,1138.8,1170.5,1226,1283,1342.7,1401.1,1459.6,1514.6,1567.2
854.06,843.54,836.76,829.81,826.3,823.83,825.62,827.76,834.8,844.25,856.58,874.32,893.05,919.89,947.53,982.5,1020.4,1067.5,1112.6,1127.2,1139.6,1171.1,1226.1,1282.6,1341.9,1399.7,1457.6,1512.4,1564.8
855.22,844.72,838.09,831.11,828.07,825.62,827.21,829.5,836.72,846.19,858.56,876.3,895.05,921.9,949.4,984.23,1021.9,1068.7,1113.5,1128.1,1140.4,1171.6,1226.1,1282.2,1341.1,1398.4,1455.8,1510.2,1562.4
856.36,845.97,839.43,832.44,829.82,827.4,828.76,831.15,838.61,848.12,860.54,878.29,897.04,923.81,951.24,985.98,1023.4,1070,1114.5,1128.9,1141.1,1172.2,1226.2,1281.9,1340.3,1397.1,1454.2,1507.9,1559.8
857.5,847.2,840.78,833.86,831.42,829.18,830.31,832.79,840.5,850.02,862.5,880.26,899.01,925.71,953.06,987.66,1024.9,1071.3,1115.4,1129.7,1141.9,1172.7,1226.3,1281.5,1339.6,1395.9,1452.6,1505.5,1557
858.62,848.44,842.14,835.24,832.99,830.97,831.87,834.44,842.43,851.88,864.45,882.2,900.96,927.61,954.92,989.35,1026.4,1072.5,1116.4,1130.6,1142.6,1173.2,1226.4,1281.2,1338.8,1394.6,1451.2,1503.4,1554.2
859.74,849.7,843.49,836.62,834.56,832.75,833.42,836.09,844.35,853.73,866.41,884.14,902.9,929.52,956.72,991.06,1027.9,1073.7,1117.3,1131.5,1143.4,1173.7,1226.6,1281,1338.1,1393.3,1449.7,1501.5,1551.5
860.87,850.99,844.84,837.99,836.14,834.54,834.97,837.74,846.27,855.59,868.36,886.07,904.83,931.38,958.49,992.68,1029.4,1075,1118.2,1132.3,1144.1,1174.3,1226.7,1280.7,1337.4,1392.2,1448.3,1499.6,1548.8
861.99,852.29,846.19,839.37,837.71,836.32,836.53,839.38,848.2,857.44,870.28,887.96,906.73,933.22,960.27,994.3,1030.8,1076.1,1119.2,1133.1,1144.9,1174.8,1226.9,1280.4,1336.6,1391.1,1446.9,1497.9,1546.4
863.13,853.58,847.55,840.75,839.29,838.1,838.08,841.03,850.12,859.3,872.17,889.83,908.63,935.03,962.01,995.91,1032.3,1077.3,1120.1,1133.9,1145.7,1175.3,1227,1280.2,1336,1390,1445.5,1496.1,1544.7
864.29,854.88,848.9,842.12,840.87,839.89,839.64,842.68,852.05,861.16,874.07,891.69,910.54,936.86,963.74,997.5,1033.7,1078.5,1121,1134.7,1146.4,1175.8,1227.2,1280,1335.3,1389,1444.2,1494.2,1543
865.45,856.17,850.25,843.5,842.44,841.67,841.19,844.33,853.97,863.01,875.97,893.55,912.44,938.68,965.47,999.12,1035.1,1079.7,1121.9,1135.5,1147.1,1176.4,1227.4,1279.7,1334.7,1387.9,1442.9,1492.5,1541.3
866.61,857.47,851.6,844.87,844.02,843.46,842.74,845.97,855.9,864.87,877.87,895.42,914.34,940.5,967.17,1000.7,1036.5,1080.9,1122.8,1136.4,1147.8,1176.9,1227.5,1279.5,1334,1386.9,1441.5,1490.8,1539.7
867.77,858.76,852.96,846.25,845.59,845.24,844.3,847.62,857.82,866.72,879.77,897.28,916.24,942.32,968.88,1002.2,1037.9,1082,1123.7,1137.2,1148.5,1177.4,1227.7,1279.3,1333.3,1385.9,1440,1489.2,1538.1
868.92,860.06,854.31,847.63,847.17,847.03,845.85,849.27,859.75,868.58,881.67,899.14,918.15,944.14,970.58,1003.8,1039.3,1083.1,1124.6,1138,1149.3,1178,1227.8,1279.2,1332.7,1385,1438.6,1487.6,1536.5
870.08,861.35,855.66,849,848.74,848.81,847.4,850.92,861.67,870.44,883.57,901.01,920.05,945.96,972.28,1005.3,1040.6,1084.3,1125.5,1138.8,1150,1178.5,1228,1279,1332,1384,1437.1,1486,1534.9
871.24,862.65,857.01,850.38,850.32,850.59,848.96,852.56,863.6,872.29,885.47,902.87,921.95,947.78,973.99,1006.9,1041.9,1085.4,1126.3,1139.6,1150.8,1179,1228.1,1278.9,1331.4,1383.2,1435.7,1484.5,1533.2
872.4,863.94,858.37,851.76,851.89,852.38,850.51,854.21,865.52,874.15,887.37,904.73,923.85,949.61,975.69,1008.4,1043.3,1086.5,1127.1,1140.3,1151.5,1179.5,1228.3,1278.8,1330.9,1382.4,1434.3,1483,1531.4
873.56,865.24,859.72,853.13,853.47,854.16,852.07,855.86,867.45,876,889.27,906.6,925.76,951.43,977.39,1010,1044.7,1087.7,1128,1141.1,1152.1,1180,1228.5,1278.7,1330.3,1381.5,1433,1481.6,1529.5
874.72,866.53,861.07,854.51,855.04,855.95,853.62,857.51,869.37,877.86,891.17,908.46,927.66,953.25,979.1,1011.5,1046.1,1088.8,1128.9,1141.9,1152.8,1180.6,1228.7,1278.6,1329.7,1380.7,1431.8,1480.2,1527.6
875.87,867.83,862.42,855.89,856.62,857.73,855.17,859.15,871.29,879.72,893.07,910.32,929.56,955.07,980.8,1013,1047.5,1089.9,1129.8,1142.7,1153.6,1181.2,1228.8,1278.5,1329.2,1380,1430.5,1478.8,1525.7
877.03,869.12,863.78,857.26,858.2,859.51,856.73,860.8,873.22,881.57,894.97,912.19,931.46,956.89,982.5,1014.6,1048.9,1091.1,1130.8,1143.5,1154.3,1181.7,1229.1,1278.4,1328.6,1379.2,1429.3,1477.5,1523.9
878.19,870.42,865.13,858.64,859.77,861.3,858.28,862.45,875.14,883.43,896.86,914.05,933.37,958.71,984.21,1016.1,1050.3,1092.2,1131.7,1144.3,1155.1,1182.2,1229.4,1278.3,1328.2,1378.5,1428.2,1476.2,1522.2
879.35,871.71,866.48,860.02,861.35,863.08,859.84,864.1,877.07,885.28,898.76,915.91,935.27,960.53,985.91,1017.7,1051.7,1093.3,1132.6,1145.1,1155.8,1182.7,1229.7,1278.1,1327.7,1377.8,1427,1474.9,1520.5
880.51,873.01,867.83,861.39,862.92,864.87,861.39,865.74,878.99,887.14,900.66,917.78,937.17,962.35,987.61,1019.2,1053.1,1094.5,1133.5,1145.9,1156.6,1183.3,1230,1278,1327.2,1377.2,1425.9,1473.7,1518.9
881.66,874.3,869.19,862.77,864.5,866.65,862.94,867.39,880.92,889,902.56,919.64,939.07,964.18,989.32,1020.8,1054.6,1095.6,1134.4,1146.8,1157.4,1183.8,1230.3,1277.8,1326.8,1376.6,1424.9,1472.5,1517.3
882.82,875.6,870.54,864.14,866.07,868.43,864.5,869.04,882.84,890.85,904.46,921.5,940.98,966,991.02,1022.3,1056,1096.7,1135.3,1147.6,1158.1,1184.3,1230.6,1277.7,1326.5,1376,1423.8,1471.3,1515.7
883.98,876.89,871.89,865.52,867.65,870.22,866.05,870.68,884.77,892.71,906.36,923.37,942.88,967.82,992.72,1023.9,1057.4,1097.9,1136.2,1148.4,1158.9,1184.8,1230.9,1277.5,1326.1,1375.5,1422.8,1470.3,1514.3
885.14,878.19,873.24,866.9,869.22,872,867.61,872.33,886.69,894.57,908.26,925.23,944.78,969.64,994.43,1025.4,1058.8,1099,1137.1,1149.2,1159.6,1185.3,1231.2,1277.4,1325.7,1374.6,1421.8,1469.1,1512.8
886.3,879.48,874.6,868.27,870.8,873.79,869.16,873.98,888.62,896.42,910.16,927.09,946.68,971.46,996.13,1027,1060.2,1100.1,1138,1150,1160.4,1185.8,1231.5,1277.2,1325.4,1373.6,1420.9,1468.1,1511.3
887.46,880.78,875.95,869.65,872.38,875.57,870.71,875.63,890.54,898.28,912.06,928.95,948.59,973.28,997.83,1028.5,1061.6,1101.3,1138.9,1150.8,1161.1,1186.4,1231.8,1277.1,1325,1372.7,1420,1467.2,1509.9
888.61,882.07,877.3,871.03,873.95,877.36,872.27,877.27,892.46,900.13,913.96,930.82,950.49,975.1,999.54,1030.1,1063,1102.4,1139.8,1151.6,1161.9,1186.9,1232.1,1276.9,1324.6,1371.7,1419.1,1466.2,1508.6
889.77,883.37,878.65,872.4,875.53,879.14,873.82,878.92,894.39,901.99,915.86,932.68,952.39,976.93,1001.2,1031.6,1064.4,1103.5,1140.7,1152.4,1162.6,1187.4,1232.4,1276.8,1324.2,1370.7,1418.2,1465.2,1507.3
890.93,884.66,880.01,873.78,877.1,880.92,875.38,880.57,896.31,903.85,917.76,934.54,954.29,978.75,1002.9,1033.2,1065.8,1104.7,1141.6,1153.2,1163.4,1187.9,1232.7,1276.7,1323.9,1369.7,1417.3,1464.2,1506
892.09,885.96,881.36,875.16,878.68,882.71,876.93,882.22,898.24,905.7,919.66,936.41,956.2,980.57,1004.6,1034.7,1067.2,1105.8,1142.6,1154.1,1164.2,1188.4,1233,1276.5,1323.5,1368.7,1416.4,1463.2,1504.7
893.25,887.26,882.71,876.54,880.26,884.5,878.48,883.87,900.17,907.55,921.56,938.28,958.11,982.39,1006.3,1036.2,1068.6,1106.9,1143.6,1155,1165,1188.9,1233.3,1276.3,1323.1,1367.7,1415.5,1462.2,1503.4
894.41,888.56,884.06,877.92,881.84,886.29,880.03,885.52,902.1,909.4,923.46,940.15,960.02,984.21,1008,1037.7,1070,1108,1144.6,1155.9,1165.8,1189.4,1233.6,1276.1,1322.7,1366.7,1414.6,1461.2,1502.1
895.57,889.86,885.41,879.3,883.42,888.08,881.58,887.17,904.03,911.25,925.36,942.02,961.93,986.03,1009.7,1039.2,1071.4,1109.1,1145.6,1156.8,1166.6,1189.9,1233.9,1275.9,1322.3,1365.7,1413.7,1460.2,1500.8
896.73,891.16,886.76,880.68,885,889.87,883.13,888.82,905.96,913.1,927.26,943.89,963.84,987.85,1011.4,1040.7,1072.8,1110.2,1146.6,1157.7,1167.4,1190.4,1234.2,1275.7,1321.9,1364.7,1412.8,1459.2,1499.5
897.89,892.46,888.11,882.06,886.58,891.660000000001,884.68,890.469999999999,907.890000000001,914.950000000001,929.16,945.76,965.750000000001,989.67,1013.1,1042.2,1074.2,1111.3,1147.6,1158.6,1168.2,1190.9,1234.5,1275.5,1321.5,1363.7,1411.9,1458.2,1498.2
899.05,893.76,889.460000000001,883.44,888.159999999999,893.450000000001,886.23,892.12,909.820000000001,916.8,931.06,947.63,967.660000000001,991.490000000001,1014.8,1043.7,1075.6,1112.4,1148.6,1159.5,1169,1191.4,1234.8,1275.3,1321.1,1362.7,1411,1457.2,1496.9
900.210000000001,895.06,890.81,884.82,889.74,895.240000000001,887.78,893.77,911.75,918.650000000001,932.96,949.5,969.570000000001,993.31,1016.5,1045.2,1077,1113.5,1149.6,1160.4,1169.8,1191.9,1235.1,1275.1,1320.7,1361.7,1410.1,1456.2,1495.6
901.370000000001,896.360000000001,892.16,886.2,891.32,897.030000000001,889.33,895.42,913.68,920.5,934.860000000001,951.370000000001,971.480000000001,995.130000000001,1018.2,1046.7,1078.4,1114.6,1150.6,1161.3,1170.6,1192.4,1235.4,1274.9,1320.3,1360.7,1409.2,1455.2,1494.3
902.53,897.660000000001,893.51,887.580000000001,892.899999999999,898.820000000001,890.879999999999,897.070000000001,915.610000000001,922.349999999999,936.76,953.24,973.389999999999,996.950000000001,1019.9,1048.2,1079.8,1115.7,1151.6,1162.2,1171.4,1192.9,1235.7,1274.7,1319.9,1359.7,1408.3,1454.2,1493
903.690000000001,898.960000000001,894.860000000001,888.960000000001,894.48,900.610000000002,892.43,898.719999999999,917.540000000001,924.200000000001,938.66,955.110000000001,975.300000000001,998.77,1021.6,1049.7,1081.2,1116.8,1152.6,1163.1,1172.2,1193.4,1236,1274.5,1319.5,1358.7,1407.4,1453.2,1491.7
904.85,900.26,896.209999999999,890.34,896.059999999999,902.400000000001,893.98,900.369999999999,919.470000000001,926.050000000001,940.559999999999,956.980000000001,977.210000000003,1000.59,1023.3,1051.2,1082.6,1117.9,1153.6,1164,1173,1193.9,1236.3,1274.3,1319.1,1357.7,1406.5,1452.2,1490.4
906.01,901.559999999999,897.560000000001,891.719999999999,897.639999999999,904.190000000001,895.530000000001,902.02,921.400000000001,927.9,942.460000000001,958.85,979.120000000001,1002.41,1025,1052.7,1084,1119,1154.6,1164.9,1173.8,1194.4,1236.6,1274.1,1318.7,1356.7,1405.6,1451.2,1489.1
907.17,902.860000000001,898.910000000002,893.1,899.219999999998,905.980000000001,897.079999999998,903.67,923.330000000002,929.75,944.360000000001,960.719999999999,981.030000000001,1004.23,1026.7,1054.2,1085.4,1120.1,1155.6,1165.8,1174.6,1194.9,1236.9,1273.9,1318.3,1355.7,1404.7,1450.2,1487.8
908.330000000002,904.160000000002,900.26,894.48,900.799999999999,907.770000000002,898.629999999999,905.32,925.26,931.6,946.26,962.59,982.940000000001,1006.05,1028.4,1055.7,1086.8,1121.2,1156.6,1166.7,1175.4,1195.4,1237.2,1273.7,1317.9,1354.7,1403.8,1449.2,1486.5
909.490000000002,905.460000000001,901.610000000001,895.860000000001,902.379999999999,909.560000000001,900.179999999998,906.969999999999,927.190000000001,933.450000000001,948.16,964.460000000001,984.850000000002,1007.87,1030.1,1057.2,1088.2,1122.3,1157.6,1167.6,1176.2,1195.9,1237.5,1273.5,1317.5,1353.7,1402.9,1448.2,1485.2
910.650000000001,906.76,902.960000000001,897.24,903.959999999999,911.35,901.73,908.619999999999,929.120000000001,935.300000000001,950.059999999999,966.33,986.760000000002,1009.69,1031.8,1058.7,1089.6,1123.4,1158.6,1168.5,1177,1196.4,1237.8,1273.3,1317.1,1352.7,1402,1447.2,1483.9
911.810000000001,908.060000000001,904.309999999999,898.619999999999,905.539999999999,913.140000000001,903.280000000001,910.27,931.050000000001,937.15,951.960000000001,968.200000000001,988.670000000002,1011.51,1033.5,1060.2,1091,1124.5,1159.6,1169.4,1177.8,1196.9,1238.1,1273.1,1316.7,1351.7,1401.1,1446.2,1482.6
912.969999999999,909.360000000002,905.66,900.000000000002,907.119999999997,914.930000000002,904.829999999998,911.92,932.980000000003,938.999999999998,953.860000000001,970.07,990.579999999998,1013.33,1035.2,1061.7,1092.4,1125.6,1160.6,1170.3,1178.6,1197.4,1238.4,1272.9,1316.3,1350.7,1400.2,1445.2,1481.3
914.130000000001,910.66,907.010000000002,901.380000000001,908.699999999997,916.720000000001,906.379999999997,913.57,934.91,940.849999999999,955.760000000002,971.940000000002,992.490000000002,1015.15,1036.9,1063.2,1093.8,1126.7,1161.6,1171.2,1179.4,1197.9,1238.7,1272.7,1315.9,1349.7,1399.3,1444.2,1480
915.290000000001,911.959999999999,908.360000000001,902.760000000002,910.279999999999,918.510000000002,907.93,915.219999999998,936.840000000004,942.700000000001,957.66,973.810000000001,994.400000000001,1016.97,1038.6,1064.7,1095.2,1127.8,1162.6,1172.1,1180.2,1198.4,1239,1272.5,1315.5,1348.7,1398.4,1443.2,1478.7
916.450000000001,913.260000000002,909.710000000003,904.139999999999,911.859999999997,920.300000000003,909.48,916.869999999999,938.77,944.549999999999,959.560000000001,975.68,996.310000000001,1018.79,1040.3,1066.2,1096.6,1128.9,1163.6,1173,1181,1198.9,1239.3,1272.3,1315.1,1347.7,1397.5,1442.2,1477.4
917.610000000001,914.560000000001,911.059999999998,905.52,913.439999999999,922.090000000004,911.029999999999,918.52,940.700000000001,946.400000000001,961.459999999999,977.550000000003,998.220000000005,1020.61,1042,1067.7,1098,1130,1164.6,1173.9,1181.8,1199.4,1239.6,1272.1,1314.7,1346.7,1396.6,1441.2,1476.1
918.77,915.860000000001,912.41,906.900000000001,915.02,923.880000000001,912.579999999998,920.169999999998,942.630000000005,948.250000000004,963.360000000001,979.420000000002,1000.13,1022.43,1043.7,1069.2,1099.40000000001,1131.09999999999,1165.6,1174.8,1182.6,1199.9,1239.9,1271.9,1314.3,1345.7,1395.70000000001,1440.2,1474.8
919.93,917.16,913.760000000002,908.279999999999,916.599999999999,925.670000000002,914.130000000001,921.82,944.560000000001,950.099999999999,965.260000000002,981.290000000001,1002.04,1024.25,1045.4,1070.7,1100.8,1132.2,1166.6,1175.69999999999,1183.4,1200.4,1240.2,1271.7,1313.9,1344.7,1394.8,1439.2,1473.5
921.09,918.459999999999,915.110000000001,909.66,918.18,927.459999999999,915.68,923.470000000001,946.490000000002,951.950000000001,967.16,983.16,1003.95,1026.07,1047.1,1072.2,1102.2,1133.3,1167.6,1176.6,1184.2,1200.9,1240.5,1271.5,1313.5,1343.7,1393.9,1438.2,1472.2
922.25,919.760000000002,916.460000000003,911.040000000001,919.759999999995,929.250000000004,917.229999999996,925.120000000003,948.420000000002,953.799999999999,969.060000000001,985.029999999999,1005.86,1027.89,1048.8,1073.7,1103.6,1134.4,1168.6,1177.5,1185,1201.4,1240.8,1271.3,1313.1,1342.7,1393.00000000001,1437.2,1470.9
923.410000000003,921.060000000001,917.810000000001,912.420000000002,921.339999999997,931.040000000001,918.779999999999,926.769999999997,950.350000000002,955.650000000001,970.959999999999,986.900000000001,1007.77,1029.71,1050.5,1075.2,1105,1135.5,1169.6,1178.39999999999,1185.8,1201.9,1241.1,1271.1,1312.7,1341.7,1392.10000000001,1436.2,1469.6
924.570000000003,922.360000000001,919.16,913.799999999999,922.919999999998,932.830000000002,920.329999999998,928.419999999998,952.279999999999,957.500000000004,972.860000000001,988.77,1009.68,1031.53,1052.2,1076.7,1106.40000000001,1136.59999999999,1170.6,1179.29999999999,1186.6,1202.4,1241.4,1270.9,1312.3,1340.7,1391.2,1435.2,1468.3
925.730000000003,923.660000000003,920.509999999998,915.18,924.499999999996,934.620000000003,921.879999999997,930.07,954.210000000003,959.349999999999,974.759999999998,990.639999999999,1011.59,1033.35,1053.9,1078.2,1107.8,1137.7,1171.60000000001,1180.2,1187.39999999999,1202.89999999999,1241.7,1270.7,1311.89999999999,1339.7,1390.3,1434.2,1467
926.890000000003,924.960000000003,921.860000000001,916.560000000001,926.079999999998,936.410000000003,923.429999999997,931.719999999998,956.139999999999,961.200000000001,976.66,992.510000000002,1013.5,1035.17,1055.6,1079.7,1109.2,1138.8,1172.6,1181.1,1188.2,1203.4,1242,1270.5,1311.5,1338.7,1389.4,1433.2,1465.7
928.050000000003,926.260000000002,923.209999999999,917.939999999999,927.659999999996,938.200000000001,924.98,933.369999999999,958.070000000003,963.049999999999,978.559999999998,994.380000000001,1015.41,1036.99,1057.3,1081.2,1110.60000000001,1139.89999999999,1173.6,1181.99999999999,1189,1203.9,1242.3,1270.3,1311.1,1337.7,1388.50000000001,1432.2,1464.4
929.210000000003,927.560000000001,924.560000000001,919.32,929.239999999998,939.990000000002,926.529999999999,935.02,960.000000000004,964.900000000001,980.459999999999,996.25,1017.32,1038.81,1059,1082.7,1112,1141,1174.6,1182.89999999999,1189.8,1204.4,1242.6,1270.1,1310.7,1336.7,1387.60000000001,1431.2,1463.1
930.370000000003,928.860000000001,925.910000000003,920.700000000001,930.82,941.780000000002,928.079999999998,936.669999999998,961.93,966.750000000004,982.360000000001,998.119999999999,1019.23,1040.63,1060.7,1084.2,1113.4,1142.1,1175.6,1183.8,1190.6,1204.9,1242.9,1269.9,1310.3,1335.7,1386.7,1430.2,1461.8
931.530000000002,930.160000000003,927.260000000002,922.079999999998,932.399999999998,943.570000000003,929.630000000001,938.32,963.860000000004,968.599999999999,984.259999999998,999.989999999998,1021.14,1042.45,1062.4,1085.7,1114.8,1143.2,1176.60000000001,1184.7,1191.39999999999,1205.39999999999,1243.2,1269.7,1309.89999999999,1334.7,1385.8,1429.2,1460.5
932.690000000002,931.460000000003,928.610000000001,923.459999999999,933.98,945.360000000004,931.18,939.970000000001,965.790000000001,970.450000000001,986.160000000003,1001.86,1023.05,1044.27,1064.1,1087.2,1116.2,1144.3,1177.6,1185.6,1192.2,1205.9,1243.5,1269.5,1309.5,1333.7,1384.9,1428.2,1459.2
933.850000000002,932.760000000006,929.959999999999,924.84,935.559999999998,947.150000000001,932.73,941.619999999999,967.720000000001,972.299999999999,988.059999999998,1003.73,1024.96,1046.09,1065.8,1088.7,1117.60000000001,1145.39999999999,1178.6,1186.49999999999,1193,1206.4,1243.8,1269.3,1309.1,1332.7,1384.00000000001,1427.2,1457.9
935.010000000002,934.060000000005,931.310000000001,926.220000000001,937.139999999996,948.940000000006,934.279999999995,943.27,969.650000000001,974.149999999994,989.959999999999,1005.60000000001,1026.87,1047.91,1067.50000000001,1090.2,1119,1146.5,1179.6,1187.39999999999,1193.8,1206.9,1244.1,1269.1,1308.7,1331.7,1383.10000000001,1426.2,1456.6
936.170000000006,935.360000000001,932.660000000003,927.599999999999,938.719999999994,950.730000000003,935.829999999994,944.919999999998,971.580000000002,976,991.860000000001,1007.47,1028.78000000001,1049.73,1069.2,1091.7,1120.4,1147.6,1180.6,1188.3,1194.6,1207.4,1244.4,1268.9,1308.3,1330.7,1382.2,1425.2,1455.3
937.330000000002,936.660000000003,934.010000000002,928.980000000003,940.299999999996,952.520000000004,937.379999999997,946.57,973.510000000002,977.849999999999,993.760000000002,1009.34,1030.69,1051.55,1070.9,1093.2,1121.8,1148.7,1181.60000000001,1189.2,1195.39999999999,1207.89999999999,1244.7,1268.7,1307.89999999999,1329.7,1381.3,1424.2,1454
938.490000000005,937.959999999999,935.360000000001,930.360000000001,941.879999999997,954.310000000005,938.93,948.220000000001,975.44000000001,979.700000000004,995.659999999996,1011.21,1032.60000000001,1053.37,1072.6,1094.7,1123.2,1149.8,1182.6,1190.1,1196.2,1208.4,1245,1268.5,1307.5,1328.7,1380.4,1423.2,1452.7
939.650000000001,939.260000000002,936.710000000006,931.740000000005,943.459999999999,956.099999999999,940.479999999996,949.869999999995,977.370000000003,981.550000000003,997.560000000005,1013.08,1034.51,1055.19,1074.3,1096.2,1124.60000000001,1150.89999999999,1183.6,1190.99999999999,1197,1208.9,1245.3,1268.3,1307.1,1327.7,1379.50000000001,1422.2,1451.4
940.810000000005,940.559999999998,938.060000000005,933.119999999995,945.039999999994,957.889999999999,942.029999999999,951.519999999997,979.300000000003,983.399999999994,999.459999999999,1014.95,1036.42,1057.01,1076.00000000001,1097.7,1126,1152,1184.6,1191.89999999999,1197.8,1209.4,1245.6,1268.1,1306.7,1326.7,1378.60000000001,1421.2,1450.1
941.970000000001,941.860000000008,939.410000000003,934.5,946.619999999995,959.680000000008,943.580000000002,953.169999999998,981.230000000003,985.25,1001.36,1016.82,1038.33,1058.83,1077.7,1099.2,1127.4,1153.1,1185.6,1192.8,1198.6,1209.9,1245.9,1267.9,1306.3,1325.7,1377.7,1420.2,1448.8
943.130000000005,943.160000000003,940.759999999995,935.879999999997,948.199999999997,961.470000000008,945.129999999997,954.82,983.160000000003,987.099999999999,1003.25999999999,1018.69,1040.24000000001,1060.65,1079.4,1100.7,1128.8,1154.2,1186.6,1193.69999999999,1199.39999999999,1210.4,1246.2,1267.7,1305.89999999999,1324.7,1376.80000000001,1419.2,1447.5
944.290000000001,944.460000000006,942.110000000001,937.260000000002,949.779999999999,963.260000000002,946.68,956.470000000001,985.090000000004,988.950000000004,1005.16,1020.56,1042.15000000001,1062.47,1081.1,1102.2,1130.2,1155.3,1187.60000000001,1194.6,1200.2,1210.89999999999,1246.5,1267.5,1305.49999999999,1323.7,1375.9,1418.2,1446.2
945.450000000004,945.760000000002,943.459999999999,938.639999999999,951.360000000001,965.050000000003,948.229999999996,958.120000000003,987.020000000004,990.800000000003,1007.06,1022.43,1044.06,1064.29,1082.8,1103.7,1131.60000000001,1156.39999999999,1188.6,1195.49999999999,1201,1211.4,1246.8,1267.3,1305.1,1322.7,1375.00000000001,1417.20000000001,1444.90000000001
946.610000000001,947.060000000005,944.809999999998,940.020000000004,952.939999999995,966.840000000004,949.779999999999,959.769999999997,988.950000000004,992.650000000001,1008.96,1024.3,1045.97000000001,1066.11,1084.50000000001,1105.2,1133.00000000001,1157.49999999999,1189.6,1196.39999999999,1201.8,1211.9,1247.1,1267.1,1304.7,1321.7,1374.10000000002,1416.2,1443.60000000001
947.770000000004,948.360000000001,946.160000000003,941.399999999994,954.519999999997,968.630000000005,951.330000000002,961.419999999998,990.880000000005,994.5,1010.86,1026.17,1047.88,1067.93,1086.2,1106.7,1134.40000000001,1158.59999999999,1190.6,1197.29999999999,1202.6,1212.4,1247.39999999999,1266.89999999999,1304.3,1320.7,1373.20000000001,1415.2,1442.3
948.93,949.660000000003,947.510000000002,942.779999999999,956.099999999999,970.420000000006,952.879999999997,963.07,992.810000000005,996.349999999999,1012.76,1028.04,1049.79,1069.75,1087.9,1108.2,1135.8,1159.7,1191.6,1198.19999999999,1203.39999999999,1212.9,1247.7,1266.7,1303.89999999999,1319.7,1372.3,1414.2,1441
950.090000000004,950.959999999999,948.860000000001,944.159999999996,957.68,972.209999999999,954.43,964.720000000001,994.739999999998,998.200000000004,1014.66,1029.91,1051.7,1071.57,1089.6,1109.7,1137.2,1160.8,1192.60000000001,1199.1,1204.2,1213.39999999999,1248,1266.5,1303.5,1318.7,1371.40000000001,1413.2,1439.7
951.25,952.260000000002,950.209999999999,945.540000000001,959.260000000002,974,955.980000000003,966.370000000003,996.670000000006,1000.05,1016.56,1031.78,1053.61,1073.39,1091.3,1111.2,1138.60000000001,1161.89999999999,1193.6,1199.99999999999,1205,1213.9,1248.3,1266.3,1303.09999999999,1317.70000000001,1370.5,1412.20000000001,1438.40000000001
952.410000000003,953.560000000005,951.560000000005,946.919999999998,960.839999999997,975.790000000008,957.529999999999,968.020000000004,998.600000000006,1001.9,1018.46,1033.64999999999,1055.52,1075.21,1093.00000000001,1112.7,1140.00000000001,1162.99999999999,1194.6,1200.89999999999,1205.8,1214.4,1248.6,1266.09999999999,1302.7,1316.7,1369.60000000002,1411.2,1437.10000000001
953.57,954.860000000008,952.910000000003,948.300000000003,962.419999999991,977.580000000009,959.079999999994,969.670000000006,1000.53,1003.75,1020.36,1035.52,1057.43000000001,1077.03000000001,1094.7,1114.2,1141.40000000001,1164.09999999999,1195.6,1201.79999999999,1206.6,1214.9,1248.89999999999,1265.89999999999,1302.29999999999,1315.7,1368.70000000001,1410.2,1435.8
954.73000000001,956.160000000003,954.260000000002,949.68,963.999999999993,979.370000000003,960.629999999997,971.319999999992,1002.46,1005.6,1022.25999999999,1037.39,1059.34,1078.85000000001,1096.4,1115.7,1142.8,1165.2,1196.6,1202.69999999999,1207.39999999999,1215.4,1249.2,1265.7,1301.89999999999,1314.7,1367.8,1409.2,1434.5
955.890000000007,957.460000000006,955.610000000001,951.059999999998,965.579999999994,981.160000000003,962.179999999993,972.969999999994,1004.39000000001,1007.45,1024.16,1039.26,1061.25000000001,1080.67000000001,1098.1,1117.2,1144.2,1166.3,1197.6,1203.59999999999,1208.2,1215.9,1249.5,1265.5,1301.5,1313.7,1366.90000000001,1408.2,1433.2
957.05000000001,958.760000000002,956.960000000006,952.439999999995,967.159999999996,982.950000000004,963.729999999996,974.619999999995,1006.32,1009.3,1026.06,1041.13,1063.16,1082.49000000001,1099.8,1118.7,1145.60000000001,1167.39999999999,1198.60000000001,1204.49999999999,1209,1216.39999999999,1249.8,1265.3,1301.09999999999,1312.70000000001,1366,1407.20000000001,1431.90000000001
958.210000000006,960.060000000005,958.309999999998,953.82,968.739999999991,984.740000000005,965.279999999999,976.269999999997,1008.25,1011.15,1027.96,1043,1065.07000000001,1084.31,1101.50000000001,1120.2,1147.00000000001,1168.49999999999,1199.59999999999,1205.39999999998,1209.8,1216.90000000001,1250.09999999999,1265.09999999999,1300.7,1311.7,1365.10000000002,1406.2,1430.60000000001
959.37000000001,961.360000000001,959.659999999996,955.199999999997,970.319999999992,986.529999999999,966.829999999994,977.919999999998,1010.18000000001,1013,1029.85999999999,1044.87,1066.98,1086.13,1103.2,1121.7,1148.40000000001,1169.59999999999,1200.60000000001,1206.29999999999,1210.59999999999,1217.39999999999,1250.39999999999,1264.89999999999,1300.29999999999,1310.7,1364.20000000001,1405.2,1429.3
960.530000000006,962.660000000011,961.010000000002,956.580000000002,971.899999999994,988.320000000007,968.379999999997,979.57,1012.11000000001,1014.85,1031.76,1046.74,1068.89,1087.95,1104.9,1123.2,1149.8,1170.7,1201.60000000001,1207.2,1211.39999999999,1217.89999999999,1250.7,1264.7,1299.89999999999,1309.7,1363.3,1404.2,1428
961.69000000001,963.960000000006,962.360000000001,957.959999999999,973.479999999996,990.110000000008,969.929999999993,981.219999999994,1014.04,1016.7,1033.66,1048.61,1070.80000000001,1089.77,1106.6,1124.7,1151.2,1171.8,1202.59999999999,1208.09999999999,1212.2,1218.40000000001,1251,1264.5,1299.5,1308.7,1362.40000000001,1403.2,1426.7
962.850000000006,965.260000000009,963.709999999999,959.339999999997,975.059999999998,991.900000000009,971.479999999996,982.869999999995,1015.97,1018.55,1035.56,1050.48,1072.71000000001,1091.59,1108.3,1126.2,1152.60000000001,1172.89999999999,1203.60000000001,1209,1213,1218.89999999999,1251.3,1264.3,1299.09999999999,1307.70000000001,1361.5,1402.20000000001,1425.40000000001
964.010000000009,966.560000000005,965.059999999998,960.719999999994,976.639999999992,993.690000000002,973.029999999999,984.519999999997,1017.90000000001,1020.4,1037.45999999999,1052.35,1074.62000000001,1093.41,1110.00000000001,1127.7,1154.00000000001,1173.99999999999,1204.59999999999,1209.89999999998,1213.8,1219.40000000001,1251.59999999999,1264.09999999999,1298.7,1306.7,1360.60000000002,1401.2,1424.10000000001
965.170000000006,967.860000000008,966.410000000003,962.099999999999,978.219999999994,995.480000000003,974.579999999994,986.169999999998,1019.83,1022.25,1039.36,1054.22,1076.53000000001,1095.23,1111.7,1129.2,1155.40000000001,1175.09999999999,1205.60000000001,1210.79999999999,1214.59999999999,1219.89999999999,1251.89999999999,1263.89999999999,1298.29999999999,1305.7,1359.70000000001,1400.2,1422.8
966.330000000002,969.160000000003,967.760000000002,963.480000000003,979.799999999996,997.270000000004,976.129999999997,987.82,1021.76,1024.1,1041.26,1056.09,1078.44,1097.05,1113.4,1130.7,1156.8,1176.2,1206.60000000001,1211.7,1215.39999999999,1220.39999999999,1252.2,1263.7,1297.89999999999,1304.7,1358.8,1399.2,1421.5
967.490000000005,970.459999999999,969.110000000001,964.860000000001,981.379999999997,999.060000000005,977.68,989.470000000001,1023.69000000001,1025.95,1043.16,1057.96,1080.35000000001,1098.87,1115.10000000001,1132.2,1158.2,1177.3,1207.59999999999,1212.59999999999,1216.2,1220.90000000001,1252.5,1263.5,1297.5,1303.7,1357.90000000001,1398.2,1420.2
968.650000000001,971.760000000002,970.460000000006,966.240000000005,982.959999999999,1000.85000000001,979.229999999996,991.120000000003,1025.62,1027.8,1045.06,1059.83,1082.26,1100.69,1116.8,1133.70000000001,1159.60000000001,1178.39999999999,1208.60000000001,1213.5,1217,1221.39999999999,1252.8,1263.3,1297.09999999999,1302.70000000001,1357,1397.20000000001,1418.90000000001
969.810000000005,973.059999999998,971.810000000005,967.620000000003,984.539999999994,1002.64,980.779999999999,992.769999999997,1027.55,1029.65,1046.96,1061.7,1084.17000000001,1102.51000000001,1118.5,1135.2,1161.00000000001,1179.49999999999,1209.59999999999,1214.39999999998,1217.8,1221.90000000001,1253.09999999999,1263.09999999999,1296.7,1301.7,1356.10000000002,1396.2,1417.60000000001
970.970000000001,974.360000000008,973.160000000003,969,986.119999999995,1004.43000000001,982.330000000002,994.419999999998,1029.48,1031.5,1048.86,1063.57,1086.08,1104.33,1120.20000000001,1136.7,1162.40000000001,1180.59999999999,1210.60000000001,1215.29999999999,1218.59999999999,1222.39999999999,1253.39999999999,1262.89999999999,1296.29999999999,1300.7,1355.20000000001,1395.2,1416.3
972.130000000005,975.660000000003,974.510000000002,970.379999999997,987.699999999997,1006.22000000001,983.879999999997,996.07,1031.41,1033.35,1050.75999999999,1065.44,1087.99000000001,1106.15000000001,1121.90000000001,1138.2,1163.8,1181.7,1211.60000000001,1216.2,1219.39999999999,1222.89999999999,1253.7,1262.7,1295.89999999999,1299.7,1354.3,1394.2,1415
973.290000000001,976.960000000006,975.860000000001,971.760000000002,989.279999999999,1008.01000000001,985.43,997.720000000001,1033.34,1035.2,1052.66,1067.31,1089.89999999999,1107.97,1123.60000000001,1139.7,1165.2,1182.8,1212.59999999999,1217.09999999999,1220.2,1223.40000000001,1254,1262.5,1295.5,1298.7,1353.40000000001,1393.2,1413.7
974.450000000004,978.260000000002,977.209999999999,973.139999999999,990.860000000001,1009.8,986.979999999996,999.370000000003,1035.27,1037.05,1054.56,1069.18000000001,1091.81000000001,1109.79000000001,1125.3,1141.20000000001,1166.60000000001,1183.89999999999,1213.60000000001,1218,1221,1223.89999999999,1254.3,1262.3,1295.09999999999,1297.70000000001,1352.5,1392.20000000001,1412.40000000001
975.610000000001,979.560000000005,978.559999999998,974.520000000004,992.439999999995,1011.59,988.529999999999,1001.02,1037.20000000001,1038.9,1056.45999999999,1071.04999999999,1093.72,1111.61,1127,1142.7,1168.00000000001,1184.99999999999,1214.59999999999,1218.89999999998,1221.8,1224.40000000001,1254.59999999999,1262.09999999999,1294.7,1296.7,1351.60000000002,1391.2,1411.10000000001
976.770000000004,980.860000000008,979.910000000003,975.900000000001,994.019999999997,1013.38,990.080000000002,1002.67,1039.13,1040.75,1058.36,1072.92,1095.63,1113.43000000001,1128.70000000001,1144.2,1169.40000000001,1186.09999999999,1215.60000000001,1219.79999999999,1222.59999999999,1224.89999999999,1254.89999999999,1261.89999999999,1294.29999999999,1295.7,1350.70000000001,1390.2,1409.8
977.930000000008,982.160000000003,981.260000000002,977.279999999999,995.599999999999,1015.17000000001,991.629999999997,1004.32,1041.06,1042.59999999999,1060.25999999999,1074.79000000001,1097.54000000001,1115.25,1130.40000000001,1145.7,1170.8,1187.2,1216.60000000001,1220.7,1223.39999999999,1225.39999999999,1255.2,1261.7,1293.89999999999,1294.7,1349.8,1389.2,1408.5
979.089999999997,983.460000000006,982.610000000001,978.660000000003,997.179999999993,1016.96000000001,993.179999999993,1005.97,1042.99000000001,1044.45,1062.16,1076.66,1099.45,1117.07000000001,1132.10000000001,1147.2,1172.2,1188.3,1217.59999999999,1221.59999999999,1224.2,1225.90000000001,1255.5,1261.5,1293.5,1293.7,1348.90000000001,1388.2,1407.2
980.250000000015,984.759999999995,983.960000000006,980.039999999994,998.759999999995,1018.75,994.729999999996,1007.62,1044.92,1046.3,1064.06,1078.53,1101.36000000002,1118.89,1133.8,1148.70000000001,1173.60000000001,1189.39999999999,1218.60000000001,1222.5,1225,1226.39999999999,1255.8,1261.3,1293.09999999999,1292.70000000001,1348,1387.20000000001,1405.90000000001
981.410000000003,986.060000000012,985.309999999998,981.419999999998,1000.34,1020.54000000001,996.279999999999,1009.27,1046.85000000001,1048.15000000001,1065.95999999999,1080.39999999999,1103.27,1120.71000000001,1135.5,1150.2,1175.00000000001,1190.49999999999,1219.59999999999,1223.39999999998,1225.8,1226.90000000001,1256.09999999999,1261.09999999999,1292.7,1291.7,1347.10000000002,1386.2,1404.60000000001
982.570000000007,987.360000000001,986.660000000003,982.800000000003,1001.92,1022.33,997.830000000002,1010.92,1048.78000000001,1050,1067.86,1082.27,1105.18000000001,1122.53,1137.20000000001,1151.7,1176.40000000001,1191.59999999999,1220.60000000001,1224.29999999999,1226.59999999999,1227.39999999999,1256.39999999999,1260.89999999999,1292.29999999999,1290.7,1346.20000000001,1385.2,1403.3
983.729999999996,988.660000000003,988.010000000009,984.180000000008,1003.49999999999,1024.12000000001,999.37999999999,1012.57000000001,1050.71000000001,1051.84999999999,1069.76000000001,1084.14,1107.09,1124.35000000001,1138.90000000001,1153.2,1177.8,1192.7,1221.60000000001,1225.2,1227.39999999999,1227.89999999999,1256.7,1260.7,1291.89999999999,1289.7,1345.3,1384.2,1402
984.890000000014,989.960000000006,989.360000000001,985.559999999998,1005.08,1025.91000000002,1000.93000000001,1014.22,1052.64000000001,1053.7,1071.65999999999,1086.00999999999,1109,1126.17,1140.60000000001,1154.7,1179.2,1193.8,1222.59999999999,1226.09999999999,1228.2,1228.40000000001,1257,1260.5,1291.5,1288.7,1344.40000000001,1383.2,1400.7
986.050000000003,991.260000000009,990.710000000006,986.940000000002,1006.65999999999,1027.70000000001,1002.48,1015.87000000001,1054.57000000001,1055.55,1073.56,1087.88,1110.91000000002,1127.99000000001,1142.3,1156.20000000001,1180.60000000001,1194.89999999999,1223.60000000001,1227,1229,1228.89999999999,1257.3,1260.3,1291.09999999999,1287.70000000001,1343.5,1382.20000000001,1399.40000000001
987.210000000006,992.560000000012,992.060000000012,988.320000000007,1008.24000000001,1029.49000000001,1004.03,1017.52,1056.5,1057.40000000001,1075.46000000001,1089.75,1112.82000000001,1129.81,1144,1157.7,1182.00000000001,1195.99999999999,1224.59999999999,1227.89999999998,1229.8,1229.40000000001,1257.59999999999,1260.09999999999,1290.7,1286.7,1342.60000000002,1381.2,1398.10000000001
988.369999999995,993.860000000001,993.410000000003,989.700000000012,1009.81999999999,1031.28,1005.58,1019.17,1058.43000000001,1059.25,1077.36,1091.62000000001,1114.73000000001,1131.63,1145.70000000001,1159.2,1183.40000000001,1197.09999999999,1225.60000000001,1228.79999999999,1230.59999999999,1229.89999999999,1257.89999999999,1259.89999999999,1290.29999999999,1285.7,1341.70000000001,1380.2,1396.8
989.530000000013,995.160000000003,994.760000000009,991.079999999987,1011.39999999999,1033.07000000001,1007.13,1020.81999999999,1060.36,1061.09999999999,1079.25999999999,1093.48999999999,1116.64,1133.45,1147.40000000001,1160.7,1184.8,1198.2,1226.59999999999,1229.69999999998,1231.39999999999,1230.40000000001,1258.2,1259.7,1289.89999999999,1284.7,1340.80000000002,1379.2,1395.5
990.690000000002,996.460000000006,996.110000000001,992.459999999992,1012.98,1034.86,1008.67999999999,1022.47,1062.29000000001,1062.95,1081.15999999999,1095.36,1118.55,1135.27,1149.10000000001,1162.2,1186.2,1199.3,1227.60000000001,1230.59999999999,1232.19999999998,1230.89999999999,1258.5,1259.5,1289.49999999999,1283.7,1339.90000000001,1378.2,1394.2
991.850000000006,997.760000000009,997.460000000006,993.839999999997,1014.55999999998,1036.65000000001,1010.23,1024.12,1064.22000000002,1064.8,1083.06,1097.23,1120.46000000001,1137.09000000001,1150.8,1163.70000000001,1187.60000000001,1200.39999999999,1228.60000000001,1231.5,1233,1231.39999999999,1258.8,1259.3,1289.09999999999,1282.70000000001,1339,1377.20000000001,1392.90000000001
993.010000000009,999.060000000012,998.810000000012,995.220000000001,1016.14,1038.44000000002,1011.78,1025.76999999999,1066.14999999999,1066.65000000001,1084.96000000001,1099.10000000001,1122.37000000001,1138.91,1152.5,1165.2,1189.00000000001,1201.49999999999,1229.59999999999,1232.39999999998,1233.8,1231.90000000001,1259.09999999999,1259.09999999999,1288.7,1281.7,1338.10000000002,1376.2,1391.60000000001
994.170000000013,1000.36,1000.16,996.599999999991,1017.71999999999,1040.23000000001,1013.32999999999,1027.42,1068.08,1068.5,1086.85999999999,1100.97,1124.28000000001,1140.73000000001,1154.20000000001,1166.7,1190.40000000001,1202.59999999999,1230.60000000001,1233.29999999999,1234.59999999999,1232.39999999999,1259.39999999999,1258.89999999999,1288.29999999999,1280.7,1337.20000000001,1375.2,1390.30000000002
995.330000000016,1001.66000000002,1001.50999999999,997.979999999996,1019.29999999999,1042.02000000002,1014.88,1029.06999999999,1070.01000000001,1070.34999999999,1088.75999999999,1102.84,1126.19,1142.55,1155.90000000001,1168.2,1191.8,1203.7,1231.59999999999,1234.19999999998,1235.39999999999,1232.90000000001,1259.7,1258.7,1287.89999999999,1279.7,1336.30000000002,1374.2,1389
996.490000000005,1002.96000000001,1002.86,999.360000000001,1020.87999999999,1043.81,1016.42999999999,1030.72,1071.94,1072.2,1090.66,1104.71000000001,1128.10000000001,1144.37000000001,1157.60000000001,1169.7,1193.2,1204.8,1232.60000000001,1235.09999999999,1236.19999999998,1233.39999999999,1260,1258.5,1287.49999999999,1278.7,1335.40000000001,1373.20000000001,1387.70000000001
997.650000000009,1004.26000000001,1004.20999999999,1000.74000000001,1022.45999999999,1045.60000000001,1017.98,1032.37,1073.87000000001,1074.05,1092.56,1106.58,1130.01000000001,1146.19,1159.3,1171.20000000001,1194.60000000001,1205.89999999999,1233.60000000001,1236,1237,1233.89999999999,1260.3,1258.3,1287.09999999999,1277.70000000001,1334.5,1372.19999999998,1386.39999999999
998.810000000012,1005.56,1005.56,1002.12,1024.03999999999,1047.39,1019.52999999998,1034.02,1075.80000000002,1075.90000000001,1094.45999999999,1108.45,1131.92000000001,1148.01000000001,1161,1172.7,1196.00000000001,1206.99999999999,1234.59999999999,1236.89999999998,1237.8,1234.40000000001,1260.59999999999,1258.09999999999,1286.7,1276.7,1333.60000000002,1371.20000000001,1385.10000000001
999.970000000016,1006.86000000002,1006.91,1003.5,1025.62,1049.18000000001,1021.08,1035.67,1077.73,1077.75,1096.36,1110.31999999999,1133.83,1149.83,1162.70000000001,1174.2,1197.40000000001,1208.09999999999,1235.60000000001,1237.79999999999,1238.59999999999,1234.89999999999,1260.89999999999,1257.89999999999,1286.29999999999,1275.7,1332.70000000001,1370.20000000001,1383.80000000002
1001.13,1008.16,1008.25999999999,1004.88,1027.19999999998,1050.97,1022.62999999999,1037.32000000001,1079.66,1079.59999999999,1098.25999999999,1112.19,1135.74000000001,1151.65000000001,1164.40000000001,1175.7,1198.8,1209.2,1236.59999999999,1238.69999999998,1239.39999999999,1235.40000000001,1261.2,1257.7,1285.89999999999,1274.7,1331.80000000002,1369.19999999998,1382.5
1002.29000000001,1009.46000000001,1009.61,1006.26000000001,1028.78,1052.76000000001,1024.17999999999,1038.96999999999,1081.59000000001,1081.45000000001,1100.16,1114.06,1137.65000000001,1153.47,1166.10000000001,1177.20000000001,1200.20000000001,1210.29999999999,1237.60000000001,1239.59999999999,1240.2,1235.89999999999,1261.5,1257.5,1285.49999999999,1273.70000000001,1330.90000000002,1368.20000000001,1381.20000000001
1003.45,1010.76000000001,1010.96000000001,1007.64,1030.35999999999,1054.55000000002,1025.73,1040.62,1083.52,1083.3,1102.06000000001,1115.93000000001,1139.56000000001,1155.29000000001,1167.8,1178.7,1201.60000000002,1211.39999999998,1238.60000000001,1240.49999999999,1241,1236.39999999999,1261.79999999999,1257.29999999999,1285.09999999999,1272.69999999998,1330.00000000003,1367.19999999998,1379.89999999999
1004.61000000002,1012.06,1012.31,1009.01999999999,1031.94,1056.34000000001,1027.28,1042.26999999999,1085.45000000001,1085.15000000001,1103.95999999999,1117.8,1141.47000000002,1157.11,1169.5,1180.2,1203.00000000001,1212.49999999999,1239.59999999999,1241.39999999998,1241.8,1236.90000000001,1262.09999999999,1257.09999999999,1284.7,1271.70000000001,1329.10000000001,1366.20000000001,1378.60000000001
1005.77,1013.36000000002,1013.66,1010.39999999999,1033.51999999999,1058.13000000002,1028.82999999999,1043.92,1087.38,1087,1105.86,1119.67,1143.38,1158.93000000001,1171.20000000001,1181.7,1204.40000000001,1213.59999999999,1240.60000000001,1242.29999999999,1242.59999999999,1237.39999999999,1262.39999999999,1256.89999999999,1284.29999999999,1270.70000000001,1328.20000000001,1365.20000000001,1377.30000000002
1006.93000000001,1014.66,1015.00999999999,1011.78,1035.09999999999,1059.92,1030.38,1045.56999999999,1089.31000000001,1088.84999999999,1107.75999999999,1121.54000000001,1145.29000000001,1160.75,1172.90000000001,1183.2,1205.8,1214.7,1241.59999999999,1243.19999999998,1243.39999999999,1237.90000000001,1262.7,1256.7,1283.89999999999,1269.69999999998,1327.30000000002,1364.19999999998,1376
1008.09,1015.96000000001,1016.36,1013.16,1036.67999999999,1061.71000000001,1031.92999999999,1047.22,1091.24000000001,1090.70000000001,1109.66,1123.41,1147.20000000001,1162.57000000001,1174.60000000001,1184.70000000001,1207.20000000001,1215.79999999999,1242.60000000001,1244.09999999999,1244.2,1238.39999999999,1263,1256.5,1283.5,1268.70000000001,1326.40000000002,1363.20000000001,1374.70000000001
1009.25000000001,1017.25999999999,1017.71000000001,1014.53999999999,1038.25999999999,1063.5,1033.48,1048.87,1093.17,1092.55,1111.56,1125.28,1149.11000000002,1164.39,1176.3,1186.2,1208.60000000002,1216.89999999998,1243.60000000001,1244.99999999999,1245,1238.89999999999,1263.29999999999,1256.29999999999,1283.09999999998,1267.69999999998,1325.50000000003,1362.19999999998,1373.39999999999
1010.41,1018.56000000001,1019.06,1015.92,1039.84,1065.29000000001,1035.03,1050.52,1095.10000000001,1094.40000000001,1113.45999999999,1127.14999999999,1151.02,1166.21000000001,1178,1187.7,1210.00000000001,1217.99999999999,1244.59999999999,1245.89999999998,1245.8,1239.40000000001,1263.59999999999,1256.09999999999,1282.69999999998,1266.70000000001,1324.60000000001,1361.20000000001,1372.10000000001
1011.57000000001,1019.86,1020.41,1017.3,1041.42,1067.08,1036.58,1052.17,1097.03000000001,1096.25,1115.36,1129.02,1152.93000000001,1168.03,1179.70000000001,1189.2,1211.40000000001,1219.09999999999,1245.60000000001,1246.79999999999,1246.59999999999,1239.89999999999,1263.89999999999,1255.89999999999,1282.29999999999,1265.70000000001,1323.70000000001,1360.20000000001,1370.80000000002
1012.73,1021.16,1021.76000000001,1018.68000000001,1042.99999999999,1068.87000000001,1038.12999999999,1053.82000000001,1098.96000000001,1098.09999999999,1117.26000000001,1130.89,1154.84,1169.85000000001,1181.40000000001,1190.7,1212.8,1220.2,1246.59999999999,1247.69999999998,1247.39999999999,1240.40000000001,1264.2,1255.69999999998,1281.89999999999,1264.69999999998,1322.80000000002,1359.19999999998,1369.5
1013.89000000001,1022.46000000001,1023.11,1020.06,1044.58,1070.66000000002,1039.68000000001,1055.47,1100.89000000001,1099.95000000001,1119.15999999999,1132.75999999999,1156.75000000001,1171.67,1183.10000000001,1192.20000000001,1214.20000000001,1221.29999999999,1247.60000000001,1248.59999999999,1248.2,1240.89999999999,1264.5,1255.5,1281.5,1263.70000000001,1321.90000000002,1358.20000000001,1368.20000000001
1015.05,1023.76000000001,1024.46000000001,1021.44,1046.15999999999,1072.45000000001,1041.23,1057.12000000001,1102.82000000001,1101.8,1121.06,1134.63,1158.66000000002,1173.49000000001,1184.8,1193.7,1215.60000000002,1222.39999999998,1248.60000000001,1249.49999999999,1249,1241.39999999999,1264.79999999999,1255.29999999999,1281.09999999998,1262.69999999998,1321.00000000003,1357.19999999998,1366.89999999999
1016.21000000001,1025.06000000001,1025.81000000001,1022.82000000001,1047.73999999999,1074.24000000001,1042.77999999998,1058.77,1104.75,1103.65000000001,1122.96000000001,1136.5,1160.57000000001,1175.31000000001,1186.5,1195.2,1217.00000000001,1223.49999999999,1249.59999999999,1250.39999999998,1249.8,1241.90000000001,1265.10000000001,1255.10000000001,1280.69999999998,1261.70000000001,1320.10000000001,1356.20000000001,1365.60000000001
1017.37000000001,1026.36,1027.16,1024.20000000001,1049.31999999999,1076.03,1044.33,1060.41999999998,1106.68000000001,1105.5,1124.86,1138.37000000001,1162.48000000001,1177.13,1188.20000000001,1196.7,1218.40000000001,1224.59999999999,1250.60000000001,1251.29999999999,1250.59999999999,1242.39999999999,1265.39999999999,1254.89999999999,1280.29999999999,1260.70000000001,1319.20000000001,1355.20000000001,1364.30000000002
1018.53000000001,1027.66,1028.51000000001,1025.57999999999,1050.89999999998,1077.82000000001,1045.87999999999,1062.06999999999,1108.61,1107.34999999999,1126.75999999999,1140.23999999999,1164.39,1178.95000000001,1189.90000000001,1198.2,1219.8,1225.7,1251.59999999999,1252.19999999998,1251.39999999999,1242.90000000001,1265.69999999998,1254.69999999998,1279.89999999999,1259.69999999998,1318.30000000002,1354.19999999998,1363
1019.69000000002,1028.96000000001,1029.86,1026.95999999999,1052.48,1079.61,1047.42999999999,1063.71999999999,1110.54000000001,1109.20000000001,1128.65999999999,1142.11,1166.30000000002,1180.77,1191.60000000001,1199.70000000001,1221.20000000001,1226.79999999999,1252.60000000001,1253.09999999999,1252.2,1243.40000000001,1266,1254.5,1279.5,1258.70000000001,1317.40000000002,1353.20000000001,1361.70000000001
1020.85000000001,1030.26000000001,1031.21000000001,1028.34,1054.05999999998,1081.40000000001,1048.98,1065.37,1112.47000000002,1111.05,1130.56,1143.98,1168.21000000001,1182.59000000001,1193.3,1201.2,1222.60000000002,1227.89999999998,1253.59999999999,1253.99999999997,1253,1243.89999999999,1266.29999999999,1254.29999999999,1279.09999999998,1257.69999999998,1316.50000000003,1352.19999999998,1360.39999999999
1022.01000000001,1031.56000000001,1032.56000000001,1029.72,1055.64,1083.19000000002,1050.53,1067.01999999999,1114.39999999999,1112.90000000001,1132.46000000001,1145.85000000001,1170.12000000001,1184.41,1195,1202.7,1224.00000000001,1228.99999999999,1254.60000000001,1254.89999999998,1253.79999999999,1244.39999999999,1266.60000000001,1254.10000000001,1278.69999999998,1256.70000000001,1315.60000000001,1351.20000000001,1359.10000000001
1023.17000000001,1032.86,1033.91,1031.09999999999,1057.21999999999,1084.98000000001,1052.07999999999,1068.67,1116.33,1114.75,1134.35999999999,1147.72,1172.03000000001,1186.23000000001,1196.70000000001,1204.2,1225.40000000001,1230.09999999999,1255.60000000001,1255.79999999999,1254.60000000001,1244.89999999999,1266.89999999999,1253.89999999999,1278.29999999999,1255.70000000001,1314.70000000001,1350.20000000001,1357.80000000002
1024.33000000002,1034.16000000002,1035.26000000001,1032.48,1058.79999999999,1086.77000000002,1053.63,1070.31999999999,1118.26000000001,1116.59999999999,1136.25999999999,1149.59,1173.94,1188.05,1198.40000000001,1205.7,1226.8,1231.2,1256.60000000001,1256.69999999998,1255.39999999999,1245.39999999999,1267.19999999998,1253.69999999998,1277.89999999999,1254.69999999998,1313.80000000002,1349.19999999998,1356.5
1025.49000000001,1035.46000000001,1036.61,1033.86,1060.37999999999,1088.56000000001,1055.17999999999,1071.97,1120.19,1118.45000000001,1138.16,1151.46000000001,1175.85000000002,1189.87000000001,1200.10000000001,1207.20000000001,1228.20000000001,1232.29999999999,1257.59999999998,1257.59999999998,1256.20000000001,1245.90000000002,1267.5,1253.5,1277.5,1253.70000000001,1312.90000000002,1348.20000000001,1355.20000000001
1026.65000000001,1036.76000000001,1037.95999999999,1035.24000000001,1061.95999999999,1090.35000000001,1056.73,1073.62,1122.12000000001,1120.3,1140.06,1153.33,1177.76000000001,1191.69,1201.8,1208.7,1229.60000000002,1233.39999999998,1258.60000000001,1258.49999999997,1256.99999999997,1246.39999999999,1267.79999999999,1253.29999999999,1277.09999999998,1252.69999999998,1312.00000000003,1347.19999999998,1353.89999999999
1027.81000000001,1038.06,1039.31,1036.62,1063.53999999999,1092.14,1058.27999999998,1075.27,1124.05000000002,1122.15000000001,1141.95999999999,1155.2,1179.67000000001,1193.51000000001,1203.5,1210.2,1231.00000000001,1234.49999999999,1259.60000000001,1259.39999999999,1257.79999999999,1246.89999999999,1268.10000000001,1253.10000000001,1276.69999999998,1251.70000000001,1311.10000000001,1346.20000000001,1352.60000000001
1028.97000000002,1039.36000000002,1040.66,1038,1065.12,1093.93000000001,1059.83,1076.92,1125.98000000001,1124,1143.86,1157.06999999999,1181.58,1195.33,1205.20000000001,1211.7,1232.40000000001,1235.59999999998,1260.60000000001,1260.29999999999,1258.60000000001,1247.39999999999,1268.39999999999,1252.89999999999,1276.29999999999,1250.70000000001,1310.20000000001,1345.20000000001,1351.30000000002
1030.13,1040.66000000002,1042.00999999999,1039.38,1066.69999999998,1095.72000000002,1061.37999999999,1078.57000000001,1127.91,1125.84999999999,1145.75999999999,1158.94,1183.49000000001,1197.15000000001,1206.90000000001,1213.2,1233.8,1236.69999999998,1261.60000000001,1261.19999999998,1259.39999999999,1247.89999999999,1268.69999999998,1252.69999999998,1275.89999999999,1249.69999999998,1309.30000000002,1344.19999999998,1350
1031.29000000001,1041.96000000001,1043.36,1040.76000000001,1068.28,1097.51000000001,1062.92999999999,1080.22,1129.84000000001,1127.70000000001,1147.66,1160.81000000001,1185.40000000002,1198.97,1208.60000000001,1214.70000000001,1235.20000000001,1237.79999999999,1262.59999999998,1262.09999999998,1260.20000000001,1248.40000000002,1269,1252.5,1275.5,1248.70000000001,1308.40000000002,1343.20000000001,1348.70000000001
1032.45000000001,1043.26000000001,1044.71000000001,1042.14,1069.85999999999,1099.30000000002,1064.48,1081.87,1131.77,1129.55,1149.56,1162.67999999999,1187.31000000001,1200.79000000001,1210.3,1216.2,1236.60000000002,1238.89999999999,1263.60000000001,1262.99999999997,1260.99999999997,1248.89999999999,1269.29999999999,1252.29999999999,1275.09999999998,1247.69999999998,1307.50000000003,1342.19999999998,1347.39999999999
1033.61000000002,1044.56000000001,1046.06,1043.51999999999,1071.44,1101.09000000001,1066.03,1083.51999999999,1133.70000000001,1131.40000000001,1151.45999999999,1164.55,1189.22000000002,1202.61,1212,1217.7,1238.00000000001,1240,1264.60000000001,1263.89999999999,1261.79999999999,1249.39999999999,1269.60000000001,1252.10000000001,1274.69999999998,1246.70000000001,1306.60000000001,1341.20000000001,1346.10000000001
