0.88083,0.89156,0.90702,0.91645,0.91858,0.93387,0.94328,0.9474,0.95348,0.9548,0.96201,0.96527,0.97058,0.97592,0.97915,0.98337,0.9896,0.99777,1.0044,0.9988,1.0036,1.0127,1.0115,1.0095,1.022,1.0281,1.0296,1.0359,0.99976
0.8778,0.88814,0.90327,0.91234,0.91776,0.93228,0.94129,0.94543,0.95232,0.95362,0.96085,0.96565,0.96904,0.97668,0.9799,0.98412,0.99035,0.9985,1.0033,0.99954,1.0044,1.0116,1.0122,1.0121,1.0227,1.027,1.0303,1.0366,1.0103
0.87477,0.88473,0.89953,0.90822,0.91695,0.93069,0.9393,0.94347,0.95115,0.95244,0.95968,0.96604,0.9675,0.97744,0.98066,0.98487,0.99109,0.99924,1.0022,1.0003,1.0051,1.0105,1.0129,1.0146,1.0234,1.0259,1.031,1.0373,1.0209
0.87175,0.88131,0.89578,0.9041,0.91614,0.9291,0.93731,0.9413,0.94999,0.95126,0.95851,0.96642,0.96602,0.9782,0.98141,0.98562,0.99183,0.99997,1.0011,1.001,1.0058,1.0094,1.0136,1.0171,1.0236,1.0249,1.0317,1.038,1.0315
0.86872,0.87947,0.89203,0.90148,0.91532,0.92444,0.93533,0.93852,0.94857,0.95008,0.95843,0.9668,0.96718,0.97896,0.98216,0.98638,0.99258,0.99821,1,1.0018,1.0066,1.0083,1.0135,1.0197,1.0218,1.0241,1.0324,1.0384,1.042
0.86549,0.87862,0.88765,0.89939,0.91202,0.91956,0.9303,0.93573,0.94579,0.94907,0.95921,0.96662,0.96833,0.97719,0.98291,0.98713,0.99219,0.99635,0.99891,1.002,1.007,1.0072,1.0124,1.0201,1.02,1.0244,1.0329,1.0387,1.0409
0.86199,0.87634,0.88252,0.89674,0.90708,0.91504,0.92467,0.93411,0.94301,0.94985,0.95999,0.96586,0.96932,0.97529,0.98166,0.98788,0.99031,0.9949,0.99779,1.002,1.007,1.007,1.0113,1.0183,1.0195,1.0248,1.0326,1.0387,1.0399
0.85816,0.87029,0.87785,0.89295,0.90248,0.91092,0.92,0.93291,0.94073,0.95064,0.95809,0.96509,0.97009,0.97363,0.98014,0.98705,0.98843,0.99453,0.99776,1.002,1.007,1.007,1.0102,1.0165,1.0206,1.0253,1.0322,1.0373,1.0391
0.8524,0.86424,0.87655,0.88915,0.89953,0.90692,0.91711,0.9316,0.93875,0.95037,0.95614,0.96397,0.97086,0.97248,0.97909,0.98593,0.98858,0.99415,1.0004,1.0027,1.0062,1.0069,1.0091,1.0152,1.0217,1.026,1.0316,1.0359,1.0398
0.84663,0.86017,0.87526,0.88531,0.89658,0.90526,0.91423,0.92999,0.93676,0.94919,0.95387,0.9628,0.96975,0.97133,0.97947,0.98514,0.98933,0.99444,1.003,1.0035,1.0051,1.0058,1.0081,1.0141,1.0225,1.0268,1.0305,1.0354,1.0406
0.84236,0.85618,0.87187,0.88147,0.89431,0.90359,0.914,0.92838,0.93475,0.94801,0.95112,0.96164,0.96821,0.97155,0.97985,0.9859,0.99008,0.99519,1.0033,1.0042,1.004,1.0047,1.0107,1.013,1.0232,1.0275,1.0294,1.0365,1.0413
0.83826,0.85281,0.86799,0.87813,0.8922,0.90165,0.914,0.92428,0.93274,0.94524,0.94837,0.96047,0.96675,0.97232,0.98,0.98666,0.99083,0.99594,1.0022,1.0049,1.0029,1.0044,1.0132,1.0159,1.0239,1.0282,1.0301,1.0375,1.042
0.83543,0.84971,0.86296,0.87511,0.88934,0.89957,0.91259,0.9194,0.93021,0.94245,0.94697,0.95931,0.96559,0.97278,0.98,0.987,0.99159,0.99669,1.0011,1.0057,1.0018,1.0055,1.0152,1.0188,1.023,1.0289,1.0319,1.0374,1.0427
0.83315,0.84657,0.85675,0.87233,0.8855,0.89726,0.90971,0.91562,0.9274,0.93927,0.94578,0.95697,0.96442,0.97086,0.98,0.987,0.99234,0.99743,1,1.0054,1.0012,1.0066,1.016,1.0206,1.0219,1.028,1.0337,1.0363,1.0424
0.82949,0.84339,0.852,0.87015,0.88173,0.89428,0.90682,0.91437,0.9247,0.93565,0.94472,0.95422,0.96326,0.96894,0.97811,0.987,0.99309,0.99774,0.99888,1.0043,1.002,1.0075,1.0167,1.0192,1.0211,1.027,1.0343,1.0352,1.0414
0.82442,0.83997,0.852,0.86794,0.8787,0.89129,0.90387,0.91312,0.92264,0.93203,0.94393,0.95177,0.96209,0.9676,0.97619,0.98532,0.99384,0.99661,0.99858,1.0031,1.0027,1.0082,1.0164,1.0177,1.0219,1.0261,1.0347,1.035,1.0403
0.82023,0.83588,0.85198,0.86488,0.87568,0.88907,0.90092,0.91151,0.92058,0.93079,0.94313,0.95058,0.96082,0.96683,0.97456,0.98342,0.9937,0.99548,1.0012,1.0043,1.0039,1.009,1.0153,1.0174,1.0226,1.0268,1.0349,1.035,1.041
0.81786,0.83183,0.84883,0.86181,0.87262,0.88694,0.89797,0.90987,0.91911,0.92957,0.94065,0.94939,0.95807,0.96605,0.97341,0.98171,0.99333,0.99543,1.0038,1.0058,1.0054,1.009,1.0142,1.0181,1.0233,1.0275,1.0331,1.035,1.0425
0.8158,0.82856,0.84569,0.85737,0.86956,0.8843,0.89501,0.9066,0.91788,0.92857,0.93784,0.94792,0.95532,0.96564,0.97225,0.98055,0.99261,0.99618,1.0044,1.0068,1.0069,1.009,1.0131,1.0188,1.024,1.0283,1.0313,1.0364,1.0439
0.81485,0.82529,0.84176,0.85243,0.86648,0.88128,0.89204,0.90154,0.91652,0.92775,0.93558,0.94633,0.95338,0.96525,0.972,0.9794,0.98957,0.99693,1.0033,1.0057,1.0073,1.0094,1.012,1.0199,1.0248,1.029,1.0306,1.0378,1.044
0.81336,0.82202,0.83761,0.84931,0.86337,0.87824,0.88901,0.897,0.91485,0.92679,0.93436,0.94455,0.95219,0.96471,0.972,0.979,0.98653,0.99631,1.0022,1.0046,1.0077,1.0109,1.0112,1.0209,1.0255,1.0297,1.0328,1.0391,1.044
0.80711,0.81874,0.83431,0.84794,0.86026,0.87518,0.88599,0.897,0.91319,0.92391,0.93314,0.94173,0.951,0.96393,0.9716,0.979,0.985,0.99556,1.0033,1.004,1.008,1.0123,1.0127,1.022,1.0262,1.0306,1.0349,1.0399,1.0441
0.80093,0.81577,0.83154,0.84644,0.85712,0.87211,0.88383,0.897,0.91041,0.92102,0.93228,0.93892,0.9518,0.96314,0.96966,0.97898,0.985,0.99519,1.0048,1.004,1.008,1.0124,1.0142,1.0228,1.027,1.0317,1.0373,1.0406,1.0448
0.79747,0.81289,0.82853,0.84462,0.85399,0.86901,0.88167,0.89635,0.90749,0.91812,0.93146,0.93773,0.95259,0.96204,0.96771,0.9786,0.985,0.99595,1.0058,1.004,1.008,1.0113,1.0161,1.0235,1.0277,1.0328,1.0398,1.0419,1.0455
0.79401,0.812,0.82522,0.84263,0.85308,0.86591,0.87979,0.8955,0.90496,0.9152,0.92976,0.93732,0.95164,0.96086,0.9665,0.97821,0.98568,0.99671,1.0047,1.0052,1.008,1.0102,1.0187,1.0242,1.0284,1.0336,1.0423,1.044,1.0463
0.79302,0.812,0.82269,0.83936,0.85217,0.86437,0.87804,0.89374,0.90282,0.91269,0.92688,0.93682,0.94886,0.95924,0.96572,0.978,0.98644,0.9963,1.0036,1.0067,1.008,1.0094,1.0213,1.025,1.0293,1.0343,1.0422,1.0462,1.0474
0.79203,0.81022,0.82174,0.83609,0.852,0.86347,0.877,0.89071,0.90088,0.91143,0.924,0.93601,0.94608,0.95646,0.96514,0.978,0.9865,0.99517,1.0026,1.0076,1.008,1.0086,1.0212,1.0257,1.0307,1.035,1.0412,1.047,1.0485
0.79249,0.8073,0.82058,0.83418,0.852,0.86171,0.877,0.88768,0.90002,0.91016,0.92275,0.9352,0.94442,0.95368,0.96671,0.978,0.98458,0.99405,1.0019,1.005,1.0077,1.0082,1.0201,1.0256,1.0322,1.0358,1.0401,1.047,1.0503
0.79299,0.80353,0.81866,0.83231,0.84889,0.85901,0.8764,0.88462,0.89917,0.91,0.9215,0.93438,0.94279,0.95239,0.96828,0.97698,0.98266,0.99289,1.0011,1.0024,1.0073,1.0097,1.019,1.0248,1.0333,1.0365,1.0407,1.047,1.0528
0.78958,0.79909,0.8166,0.82964,0.84382,0.85642,0.87241,0.88155,0.89657,0.91,0.9205,0.93355,0.94242,0.95159,0.96793,0.97582,0.982,0.99174,1.0016,1.0014,1.0069,1.0113,1.0179,1.0241,1.034,1.0374,1.0414,1.0479,1.0553
0.78607,0.79727,0.81368,0.82679,0.84058,0.85411,0.86842,0.88027,0.89355,0.90914,0.91967,0.9326,0.94323,0.95143,0.96597,0.97418,0.982,0.99168,1.0024,1.0021,1.0061,1.0124,1.0168,1.0252,1.0348,1.0389,1.0422,1.0489,1.057
0.78195,0.79777,0.81092,0.82462,0.83963,0.85192,0.86515,0.87939,0.89157,0.90744,0.91866,0.93136,0.94389,0.95304,0.96401,0.97143,0.98193,0.99358,1.0029,1.0029,1.0053,1.0131,1.0165,1.0267,1.0342,1.0403,1.0437,1.0501,1.0584
0.77802,0.798,0.80993,0.8227,0.83869,0.851,0.86197,0.879,0.8907,0.90586,0.91698,0.93013,0.94185,0.95465,0.9632,0.96868,0.98116,0.99548,1.0025,1.0033,1.0044,1.0139,1.018,1.028,1.0332,1.0414,1.0451,1.0526,1.0598
0.77854,0.798,0.80888,0.822,0.83775,0.85008,0.86132,0.879,0.89,0.905,0.91529,0.9285,0.93982,0.95343,0.96239,0.9695,0.98038,0.99461,1.0022,1.0037,1.0033,1.0125,1.0194,1.0276,1.0321,1.0421,1.0465,1.0551,1.0612
0.77878,0.79581,0.80691,0.822,0.83608,0.84914,0.86177,0.87817,0.89,0.90413,0.91323,0.92684,0.9385,0.95142,0.96139,0.97149,0.9794,0.99269,1.002,1.0039,1.0021,1.0106,1.02,1.0272,1.0334,1.0428,1.048,1.0572,1.0627
0.77668,0.79174,0.80489,0.82029,0.83127,0.84821,0.86108,0.87548,0.89,0.90071,0.9111,0.92495,0.93767,0.94927,0.9602,0.97272,0.97822,0.991,1.002,1.0031,1.0037,1.009,1.02,1.0276,1.0349,1.0441,1.0494,1.0579,1.064
0.77448,0.78823,0.80184,0.81737,0.827,0.84691,0.85924,0.87285,0.88837,0.89682,0.90958,0.92284,0.93684,0.9468,0.95901,0.97154,0.97704,0.991,1.002,1.0023,1.0056,1.009,1.02,1.0291,1.0363,1.0456,1.0509,1.0586,1.0648
0.77182,0.78513,0.7991,0.8144,0.827,0.84551,0.85769,0.87103,0.8866,0.895,0.90872,0.92089,0.93601,0.94433,0.95738,0.97036,0.9789,0.991,1.0013,1.0024,1.0069,1.009,1.0193,1.0306,1.0378,1.047,1.0523,1.0599,1.0655
0.76966,0.783,0.80063,0.8114,0.82697,0.84317,0.85676,0.86921,0.88362,0.895,0.90785,0.92004,0.93519,0.94471,0.95576,0.96833,0.98086,0.99036,1.0005,1.0032,1.0065,1.0094,1.0185,1.0315,1.0392,1.047,1.0537,1.062,1.0663
0.76858,0.78143,0.80184,0.81081,0.82649,0.84029,0.85582,0.86941,0.88002,0.89512,0.90699,0.91918,0.93435,0.94554,0.95544,0.96592,0.982,0.9892,1,1.004,1.0061,1.0102,1.0184,1.0323,1.04,1.047,1.0552,1.0642,1.0678
0.76951,0.78139,0.80032,0.81231,0.826,0.83847,0.85489,0.86987,0.878,0.89556,0.90612,0.91933,0.93351,0.946,0.95625,0.96417,0.982,0.98803,1,1.004,1.0055,1.0109,1.0199,1.033,1.04,1.0474,1.0566,1.065,1.0692
0.77275,0.78192,0.79857,0.81219,0.8265,0.83751,0.85393,0.86835,0.878,0.896,0.90638,0.91976,0.93267,0.946,0.95687,0.96497,0.982,0.988,1,1.004,1.0047,1.0123,1.0214,1.0315,1.04,1.0488,1.0581,1.065,1.0709
0.773,0.7847,0.79543,0.81068,0.82699,0.83723,0.85251,0.86605,0.87811,0.89422,0.90681,0.91962,0.93182,0.94599,0.95525,0.96577,0.98026,0.988,1,1.004,1.0041,1.0139,1.0229,1.03,1.04,1.0503,1.0595,1.065,1.073
0.77138,0.78789,0.79336,0.80916,0.82555,0.83772,0.85109,0.86424,0.87856,0.89242,0.906,0.91875,0.93094,0.94432,0.95362,0.966,0.97827,0.98884,1,1.004,1.0056,1.015,1.0244,1.029,1.04,1.051,1.061,1.0656,1.0751
0.76887,0.78491,0.79493,0.80761,0.82407,0.83739,0.85145,0.86283,0.87894,0.89234,0.90424,0.91778,0.92838,0.94265,0.95197,0.966,0.97671,0.99081,1,1.004,1.0071,1.015,1.0259,1.029,1.04,1.051,1.062,1.0663,1.0764
0.76608,0.78195,0.79633,0.80794,0.82303,0.83593,0.85193,0.86219,0.87756,0.89279,0.90313,0.91605,0.92581,0.94098,0.9503,0.96589,0.97591,0.99277,1,1.0028,1.0073,1.015,1.0246,1.029,1.04,1.051,1.062,1.067,1.0771
0.76762,0.7814,0.79738,0.80949,0.82201,0.83518,0.85118,0.86267,0.87618,0.8908,0.90358,0.91432,0.925,0.93929,0.94946,0.96549,0.9751,0.99231,1,1.0013,1.0058,1.014,1.0231,1.03,1.04,1.0504,1.062,1.0685,1.0778
0.7692,0.78129,0.79735,0.81035,0.82299,0.83568,0.85022,0.86272,0.87641,0.88671,0.90394,0.91292,0.925,0.9381,0.95154,0.96508,0.97535,0.99152,0.99954,1.0003,1.0043,1.0125,1.022,1.0315,1.0405,1.0497,1.062,1.0699,1.0791
0.77031,0.78237,0.79575,0.81086,0.82399,0.83582,0.84887,0.86177,0.87687,0.88416,0.90306,0.91159,0.92516,0.93853,0.95362,0.965,0.97575,0.99073,0.99876,1.0019,1.004,1.011,1.022,1.033,1.042,1.0491,1.062,1.0712,1.0805
0.77144,0.78254,0.79443,0.80908,0.82093,0.83532,0.84741,0.86074,0.87632,0.88462,0.90217,0.9115,0.92559,0.93895,0.954,0.965,0.976,0.98994,0.998,1.0034,1.004,1.011,1.022,1.0349,1.0435,1.0513,1.062,1.0719,1.0819
0.77257,0.78142,0.79335,0.80646,0.81797,0.83395,0.84629,0.8593,0.87538,0.88531,0.9009,0.91238,0.92602,0.93824,0.954,0.96469,0.976,0.98914,0.998,1.0042,1.0046,1.011,1.0233,1.0367,1.044,1.0535,1.0625,1.0726,1.083
0.7737,0.78308,0.79374,0.80688,0.81746,0.8309,0.8453,0.8579,0.87332,0.88716,0.89953,0.91313,0.92646,0.93738,0.95294,0.96387,0.976,0.98933,0.998,1.0046,1.0065,1.0107,1.0252,1.0378,1.044,1.0551,1.0633,1.0738,1.0841
0.77484,0.78642,0.79484,0.80794,0.81731,0.82996,0.8443,0.85693,0.87048,0.889,0.89928,0.91358,0.9269,0.93724,0.95041,0.96305,0.97638,0.98973,0.99859,1.0049,1.0084,1.0099,1.0269,1.037,1.044,1.0555,1.064,1.0756,1.085
0.77303,0.78654,0.79641,0.809,0.81993,0.8325,0.8433,0.85602,0.86854,0.88619,0.89973,0.91394,0.92734,0.93767,0.94802,0.96182,0.97678,0.98973,0.99978,1.0033,1.0087,1.0091,1.0254,1.0362,1.0444,1.0559,1.0644,1.0774,1.085
0.77143,0.786,0.79798,0.80983,0.82222,0.83442,0.8437,0.85652,0.86758,0.88339,0.89886,0.91259,0.92777,0.9381,0.94845,0.96057,0.97623,0.98893,1.001,1.0017,1.0083,1.01,1.0238,1.0355,1.0447,1.056,1.0647,1.078,1.085
0.77494,0.786,0.79743,0.80713,0.82327,0.83546,0.8447,0.85707,0.86719,0.88382,0.8961,0.91124,0.92671,0.93853,0.94887,0.96069,0.97458,0.98812,1.0014,1.0012,1.0077,1.0112,1.023,1.0347,1.0455,1.056,1.0654,1.078,1.0855
0.77772,0.78677,0.79771,0.8057,0.8232,0.83576,0.84572,0.86003,0.86768,0.88476,0.89423,0.90988,0.92405,0.93897,0.9493,0.96195,0.97302,0.98662,1.0018,1.0016,1.0061,1.0121,1.023,1.034,1.047,1.056,1.0668,1.078,1.0869
0.77945,0.7896,0.80106,0.80899,0.82054,0.83524,0.84673,0.86299,0.86901,0.88393,0.89516,0.90852,0.92169,0.93657,0.94973,0.96278,0.97343,0.98499,1.0009,1.002,1.0046,1.0125,1.023,1.0352,1.0485,1.0584,1.0683,1.078,1.0884
0.78122,0.79071,0.80347,0.81229,0.81945,0.8336,0.84662,0.86053,0.87193,0.88251,0.89605,0.90857,0.92034,0.93395,0.95,0.96152,0.97385,0.98416,0.99848,1.002,1.0035,1.0129,1.0233,1.0364,1.0497,1.061,1.0692,1.078,1.09
0.783,0.79013,0.80458,0.81558,0.82053,0.83098,0.84612,0.85807,0.87372,0.88169,0.89651,0.9095,0.919,0.933,0.95,0.96025,0.9732,0.98457,0.99606,1.002,1.0027,1.0133,1.0237,1.0367,1.0509,1.0628,1.0696,1.0781,1.0918
0.78476,0.79,0.80358,0.81575,0.82315,0.83067,0.8468,0.85701,0.87274,0.8812,0.89698,0.91021,0.91991,0.933,0.94994,0.96035,0.97195,0.98498,0.996,1.0022,1.0024,1.0137,1.0241,1.0359,1.052,1.0621,1.0699,1.0784,1.0936
0.78582,0.79023,0.80131,0.81356,0.82693,0.83173,0.84783,0.85602,0.87176,0.88156,0.89609,0.91067,0.92082,0.93334,0.94862,0.96078,0.9711,0.98658,0.996,1.0026,1.0048,1.014,1.0245,1.0351,1.0509,1.0613,1.0694,1.0788,1.0929
0.78521,0.79374,0.801,0.81258,0.82606,0.83597,0.84714,0.85907,0.87076,0.88252,0.89514,0.91034,0.92173,0.93424,0.94731,0.96079,0.97153,0.98823,0.99684,1.003,1.0072,1.014,1.0249,1.0353,1.0497,1.0602,1.0686,1.0794,1.0915
0.7877,0.79684,0.80144,0.81203,0.82336,0.84129,0.84611,0.86198,0.87073,0.8835,0.89582,0.908,0.92264,0.93493,0.94666,0.96037,0.97196,0.98833,0.99847,1.0034,1.0069,1.014,1.0253,1.0357,1.0487,1.0587,1.0683,1.0805,1.09
0.79188,0.79918,0.8049,0.81524,0.82445,0.83969,0.84743,0.86147,0.87374,0.88449,0.89678,0.90613,0.92216,0.93448,0.94622,0.95981,0.97276,0.98709,1,1.0038,1.0053,1.0131,1.0257,1.0363,1.048,1.0572,1.0709,1.0816,1.0911
0.792,0.79961,0.80858,0.818,0.82628,0.83703,0.84902,0.86108,0.87588,0.88546,0.89774,0.90707,0.92078,0.93403,0.94623,0.95852,0.9736,0.98594,1.0004,1.0033,1.004,1.0119,1.0259,1.0375,1.0472,1.0583,1.0735,1.0833,1.0922
0.7928,0.79901,0.81262,0.818,0.83008,0.8386,0.85006,0.86213,0.87538,0.88643,0.8987,0.90808,0.92041,0.93273,0.94667,0.95719,0.97332,0.98552,1.0008,1.0021,1.004,1.0114,1.0255,1.0386,1.0482,1.0599,1.0756,1.0851,1.0933
0.79522,0.80307,0.81362,0.81874,0.83286,0.84027,0.851,0.86292,0.87487,0.88678,0.89832,0.91048,0.92134,0.93137,0.94723,0.95849,0.97202,0.9851,1.0005,1.0008,1.004,1.013,1.0251,1.0382,1.0497,1.0613,1.0771,1.0869,1.0944
0.79891,0.80671,0.81303,0.82046,0.8323,0.84189,0.851,0.8624,0.87436,0.88628,0.89735,0.91282,0.92228,0.93266,0.94814,0.96025,0.97109,0.98532,0.99966,0.9996,1.0059,1.0147,1.0253,1.037,1.0509,1.0624,1.0786,1.0866,1.0954
0.803,0.80909,0.8152,0.82378,0.83277,0.843,0.85142,0.86188,0.87385,0.88644,0.89669,0.91079,0.92321,0.93498,0.94898,0.96151,0.97152,0.98574,0.99875,0.99833,1.0083,1.0157,1.0257,1.0361,1.0505,1.0636,1.0773,1.0863,1.0962
0.803,0.81,0.81744,0.82782,0.83447,0.843,0.85302,0.86135,0.87333,0.88744,0.89619,0.90839,0.92363,0.93651,0.94809,0.9624,0.97196,0.986,0.99748,1.0008,1.0092,1.0165,1.0259,1.0365,1.0502,1.0633,1.0751,1.0861,1.0965
0.803,0.81,0.81923,0.82745,0.835,0.84384,0.8538,0.86231,0.87282,0.8869,0.8969,0.90759,0.92129,0.93743,0.94718,0.96229,0.97278,0.986,0.99622,1.0045,1.0067,1.0161,1.0255,1.0369,1.0495,1.0621,1.0729,1.0865,1.0969
0.803,0.8118,0.82,0.827,0.835,0.8455,0.85325,0.86605,0.87229,0.88435,0.89838,0.9071,0.91913,0.93708,0.94518,0.96008,0.97366,0.98604,0.99809,1.0066,1.0042,1.0137,1.0251,1.0375,1.0488,1.061,1.0717,1.0868,1.0984
0.80665,0.81387,0.82,0.827,0.83661,0.8456,0.85517,0.86775,0.87361,0.88371,0.89871,0.90926,0.92201,0.93474,0.94287,0.95794,0.97454,0.9869,1.0006,1.0053,1.004,1.0112,1.025,1.0383,1.048,1.0606,1.0706,1.0872,1.1003
0.81065,0.81634,0.82219,0.82914,0.83834,0.84504,0.85899,0.86722,0.87728,0.88526,0.89821,0.91221,0.9249,0.93324,0.94372,0.95703,0.97542,0.98777,1.0014,1.0041,1.004,1.0118,1.025,1.039,1.0488,1.0602,1.0711,1.0876,1.1019
0.81317,0.82017,0.82457,0.83332,0.84007,0.84866,0.86123,0.867,0.87956,0.88767,0.8986,0.91264,0.92593,0.9342,0.94649,0.95612,0.97571,0.98768,1.0002,1.002,1.0044,1.0126,1.0254,1.039,1.0496,1.0607,1.0734,1.088,1.1008
0.8157,0.82407,0.82699,0.83599,0.84206,0.852,0.86286,0.867,0.8806,0.89076,0.89962,0.91214,0.92689,0.9352,0.94842,0.95954,0.97482,0.98725,0.99893,0.99988,1.0053,1.013,1.0271,1.039,1.05,1.0622,1.0757,1.0877,1.0997
0.81761,0.82469,0.82946,0.83808,0.84441,0.852,0.86097,0.86939,0.881,0.892,0.90095,0.91164,0.92526,0.93664,0.94934,0.96364,0.97393,0.98718,0.99806,0.9995,1.0061,1.013,1.0287,1.0393,1.05,1.0638,1.0767,1.0873,1.0989
0.81377,0.825,0.83193,0.83869,0.8468,0.85294,0.85926,0.87272,0.881,0.892,0.90247,0.91114,0.92333,0.93799,0.94973,0.96348,0.97302,0.98762,0.9972,1.0004,1.007,1.0129,1.0273,1.0397,1.05,1.0654,1.0774,1.0872,1.0985
0.80698,0.825,0.8338,0.83986,0.849,0.85524,0.86151,0.873,0.88221,0.892,0.903,0.91206,0.92382,0.9375,0.94879,0.96121,0.97214,0.98788,0.99767,1.0015,1.0078,1.012,1.0252,1.0399,1.0504,1.0669,1.0778,1.088,1.0981
0.79786,0.82322,0.83522,0.84169,0.849,0.85716,0.86359,0.873,0.88382,0.892,0.903,0.91357,0.92481,0.93702,0.94826,0.95978,0.97162,0.98699,0.99853,1.0037,1.0073,1.0112,1.0237,1.0395,1.0508,1.0676,1.077,1.0887,1.099
0.79382,0.81916,0.83584,0.8425,0.84984,0.85889,0.86529,0.873,0.884,0.89326,0.90413,0.91364,0.92619,0.93794,0.94969,0.95931,0.97116,0.98611,0.99859,1.0059,1.0064,1.0117,1.0228,1.0391,1.052,1.0664,1.0762,1.0892,1.1005
0.78812,0.81066,0.83328,0.84346,0.85227,0.85738,0.866,0.87367,0.88412,0.89484,0.90566,0.91313,0.92767,0.9389,0.95083,0.95992,0.9716,0.9856,0.99772,1.0052,1.0056,1.0125,1.0222,1.0393,1.054,1.0653,1.0763,1.0896,1.102
0.78151,0.80343,0.82899,0.84593,0.85465,0.85696,0.866,0.8759,0.88578,0.895,0.90559,0.91418,0.9276,0.93723,0.94843,0.96273,0.97253,0.98515,0.99723,1.0043,1.0047,1.0134,1.0259,1.0397,1.056,1.0644,1.0766,1.09,1.1028
0.77718,0.79762,0.82185,0.84595,0.857,0.86113,0.86994,0.87817,0.88755,0.89502,0.90507,0.91571,0.92711,0.9353,0.94603,0.96455,0.97278,0.98589,0.99856,1.0029,1.0042,1.0142,1.0297,1.0398,1.0552,1.0636,1.077,1.0892,1.1035
0.77652,0.79356,0.81656,0.8441,0.857,0.86427,0.874,0.88043,0.88976,0.89665,0.905,0.91765,0.927,0.93625,0.94742,0.96215,0.97231,0.98724,0.99989,1.0011,1.0055,1.0149,1.0304,1.0389,1.0544,1.0632,1.077,1.0884,1.1043
0.77651,0.79116,0.81268,0.83553,0.85564,0.86663,0.874,0.88224,0.89029,0.89842,0.905,0.91974,0.927,0.93777,0.9489,0.96,0.97243,0.98839,0.99919,1.0008,1.0069,1.0145,1.0296,1.0381,1.0529,1.064,1.077,1.088,1.105
0.77503,0.79032,0.80858,0.82853,0.85194,0.8675,0.87491,0.88396,0.88862,0.90058,0.90875,0.92138,0.927,0.94093,0.95038,0.96,0.97384,0.9893,0.9983,1.003,1.0062,1.0141,1.028,1.0373,1.0508,1.0648,1.0775,1.088,1.1058
0.77279,0.79096,0.80575,0.82459,0.84638,0.86763,0.8773,0.88456,0.88906,0.90124,0.912,0.92295,0.927,0.94438,0.95183,0.96,0.97516,0.98989,0.9977,1.0049,1.0053,1.0133,1.0245,1.0364,1.0489,1.0644,1.0783,1.088,1.104
0.77249,0.78952,0.80335,0.82061,0.84,0.86581,0.87841,0.885,0.89077,0.89901,0.912,0.92097,0.92834,0.94333,0.952,0.96287,0.9761,0.98943,0.99724,1.0045,1.0059,1.0124,1.0211,1.0373,1.0481,1.0635,1.0789,1.0887,1.1013
0.77348,0.78808,0.7992,0.81638,0.83359,0.86059,0.879,0.885,0.893,0.90045,0.91156,0.919,0.92991,0.94129,0.952,0.96575,0.97689,0.98889,0.99763,1.0041,1.0072,1.0127,1.0219,1.0399,1.0472,1.0627,1.0768,1.0895,1.0989
0.77504,0.78658,0.79698,0.81162,0.83021,0.85256,0.8748,0.88624,0.89506,0.90491,0.90991,0.919,0.93144,0.941,0.95327,0.966,0.97497,0.98702,0.999,1.0024,1.007,1.0141,1.0227,1.0417,1.0488,1.0619,1.0748,1.0897,1.0981
0.7774,0.78508,0.79646,0.81221,0.829,0.84783,0.8699,0.8886,0.89564,0.90727,0.91066,0.91945,0.933,0.941,0.95479,0.966,0.9731,0.98515,1.0002,1.0006,1.0048,1.0149,1.0249,1.0395,1.0513,1.0611,1.0735,1.0889,1.0973
0.77861,0.78573,0.79791,0.81329,0.829,0.84359,0.86383,0.88421,0.89685,0.90894,0.9145,0.92159,0.933,0.94053,0.955,0.9643,0.973,0.98588,1.0012,1.0006,1.0033,1.0144,1.0275,1.0374,1.0527,1.0621,1.0727,1.0881,1.0982
0.77979,0.78697,0.7966,0.81396,0.82656,0.83974,0.8594,0.87823,0.89915,0.90738,0.91634,0.923,0.93307,0.94002,0.955,0.96233,0.973,0.98682,1.002,1.0015,1.0046,1.014,1.0281,1.0366,1.0519,1.0634,1.0723,1.0896,1.1001
0.78227,0.78746,0.79782,0.80969,0.82284,0.83578,0.85578,0.87206,0.89623,0.90611,0.9169,0.923,0.9336,0.94199,0.955,0.962,0.97432,0.98855,1.002,1.0027,1.006,1.0135,1.0259,1.0362,1.051,1.0636,1.0748,1.0917,1.102
0.78717,0.78634,0.80041,0.80711,0.82146,0.83405,0.85386,0.86931,0.89042,0.90669,0.917,0.92413,0.934,0.94409,0.955,0.962,0.97577,0.99043,1.002,1.0041,1.0074,1.0131,1.024,1.0367,1.0493,1.0627,1.0772,1.0925,1.1028
0.79129,0.79115,0.80191,0.80687,0.82196,0.83743,0.8508,0.86993,0.88612,0.90513,0.91702,0.92632,0.934,0.94618,0.95317,0.96328,0.976,0.98966,1.0002,1.005,1.0088,1.0126,1.024,1.038,1.0476,1.062,1.0774,1.0909,1.1036
0.79623,0.79604,0.80344,0.81054,0.82264,0.83855,0.84698,0.8689,0.88267,0.90109,0.91759,0.92738,0.93485,0.94779,0.95108,0.96477,0.976,0.98774,0.99834,1.005,1.0074,1.0121,1.024,1.0384,1.0487,1.0615,1.0766,1.0893,1.1038
0.79906,0.80089,0.80551,0.81297,0.8212,0.83754,0.84565,0.86668,0.88146,0.89739,0.91693,0.92794,0.93701,0.94621,0.95301,0.965,0.9772,0.987,0.99918,1.0046,1.0055,1.0129,1.0248,1.0362,1.0513,1.0611,1.0759,1.0869,1.1034
0.80079,0.80583,0.80758,0.81443,0.81912,0.83339,0.84534,0.8622,0.87867,0.89381,0.91289,0.928,0.938,0.945,0.95511,0.965,0.97869,0.987,1.0006,1.0027,1.0047,1.0143,1.0258,1.034,1.0529,1.062,1.0755,1.0844,1.1029
0.80355,0.81013,0.8091,0.81536,0.82026,0.83174,0.84595,0.86006,0.87492,0.89014,0.91005,0.92768,0.938,0.945,0.9572,0.96684,0.979,0.98783,1.001,1.001,1.0042,1.015,1.026,1.0354,1.0524,1.0633,1.075,1.084,1.1005
0.80874,0.81097,0.80991,0.81691,0.82432,0.83206,0.8446,0.85873,0.87302,0.8875,0.9083,0.92431,0.9384,0.94587,0.959,0.96888,0.979,0.98931,1.001,1.001,1.004,1.015,1.026,1.0367,1.0519,1.0638,1.0761,1.0865,1.0981
0.81409,0.81264,0.81436,0.82143,0.82658,0.83408,0.84322,0.8574,0.8714,0.88627,0.90358,0.92066,0.93896,0.94803,0.959,0.969,0.97779,0.99,0.9998,1.001,1.004,1.0142,1.026,1.038,1.0501,1.0634,1.0774,1.089,1.0977
0.82032,0.81706,0.8193,0.82248,0.82763,0.83481,0.84261,0.85607,0.87011,0.886,0.89845,0.91656,0.93538,0.94931,0.95859,0.96899,0.97626,0.99,0.99785,1.0025,1.005,1.0123,1.026,1.0394,1.0484,1.0627,1.0769,1.0886,1.0989
0.82584,0.82279,0.82275,0.82363,0.8303,0.83556,0.84683,0.85531,0.8706,0.88529,0.89475,0.91536,0.9313,0.94985,0.957,0.96576,0.976,0.99,0.99812,1.0039,1.0069,1.011,1.0258,1.039,1.0476,1.0605,1.0748,1.0882,1.0999
0.82915,0.82856,0.82532,0.82804,0.83416,0.83686,0.84905,0.85669,0.87049,0.88153,0.8943,0.91595,0.92611,0.94715,0.95621,0.96345,0.976,0.99,1.0001,1.0026,1.008,1.011,1.0253,1.0371,1.0472,1.0584,1.0727,1.0869,1.0995
0.8338,0.83259,0.83049,0.83365,0.83495,0.83925,0.85026,0.85539,0.86916,0.8808,0.89677,0.91326,0.923,0.94325,0.95676,0.96714,0.97647,0.99026,0.99992,1.0011,1.008,1.011,1.0246,1.0353,1.046,1.0591,1.0709,1.0852,1.0991
0.84543,0.83439,0.83654,0.8348,0.83795,0.84388,0.85099,0.85555,0.86782,0.88191,0.89758,0.90995,0.923,0.93986,0.957,0.97013,0.97699,0.99077,0.99795,1.001,1.0072,1.011,1.0232,1.0334,1.0441,1.0605,1.0692,1.0843,1.0987
0.86099,0.83673,0.8386,0.83933,0.84228,0.84559,0.85246,0.85976,0.86784,0.88059,0.89761,0.90563,0.9222,0.9367,0.957,0.97067,0.977,0.98985,0.99726,1.001,1.0053,1.011,1.022,1.032,1.0437,1.061,1.0702,1.0856,1.0983
0.87994,0.84319,0.84038,0.84154,0.84574,0.84741,0.85253,0.86203,0.86991,0.87929,0.89635,0.90438,0.92102,0.93497,0.95329,0.96963,0.97716,0.98779,0.99777,1.0042,1.0042,1.011,1.022,1.032,1.0455,1.061,1.0715,1.0869,1.0979
0.90371,0.85533,0.84489,0.84264,0.84683,0.85088,0.85332,0.86342,0.87067,0.87826,0.89358,0.905,0.92159,0.93348,0.94827,0.96579,0.97931,0.98732,0.99913,1.0077,1.0047,1.0111,1.022,1.032,1.047,1.0604,1.072,1.085,1.0974
0.93007,0.87752,0.8508,0.84716,0.84616,0.85569,0.85796,0.86429,0.87137,0.88235,0.89113,0.90628,0.92158,0.93231,0.94636,0.96225,0.98037,0.98784,1.0012,1.0066,1.005,1.0116,1.022,1.032,1.047,1.0585,1.072,1.0828,1.097
0.95151,0.89873,0.85851,0.85242,0.85378,0.85373,0.8626,0.86576,0.87227,0.88441,0.89179,0.90647,0.92037,0.93069,0.94464,0.95894,0.97716,0.98947,1.002,1.0051,1.005,1.012,1.022,1.032,1.047,1.057,1.0714,1.0812,1.0953
0.96765,0.92102,0.87204,0.85863,0.85927,0.85527,0.86346,0.86788,0.87443,0.88481,0.89154,0.90519,0.91735,0.92894,0.94291,0.95559,0.97325,0.99157,1.002,1.0036,1.0052,1.012,1.022,1.0325,1.047,1.057,1.0695,1.0799,1.0936
0.99419,0.94367,0.892,0.86396,0.861,0.85988,0.86369,0.87014,0.87659,0.88342,0.89126,0.90391,0.91431,0.92773,0.94228,0.95216,0.96767,0.989,1.002,1.002,1.0057,1.012,1.022,1.033,1.047,1.057,1.068,1.0795,1.0938
1.0179,0.96536,0.91521,0.87016,0.86185,0.86495,0.86582,0.87232,0.87857,0.8845,0.89264,0.90364,0.91743,0.92825,0.94287,0.95475,0.96529,0.98532,1.002,1.0025,1.0053,1.012,1.0225,1.0344,1.047,1.057,1.068,1.0808,1.0951
1.0394,0.98563,0.93477,0.88495,0.86466,0.86851,0.87066,0.87389,0.88007,0.88733,0.89607,0.90563,0.91737,0.93134,0.94392,0.95662,0.96585,0.98401,0.99976,1.0028,1.0037,1.0121,1.023,1.0358,1.047,1.057,1.068,1.082,1.0956
1.06,1.0065,0.95523,0.90793,0.87107,0.87358,0.87406,0.87546,0.88157,0.89165,0.89839,0.90656,0.91417,0.93103,0.94466,0.95489,0.96641,0.98279,0.99662,0.99915,1.0022,1.0126,1.0235,1.0364,1.0458,1.0558,1.068,1.082,1.0943
1.0784,1.0296,0.97692,0.9317,0.88478,0.874,0.87322,0.87704,0.88146,0.89132,0.89627,0.90723,0.91337,0.92979,0.94099,0.95342,0.96698,0.97946,0.9934,0.99583,1.0006,1.0124,1.024,1.0369,1.0444,1.0544,1.068,1.082,1.0929
1.0958,1.0507,1.0001,0.95048,0.9012,0.87605,0.87506,0.88005,0.88295,0.89058,0.89788,0.90791,0.91536,0.92851,0.93845,0.95223,0.96755,0.97672,0.99016,0.99477,1.0003,1.0092,1.024,1.0357,1.044,1.054,1.0694,1.0804,1.0911
1.1164,1.0672,1.0214,0.96975,0.92165,0.88415,0.88079,0.88456,0.88767,0.89036,0.89999,0.90979,0.92068,0.92839,0.93722,0.95248,0.9674,0.97558,0.98846,0.99352,1.0009,1.0061,1.0239,1.0343,1.044,1.054,1.0713,1.0786,1.0893
1.1353,1.0872,1.0391,0.99056,0.94458,0.89828,0.88549,0.88786,0.89238,0.89189,0.90215,0.91071,0.91975,0.929,0.93805,0.95316,0.96446,0.97686,0.98714,0.99187,0.99981,1.0029,1.0203,1.0328,1.043,1.0552,1.0708,1.0783,1.0905
1.1568,1.1082,1.0562,1.0122,0.96557,0.91617,0.88817,0.8896,0.893,0.89631,0.90361,0.91,0.9199,0.929,0.9399,0.95438,0.96329,0.98084,0.98825,0.99125,0.99818,1.001,1.0169,1.0313,1.0415,1.0571,1.069,1.0788,1.0923
1.1776,1.1296,1.079,1.0301,0.98535,0.9384,0.8935,0.89132,0.89403,0.90095,0.90344,0.90928,0.92198,0.93006,0.94374,0.95441,0.96389,0.98118,0.98917,0.9918,0.99704,1.001,1.0159,1.0297,1.0413,1.0564,1.0666,1.079,1.0919
1.1975,1.1502,1.0996,1.0494,1.0055,0.95977,0.91388,0.892,0.89568,0.90344,0.90365,0.91165,0.92132,0.93193,0.94414,0.95317,0.96497,0.98006,0.98974,0.99236,0.99589,1.0016,1.0147,1.0282,1.0418,1.0535,1.0637,1.079,1.0901
1.2174,1.1686,1.1201,1.0697,1.0258,0.97879,0.93575,0.89745,0.89802,0.90194,0.9055,0.91537,0.92061,0.92988,0.94293,0.95247,0.96583,0.97718,0.98906,0.99292,0.99422,1.0027,1.0131,1.0252,1.041,1.0513,1.062,1.0778,1.0877
1.2365,1.1854,1.1401,1.0904,1.0451,1.0002,0.95362,0.91223,0.903,0.90113,0.9101,0.91684,0.92067,0.92978,0.94226,0.95235,0.96459,0.97529,0.98737,0.99202,0.99331,1.0034,1.0117,1.0221,1.0395,1.0498,1.062,1.0744,1.0844
1.2539,1.2033,1.1589,1.1109,1.0603,1.0186,0.97197,0.93223,0.903,0.90445,0.91354,0.91633,0.92499,0.93124,0.94119,0.95363,0.96432,0.97648,0.9879,0.9911,0.99445,1.004,1.0106,1.0225,1.0379,1.049,1.0622,1.0716,1.0825
1.2738,1.223,1.1747,1.1315,1.0808,1.0348,0.99227,0.94779,0.90807,0.90922,0.91584,0.9177,0.92711,0.93331,0.94021,0.95355,0.96494,0.97868,0.98905,0.99225,0.99529,1.003,1.0102,1.0232,1.0364,1.049,1.0627,1.0702,1.0844
1.2971,1.2426,1.1948,1.1481,1.1025,1.0524,1.0094,0.96591,0.92627,0.91389,0.91652,0.92041,0.92771,0.93544,0.94229,0.95335,0.96667,0.98174,0.99021,0.9934,0.99587,1.0019,1.0108,1.0258,1.0348,1.0485,1.062,1.0693,1.0861
1.3143,1.2625,1.2144,1.1659,1.1215,1.0736,1.0287,0.98492,0.94541,0.91845,0.91516,0.92199,0.92715,0.9374,0.94391,0.95535,0.96721,0.97926,0.9906,0.99458,0.99511,1.0007,1.0127,1.0277,1.0333,1.0475,1.0585,1.0713,1.0865
1.3328,1.2846,1.2341,1.1855,1.1379,1.0941,1.0482,1.0042,0.96052,0.92485,0.91845,0.92356,0.93021,0.93884,0.9453,0.95645,0.96465,0.97667,0.9894,0.99538,0.99407,1.0011,1.0155,1.0261,1.0339,1.0462,1.0563,1.0729,1.087
1.3523,1.3057,1.2543,1.206,1.1585,1.1089,1.0654,1.0237,0.97789,0.93782,0.92387,0.92635,0.93217,0.93835,0.94671,0.95686,0.9635,0.97541,0.98861,0.99598,0.99585,1.004,1.0169,1.0254,1.0349,1.0446,1.0573,1.0719,1.0855
1.3719,1.3256,1.2748,1.2265,1.1781,1.1283,1.0836,1.042,1.0032,0.9555,0.92712,0.92878,0.9337,0.938,0.94871,0.95618,0.96381,0.97625,0.98798,0.99542,0.99744,1.0057,1.018,1.0265,1.037,1.0455,1.0586,1.0708,1.0841
1.3914,1.3411,1.2936,1.2467,1.1949,1.1493,1.1026,1.0586,1.0184,0.975,0.9352,0.92957,0.93527,0.93832,0.94972,0.95548,0.96713,0.97817,0.98675,0.99411,0.99866,1.0069,1.0168,1.0264,1.039,1.0482,1.0606,1.0678,1.0813
1.4123,1.3588,1.3124,1.2624,1.2126,1.1695,1.121,1.0776,1.0348,0.99428,0.9523,0.92841,0.93684,0.93985,0.949,0.95542,0.96749,0.98011,0.98673,0.99102,0.99637,1.0042,1.0156,1.0253,1.0384,1.0494,1.0616,1.0652,1.0784
1.4321,1.3788,1.33,1.2788,1.2319,1.1861,1.1399,1.0965,1.0521,1.0106,0.97308,0.93767,0.937,0.94411,0.949,0.95684,0.96737,0.98026,0.98862,0.99083,0.99312,1.0012,1.0145,1.0242,1.0382,1.0499,1.0606,1.0672,1.0767
1.4498,1.4018,1.3455,1.2994,1.2508,1.2042,1.1576,1.1138,1.0701,1.0269,0.98992,0.95193,0.937,0.946,0.949,0.95956,0.96875,0.97899,0.99054,0.9921,0.99499,0.99814,1.0137,1.023,1.0393,1.0508,1.0594,1.0693,1.0752
1.4684,1.4197,1.3677,1.3179,1.2716,1.2235,1.1767,1.1303,1.0894,1.0496,1.0048,0.96742,0.93968,0.946,0.95007,0.96064,0.96843,0.9783,0.99215,0.99337,0.99691,0.99814,1.0131,1.0258,1.0402,1.0519,1.0578,1.0718,1.0772
1.479,1.4374,1.3879,1.3364,1.2909,1.2432,1.196,1.1481,1.1099,1.0669,1.0232,0.98344,0.94844,0.94614,0.953,0.95979,0.96773,0.97873,0.99281,0.99303,0.99878,1.0001,1.0141,1.0284,1.0408,1.051,1.0575,1.0739,1.0796
1.479,1.455,1.4067,1.3555,1.3086,1.2616,1.2146,1.1681,1.122,1.0811,1.043,1.001,0.96506,0.94778,0.953,0.95828,0.96701,0.97995,0.99073,0.99109,0.9956,1.0039,1.0154,1.0301,1.0403,1.0499,1.0586,1.0728,1.0809
1.4777,1.4736,1.4244,1.3749,1.3236,1.2777,1.2303,1.1878,1.1398,1.097,1.0607,1.0177,0.97988,0.95158,0.95546,0.96166,0.96842,0.97926,0.98812,0.99164,0.99278,1.0054,1.0173,1.0295,1.0392,1.0488,1.0597,1.0718,1.0819
1.4844,1.479,1.4454,1.3937,1.3435,1.2962,1.2487,1.2042,1.1595,1.1163,1.0727,1.0366,0.99846,0.9627,0.95616,0.964,0.9699,0.979,0.98879,0.9932,0.99212,1.0042,1.0158,1.0265,1.0385,1.0483,1.0607,1.0707,1.082
1.499,1.479,1.4637,1.4136,1.3643,1.315,1.2683,1.2211,1.1792,1.1365,1.0892,1.0519,1.016,0.97896,0.95653,0.964,0.97137,0.97885,0.98948,0.99586,0.99418,1.0034,1.0121,1.0255,1.0379,1.0494,1.0614,1.0709,1.082
1.514,1.479,1.4789,1.4336,1.3851,1.3342,1.2876,1.2408,1.1989,1.1522,1.1087,1.0706,1.0325,0.99633,0.96276,0.964,0.9729,0.97813,0.99,0.99534,0.99624,1.0028,1.0114,1.0249,1.0367,1.0497,1.062,1.0735,1.0845
1.5263,1.4895,1.4824,1.452,1.4031,1.354,1.3079,1.2615,1.2146,1.17,1.1277,1.0883,1.0488,1.0112,0.97758,0.964,0.97159,0.98167,0.99,0.99396,0.99691,1.0021,1.0121,1.0243,1.036,1.0491,1.063,1.0755,1.087
1.5371,1.503,1.484,1.468,1.4182,1.3721,1.3266,1.2776,1.2308,1.1875,1.1456,1.1035,1.064,1.0268,0.99378,0.96618,0.97052,0.98466,0.98942,0.992,0.997,1.002,1.0146,1.0233,1.036,1.0499,1.064,1.0766,1.0865
1.5504,1.5159,1.4845,1.48,1.4361,1.3887,1.3423,1.2941,1.2476,1.2038,1.1625,1.1208,1.0788,1.0418,1.0092,0.97435,0.97183,0.98554,0.9896,0.992,0.9967,1.0017,1.0144,1.0221,1.0374,1.051,1.064,1.0764,1.0859
1.5638,1.5273,1.4919,1.4833,1.457,1.4044,1.3576,1.3124,1.2653,1.2196,1.1782,1.1365,1.098,1.0576,1.0236,0.98988,0.97725,0.98103,0.991,0.99384,0.996,1.0011,1.0138,1.0245,1.0391,1.0504,1.0636,1.0753,1.0848
1.5776,1.5394,1.5026,1.484,1.4757,1.4248,1.3774,1.332,1.2846,1.2387,1.196,1.1521,1.115,1.0755,1.0391,1.0088,0.98128,0.97939,0.991,0.99581,0.996,1.0004,1.0131,1.0257,1.0397,1.0498,1.0624,1.0746,1.0847
1.5908,1.554,1.5161,1.4875,1.484,1.4455,1.3968,1.3478,1.3046,1.2583,1.2131,1.1692,1.1299,1.0948,1.0576,1.0234,0.99074,0.98096,0.991,0.99508,0.99556,1.0007,1.0124,1.0251,1.0378,1.0492,1.0616,1.074,1.0874
1.6039,1.5699,1.5331,1.4977,1.484,1.4667,1.4144,1.3646,1.3223,1.2771,1.2309,1.1889,1.1468,1.1101,1.0696,1.0356,1.0029,0.98524,0.99151,0.99232,0.995,1.002,1.0126,1.0244,1.0334,1.049,1.0611,1.0729,1.0881
1.6174,1.5845,1.5485,1.5102,1.484,1.4868,1.4307,1.3831,1.3374,1.2956,1.2515,1.2085,1.1625,1.1227,1.0845,1.0498,1.0163,0.99075,0.99284,0.99188,0.995,1.002,1.0139,1.0238,1.0324,1.0489,1.0605,1.072,1.0859
1.6302,1.5949,1.5625,1.523,1.4903,1.4867,1.4489,1.4044,1.3565,1.3113,1.2651,1.2241,1.1801,1.1395,1.1025,1.0653,1.0312,1.0024,0.98898,0.993,0.99641,1.002,1.012,1.0231,1.0327,1.0458,1.0597,1.072,1.0847
1.6431,1.6077,1.5729,1.5352,1.5012,1.4824,1.4699,1.4233,1.3748,1.3265,1.2802,1.2389,1.1974,1.1574,1.1213,1.0797,1.0497,1.0141,0.99524,0.993,0.99606,1.0014,1.0091,1.0218,1.0347,1.0437,1.0585,1.0717,1.0841
1.6563,1.621,1.5851,1.5483,1.5154,1.4774,1.49,1.4405,1.3928,1.3427,1.2988,1.2553,1.2137,1.1723,1.1362,1.0966,1.0645,1.0254,1.0051,0.99836,0.99677,1,1.0064,1.0207,1.0344,1.0431,1.0569,1.0711,1.0849
1.6699,1.6338,1.5981,1.5623,1.5291,1.4905,1.49,1.4557,1.4108,1.362,1.3209,1.2743,1.229,1.1864,1.147,1.1145,1.0769,1.0386,1.0156,1.0073,1.0026,1,1.0086,1.02,1.0335,1.0465,1.0551,1.0705,1.086
1.6841,1.6475,1.6115,1.5783,1.5418,1.5052,1.4845,1.4767,1.4297,1.3829,1.3397,1.2893,1.2471,1.2051,1.1627,1.1305,1.0903,1.0586,1.0268,1.0179,1.0152,1.0066,1.0102,1.0214,1.0321,1.0479,1.0544,1.0697,1.0854
1.6992,1.6613,1.6246,1.59,1.5518,1.5195,1.4795,1.49,1.4467,1.4,1.3564,1.3075,1.2664,1.2226,1.1825,1.1446,1.1063,1.0729,1.0409,1.0304,1.0262,1.016,1.011,1.0211,1.0301,1.0446,1.0555,1.0672,1.0842
1.7133,1.6774,1.6374,1.6021,1.5649,1.5329,1.494,1.49,1.4626,1.4161,1.3715,1.3273,1.2845,1.2396,1.2028,1.1573,1.1228,1.0848,1.055,1.0477,1.0369,1.0252,1.0115,1.0195,1.029,1.0424,1.0594,1.0666,1.0818
1.7263,1.6917,1.6544,1.6162,1.58,1.5465,1.509,1.4819,1.4828,1.4352,1.3852,1.347,1.301,1.2589,1.217,1.1769,1.1373,1.0976,1.0681,1.0633,1.0497,1.0307,1.0146,1.0173,1.0289,1.0408,1.0557,1.0679,1.0806
1.7394,1.7041,1.6697,1.6318,1.5973,1.5604,1.5233,1.4848,1.4891,1.454,1.403,1.36,1.3156,1.2742,1.2307,1.193,1.1538,1.1125,1.0797,1.076,1.0683,1.0445,1.0247,1.019,1.0275,1.0401,1.0512,1.0674,1.08
1.753,1.7166,1.6827,1.6475,1.6115,1.5734,1.5366,1.5021,1.4873,1.4718,1.4214,1.3765,1.3326,1.2887,1.2466,1.2072,1.1713,1.131,1.0942,1.0875,1.084,1.0627,1.0353,1.0209,1.0265,1.0375,1.0485,1.0664,1.0775
1.7679,1.7297,1.6952,1.6595,1.6237,1.587,1.5504,1.5178,1.4831,1.4889,1.4406,1.3949,1.3491,1.3047,1.2639,1.2219,1.1875,1.1484,1.1136,1.0989,1.0962,1.0787,1.0463,1.0251,1.0267,1.0381,1.0514,1.0644,1.0747
1.7825,1.7431,1.7076,1.6727,1.6365,1.6006,1.5641,1.5303,1.4921,1.4887,1.4592,1.4139,1.3638,1.325,1.2816,1.2388,1.1982,1.1611,1.1274,1.1131,1.1087,1.0897,1.059,1.0358,1.029,1.0417,1.0533,1.0635,1.0715
1.7972,1.7572,1.7209,1.6864,1.6499,1.614,1.5771,1.5404,1.5056,1.4861,1.4788,1.4292,1.3829,1.3404,1.299,1.2547,1.2128,1.1736,1.1403,1.1306,1.1222,1.1007,1.0728,1.0499,1.0319,1.0388,1.0512,1.062,1.0742
1.8097,1.7717,1.7354,1.6998,1.6636,1.6262,1.5909,1.5543,1.5177,1.4822,1.494,1.4458,1.4016,1.3563,1.3145,1.2712,1.23,1.1886,1.1559,1.1445,1.1332,1.1145,1.0862,1.0609,1.0391,1.0353,1.0484,1.0586,1.0765
1.8222,1.7865,1.7509,1.7124,1.6766,1.6358,1.6045,1.5679,1.5308,1.4974,1.4892,1.4645,1.4191,1.374,1.3297,1.2882,1.2481,1.204,1.1705,1.1573,1.1471,1.1286,1.1,1.0708,1.0495,1.035,1.0459,1.058,1.0745
1.8349,1.8012,1.7635,1.7239,1.6894,1.6485,1.6186,1.5809,1.5443,1.51,1.4859,1.4846,1.4374,1.3934,1.3451,1.304,1.2627,1.2185,1.1847,1.1739,1.1649,1.1436,1.1141,1.0811,1.0607,1.0404,1.044,1.058,1.0714
1.8488,1.8144,1.7755,1.7383,1.7018,1.6633,1.632,1.5944,1.5583,1.5211,1.4881,1.4926,1.4561,1.4087,1.3627,1.3219,1.2809,1.2358,1.2002,1.1932,1.1818,1.16,1.1283,1.0968,1.0699,1.0489,1.044,1.058,1.0683
1.8641,1.8269,1.7877,1.7531,1.715,1.6819,1.6453,1.6084,1.5727,1.5379,1.5016,1.4879,1.4742,1.4242,1.3807,1.3407,1.2977,1.254,1.2158,1.2059,1.1942,1.1754,1.1409,1.1111,1.0799,1.0589,1.0469,1.0559,1.0656
1.8784,1.8385,1.8012,1.7662,1.7282,1.6973,1.6573,1.6225,1.5866,1.5529,1.5155,1.4852,1.4912,1.4427,1.3988,1.3582,1.3131,1.269,1.2313,1.2187,1.2087,1.1903,1.1552,1.1232,1.0925,1.0693,1.052,1.055,1.0645
1.8924,1.8517,1.8158,1.7791,1.7437,1.7102,1.6699,1.6356,1.6001,1.5666,1.5296,1.494,1.4939,1.4607,1.4165,1.3726,1.33,1.2834,1.2485,1.2345,1.2272,1.2042,1.1704,1.1351,1.1068,1.0799,1.0594,1.0551,1.064
1.9043,1.866,1.831,1.792,1.758,1.7208,1.6838,1.6489,1.6144,1.5765,1.5429,1.5101,1.4911,1.4783,1.4343,1.3876,1.3467,1.3001,1.2628,1.2518,1.2442,1.2186,1.1848,1.1498,1.121,1.093,1.0692,1.0559,1.064
1.9163,1.8814,1.8466,1.8064,1.7699,1.7325,1.6996,1.6615,1.629,1.5891,1.554,1.5209,1.4849,1.4949,1.4512,1.4038,1.3623,1.3178,1.2761,1.2683,1.2591,1.2348,1.1956,1.164,1.1361,1.1069,1.0811,1.0598,1.0612
1.931,1.8965,1.859,1.8214,1.7822,1.748,1.7152,1.6743,1.6424,1.6039,1.5666,1.5333,1.4958,1.4936,1.4671,1.4213,1.3771,1.331,1.2914,1.2819,1.2734,1.2499,1.2118,1.1792,1.1489,1.1198,1.0924,1.0689,1.0631
1.9456,1.9114,1.8719,1.8359,1.7944,1.7632,1.7267,1.6875,1.6544,1.6161,1.5829,1.5467,1.5094,1.491,1.4841,1.4391,1.3919,1.347,1.3086,1.2941,1.2883,1.2645,1.2281,1.193,1.1596,1.1317,1.1032,1.0822,1.0683
1.9591,1.9256,1.8859,1.8502,1.8115,1.7781,1.7394,1.7029,1.665,1.629,1.5968,1.5607,1.5237,1.4896,1.4945,1.4553,1.4089,1.3646,1.3254,1.3076,1.3037,1.279,1.243,1.2056,1.1703,1.1417,1.114,1.0927,1.0735
1.9731,1.9388,1.9,1.8643,1.8281,1.7913,1.7526,1.7172,1.6779,1.6431,1.61,1.5722,1.5371,1.5004,1.4932,1.4708,1.4271,1.3825,1.3419,1.3291,1.3187,1.294,1.2551,1.2199,1.1841,1.156,1.1277,1.1036,1.0829
1.9877,1.9514,1.9145,1.8777,1.8408,1.8038,1.768,1.7306,1.6923,1.6584,1.6209,1.5822,1.5507,1.5133,1.49,1.4885,1.4458,1.398,1.3599,1.3487,1.3319,1.3121,1.269,1.2366,1.1995,1.17,1.1397,1.1158,1.0931
2.0035,1.9634,1.9277,1.8902,1.8532,1.8159,1.783,1.7433,1.7089,1.6732,1.6336,1.5958,1.5646,1.5275,1.4925,1.4941,1.4633,1.4143,1.3741,1.363,1.3471,1.328,1.2856,1.2518,1.2147,1.1836,1.1518,1.1282,1.1031
2.0203,1.9769,1.9396,1.9027,1.8658,1.8277,1.7936,1.7562,1.722,1.6858,1.6469,1.6116,1.5791,1.5408,1.5034,1.4925,1.4806,1.4308,1.3885,1.3767,1.364,1.3424,1.3036,1.2642,1.2284,1.1957,1.1671,1.1375,1.1113
2.0322,1.9914,1.9528,1.9154,1.8794,1.8392,1.8049,1.7711,1.7339,1.6993,1.6625,1.6289,1.5927,1.5546,1.5176,1.489,1.4974,1.4449,1.4039,1.3934,1.3834,1.3578,1.3183,1.2793,1.243,1.2078,1.1813,1.1497,1.1255
2.0416,2.0047,1.9663,1.9279,1.8933,1.8526,1.8172,1.7852,1.7453,1.7131,1.6765,1.6416,1.6055,1.5687,1.5335,1.4978,1.4953,1.4599,1.4217,1.4107,1.4009,1.3735,1.3338,1.2948,1.2591,1.2226,1.1934,1.1627,1.137
2.0546,2.0182,1.9809,1.9409,1.9078,1.867,1.8321,1.798,1.7589,1.7251,1.6889,1.653,1.6157,1.5831,1.5514,1.5115,1.4915,1.4765,1.4375,1.427,1.4163,1.3886,1.3503,1.309,1.2743,1.2386,1.2039,1.1755,1.147
2.0687,2.0323,1.9957,1.9583,1.9222,1.8848,1.8476,1.8103,1.775,1.7375,1.699,1.6631,1.6271,1.5963,1.5616,1.5224,1.4881,1.4947,1.4536,1.4412,1.4304,1.4028,1.3681,1.323,1.2884,1.2541,1.2146,1.1861,1.1578
2.0855,2.0465,2.0124,1.9753,1.9364,1.9019,1.8628,1.8224,1.7889,1.75,1.7107,1.6785,1.6437,1.6092,1.5723,1.536,1.5032,1.4978,1.4705,1.4565,1.448,1.4226,1.3832,1.3421,1.3027,1.2652,1.2285,1.1967,1.1698
2.1028,2.0632,2.0285,1.9896,1.9502,1.914,1.8771,1.8368,1.8016,1.7642,1.727,1.6944,1.6579,1.6226,1.5848,1.5511,1.5171,1.4972,1.4878,1.4738,1.4637,1.4404,1.3974,1.3577,1.3183,1.2786,1.247,1.2123,1.1819
2.1161,2.0792,2.0416,2.0028,1.9626,1.9258,1.8883,1.8513,1.8137,1.7791,1.7426,1.7071,1.6708,1.6342,1.5985,1.5675,1.5291,1.4931,1.4981,1.4906,1.4789,1.4563,1.4116,1.3723,1.3336,1.2947,1.2633,1.2287,1.1946
2.1285,2.0919,2.054,2.0135,1.9754,1.9373,1.901,1.8655,1.8265,1.7906,1.7575,1.7192,1.6833,1.6443,1.6122,1.5784,1.5432,1.5037,1.4954,1.4969,1.4938,1.4713,1.425,1.3875,1.3473,1.3127,1.2737,1.2434,1.2093
2.1412,2.1043,2.0643,2.0257,1.9887,1.9515,1.9155,1.8785,1.8409,1.8037,1.7701,1.7308,1.6965,1.6599,1.6263,1.5886,1.556,1.5159,1.4938,1.493,1.4977,1.4867,1.4434,1.4017,1.3621,1.3266,1.288,1.2517,1.2244
2.1535,2.115,2.0757,2.0398,2.0038,1.9678,1.93,1.891,1.856,1.8195,1.7826,1.7463,1.7105,1.6753,1.639,1.6023,1.567,1.5294,1.4991,1.493,1.4976,1.4982,1.4621,1.4167,1.3785,1.3393,1.3028,1.2653,1.2373
2.1668,2.1267,2.0896,2.0555,2.0197,1.982,1.9442,1.9052,1.8712,1.8352,1.7955,1.7614,1.7228,1.6908,1.6519,1.6162,1.5805,1.5447,1.5139,1.5017,1.4934,1.4941,1.4802,1.4335,1.3957,1.3518,1.3175,1.2805,1.2486
2.1801,2.1434,2.1044,2.0719,2.0343,1.9955,1.9568,1.9202,1.8853,1.8504,1.8094,1.7749,1.7356,1.7022,1.6652,1.6302,1.594,1.557,1.5249,1.5163,1.5029,1.493,1.4928,1.4526,1.4109,1.3662,1.333,1.296,1.259
2.1956,2.1594,2.1204,2.086,2.0484,2.0085,1.9693,1.9338,1.8993,1.8621,1.8238,1.7882,1.7505,1.7124,1.6785,1.6439,1.6068,1.5669,1.5364,1.5269,1.5146,1.4973,1.4987,1.4693,1.4249,1.384,1.3474,1.3118,1.2733
2.211,2.1744,2.1361,2.0987,2.0601,2.0211,1.9827,1.9477,1.9132,1.8728,1.8387,1.8017,1.7642,1.7259,1.6921,1.6584,1.619,1.5794,1.549,1.5388,1.5283,1.5121,1.498,1.4839,1.4404,1.4016,1.3614,1.3247,1.2877
2.226,2.1894,2.1511,2.1121,2.0716,2.0338,1.9962,1.9618,1.9267,1.8854,1.8534,1.8149,1.7768,1.7404,1.705,1.6732,1.6329,1.5933,1.5598,1.5512,1.5435,1.5236,1.4945,1.4961,1.4579,1.4186,1.3753,1.3368,1.3025
2.2409,2.2022,2.1656,2.1258,2.0864,2.0471,2.012,1.976,1.9387,1.8985,1.8657,1.8276,1.7918,1.7565,1.7185,1.6834,1.6502,1.6097,1.5719,1.5618,1.5579,1.5348,1.5,1.499,1.4737,1.4299,1.3897,1.35,1.3164
2.2544,2.2149,2.1789,2.1392,2.1017,2.0628,2.0277,1.9906,1.951,1.9134,1.8779,1.8406,1.8073,1.7694,1.7337,1.6941,1.6627,1.6217,1.5863,1.5749,1.5709,1.5474,1.5121,1.4982,1.4872,1.444,1.4042,1.369,1.3309
2.2671,2.2297,2.1922,2.1526,2.1146,2.0784,2.0418,2.005,1.9634,1.9277,1.889,1.8538,1.8189,1.782,1.7465,1.7081,1.6738,1.6341,1.6021,1.5892,1.5843,1.5606,1.5254,1.4955,1.499,1.4607,1.4206,1.3858,1.346
2.2806,2.2446,2.2054,2.1653,2.1273,2.0931,2.0558,2.0191,1.9765,1.9414,1.902,1.8669,1.8306,1.7956,1.7585,1.7229,1.6849,1.6479,1.6173,1.6052,1.5979,1.5743,1.5391,1.5053,1.499,1.481,1.4381,1.4006,1.361
2.2946,2.2572,2.2184,2.1776,2.142,2.1075,2.0697,2.0327,1.9897,1.9552,1.9165,1.8813,1.8427,1.8097,1.774,1.7379,1.699,1.6629,1.6308,1.6199,1.6107,1.5893,1.553,1.5187,1.4975,1.4952,1.4533,1.4133,1.3754
2.309,2.2693,2.2314,2.1919,2.1563,2.1201,2.0833,2.0458,2.0046,1.9693,1.9331,1.8965,1.8585,1.8255,1.7887,1.7498,1.7157,1.6778,1.6437,1.6333,1.6214,1.6027,1.566,1.5322,1.4962,1.5029,1.4696,1.4272,1.3899
2.324,2.2835,2.2448,2.2075,2.1716,2.1329,2.096,2.0571,2.0207,1.9838,1.95,1.9116,1.8768,1.8394,1.8016,1.7629,1.7285,1.6895,1.6557,1.6461,1.6322,1.615,1.5789,1.5443,1.509,1.4995,1.486,1.4423,1.4042
2.3382,2.2983,2.2596,2.2228,2.1865,2.1478,2.1091,2.0675,2.0352,1.9983,1.9622,1.9261,1.8888,1.8517,1.8135,1.7784,1.741,1.7019,1.6658,1.6576,1.6447,1.6253,1.5912,1.5566,1.5226,1.499,1.4988,1.4576,1.4168
2.351,2.3133,2.2742,2.2377,2.1992,2.1627,2.1229,2.0822,2.0494,2.0125,1.9742,1.937,1.9001,1.8625,1.825,1.7924,1.7532,1.7149,1.6779,1.6676,1.6601,1.6377,1.6054,1.5697,1.5357,1.5028,1.5019,1.4718,1.4314
2.3639,2.3286,2.2891,2.2526,2.212,2.176,2.1364,2.0986,2.0632,2.0266,1.9879,1.9488,1.9123,1.8741,1.8397,1.8051,1.7673,1.728,1.6915,1.6805,1.676,1.6517,1.6195,1.5835,1.5477,1.513,1.499,1.4868,1.4486
2.3781,2.3419,2.3041,2.2677,2.2262,2.1893,2.1497,2.1127,2.0773,2.0397,2.002,1.9634,1.9258,1.8895,1.8542,1.8178,1.7832,1.7415,1.7067,1.6942,1.6896,1.6672,1.6326,1.5968,1.5602,1.5233,1.499,1.5023,1.4666
2.3926,2.3537,2.3177,2.2816,2.2406,2.2023,2.1638,2.1263,2.091,2.0529,2.0165,1.9776,1.942,1.9046,1.8666,1.8308,1.7961,1.7546,1.7218,1.7093,1.7026,1.681,1.6454,1.6096,1.5735,1.5367,1.5056,1.504,1.4801
2.4061,2.3664,2.3317,2.2933,2.2539,2.2159,2.1786,2.1393,2.1047,2.067,2.0294,1.9914,1.9562,1.9194,1.8798,1.8451,1.8081,1.7688,1.7376,1.7248,1.7147,1.6927,1.6585,1.6229,1.5873,1.5546,1.5168,1.5026,1.4935
2.4194,2.3805,2.3458,2.3053,2.2668,2.2308,2.1934,2.1518,2.1175,2.0805,2.0398,2.0052,1.9677,1.9321,1.8937,1.859,1.8196,1.7833,1.7509,1.7406,1.7275,1.706,1.672,1.6362,1.6004,1.5685,1.5317,1.4992,1.504
2.4344,2.3948,2.3602,2.3179,2.2815,2.2455,2.2085,2.167,2.1298,2.0933,2.0521,2.0185,1.9811,1.943,1.9084,1.8725,1.8327,1.7957,1.7628,1.7542,1.7404,1.7199,1.6852,1.6488,1.6132,1.5812,1.5454,1.5122,1.504
2.4503,2.4099,2.3738,2.3308,2.2969,2.2582,2.2222,2.1833,2.145,2.1062,2.0678,2.0322,1.9961,1.9566,1.9234,1.8852,1.8477,1.808,1.7724,1.7671,1.7553,1.7354,1.6981,1.6615,1.6292,1.5915,1.5579,1.5249,1.5017
2.4658,2.425,2.3868,2.3458,2.3118,2.2711,2.2332,2.1972,2.1598,2.1199,2.0841,2.0464,2.0101,1.9712,1.9358,1.8978,1.8631,1.8195,1.784,1.7789,1.769,1.7491,1.7101,1.6749,1.6444,1.604,1.5685,1.5356,1.5022
2.4805,2.4385,2.4002,2.3608,2.3261,2.2859,2.2453,2.2102,2.1732,2.1336,2.1009,2.0605,2.0237,1.9853,1.9477,1.9097,1.8782,1.8326,1.7998,1.7907,1.7815,1.7613,1.7238,1.6884,1.6581,1.617,1.5828,1.5449,1.5165
2.4948,2.4522,2.4144,2.3766,2.3394,2.3009,2.2599,2.2238,2.1865,2.1469,2.1156,2.0743,2.0369,1.9989,1.9607,1.9223,1.8928,1.8476,1.8154,1.803,1.7945,1.7743,1.7397,1.7014,1.6685,1.6304,1.5985,1.5582,1.5279
2.504,2.4673,2.4285,2.3922,2.3512,2.3148,2.2746,2.2377,2.1999,2.1606,2.1286,2.0873,2.05,2.012,1.9741,1.9386,1.9068,1.8626,1.8309,1.8148,1.8075,1.7869,1.7524,1.7136,1.6788,1.6443,1.6121,1.5762,1.5392
2.5135,2.4833,2.4417,2.4068,2.3634,2.3287,2.2886,2.2522,2.2129,2.1754,2.1401,2.1,2.0631,2.0256,1.9909,1.9548,1.9182,1.8781,1.8427,1.8265,1.8231,1.7991,1.7645,1.7282,1.6906,1.6582,1.6243,1.5904,1.5525
2.5207,2.4975,2.4547,2.4212,2.3775,2.3417,2.3027,2.267,2.2276,2.1903,2.1502,2.1135,2.0758,2.0398,2.0063,1.9694,1.9297,1.8921,1.8545,1.8438,1.837,1.8112,1.7776,1.744,1.7035,1.6736,1.6349,1.6025,1.5659
2.527,2.5081,2.47,2.4348,2.3916,2.3541,2.3176,2.2813,2.2425,2.2056,2.1625,2.1273,2.0899,2.0539,2.0184,1.9826,1.9407,1.9058,1.8694,1.8598,1.8484,1.8227,1.7915,1.7571,1.7171,1.6878,1.6469,1.6115,1.5797
2.5325,2.5189,2.4859,2.4471,2.4067,2.3678,2.3326,2.2949,2.2558,2.2201,2.1768,2.1423,2.1038,2.068,2.0308,1.9938,1.9532,1.9181,1.8837,1.8727,1.8617,1.8392,1.8065,1.7697,1.7331,1.7008,1.6593,1.6263,1.5928
2.5368,2.5236,2.4994,2.4599,2.4218,2.3827,2.3476,2.3081,2.2684,2.2331,2.1922,2.1576,2.12,2.0817,2.0439,2.0059,1.9672,1.9312,1.8977,1.8855,1.8765,1.8576,1.8194,1.7814,1.7477,1.7101,1.6725,1.6416,1.606
2.541,2.5283,2.5114,2.4759,2.4359,2.3972,2.3626,2.3206,2.2827,2.2461,2.2085,2.171,2.1357,2.0954,2.0582,2.0193,1.9831,1.9458,1.9107,1.8978,1.8906,1.8695,1.8309,1.7953,1.759,1.7211,1.6884,1.6555,1.6191
2.5452,2.5331,2.5208,2.4919,2.4494,2.4114,2.3748,2.3331,2.2977,2.259,2.2232,2.1838,2.1489,2.1095,2.0742,2.0332,1.9998,1.9593,1.923,1.9109,1.9045,1.8811,1.8433,1.8107,1.7711,1.7369,1.7043,1.6667,1.6294
2.5494,2.5378,2.5238,2.5023,2.4639,2.4256,2.3861,2.3468,2.3119,2.2716,2.2358,2.197,2.1618,2.1244,2.0876,2.0473,2.0145,1.9717,1.937,1.9248,1.9168,1.8925,1.8564,1.8223,1.7836,1.751,1.7165,1.6769,1.6428
2.5536,2.5426,2.5267,2.5116,2.4799,2.4389,2.399,2.3604,2.3257,2.2856,2.2489,2.2101,2.1751,2.1388,2.0982,2.0612,2.0286,1.9841,1.9516,1.9387,1.9296,1.9065,1.871,1.8341,1.7992,1.7641,1.729,1.6917,1.6593
2.5578,2.5473,2.5297,2.5209,2.4953,2.4519,2.4134,2.3767,2.339,2.2996,2.2622,2.2244,2.1881,2.1512,2.1106,2.0752,2.0399,1.9965,1.9642,1.9523,1.9442,1.9241,1.8858,1.8468,1.8144,1.7757,1.7416,1.706,1.6724
2.5621,2.5521,2.5326,2.5301,2.5058,2.467,2.4277,2.3931,2.3514,2.3144,2.2758,2.2393,2.2005,2.1641,2.1243,2.0906,2.0509,2.0103,1.9766,1.9669,1.9579,1.9375,1.9003,1.8604,1.827,1.7885,1.7547,1.7195,1.6844
2.5663,2.5569,2.5356,2.5394,2.5166,2.4827,2.4423,2.4081,2.3646,2.3294,2.2907,2.2542,2.2134,2.1775,2.139,2.1064,2.065,2.0245,1.989,1.9807,1.9704,1.9485,1.9126,1.8749,1.8406,1.8038,1.7674,1.7327,1.6942
2.5705,2.5616,2.5385,2.5487,2.5274,2.4982,2.4565,2.4228,2.3796,2.3428,2.3056,2.2694,2.2282,2.1913,2.1543,2.12,2.0787,2.0377,2.0018,1.992,1.9828,1.9602,1.9243,1.8894,1.8547,1.817,1.7791,1.7456,1.7081
2.5747,2.5664,2.5415,2.558,2.5382,2.5138,2.4725,2.4359,2.3942,2.3555,2.3201,2.2834,2.243,2.2062,2.1682,2.1329,2.0914,2.0508,2.016,2.0039,1.9952,1.9721,1.9379,1.9034,1.867,1.8285,1.7928,1.7569,1.7231
2.5789,2.5711,2.5444,2.5673,2.549,2.5294,2.4885,2.4477,2.4075,2.3687,2.3342,2.296,2.256,2.221,2.1811,2.1461,2.1044,2.0645,2.0306,2.0172,2.0088,1.9885,1.9514,1.9157,1.879,1.8432,1.808,1.7691,1.7381
2.5831,2.5759,2.5474,2.5765,2.5598,2.5449,2.5045,2.4596,2.4208,2.3822,2.3479,2.3082,2.2689,2.234,2.194,2.159,2.1207,2.0787,2.0463,2.0321,2.023,2.0056,1.966,1.9279,1.8913,1.8587,1.8211,1.7822,1.7515
2.5874,2.5806,2.5503,2.5858,2.5706,2.5605,2.5205,2.4716,2.4347,2.3959,2.3615,2.3196,2.2826,2.2469,2.2071,2.172,2.1366,2.0945,2.0612,2.0488,2.0384,2.0187,1.98,1.9417,1.9044,1.8726,1.8339,1.7972,1.7623
2.5916,2.5854,2.5533,2.5951,2.5814,2.576,2.5364,2.4836,2.4489,2.4104,2.3742,2.3319,2.2966,2.2595,2.2212,2.1852,2.1494,2.11,2.0747,2.0638,2.0541,2.0315,1.9913,1.9555,1.9207,1.886,1.8482,1.8127,1.7736
2.5958,2.5901,2.5562,2.6044,2.5922,2.5916,2.5524,2.4955,2.4631,2.4246,2.3864,2.3465,2.3112,2.2726,2.2361,2.1982,2.1622,2.1229,2.0867,2.0772,2.0676,2.0425,2.003,1.9701,1.9362,1.8978,1.8623,1.8265,1.7857
2.6,2.5949,2.5592,2.6136,2.603,2.6072,2.5684,2.5075,2.4773,2.4392,2.4003,2.3615,2.3262,2.2875,2.2512,2.2107,2.1751,2.136,2.0974,2.0894,2.0812,2.0542,2.0164,1.9847,1.9499,1.9098,1.8765,1.84,1.8035
2.6042,2.5996,2.5621,2.6229,2.6138,2.6227,2.5844,2.5195,2.4915,2.4535,2.4153,2.3783,2.3401,2.3025,2.2664,2.225,2.1881,2.1484,2.1096,2.1011,2.093,2.0683,2.031,1.9991,1.9627,1.9219,1.8896,1.8527,1.8192
2.6084,2.6044,2.5651,2.6322,2.6247,2.6383,2.6004,2.5315,2.5057,2.4678,2.4304,2.3955,2.3528,2.317,2.2807,2.2399,2.2034,2.1612,2.1233,2.1149,2.1047,2.0825,2.0478,2.0126,1.9746,1.935,1.9018,1.8648,1.8319
2.6127,2.6092,2.568,2.6415,2.6355,2.6538,2.6164,2.5434,2.5199,2.482,2.4455,2.4096,2.3657,2.3312,2.2933,2.2544,2.2182,2.1745,2.1378,2.13,2.1199,2.0977,2.063,2.0257,1.9861,1.9488,1.9154,1.8765,1.8442
2.6169,2.6139,2.571,2.6507,2.6463,2.6694,2.6324,2.5554,2.534,2.4963,2.4605,2.4229,2.3791,2.3436,2.3061,2.2686,2.2312,2.1879,2.1531,2.1436,2.1347,2.1125,2.0764,2.0374,1.9972,1.9633,1.9298,1.8904,1.8561
2.6211,2.6187,2.5739,2.66,2.6571,2.685,2.6484,2.5674,2.5482,2.5106,2.4756,2.4362,2.3927,2.3555,2.3201,2.2819,2.2442,2.2013,2.1682,2.1567,2.1474,2.1262,2.0899,2.0484,2.0108,1.9779,1.9413,1.9044,1.87
2.6253,2.6234,2.5769,2.6693,2.6679,2.7005,2.6644,2.5793,2.5624,2.5248,2.4907,2.4495,2.4064,2.3685,2.3338,2.2946,2.2572,2.2152,2.183,2.17,2.1598,2.1396,2.1036,2.063,2.0253,1.9925,1.9524,1.9199,1.8839
2.6295,2.6282,2.5798,2.6786,2.6787,2.7161,2.6804,2.5913,2.5766,2.5391,2.5058,2.4628,2.42,2.3826,2.3482,2.3077,2.2698,2.2296,2.1972,2.1831,2.1731,2.1524,2.1168,2.0792,2.0415,2.0065,1.967,1.9348,1.8961
2.6338,2.6329,2.5828,2.6879,2.6895,2.7316,2.6964,2.6033,2.5908,2.5533,2.5208,2.4761,2.4337,2.3967,2.3624,2.321,2.2843,2.2436,2.2103,2.197,2.1864,2.1653,2.1299,2.0933,2.0572,2.0196,1.9813,1.9489,1.9082
2.638,2.6377,2.5857,2.6971,2.7003,2.7472,2.7124,2.6152,2.605,2.5676,2.5359,2.4894,2.4473,2.4108,2.3755,2.3347,2.2993,2.258,2.2233,2.2116,2.2013,2.1781,2.1428,2.1071,2.0694,2.0328,1.9947,1.9614,1.9198
2.6422,2.6424,2.5887,2.7064,2.7111,2.7628,2.7284,2.6272,2.6192,2.5819,2.551,2.5027,2.461,2.4249,2.3885,2.3488,2.3137,2.2724,2.2363,2.2254,2.2165,2.1916,2.1559,2.1182,2.0821,2.0464,2.0082,1.9711,1.9323
2.6464,2.6472,2.5916,2.7157,2.7219,2.7783,2.7443,2.6392,2.6333,2.5961,2.566,2.516,2.4746,2.439,2.4017,2.3629,2.328,2.2861,2.2492,2.2384,2.2297,2.2066,2.1692,2.1286,2.0958,2.0601,2.0225,1.9833,1.946
2.6506,2.6519,2.5946,2.725,2.7327,2.7939,2.7603,2.6511,2.6475,2.6104,2.5811,2.5293,2.4883,2.4531,2.4149,2.377,2.3411,2.2996,2.2621,2.2523,2.2427,2.2219,2.1823,2.1432,2.11,2.0735,2.0367,1.9979,1.9619
2.6548,2.6567,2.5976,2.7342,2.7435,2.8094,2.7763,2.6631,2.6617,2.6247,2.5962,2.5426,2.5019,2.4672,2.4281,2.3911,2.3529,2.3138,2.2752,2.2674,2.2573,2.2373,2.195,2.158,2.1242,2.0869,2.0506,2.0122,1.9792
2.6591,2.6615,2.6005,2.7435,2.7543,2.825,2.7923,2.6751,2.6759,2.6389,2.6113,2.5559,2.5156,2.4813,2.4413,2.4052,2.3648,2.3281,2.2902,2.2814,2.2726,2.2518,2.2077,2.1742,2.1378,2.1007,2.0631,2.0263,1.992
2.6633,2.6662,2.6035,2.7528,2.7651,2.8406,2.8083,2.6871,2.6901,2.6532,2.6263,2.5692,2.5292,2.4954,2.4545,2.4194,2.3766,2.3422,2.3051,2.2931,2.286,2.2621,2.2216,2.1905,2.1501,2.1141,2.0739,2.0401,2.0038
2.6675,2.671,2.6064,2.7621,2.7759,2.8561,2.8243,2.699,2.7043,2.6674,2.6414,2.5825,2.5429,2.5095,2.4677,2.4335,2.3884,2.3563,2.3196,2.305,2.2986,2.2729,2.2365,2.2039,2.1628,2.127,2.0873,2.0537,2.0168
2.6717,2.6757,2.6094,2.7713,2.7867,2.8717,2.8403,2.711,2.7185,2.6817,2.6565,2.5958,2.5565,2.5237,2.4809,2.4476,2.4003,2.3704,2.3337,2.3176,2.311,2.2879,2.2514,2.2169,2.1776,2.1401,2.1026,2.0673,2.0299
2.6759,2.6805,2.6123,2.7806,2.7975,2.8872,2.8563,2.723,2.7326,2.696,2.6716,2.6091,2.5702,2.5378,2.4941,2.4617,2.4121,2.3845,2.3478,2.3302,2.3235,2.3028,2.2665,2.2291,2.1923,2.1531,2.1169,2.0806,2.0435
2.6801,2.6852,2.6153,2.7899,2.8083,2.9028,2.8723,2.7349,2.7468,2.7102,2.6866,2.6224,2.5838,2.5519,2.5073,2.4758,2.4239,2.3986,2.3619,2.3428,2.3361,2.317,2.2807,2.2411,2.2056,2.1662,2.1306,2.0943,2.0571
2.6844,2.69,2.6182,2.7992,2.8192,2.9184,2.8883,2.7469,2.761,2.7245,2.7017,2.6357,2.5975,2.566,2.5205,2.4899,2.4357,2.4127,2.376,2.3554,2.3487,2.3314,2.2924,2.2548,2.2186,2.1793,2.1437,2.108,2.0704
2.6886,2.6947,2.6212,2.8085,2.83,2.9339,2.9043,2.7589,2.7752,2.7388,2.7168,2.649,2.6111,2.5801,2.5337,2.504,2.4476,2.4268,2.3901,2.3681,2.3613,2.3459,2.304,2.2689,2.2315,2.1932,2.1566,2.1214,2.084
2.6928,2.6995,2.6241,2.8177,2.8408,2.9495,2.9203,2.7708,2.7894,2.753,2.7318,2.6623,2.6248,2.5942,2.5469,2.5181,2.4594,2.4409,2.4042,2.3807,2.3739,2.3604,2.3157,2.2822,2.2445,2.2079,2.1707,2.1351,2.0977
2.697,2.7042,2.6271,2.827,2.8516,2.965,2.9363,2.7828,2.8036,2.7673,2.7469,2.6756,2.6384,2.6083,2.5601,2.5322,2.4712,2.455,2.4183,2.3933,2.3865,2.3749,2.3274,2.295,2.2575,2.2218,2.1855,2.1475,2.1114
2.7012,2.709,2.63,2.8363,2.8624,2.9806,2.9522,2.7948,2.8178,2.7816,2.762,2.6889,2.6521,2.6224,2.5733,2.5463,2.4831,2.4691,2.4324,2.4059,2.3992,2.3894,2.3391,2.3079,2.2701,2.2348,2.2,2.1599,2.1245
2.7054,2.7138,2.633,2.8456,2.8732,2.9962,2.9682,2.8067,2.8319,2.7958,2.7771,2.7022,2.6657,2.6365,2.5865,2.5604,2.4949,2.4832,2.4465,2.4185,2.4118,2.4039,2.3508,2.3209,2.2827,2.2478,2.2141,2.1744,2.1379
2.7097,2.7185,2.6359,2.8548,2.884,3.0117,2.9842,2.8187,2.8461,2.8101,2.7921,2.7155,2.6794,2.6506,2.5997,2.5745,2.5067,2.4973,2.4606,2.4311,2.4244,2.4183,2.3625,2.3339,2.2953,2.2607,2.2267,2.1893,2.1536
2.7139,2.7233,2.6389,2.8641,2.8948,3.0273,3.0002,2.8307,2.8603,2.8243,2.8072,2.7288,2.693,2.6647,2.6128,2.5886,2.5186,2.5114,2.4747,2.4438,2.437,2.4328,2.3741,2.3468,2.308,2.2733,2.2386,2.2025,2.168
2.7181,2.728,2.6418,2.8734,2.9056,3.0428,3.0162,2.8427,2.8745,2.8386,2.8223,2.7421,2.7066,2.6788,2.626,2.6027,2.5304,2.5255,2.4888,2.4564,2.4496,2.4473,2.3858,2.3598,2.3206,2.2859,2.2517,2.2157,2.1786
2.7223,2.7328,2.6448,2.8827,2.9164,3.0584,3.0322,2.8546,2.8887,2.8529,2.8374,2.7554,2.7203,2.6929,2.6392,2.6168,2.5422,2.5396,2.5029,2.469,2.4622,2.4618,2.3975,2.3728,2.3332,2.2985,2.2661,2.2288,2.19
2.7265,2.7375,2.6477,2.8919,2.9272,3.074,3.0482,2.8666,2.9029,2.8671,2.8524,2.7687,2.7339,2.707,2.6524,2.6309,2.554,2.5537,2.517,2.4816,2.4749,2.4763,2.4092,2.3857,2.3458,2.3111,2.2805,2.2417,2.2044
2.7307,2.7423,2.6507,2.9012,2.938,3.0895,3.0642,2.8786,2.9171,2.8814,2.8675,2.782,2.7476,2.7211,2.6656,2.645,2.5659,2.5678,2.5311,2.4942,2.4875,2.4908,2.4209,2.3987,2.3584,2.3238,2.2949,2.2547,2.2193
2.735,2.747,2.6536,2.9105,2.9488,3.1051,3.0802,2.8905,2.9313,2.8957,2.8826,2.7953,2.7612,2.7352,2.6788,2.6591,2.5777,2.5819,2.5452,2.5068,2.5001,2.5053,2.4325,2.4117,2.371,2.3364,2.3093,2.2677,2.2346
2.7392,2.7518,2.6566,2.9198,2.9596,3.1206,3.0962,2.9025,2.9454,2.9099,2.8976,2.8086,2.7749,2.7493,2.692,2.6732,2.5895,2.5961,2.5593,2.5195,2.5127,2.5197,2.4442,2.4246,2.3836,2.349,2.3237,2.2806,2.25
2.7434,2.7566,2.6596,2.9291,2.9704,3.1361,3.1122,2.9145,2.9595,2.9241,2.9126,2.8219,2.7886,2.7634,2.7052,2.6873,2.6013,2.6103,2.5734,2.5322,2.5253,2.5341,2.4559,2.4375,2.3962,2.3616,2.3381,2.2935,2.2654
2.7476,2.7614,2.6626,2.9384,2.9812,3.1516,3.1282,2.9265,2.9736,2.9383,2.9276,2.8352,2.8023,2.7775,2.7184,2.7014,2.6131,2.6245,2.5875,2.5449,2.5379,2.5485,2.4676,2.4504,2.4088,2.3742,2.3525,2.3064,2.2808
2.7518,2.7662,2.6656,2.9477,2.992,3.1671,3.1442,2.9385,2.9877,2.9525,2.9426,2.8485,2.816,2.7916,2.7316,2.7155,2.6249,2.6387,2.6016,2.5576,2.5505,2.5629,2.4793,2.4633,2.4214,2.3868,2.3669,2.3193,2.2962
2.756,2.771,2.6686,2.957,3.0028,3.1826,3.1602,2.9505,3.0018,2.9667,2.9576,2.8618,2.8297,2.8057,2.7448,2.7296,2.6367,2.6529,2.6157,2.5703,2.5631,2.5773,2.491,2.4762,2.434,2.3994,2.3813,2.3322,2.3116
2.7602,2.7758,2.6716,2.9663,3.0136,3.1981,3.1762,2.9625,3.0159,2.9809,2.9726,2.8751,2.8434,2.8198,2.758,2.7437,2.6485,2.6671,2.6298,2.583,2.5757,2.5917,2.5027,2.4891,2.4466,2.412,2.3957,2.3451,2.327
2.7644,2.7806,2.6746,2.9756,3.0244,3.2136,3.1922,2.9745,3.03,2.9951,2.9876,2.8884,2.8571,2.8339,2.7712,2.7578,2.6603,2.6813,2.6439,2.5957,2.5883,2.6061,2.5144,2.502,2.4592,2.4246,2.4101,2.358,2.3424
2.7686,2.7854,2.6776,2.9849,3.0352,3.2291,3.2082,2.9865,3.0441,3.0093,3.0026,2.9017,2.8708,2.848,2.7844,2.7719,2.6721,2.6955,2.658,2.6084,2.6009,2.6205,2.5261,2.5149,2.4718,2.4372,2.4245,2.3709,2.3578
2.7728,2.7902,2.6806,2.9942,3.046,3.2446,3.2242,2.9985,3.0582,3.0235,3.0176,2.915,2.8845,2.8621,2.7976,2.786,2.6839,2.7097,2.6721,2.6211,2.6135,2.6349,2.5378,2.5278,2.4844,2.4498,2.4389,2.3838,2.3732
2.777,2.795,2.6836,3.0035,3.0568,3.2601,3.2402,3.0105,3.0723,3.0377,3.0326,2.9283,2.8982,2.8762,2.8108,2.8001,2.6957,2.7239,2.6862,2.6338,2.6261,2.6493,2.5495,2.5407,2.497,2.4624,2.4533,2.3967,2.3886
2.7812,2.7998,2.6866,3.01280000000001,3.0676,3.2756,3.2562,3.0225,3.0864,3.0519,3.0476,2.9416,2.9119,2.8903,2.82400000000001,2.8142,2.7075,2.7381,2.7003,2.6465,2.6387,2.6637,2.5612,2.5536,2.5096,2.475,2.4677,2.4096,2.404
2.7854,2.8046,2.6896,3.0221,3.0784,3.2911,3.27220000000001,3.0345,3.1005,3.0661,3.0626,2.9549,2.9256,2.9044,2.8372,2.8283,2.7193,2.7523,2.7144,2.65919999999999,2.6513,2.67809999999999,2.5729,2.5665,2.5222,2.4876,2.4821,2.4225,2.4194
2.7896,2.8094,2.6926,3.0314,3.08920000000001,3.3066,3.2882,3.0465,3.1146,3.08029999999999,3.0776,2.9682,2.9393,2.91849999999999,2.8504,2.8424,2.7311,2.7665,2.7285,2.67189999999999,2.6639,2.6925,2.5846,2.57939999999999,2.5348,2.5002,2.4965,2.4354,2.4348
2.7938,2.8142,2.6956,3.0407,3.1,3.3221,3.3042,3.0585,3.1287,3.0945,3.0926,2.9815,2.953,2.9326,2.86360000000001,2.8565,2.7429,2.7807,2.7426,2.6846,2.6765,2.7069,2.5963,2.5923,2.5474,2.51280000000001,2.51090000000001,2.4483,2.4502
2.798,2.819,2.69860000000001,3.05,3.1108,3.33759999999999,3.3202,3.0705,3.1428,3.1087,3.10760000000001,2.99480000000001,2.9667,2.9467,2.8768,2.8706,2.7547,2.7949,2.7567,2.69729999999999,2.6891,2.72129999999999,2.608,2.6052,2.56,2.5254,2.5253,2.4612,2.4656
2.8022,2.8238,2.7016,3.0593,3.1216,3.3531,3.3362,3.0825,3.1569,3.12289999999999,3.1226,3.0081,2.9804,2.9608,2.89000000000001,2.8847,2.7665,2.80909999999999,2.7708,2.70999999999999,2.7017,2.73569999999999,2.61969999999999,2.6181,2.5726,2.538,2.5397,2.4741,2.481
2.8064,2.8286,2.7046,3.0686,3.1324,3.3686,3.3522,3.0945,3.171,3.1371,3.1376,3.0214,2.9941,2.9749,2.90320000000001,2.8988,2.7783,2.8233,2.7849,2.7227,2.7143,2.7501,2.6314,2.63099999999999,2.5852,2.55060000000001,2.55410000000001,2.487,2.4964
2.8106,2.8334,2.70760000000001,3.0779,3.14320000000001,3.3841,3.3682,3.1065,3.1851,3.1513,3.15260000000001,3.0347,3.0078,2.989,2.9164,2.9129,2.7901,2.8375,2.799,2.7354,2.72689999999999,2.7645,2.6431,2.64389999999999,2.5978,2.56320000000001,2.5685,2.4999,2.5118
2.8148,2.8382,2.7106,3.0872,3.154,3.3996,3.3842,3.1185,3.1992,3.16549999999999,3.1676,3.048,3.0215,3.0031,2.92960000000001,2.927,2.8019,2.85169999999999,2.8131,2.7481,2.7395,2.7789,2.65479999999999,2.6568,2.6104,2.5758,2.5829,2.5128,2.5272
2.819,2.843,2.71360000000001,3.09650000000001,3.1648,3.4151,3.4002,3.1305,3.2133,3.1797,3.1826,3.0613,3.0352,3.0172,2.94280000000001,2.9411,2.8137,2.8659,2.8272,2.7608,2.7521,2.7933,2.6665,2.66969999999999,2.623,2.58840000000001,2.5973,2.5257,2.5426
2.8232,2.8478,2.7166,3.1058,3.1756,3.4306,3.4162,3.14250000000001,3.2274,3.1939,3.1976,3.0746,3.0489,3.0313,2.95600000000001,2.9552,2.8255,2.88009999999999,2.8413,2.77349999999999,2.7647,2.8077,2.67819999999999,2.68259999999999,2.6356,2.60100000000001,2.6117,2.5386,2.558
2.8274,2.8526,2.7196,3.11510000000001,3.1864,3.4461,3.43219999999999,3.1545,3.2415,3.20809999999999,3.21260000000001,3.0879,3.0626,3.0454,2.96920000000001,2.9693,2.8373,2.89429999999999,2.8554,2.78619999999999,2.7773,2.8221,2.68989999999999,2.6955,2.6482,2.61360000000001,2.6261,2.5515,2.5734
2.8316,2.8574,2.72260000000001,3.12440000000001,3.19720000000001,3.46159999999999,3.4482,3.1665,3.2556,3.2223,3.2276,3.10120000000001,3.0763,3.0595,2.98240000000001,2.9834,2.8491,2.9085,2.8695,2.79889999999999,2.7899,2.83649999999999,2.7016,2.7084,2.6608,2.6262,2.6405,2.5644,2.5888
2.8358,2.8622,2.7256,3.1337,3.208,3.47709999999999,3.46420000000001,3.1785,3.2697,3.23649999999999,3.2426,3.11450000000001,3.09,3.0736,2.99560000000001,2.9975,2.8609,2.92269999999999,2.88359999999999,2.81159999999999,2.80249999999999,2.85089999999999,2.71329999999999,2.72129999999999,2.6734,2.63880000000001,2.6549,2.57730000000001,2.6042
2.83999999999999,2.867,2.72860000000001,3.143,3.2188,3.4926,3.4802,3.1905,3.2838,3.25069999999999,3.2576,3.12780000000001,3.1037,3.0877,3.00880000000001,3.0116,2.87269999999999,2.9369,2.89769999999999,2.82429999999999,2.81509999999999,2.86529999999999,2.72499999999999,2.73419999999999,2.686,2.65140000000001,2.66930000000001,2.5902,2.61960000000001
2.8442,2.87179999999999,2.7316,3.1523,3.2296,3.5081,3.4962,3.2025,3.2979,3.2649,3.27260000000001,3.14109999999999,3.1174,3.1018,3.02200000000001,3.0257,2.8845,2.9511,2.9118,2.83699999999999,2.8277,2.87969999999999,2.7367,2.74709999999999,2.6986,2.66400000000001,2.68370000000001,2.6031,2.63500000000001
2.8484,2.8766,2.7346,3.16159999999999,3.24040000000001,3.5236,3.51220000000001,3.2145,3.312,3.2791,3.28760000000001,3.1544,3.1311,3.1159,3.0352,3.0398,2.8963,2.96529999999998,2.9259,2.8497,2.8403,2.89409999999999,2.74839999999999,2.75999999999998,2.71119999999999,2.67660000000001,2.69810000000001,2.61600000000001,2.6504
2.8526,2.8814,2.7376,3.1709,3.2512,3.53909999999999,3.5282,3.2265,3.3261,3.29329999999999,3.3026,3.16770000000001,3.1448,3.13000000000001,3.04840000000002,3.0539,2.90809999999999,2.97949999999999,2.94,2.86239999999999,2.85290000000001,2.90849999999999,2.76009999999999,2.77289999999999,2.7238,2.68920000000001,2.71250000000001,2.62890000000001,2.6658
2.85679999999999,2.8862,2.7406,3.1802,3.262,3.55459999999999,3.5442,3.2385,3.3402,3.3075,3.3176,3.18100000000001,3.15849999999999,3.14409999999999,3.06160000000001,3.068,2.9199,2.9937,2.95410000000001,2.87509999999999,2.8655,2.92289999999998,2.7718,2.78579999999999,2.73639999999999,2.70180000000002,2.7269,2.6418,2.6812
2.861,2.89099999999999,2.74360000000001,3.1895,3.2728,3.5701,3.56019999999999,3.25049999999999,3.35429999999999,3.32169999999999,3.33260000000001,3.19430000000001,3.1722,3.15820000000001,3.07480000000001,3.0821,2.93170000000001,3.00789999999999,2.9682,2.88779999999998,2.87809999999999,2.93729999999999,2.78349999999999,2.7987,2.749,2.7144,2.7413,2.65470000000001,2.6966
2.8652,2.89579999999999,2.7466,3.19880000000001,3.28360000000001,3.5856,3.5762,3.2625,3.36839999999999,3.3359,3.3476,3.2076,3.1859,3.17229999999999,3.08800000000001,3.09620000000001,2.9435,3.02209999999998,2.98230000000001,2.90049999999999,2.89070000000001,2.95169999999999,2.79519999999999,2.8116,2.7616,2.727,2.7557,2.66759999999999,2.712
2.8694,2.9006,2.7496,3.2081,3.29440000000001,3.60109999999999,3.59220000000001,3.2745,3.38249999999999,3.3501,3.3626,3.2209,3.1996,3.18640000000001,3.10120000000001,3.1103,2.95529999999999,3.0363,2.99639999999999,2.91319999999999,2.9033,2.9661,2.8069,2.82449999999999,2.77419999999999,2.73960000000001,2.7701,2.68050000000001,2.7274
2.8736,2.9054,2.7526,3.2174,3.3052,3.61659999999999,3.6082,3.2865,3.39660000000001,3.36429999999999,3.3776,3.2342,3.2133,3.20050000000001,3.11440000000002,3.12439999999999,2.9671,3.0505,3.01049999999999,2.92589999999998,2.91589999999999,2.98049999999999,2.81859999999999,2.83739999999999,2.7868,2.75220000000002,2.78450000000001,2.69340000000001,2.7428
2.87779999999999,2.9102,2.7556,3.22670000000001,3.316,3.63210000000001,3.6242,3.2985,3.41070000000001,3.37849999999999,3.3926,3.2475,3.227,3.21459999999999,3.12760000000002,3.13850000000001,2.97890000000001,3.06469999999999,3.02460000000001,2.93859999999999,2.9285,2.99489999999999,2.83029999999999,2.85029999999999,2.79940000000001,2.76480000000002,2.79890000000002,2.7063,2.7582
2.88200000000001,2.91499999999999,2.75860000000002,3.236,3.32680000000001,3.6476,3.64020000000001,3.31049999999999,3.4248,3.39269999999999,3.40760000000002,3.2608,3.2407,3.2287,3.1408,3.15259999999999,2.9907,3.07889999999999,3.03869999999999,2.95129999999999,2.94109999999999,3.0093,2.842,2.86319999999998,2.812,2.77740000000001,2.81330000000001,2.71920000000001,2.7736
2.8862,2.9198,2.7616,3.2453,3.33760000000001,3.66309999999999,3.6562,3.32250000000001,3.4389,3.40689999999999,3.4226,3.27409999999999,3.25439999999999,3.24279999999999,3.15400000000001,3.16670000000001,3.0025,3.09309999999999,3.0528,2.964,2.9537,3.02369999999999,2.85369999999999,2.87609999999998,2.8246,2.79000000000002,2.82770000000001,2.7321,2.789
2.8904,2.9246,2.7646,3.25460000000001,3.34840000000001,3.67859999999999,3.67219999999999,3.33450000000001,3.453,3.42109999999998,3.4376,3.28740000000001,3.2681,3.2569,3.16720000000002,3.1808,3.01430000000001,3.1073,3.06689999999999,2.97669999999999,2.9663,3.0381,2.86539999999999,2.889,2.83720000000001,2.80260000000001,2.8421,2.745,2.8044
2.8946,2.9294,2.7676,3.26390000000001,3.3592,3.69410000000001,3.68820000000001,3.34649999999999,3.4671,3.4353,3.4526,3.30070000000001,3.2818,3.271,3.18040000000001,3.19489999999999,3.02610000000001,3.1215,3.081,2.98939999999999,2.9789,3.05249999999999,2.8771,2.9019,2.84979999999999,2.8152,2.85650000000001,2.75790000000001,2.8198
2.89880000000001,2.93419999999999,2.7706,3.2732,3.37,3.70959999999999,3.7042,3.35849999999999,3.4812,3.44949999999999,3.4676,3.31400000000001,3.2955,3.2851,3.1936,3.209,3.03790000000001,3.13569999999999,3.0951,3.00209999999998,2.99149999999999,3.06689999999999,2.88879999999999,2.91479999999999,2.86239999999999,2.82780000000001,2.87090000000001,2.77080000000001,2.8352
2.90300000000001,2.93899999999999,2.77360000000002,3.28250000000001,3.38080000000001,3.72509999999998,3.72019999999999,3.37050000000001,3.4953,3.46369999999999,3.48260000000001,3.32730000000001,3.3092,3.2992,3.20680000000002,3.2231,3.0497,3.14989999999999,3.1092,3.01479999999999,3.00410000000001,3.0813,2.90049999999999,2.92769999999999,2.875,2.84040000000002,2.88530000000002,2.7837,2.8506
2.9072,2.9438,2.7766,3.29180000000001,3.3916,3.7406,3.73620000000001,3.38250000000001,3.5094,3.47789999999999,3.49760000000001,3.34059999999999,3.3229,3.31330000000001,3.22000000000003,3.2372,3.0615,3.16409999999999,3.1233,3.02749999999999,3.0167,3.09569999999999,2.91219999999998,2.94059999999999,2.88759999999999,2.85300000000002,2.89970000000001,2.79660000000001,2.866
2.9114,2.9486,2.7796,3.30109999999999,3.40240000000001,3.7561,3.7522,3.39450000000001,3.5235,3.49209999999999,3.51260000000001,3.3539,3.33659999999999,3.3274,3.23320000000001,3.2513,3.0733,3.17829999999999,3.1374,3.04019999999998,3.02929999999999,3.11009999999999,2.92389999999999,2.95349999999998,2.9002,2.86560000000003,2.9141,2.8095,2.8814
2.9156,2.9534,2.7826,3.3104,3.4132,3.77160000000001,3.76820000000001,3.40649999999999,3.5376,3.50629999999998,3.52760000000001,3.3672,3.3503,3.3415,3.24640000000001,3.2654,3.0851,3.19249999999998,3.1515,3.05289999999999,3.0419,3.1245,2.93559999999999,2.96639999999998,2.9128,2.87820000000001,2.9285,2.8224,2.8968
2.91980000000001,2.95819999999999,2.7856,3.31970000000001,3.42399999999999,3.78709999999998,3.7842,3.41849999999999,3.55170000000001,3.52049999999998,3.54260000000001,3.38050000000001,3.364,3.35560000000001,3.25960000000002,3.2795,3.09689999999999,3.20669999999998,3.16560000000001,3.06559999999999,3.05449999999999,3.13889999999999,2.94729999999998,2.97929999999999,2.9254,2.89080000000001,2.94290000000001,2.8353,2.9122
2.92400000000001,2.96299999999999,2.7886,3.32900000000001,3.4348,3.80259999999998,3.80020000000002,3.43049999999999,3.5658,3.5347,3.55759999999999,3.39380000000001,3.3777,3.36969999999999,3.27280000000002,3.2936,3.1087,3.2209,3.1797,3.07829999999998,3.0671,3.15329999999999,2.95899999999999,2.9922,2.938,2.90340000000002,2.9573,2.84820000000001,2.9276
2.9282,2.9678,2.79160000000002,3.3383,3.44560000000001,3.81809999999999,3.81619999999998,3.4425,3.57989999999998,3.5489,3.57259999999999,3.40710000000001,3.3914,3.38380000000001,3.28600000000002,3.30770000000001,3.12050000000001,3.23509999999999,3.19380000000001,3.09099999999998,3.0797,3.1677,2.97069999999999,3.00509999999998,2.95060000000001,2.91600000000001,2.97170000000001,2.86109999999999,2.943
2.93240000000002,2.9726,2.7946,3.34760000000003,3.4564,3.83359999999999,3.8322,3.4545,3.59399999999999,3.56309999999999,3.58760000000001,3.4204,3.40509999999999,3.39789999999999,3.29920000000001,3.3218,3.1323,3.24929999999998,3.2079,3.10369999999999,3.09229999999999,3.18209999999999,2.98239999999998,3.01799999999999,2.9632,2.92860000000002,2.98610000000001,2.87400000000001,2.9584
2.9366,2.97740000000002,2.7976,3.3569,3.46720000000002,3.84909999999999,3.84820000000002,3.4665,3.60810000000001,3.57729999999998,3.6026,3.43370000000002,3.4188,3.41200000000001,3.31240000000001,3.33590000000001,3.14409999999999,3.26349999999999,3.22199999999999,3.11639999999998,3.10489999999999,3.19649999999999,2.99409999999999,3.03089999999999,2.97580000000001,2.94120000000002,3.0005,2.88690000000001,2.9738
2.9408,2.98220000000001,2.80060000000002,3.36619999999999,3.47800000000001,3.8646,3.86419999999998,3.4785,3.62220000000002,3.59149999999997,3.61760000000001,3.44700000000003,3.4325,3.42609999999999,3.32560000000001,3.34999999999999,3.1559,3.2777,3.23609999999999,3.12909999999998,3.11749999999999,3.21089999999998,3.00579999999999,3.04379999999998,2.9884,2.95380000000002,3.01490000000001,2.8998,2.98920000000001
2.94499999999999,2.98699999999999,2.80360000000002,3.37550000000002,3.4888,3.8801,3.8802,3.4905,3.63630000000001,3.60569999999998,3.6326,3.46029999999999,3.4462,3.4402,3.33880000000002,3.36410000000001,3.1677,3.2919,3.25019999999999,3.14179999999999,3.1301,3.22529999999998,3.01749999999998,3.05669999999998,3.00099999999999,2.96640000000002,3.02930000000001,2.91270000000002,3.00460000000001
2.94919999999999,2.99179999999998,2.8066,3.38479999999998,3.49960000000002,3.8956,3.89620000000002,3.5025,3.65039999999999,3.6199,3.64760000000001,3.4736,3.4599,3.45429999999999,3.352,3.37819999999999,3.17950000000002,3.30609999999999,3.26429999999999,3.15449999999998,3.1427,3.23969999999998,3.0292,3.06959999999998,3.0136,2.97900000000001,3.04370000000002,2.9256,3.02000000000001
2.95340000000002,2.9966,2.80960000000002,3.39410000000001,3.5104,3.91109999999998,3.91219999999998,3.51450000000003,3.6645,3.63409999999999,3.66260000000003,3.48689999999999,3.4736,3.4684,3.36520000000002,3.39230000000001,3.19129999999998,3.32029999999997,3.2784,3.16719999999998,3.1553,3.25409999999998,3.04089999999999,3.08249999999998,3.02619999999999,2.99160000000002,3.05810000000001,2.93850000000002,3.03540000000001
2.95759999999999,3.00139999999999,2.8126,3.4034,3.52120000000002,3.92659999999998,3.9282,3.5265,3.67860000000002,3.64829999999998,3.67760000000001,3.50020000000001,3.4873,3.48249999999999,3.37840000000003,3.40639999999999,3.20310000000001,3.33449999999999,3.29249999999999,3.1799,3.1679,3.26849999999999,3.05259999999998,3.09539999999997,3.03879999999999,3.00420000000003,3.07250000000002,2.95140000000001,3.05080000000001
2.96180000000001,3.00619999999998,2.81560000000002,3.4127,3.53200000000001,3.94210000000001,3.94420000000002,3.5385,3.6927,3.66249999999999,3.6926,3.51349999999999,3.501,3.4966,3.39160000000001,3.4205,3.2149,3.34869999999998,3.3066,3.1926,3.18049999999999,3.28289999999998,3.06429999999997,3.10829999999997,3.05139999999999,3.01680000000002,3.08690000000001,2.96430000000001,3.06620000000001
2.96600000000001,3.011,2.8186,3.422,3.5428,3.95759999999999,3.96019999999999,3.5505,3.70679999999999,3.67669999999998,3.70760000000001,3.52680000000001,3.5147,3.51070000000001,3.40480000000002,3.43460000000002,3.22669999999999,3.36289999999997,3.32069999999999,3.20529999999999,3.19309999999999,3.29729999999998,3.07599999999996,3.12119999999996,3.06399999999999,3.02940000000004,3.10130000000001,2.97720000000001,3.08160000000001
2.97020000000001,3.01580000000001,2.82159999999999,3.43130000000002,3.55359999999999,3.97309999999999,3.97620000000001,3.5625,3.7209,3.69089999999997,3.7226,3.54010000000002,3.5284,3.52480000000003,3.41800000000001,3.4487,3.23849999999999,3.37709999999998,3.3348,3.21799999999999,3.20570000000001,3.31169999999997,3.08770000000001,3.13409999999999,3.07659999999998,3.04200000000003,3.11570000000002,2.99010000000001,3.09700000000001
2.9744,3.0206,2.8246,3.44059999999999,3.56440000000001,3.98859999999999,3.99220000000003,3.5745,3.73500000000001,3.70509999999999,3.73760000000001,3.55340000000001,3.5421,3.53889999999998,3.43120000000002,3.46279999999999,3.25030000000001,3.3913,3.34890000000001,3.23069999999996,3.2183,3.32609999999997,3.0994,3.14699999999999,3.08919999999998,3.05460000000002,3.13010000000003,3.003,3.11240000000001
2.9786,3.02539999999999,2.82759999999999,3.44990000000001,3.57520000000002,4.00409999999999,4.00819999999999,3.5865,3.7491,3.7193,3.7526,3.56670000000003,3.55579999999998,3.553,3.44440000000003,3.4769,3.2621,3.40549999999999,3.363,3.24339999999998,3.23089999999999,3.34049999999999,3.11109999999999,3.15989999999999,3.1018,3.06720000000004,3.14449999999999,3.01589999999999,3.12780000000001
2.9828,3.03020000000001,2.83060000000003,3.45920000000001,3.58600000000001,4.0196,4.02420000000001,3.5985,3.76319999999998,3.73349999999999,3.76760000000002,3.58000000000001,3.56950000000001,3.56710000000001,3.45760000000001,3.49099999999999,3.27390000000003,3.41969999999998,3.37709999999998,3.25609999999998,3.24349999999998,3.35489999999999,3.12279999999998,3.1728,3.11439999999999,3.07980000000001,3.15889999999999,3.02880000000002,3.14320000000001
2.98700000000002,3.035,2.83360000000002,3.46850000000001,3.5968,4.03509999999997,4.0402,3.61049999999997,3.7773,3.74769999999998,3.78260000000003,3.5933,3.58320000000001,3.5812,3.47080000000003,3.5051,3.28569999999999,3.43389999999999,3.3912,3.26879999999997,3.25609999999998,3.36929999999998,3.13449999999997,3.1857,3.12699999999998,3.0924,3.17330000000001,3.04170000000002,3.15860000000001
2.99119999999999,3.03979999999999,2.8366,3.4778,3.60759999999999,4.0506,4.05619999999999,3.6225,3.79140000000001,3.76189999999997,3.79759999999999,3.60659999999999,3.59690000000001,3.59530000000001,3.48400000000004,3.51920000000001,3.29750000000001,3.44809999999998,3.40530000000001,3.28149999999997,3.2687,3.38369999999998,3.14619999999996,3.1986,3.1396,3.10500000000002,3.18770000000001,3.05459999999999,3.17400000000001
2.99540000000002,3.04459999999997,2.83960000000002,3.48710000000003,3.61840000000001,4.06610000000001,4.07220000000001,3.6345,3.80549999999999,3.77609999999999,3.8126,3.6199,3.61060000000001,3.60939999999999,3.49719999999999,3.53330000000003,3.30930000000001,3.46229999999997,3.41940000000002,3.29419999999999,3.28130000000002,3.39809999999997,3.15790000000001,3.21149999999997,3.15219999999999,3.11760000000001,3.2021,3.0675,3.18940000000001
2.99959999999999,3.04939999999999,2.8426,3.49639999999999,3.62920000000003,4.08159999999998,4.0882,3.6465,3.81959999999998,3.7903,3.82759999999999,3.63319999999999,3.62430000000001,3.62350000000001,3.5104,3.54739999999998,3.3211,3.47649999999999,3.43349999999998,3.30689999999998,3.29390000000001,3.41249999999999,3.1696,3.22439999999997,3.16479999999999,3.13020000000003,3.2165,3.08040000000003,3.20480000000001
3.00380000000001,3.05420000000001,2.84560000000002,3.50570000000002,3.64000000000001,4.09709999999998,4.10419999999999,3.6585,3.83369999999999,3.80449999999999,3.8426,3.6465,3.63800000000001,3.63759999999999,3.52360000000002,3.5615,3.3329,3.49069999999998,3.44759999999999,3.31959999999998,3.3065,3.42689999999999,3.18129999999999,3.23729999999998,3.17740000000001,3.14280000000002,3.23090000000002,3.0933,3.22020000000001
3.00800000000001,3.059,2.8486,3.51500000000001,3.6508,4.11259999999999,4.12020000000001,3.6705,3.84780000000001,3.81869999999998,3.85760000000002,3.65980000000002,3.65170000000001,3.65170000000001,3.53680000000003,3.57560000000001,3.34469999999999,3.50489999999999,3.46170000000001,3.33229999999998,3.31909999999999,3.44129999999998,3.19299999999998,3.25019999999998,3.19,3.15540000000001,3.24530000000001,3.1062,3.23560000000001
3.01219999999998,3.06379999999999,2.85159999999999,3.52429999999998,3.66159999999999,4.12809999999999,4.1362,3.6825,3.86190000000002,3.83289999999997,3.87260000000001,3.67310000000001,3.66540000000001,3.66580000000002,3.55000000000004,3.58969999999999,3.35650000000001,3.51910000000001,3.47579999999999,3.34499999999997,3.33169999999998,3.45569999999998,3.20469999999997,3.26309999999998,3.20259999999999,3.16800000000003,3.25970000000001,3.11910000000003,3.251
3.0164,3.0686,2.8546,3.53360000000001,3.67240000000001,4.14359999999999,4.15219999999999,3.69450000000001,3.876,3.84709999999998,3.88760000000002,3.68640000000002,3.67910000000001,3.67989999999998,3.56320000000002,3.60380000000001,3.3683,3.53329999999997,3.48990000000001,3.35769999999999,3.3443,3.47009999999997,3.21639999999999,3.27599999999998,3.21520000000001,3.18060000000003,3.27410000000003,3.13200000000001,3.2664
3.02059999999997,3.07340000000002,2.85759999999999,3.5429,3.68320000000003,4.1591,4.16820000000001,3.70650000000001,3.89009999999999,3.8613,3.90260000000001,3.69970000000001,3.69280000000001,3.69399999999999,3.57640000000004,3.61789999999999,3.3801,3.54749999999999,3.50399999999999,3.37039999999999,3.3569,3.4845,3.22809999999998,3.28889999999998,3.2278,3.19320000000005,3.28850000000003,3.14490000000001,3.2818
3.0248,3.07819999999998,2.86060000000001,3.5522,3.69400000000002,4.1746,4.1842,3.71849999999998,3.9042,3.87549999999999,3.91760000000002,3.71300000000002,3.70650000000001,3.7081,3.58960000000002,3.63200000000001,3.39189999999999,3.5617,3.5181,3.38309999999998,3.36949999999999,3.49889999999999,3.2398,3.30179999999996,3.24039999999999,3.20580000000004,3.30290000000002,3.15780000000001,3.2972
3.029,3.08299999999997,2.86360000000002,3.5615,3.70480000000001,4.1901,4.2002,3.73050000000001,3.91830000000002,3.88969999999998,3.93260000000001,3.72630000000001,3.72020000000001,3.72220000000002,3.6028,3.64609999999999,3.40370000000001,3.57589999999996,3.53219999999999,3.39579999999998,3.38210000000001,3.51329999999999,3.25149999999999,3.31469999999996,3.25300000000001,3.21840000000003,3.31730000000002,3.17070000000001,3.3126
3.03319999999999,3.08779999999999,2.86660000000001,3.57080000000002,3.71559999999999,4.20559999999998,4.21619999999999,3.74250000000001,3.9324,3.90389999999999,3.94759999999999,3.7396,3.73389999999998,3.7363,3.61600000000001,3.6602,3.41549999999998,3.59009999999998,3.5463,3.4085,3.3947,3.52769999999998,3.26319999999998,3.32759999999996,3.26560000000001,3.23100000000005,3.33170000000001,3.18360000000001,3.328
3.03739999999999,3.0926,2.86960000000002,3.58009999999999,3.72640000000001,4.22109999999998,4.23220000000001,3.75450000000001,3.94649999999999,3.91809999999998,3.96260000000001,3.75289999999998,3.74760000000001,3.75039999999998,3.62920000000003,3.67430000000002,3.4273,3.60429999999999,3.56040000000002,3.4212,3.40729999999999,3.54209999999998,3.27489999999997,3.34049999999996,3.2782,3.24360000000001,3.34610000000001,3.19650000000001,3.3434
3.04159999999999,3.09739999999999,2.87260000000001,3.58940000000001,3.73720000000003,4.23659999999998,4.2482,3.76650000000001,3.9606,3.93229999999997,3.9776,3.7662,3.76130000000001,3.7645,3.64240000000004,3.6884,3.4391,3.61849999999998,3.5745,3.43389999999999,3.41990000000001,3.5565,3.28659999999999,3.35339999999999,3.29080000000002,3.25620000000001,3.3605,3.20939999999999,3.3588
3.04579999999999,3.10219999999998,2.87560000000002,3.59870000000001,3.74800000000002,4.25209999999998,4.26419999999999,3.77850000000001,3.97470000000001,3.94649999999999,3.99260000000001,3.77950000000001,3.77500000000001,3.77859999999998,3.65560000000005,3.70249999999999,3.45090000000002,3.6327,3.58859999999999,3.44659999999996,3.4325,3.57089999999999,3.29829999999998,3.3663,3.30340000000001,3.26880000000003,3.3749,3.22230000000002,3.3742
3.05000000000001,3.107,2.87860000000001,3.608,3.75880000000001,4.26760000000002,4.28020000000001,3.79050000000001,3.9888,3.9607,4.00760000000002,3.7928,3.78870000000001,3.7927,3.6688,3.7166,3.46270000000001,3.64689999999999,3.6027,3.45929999999996,3.4451,3.58529999999999,3.31,3.3792,3.31599999999997,3.28140000000002,3.38930000000002,3.23520000000002,3.3896
3.05419999999998,3.11180000000002,2.88159999999999,3.6173,3.7696,4.28309999999999,4.2962,3.80249999999998,4.00289999999998,3.97489999999999,4.02260000000001,3.80610000000001,3.80240000000001,3.80680000000001,3.68200000000002,3.73069999999998,3.47450000000001,3.66109999999998,3.61680000000001,3.47199999999998,3.45769999999999,3.59969999999998,3.32169999999999,3.39209999999997,3.32859999999999,3.29400000000001,3.40370000000001,3.24809999999999,3.405
3.05840000000001,3.11660000000001,2.88460000000001,3.62660000000002,3.78039999999999,4.29859999999999,4.31219999999999,3.81449999999998,4.017,3.98909999999998,4.0376,3.8194,3.81610000000001,3.82090000000002,3.69520000000003,3.7448,3.4863,3.67529999999999,3.63090000000003,3.48469999999998,3.47029999999998,3.61409999999998,3.33339999999998,3.40499999999997,3.34119999999999,3.30660000000003,3.41810000000001,3.261,3.4204
3.0626,3.12139999999997,2.88759999999999,3.63589999999999,3.79120000000003,4.3141,4.32820000000001,3.82649999999998,4.03110000000001,4.00329999999997,4.05260000000001,3.83270000000002,3.82980000000001,3.83499999999998,3.70840000000001,3.75890000000001,3.49810000000002,3.68949999999998,3.64499999999998,3.49739999999997,3.48289999999997,3.62849999999997,3.34509999999997,3.41789999999997,3.35379999999998,3.31920000000002,3.4325,3.27390000000003,3.4358
3.0668,3.12619999999998,2.89060000000001,3.64520000000002,3.80200000000002,4.32959999999997,4.3442,3.83850000000001,4.04519999999999,4.01749999999998,4.0676,3.846,3.84350000000001,3.84909999999999,3.72160000000002,3.77300000000002,3.50989999999999,3.70369999999997,3.6591,3.51009999999997,3.49550000000002,3.6429,3.35679999999999,3.43079999999998,3.3664,3.33180000000004,3.44690000000003,3.2868,3.4512
3.071,3.131,2.89360000000002,3.65450000000001,3.81280000000001,4.34509999999997,4.36019999999999,3.85050000000001,4.05929999999998,4.0317,4.08260000000001,3.85930000000002,3.85720000000001,3.86320000000001,3.73480000000004,3.78709999999998,3.52170000000001,3.71789999999999,3.67320000000001,3.52279999999999,3.50810000000001,3.65729999999999,3.36849999999998,3.44369999999998,3.37899999999999,3.34440000000004,3.46130000000002,3.2997,3.4666
3.0752,3.13579999999999,2.89660000000001,3.66380000000001,3.8236,4.36059999999998,4.37620000000001,3.86250000000001,4.07339999999999,4.04589999999999,4.0976,3.87260000000001,3.87090000000001,3.87730000000002,3.74800000000005,3.80119999999999,3.5335,3.73209999999997,3.68729999999999,3.53549999999998,3.52070000000001,3.67169999999999,3.38019999999997,3.45659999999998,3.39159999999998,3.35700000000003,3.47570000000002,3.31260000000003,3.482
3.07939999999999,3.14059999999998,2.89960000000002,3.67310000000001,3.83439999999999,4.37610000000001,4.3922,3.87450000000001,4.08750000000001,4.06009999999998,4.11260000000001,3.88589999999999,3.88460000000001,3.8914,3.76120000000003,3.81530000000001,3.5453,3.74629999999999,3.70140000000001,3.54819999999998,3.5333,3.68609999999998,3.39189999999999,3.46949999999998,3.4042,3.36960000000005,3.49010000000004,3.32550000000001,3.4974
3.08360000000002,3.1454,2.90260000000001,3.6824,3.84520000000003,4.39159999999998,4.40819999999999,3.88650000000001,4.10160000000002,4.07429999999997,4.12760000000003,3.89920000000001,3.89830000000001,3.90549999999999,3.77440000000001,3.82939999999999,3.55710000000002,3.76049999999998,3.71549999999999,3.56089999999998,3.54589999999999,3.70049999999998,3.40359999999998,3.48239999999996,3.41679999999999,3.38220000000004,3.50450000000004,3.33840000000001,3.5128
3.08779999999999,3.15020000000001,2.90560000000002,3.6917,3.85600000000002,4.40710000000001,4.42420000000001,3.89850000000001,4.1157,4.08849999999998,4.14260000000002,3.91249999999999,3.91199999999998,3.9196,3.78760000000003,3.84350000000001,3.56889999999999,3.77469999999997,3.7296,3.57359999999997,3.55849999999998,3.7149,3.41529999999997,3.49529999999996,3.42939999999999,3.39480000000006,3.5189,3.35130000000001,3.5282
3.09200000000001,3.155,2.90860000000001,3.70099999999999,3.86680000000001,4.42259999999999,4.4402,3.91049999999998,4.12979999999999,4.10269999999997,4.15760000000003,3.92580000000001,3.92570000000001,3.93369999999999,3.80080000000004,3.85760000000002,3.58070000000001,3.78889999999998,3.74369999999999,3.58629999999999,3.5711,3.72929999999999,3.42699999999999,3.50819999999996,3.44200000000001,3.40740000000002,3.5333,3.36420000000001,3.5436
3.09619999999998,3.15979999999999,2.91160000000002,3.71030000000002,3.8776,4.43809999999996,4.45620000000002,3.92249999999999,4.1439,4.11689999999999,4.17259999999999,3.9391,3.93940000000001,3.9478,3.81400000000002,3.87169999999998,3.5925,3.80309999999997,3.7578,3.59899999999999,3.58369999999999,3.74369999999999,3.43869999999998,3.52109999999996,3.4546,3.42000000000002,3.54770000000002,3.37710000000001,3.559
3.10040000000001,3.16459999999998,2.91460000000001,3.71959999999999,3.88840000000002,4.45359999999999,4.47219999999999,3.93449999999999,4.15800000000002,4.13109999999998,4.1876,3.95240000000001,3.95310000000001,3.96190000000001,3.82720000000003,3.88579999999999,3.60429999999999,3.81729999999996,3.77190000000002,3.61169999999998,3.59629999999999,3.75809999999998,3.45039999999997,3.53399999999996,3.46719999999999,3.43260000000004,3.56210000000002,3.39000000000001,3.5744
3.1046,3.1694,2.91759999999999,3.72890000000004,3.89920000000001,4.46909999999997,4.48820000000001,3.94650000000001,4.17210000000003,4.14529999999996,4.20260000000002,3.96570000000003,3.96680000000001,3.97600000000003,3.84040000000002,3.8999,3.61609999999999,3.83149999999998,3.786,3.62439999999998,3.60890000000001,3.77249999999998,3.46209999999999,3.54689999999999,3.47980000000001,3.44520000000003,3.57650000000001,3.40289999999999,3.5898
3.1088,3.17419999999998,2.92060000000001,3.73820000000001,3.91000000000003,4.4846,4.50420000000003,3.95850000000002,4.18620000000004,4.15949999999995,4.21760000000003,3.97900000000001,3.98050000000001,3.99009999999998,3.85360000000003,3.91400000000002,3.62790000000001,3.84569999999999,3.80009999999999,3.63709999999995,3.6215,3.78689999999997,3.47379999999998,3.5598,3.4924,3.45780000000002,3.5909,3.41580000000002,3.6052
3.113,3.17899999999997,2.92359999999999,3.7475,3.92079999999999,4.50009999999997,4.52019999999999,3.97049999999996,4.20029999999997,4.1737,4.23259999999999,3.99230000000003,3.99420000000001,4.0042,3.86680000000004,3.9281,3.6397,3.85989999999998,3.8142,3.64979999999997,3.63409999999999,3.8013,3.48549999999997,3.57269999999997,3.505,3.47040000000004,3.60530000000003,3.42870000000002,3.6206
3.1172,3.18379999999999,2.92660000000004,3.7568,3.9316,4.51560000000001,4.53620000000001,3.98250000000002,4.21439999999996,4.18790000000001,4.24759999999998,4.00560000000002,4.00790000000001,4.01830000000001,3.88000000000002,3.94220000000001,3.65150000000003,3.87409999999997,3.82830000000001,3.66249999999997,3.64670000000001,3.81569999999999,3.49719999999999,3.58559999999997,3.51760000000002,3.48300000000003,3.61970000000002,3.44159999999999,3.636
3.12139999999999,3.18860000000001,2.92960000000002,3.76609999999999,3.94240000000002,4.53109999999998,4.55219999999997,3.99449999999996,4.2285,4.20209999999997,4.26260000000002,4.0189,4.02160000000001,4.0324,3.89320000000004,3.9563,3.66329999999999,3.88829999999999,3.84240000000003,3.67519999999996,3.6593,3.83009999999999,3.50889999999998,3.59849999999997,3.53020000000001,3.49560000000002,3.63410000000002,3.4545,3.6514
3.12560000000002,3.1934,2.93260000000001,3.77540000000005,3.95319999999998,4.54659999999996,4.56819999999999,4.00650000000002,4.24259999999998,4.21629999999999,4.27760000000001,4.03220000000005,4.03529999999998,4.04650000000001,3.90640000000005,3.97039999999998,3.67510000000001,3.90249999999997,3.85649999999998,3.68789999999996,3.67189999999999,3.84449999999998,3.52059999999997,3.61139999999997,3.5428,3.50820000000004,3.64850000000001,3.46740000000003,3.66679999999999
3.12980000000002,3.19819999999999,2.93560000000002,3.78470000000004,3.964,4.56209999999999,4.58420000000001,4.01850000000002,4.25670000000002,4.23049999999995,4.29260000000005,4.0455,4.04899999999998,4.06059999999999,3.9196,3.9845,3.68690000000001,3.91669999999996,3.8706,3.70059999999998,3.68449999999999,3.85889999999998,3.53229999999999,3.62429999999998,3.55540000000002,3.52080000000004,3.66290000000004,3.4803,3.68219999999999
3.13400000000001,3.20300000000003,2.93860000000001,3.79399999999998,3.97480000000002,4.57759999999996,4.60020000000003,4.03050000000002,4.27080000000001,4.24469999999997,4.30759999999998,4.05880000000002,4.06270000000001,4.07470000000001,3.93280000000001,3.99860000000001,3.6987,3.93089999999998,3.88470000000001,3.71329999999998,3.69709999999998,3.8733,3.54399999999998,3.63719999999998,3.56800000000001,3.53340000000006,3.67730000000003,3.4932,3.69759999999999
3.13819999999998,3.20780000000002,2.94160000000002,3.80329999999998,3.98560000000003,4.59309999999999,4.61619999999999,4.04250000000002,4.28489999999999,4.25889999999998,4.32260000000002,4.07210000000003,4.07639999999998,4.08879999999999,3.94600000000003,4.01270000000002,3.7105,3.94509999999997,3.89879999999999,3.72599999999997,3.70969999999997,3.88769999999997,3.55569999999997,3.65009999999998,3.5806,3.54600000000005,3.6917,3.50610000000003,3.71299999999999
3.14240000000001,3.21260000000001,2.94460000000001,3.81259999999997,3.99640000000005,4.60859999999997,4.63220000000001,4.05449999999996,4.29900000000004,4.27309999999994,4.33760000000001,4.08540000000005,4.09010000000001,4.10289999999998,3.95920000000001,4.02680000000004,3.72229999999999,3.95929999999998,3.91289999999998,3.73869999999997,3.72229999999999,3.90209999999996,3.56739999999999,3.66299999999995,3.5932,3.55860000000001,3.70610000000002,3.51900000000001,3.72840000000002
3.14659999999998,3.2174,2.94760000000002,3.82190000000003,4.00720000000001,4.6241,4.64819999999997,4.06650000000002,4.31310000000002,4.28729999999996,4.3526,4.09870000000001,4.10379999999998,4.11700000000002,3.97240000000005,4.04089999999997,3.73410000000001,3.9735,3.92699999999999,3.75139999999996,3.73490000000001,3.91649999999996,3.57909999999998,3.67589999999996,3.60579999999999,3.57120000000003,3.72050000000002,3.53190000000001,3.74380000000002
3.1508,3.22219999999999,2.95060000000001,3.83120000000002,4.01800000000003,4.63959999999997,4.66419999999999,4.07849999999996,4.3272,4.30149999999998,4.36760000000004,4.11199999999997,4.11750000000001,4.1311,3.98560000000003,4.05500000000001,3.74590000000001,3.98769999999996,3.94110000000001,3.76409999999998,3.7475,3.93089999999995,3.59079999999997,3.68879999999996,3.61839999999998,3.58380000000002,3.73490000000001,3.54480000000001,3.75920000000002
3.15499999999997,3.22700000000003,2.95360000000005,3.84050000000002,4.02879999999999,4.6551,4.68020000000001,4.09050000000002,4.34129999999999,4.31569999999999,4.38259999999997,4.12529999999998,4.13119999999998,4.14520000000005,3.99880000000007,4.06909999999999,3.75769999999997,4.00190000000001,3.95519999999999,3.77679999999998,3.76009999999999,3.94529999999997,3.60249999999996,3.70169999999996,3.63099999999997,3.59640000000005,3.74930000000001,3.55770000000004,3.77460000000002
3.1592,3.23179999999996,2.95659999999998,3.84979999999996,4.03960000000001,4.67060000000004,4.69620000000003,4.10249999999996,4.35539999999997,4.32990000000001,4.39760000000001,4.1386,4.14490000000001,4.15930000000003,4.012,4.08319999999998,3.76950000000005,4.01609999999999,3.96930000000003,3.78949999999998,3.77269999999999,3.95969999999997,3.61419999999998,3.71459999999996,3.64359999999999,3.60900000000004,3.76370000000003,3.57060000000001,3.79000000000002
3.16339999999997,3.23659999999995,2.95960000000002,3.85910000000001,4.05040000000002,4.68609999999995,4.7122,4.11450000000002,4.36950000000002,4.34409999999997,4.4126,4.15190000000001,4.15859999999998,4.17339999999996,4.02520000000004,4.09730000000002,3.78129999999999,4.03029999999995,3.98339999999996,3.80219999999997,3.78530000000001,3.97409999999996,3.6259,3.72749999999996,3.65619999999998,3.62160000000003,3.77810000000002,3.58350000000002,3.80540000000002
3.16759999999999,3.2414,2.96260000000001,3.86840000000001,4.06119999999999,4.70159999999998,4.72819999999996,4.12650000000002,4.3836,4.35829999999999,4.42760000000004,4.16519999999997,4.17230000000001,4.1875,4.03840000000002,4.1114,3.79309999999998,4.04449999999997,3.9975,3.81489999999997,3.7979,3.98849999999996,3.63759999999999,3.74039999999997,3.66879999999998,3.63420000000005,3.79250000000002,3.59640000000002,3.82080000000002
3.17180000000002,3.24619999999999,2.96559999999999,3.8777,4.072,4.71709999999996,4.74419999999998,4.13850000000002,4.39769999999999,4.37249999999995,4.44260000000003,4.17849999999999,4.18600000000004,4.20159999999998,4.05160000000001,4.12550000000005,3.80489999999998,4.05869999999999,4.01159999999999,3.82759999999996,3.81049999999999,4.00289999999995,3.64929999999998,3.75329999999997,3.6814,3.64680000000004,3.80690000000001,3.60930000000002,3.83620000000002
3.17599999999999,3.25099999999998,2.96859999999998,3.887,4.08280000000002,4.73259999999999,4.7602,4.15050000000002,4.41180000000003,4.38669999999996,4.45760000000001,4.1918,4.19970000000001,4.21569999999997,4.06480000000005,4.13959999999997,3.81670000000003,4.07289999999995,4.02569999999997,3.84029999999996,3.82310000000001,4.01729999999998,3.661,3.76619999999997,3.69399999999999,3.65940000000003,3.82130000000004,3.62220000000002,3.85160000000002
3.18019999999996,3.25579999999997,2.97160000000002,3.89630000000005,4.09360000000004,4.74809999999997,4.77620000000002,4.16249999999997,4.42590000000001,4.40089999999998,4.4726,4.20510000000002,4.21340000000004,4.22980000000001,4.07800000000003,4.15369999999996,3.82850000000002,4.08709999999996,4.03980000000001,3.85300000000001,3.83569999999997,4.03169999999994,3.67269999999996,3.77909999999994,3.70659999999998,3.67200000000005,3.83570000000003,3.63510000000002,3.86700000000002
3.18440000000004,3.26059999999995,2.97460000000007,3.90559999999999,4.10440000000006,4.7636,4.79220000000004,4.17450000000002,4.44,4.4151,4.48759999999999,4.21840000000003,4.22710000000001,4.2439,4.09120000000007,4.1678,3.84030000000001,4.10129999999998,4.0539,3.8657,3.84829999999999,4.04609999999997,3.68439999999998,3.79199999999994,3.7192,3.68460000000005,3.85010000000003,3.648,3.88240000000002
3.18860000000001,3.2654,2.9776,3.91489999999999,4.11520000000002,4.77910000000003,4.8082,4.18649999999997,4.45409999999998,4.42930000000001,4.50260000000003,4.23169999999999,4.24080000000004,4.25799999999998,4.1044,4.18189999999998,3.85210000000001,4.11549999999994,4.06800000000004,3.8784,3.86089999999996,4.06049999999999,3.69609999999994,3.80489999999992,3.73179999999996,3.69720000000004,3.86450000000002,3.66090000000003,3.89780000000002
3.19279999999998,3.27019999999999,2.98060000000004,3.92419999999998,4.12600000000003,4.79459999999995,4.82419999999996,4.19850000000002,4.46819999999997,4.44349999999997,4.51760000000002,4.245,4.25450000000001,4.27210000000002,4.11760000000004,4.19600000000003,3.8639,4.12969999999996,4.08210000000003,3.89109999999999,3.87349999999998,4.07489999999996,3.70779999999996,3.81779999999992,3.74439999999998,3.70980000000003,3.87890000000002,3.67380000000003,3.91320000000002
3.197,3.27499999999998,2.98360000000002,3.93350000000004,4.13679999999999,4.81009999999998,4.84019999999998,4.21049999999997,4.48230000000001,4.45769999999999,4.53260000000006,4.25830000000002,4.26820000000004,4.28620000000001,4.13080000000002,4.21010000000001,3.87569999999999,4.14389999999997,4.09619999999995,3.90379999999999,3.88609999999994,4.08929999999998,3.71949999999998,3.83069999999992,3.75699999999995,3.72240000000005,3.89330000000001,3.6867,3.92860000000002
3.20120000000003,3.27980000000002,2.98660000000001,3.94280000000003,4.14760000000001,4.82559999999995,4.8562,4.22250000000003,4.49639999999999,4.47189999999995,4.54759999999999,4.27160000000003,4.28190000000001,4.30030000000005,4.14400000000001,4.22420000000005,3.88749999999999,4.15809999999999,4.1103,3.91649999999998,3.89870000000002,4.10369999999995,3.7312,3.84359999999992,3.76959999999997,3.73500000000007,3.90770000000001,3.6996,3.94400000000002
