13519,13155,12803,12461,12107,11768,11420,11075,10712,10363,10025,9680.3,9324.7,8977.3,8628.5,8281,7934.3,7562.8,7232.7,7130.9,7033.9,6825.5,6480.6,6134.7,5790,5445.8,5101.6,4758.8,4419.6
13573,13215,12862,12519,12166,11821,11473,11127,10770,10420,10078,9732.2,9381.2,9033.2,8684.4,8336.9,7989.7,7613.5,7282.9,7181,7088.6,6880.2,6534.8,6188.8,5844.1,5499.4,5155.1,4811.8,4468.2
13627,13274,12920,12577,12224,11874,11526,11180,10828,10477,10130,9784,9437.8,9089.1,8740.3,8392.8,8045,7664.2,7333,7231.2,7143.3,6934.9,6588.9,6243,5898.3,5552.9,5208.7,4864.8,4516.8
13682,13333,12979,12633,12283,11930,11579,11232,10886,10534,10184,9835.8,9490.6,9145,8796.2,8448.6,8100.3,7718.1,7383.2,7281.3,7198,6989.7,6643.2,6297.1,5952,5606.5,5262.3,4915.5,4565.4
13737,13392,13038,12687,12341,11988,11636,11285,10943,10592,10241,9890.5,9542.4,9197.2,8852,8503.9,8153.5,7773.4,7437.8,7334.4,7252.8,7044.4,6697.9,6349.5,6005.5,5655.9,5315.3,4964.1,4617
13796,13451,13097,12742,12400,12046,11694,11341,11000,10649,10298,9947.7,9597.4,9249.1,8903.2,8558.5,8204.2,7826.1,7493.1,7389.1,7307.5,7095,6752.4,6399.1,6057,5705,5363.9,5014,4670.1
13856,13510,13156,12802,12456,12104,11752,11398,11052,10706,10355,10004,9653.9,9304.1,8954.5,8609.8,8256.3,7876.2,7548,7443.8,7361.2,7145.2,6802,6449.5,6106.6,5757.6,5412.5,5067.5,4723.1
13915,13570,13214,12861,12509,12163,11809,11456,11105,10762,10412,10060,9710.2,9360,9009.9,8661.1,8311.6,7928.1,7602.7,7498.5,7411.4,7198.5,6851.7,6503.7,6157.7,5811.7,5465.3,5121.1,4776.1
13975,13629,13273,12919,12564,12220,11867,11514,11162,10819,10468,10116,9766.1,9416,9065.9,8717.1,8367,7983.4,7657.8,7553.4,7461.7,7253.3,6905.5,6557.8,6211.8,5865.6,5518.9,5174.1,4829.1
14035,13688,13332,12978,12622,12279,11925,11572,11219,10876,10525,10173,9822.3,9471.9,9121.8,8773,8422.9,8038.7,7713.1,7608.7,7516.4,7308,6960.2,6612.5,6266,5919.2,5572.4,5227.1,4882.1
14094,13748,13391,13036,12683,12337,11983,11630,11276,10933,10581,10229,9878.8,9527.8,9177.7,8828.4,8478.8,8094,7768.4,7664,7571.1,7362.7,7014.6,6667.2,6320.1,5972.9,5626,5280.5,4935.1
14154,13808,13450,13095,12746,12395,12041,11687,11333,10991,10638,10286,9935.2,9583.7,9233.6,8883.7,8534.1,8149.4,7823.7,7718.7,7626.3,7417.4,7068.7,6721.5,6374.3,6027,5679.8,5334.1,4988.1
14214,13867,13510,13154,12808,12453,12099,11744,11394,11048,10695,10343,9991.1,9639.9,9289.6,8939,8589.5,8204.7,7878.9,7773.4,7681.6,7472.2,7123.1,6775.6,6428.4,6081.2,5733.9,5387.7,5041.1
14279,13926,13569,13214,12866,12511,12156,11804,11457,11105,10752,10400,10048,9696.4,9347.6,8994.3,8648.5,8260,7933.7,7828.2,7739.6,7527.4,7177.8,6830.1,6482.5,6134.7,5788,5441.3,5094.5
14344,13986,13629,13278,12925,12570,12217,11867,11516,11162,10809,10457,10109,9753.9,9408.2,9052.5,8708.4,8318.6,7988.4,7882.9,7798.9,7586.7,7233.6,6884.8,6539.7,6188.3,5841.6,5494.8,5148.1
14404,14046,13693,13341,12984,12630,12280,11927,11573,11219,10866,10518,10170,9814.5,9467.3,9113.1,8765.4,8377.8,8043.1,7937.6,7856,7646,7292.9,6941,6598.4,6245.8,5895.1,5548.4,5201.4
14464,14110,13756,13400,13044,12693,12341,11985,11631,11276,10926,10579,10227,9874.7,9523.3,9171.6,8820.7,8434.6,8097.8,7992.3,7910.7,7701,7352,6999.6,6654.7,6304.5,5952.8,5602.1,5254.4
14523,14174,13816,13459,13108,12755,12399,12045,11689,11337,10988,10637,10283,9931.3,9580,9226.9,8878.2,8490,8156.1,8049.6,7966.7,7755.8,7406.1,7057.6,6708.3,6360.3,6010.8,5660.2,5308.2
14584,14234,13877,13523,13170,12814,12458,12109,11749,11400,11047,10693,10340,9987.8,9640.5,9283.4,8938.1,8547.4,8215.4,8109.6,8026,7813.9,7460.3,7111.8,6763,6413.8,6065.8,5718.2,5366.2
14649,14294,13941,13587,13229,12873,12522,12170,11811,11462,11104,10754,10396,10048,9701,9344,8996.9,8607.3,8275,8169.3,8084.9,7873.1,7518.6,7165.9,6821.6,6469.1,6119.4,5772.2,5424.2
14713,14359,14005,13647,13289,12937,12584,12228,11874,11524,11164,10815,10457,10109,9757,9404.6,9052.8,8665.9,8335,8228.6,8139.6,7929.9,7577.9,7224.2,6880.3,6527.7,6174.9,5825.2,5477.7
14779,14424,14064,13707,13353,13000,12643,12287,11937,11584,11226,10875,10519,10170,9812.9,9465.2,9109.3,8721.2,8392.7,8287.3,8194.3,7984.7,7636.8,7282.9,6934.4,6585.8,6232.9,5880.9,5530.8
14845,14489,14125,13771,13418,13064,12702,12351,11999,11642,11288,10932,10580,10231,9873.5,9525.7,9169.3,8777.1,8447.4,8342.6,8253.7,8041,7695.5,7341.5,6988.5,6639.4,6291,5939,5586.6
14910,14553,14189,13835,13482,13127,12765,12414,12062,11701,11351,10991,10642,10289,9934.7,9582,9229.2,8837,8503.3,8398,8313.6,8100.3,7752.5,7400.2,7046.2,6693,6349,5996.8,5644
14976,14614,14254,13899,13546,13186,12829,12477,12123,11764,11413,11053,10703,10346,9996,9637.9,9289.8,8896.9,8563.3,8457.1,8373.1,8159.6,7807.2,7459.1,7104.9,6750.9,6407,6054.3,5701.4
15041,14675,14319,13963,13610,13245,12892,12539,12181,11827,11475,11115,10765,10405,10057,9698,9350.4,8957.5,8623.2,8516.4,8432.4,8218.8,7862.9,7518.4,7163.5,6809.6,6465.1,6111.7,5758.9
15106,14740,14384,14028,13674,13309,12956,12603,12240,11889,11537,11177,10827,10466,10118,9759.3,9410.9,9018.1,8683.1,8576.1,8492,8278.1,7922.2,7577.5,7222.2,6867.8,6523.1,6169.7,5816.4
15171,14805,14449,14093,13738,13373,13020,12666,12303,11952,11600,11239,10888,10528,10179,9820.1,9471.5,9078.1,8743,8636.1,8551.9,8338,7981.6,7636.2,7280.8,6925.9,6581.6,6227.8,5874.4
15237,14870,14514,14158,13802,13442,13084,12729,12367,12015,11663,11301,10950,10590,10240,9880.7,9532.1,9138.1,8803.5,8696,8611.9,8398,8046.2,7694.9,7339.5,6984.2,6640.2,6285.8,5932.4
15303,14936,14579,14223,13866,13511,13147,12793,12435,12077,11725,11364,11012,10653,10301,9944,9592.7,9198.4,8864.1,8755.9,8671.8,8457.9,8110.7,7754.1,7398.2,7042.8,6698.6,6343.8,5990.5
15368,15006,14644,14287,13930,13575,13210,12856,12503,12140,11788,11431,11074,10719,10362,10010,9653.3,9259,8924.2,8818.2,8731.7,8517.8,8170.7,7813.4,7457.5,7102.4,6756.6,6401.9,6048.5
15435,15076,14714,14351,13995,13640,13280,12920,12566,12203,11850,11497,11136,10784,10423,10074,9713.9,9321.9,8984.2,8883.4,8791.7,8580.6,8230,7872.7,7516.8,7165.5,6814.8,6459.9,6108.9
15501,15141,14783,14421,14060,13704,13349,12983,12629,12270,11912,11560,11198,10846,10486,10135,9774.7,9387.1,9046.7,8947.1,8851.7,8645.2,8289.7,7932,7580.4,7228.7,6873.5,6519.5,6170.8
15567,15207,14849,14491,14129,13768,13413,13046,12692,12338,11974,11622,11265,10908,10553,10197,9836,9450.8,9111.2,9007.1,8917,8707.6,8349.7,7994.5,7644.2,7288,6932.3,6582.7,6231.2
15633,15273,14915,14556,14198,13832,13477,13115,12755,12401,12037,11685,11331,10970,10619,10258,9898.4,9511.3,9174.2,9067.1,8982.2,8767.5,8411.5,8058.3,7704.2,7347.3,6995.4,6645.4,6289.3
15704,15339,14980,14622,14263,13896,13540,13184,12823,12465,12105,11748,11394,11032,10680,10320,9963.6,9572.8,9234.8,9127.6,9042.8,8827.4,8475.4,8120.2,7762.8,7409.7,7058.6,6703.4,6348
15774,15410,15046,14692,14328,13965,13604,13249,12892,12532,12173,11814,11457,11099,10741,10386,10029,9638.1,9296.6,9188.2,9102.7,8887.4,8538,8180.1,7824.3,7472.8,7118.1,6761.5,6411.1
15840,15480,15116,14762,14398,14035,13673,13313,12956,12601,12241,11881,11523,11166,10808,10452,10095,9703.1,9361.8,9252.6,9166.4,8947.9,8598,8241.3,7888.1,7533.8,7176.7,6823.9,6474.3
15908,15552,15186,14827,14468,14105,13743,13380,13020,12665,12308,11944,11590,11228,10875,10513,10161,9763.7,9427,9317.2,9231.7,9012.4,8658.5,8305.2,7950.6,7593.1,7238.1,6887,6532.8
15979,15622,15257,14892,14533,14175,13812,13449,13088,12728,12372,12007,11653,11290,10937,10574,10222,9824.3,9492.3,9382.3,9294.3,9076.9,8723,8368.5,8010.5,7654.1,7301.3,6947.3,6590.8
16051,15688,15327,14962,14598,14240,13881,13518,13156,12795,12436,12074,11716,11356,10999,10640,10283,9889.7,9557.5,9447.5,9354.9,9142.2,8787.6,8428.4,8071.1,7717.9,7364.7,7006,6651.8
16122,15755,15398,15033,14668,14304,13950,13587,13225,12864,12502,12142,11782,11422,11065,10706,10349,9955.7,9618.3,9512.8,9417.4,9207.4,8852.1,8488.3,8135,7781.8,7428.5,7066.5,6714.3
16194,15826,15468,15104,14739,14373,14019,13656,13294,12932,12570,12210,11850,11490,11131,10772,10415,10022,9678.9,9578,9482.6,9272.6,8916.6,8552.7,8198.8,7845.6,7491.4,7129.7,6777.1
16266,15898,15535,15174,14809,14443,14084,13725,13363,13000,12638,12277,11917,11557,11198,10839,10481,10088,9743.3,9640.9,9547.9,9337.9,8981.7,8617.3,8262.7,7909.4,7550,7192.8,6840.3
16337,15969,15603,15245,14878,14513,14149,13794,13431,13068,12706,12345,11985,11624,11265,10906,10547,10153,9808.5,9701.5,9613.1,9403.1,9047,8681.8,8326.5,7973.3,7608.7,7256,6903.5
16409,16041,15678,15316,14949,14583,14223,13863,13500,13137,12774,12412,12052,11691,11332,10972,10613,10218,9874.3,9765.7,9678.4,9468.4,9111.8,8746.3,8390.9,8037.1,7676.9,7319.2,6966.6
16480,16111,15753,15386,15020,14653,14297,13932,13569,13205,12842,12480,12120,11758,11398,11039,10680,10284,9940.2,9836.4,9743.6,9533.6,9176.3,8810.9,8455.4,8101,7745.3,7383,7029.8
16553,16182,15825,15457,15090,14724,14367,14002,13638,13274,12911,12548,12187,11825,11465,11106,10746,10350,10006,9905.8,9808.9,9598.9,9241.2,8875.4,8520,8164.8,7810.1,7446.9,7093
16625,16254,15896,15528,15159,14798,14436,14072,13707,13343,12979,12616,12254,11893,11532,11173,10812,10416,10072,9971,9874.1,9664.1,9306.4,8942.4,8584.5,8229.1,7873.9,7510.2,7156.1
16696,16328,15967,15598,15230,14873,14506,14141,13776,13411,13048,12685,12325,11960,11601,11239,10878,10483,10140,10036,9939.4,9729.4,9371.7,9012.3,8651.1,8293.6,7937.8,7573.3,7219.3
16768,16405,16038,15669,15301,14943,14576,14210,13845,13483,13117,12755,12398,12030,11673,11308,10945,10551,10211,10102,10009,9794.8,9436.9,9080.5,8720.3,8357.8,8001.6,7639.5,7282.4
16841,16480,16109,15741,15377,15013,14647,14280,13917,13557,13188,12828,12468,12102,11744,11379,11013,10622,10280,10168,10080,9860.7,9502.2,9145.1,8788.1,8421.7,8065.7,7707.9,7348.6
16916,16552,16182,15817,15452,15084,14717,14354,13992,13628,13261,12899,12536,12173,11811,11450,11085,10692,10346,10234,10147,9927.1,9567.4,9209.7,8852.7,8486.8,8130.3,7774.6,7417
16994,16626,16259,15893,15523,15155,14791,14428,14064,13697,13332,12968,12604,12241,11879,11517,11155,10758,10413,10300,10213,9997,9632.9,9275,8917.3,8556,8195.7,7838.4,7483.4
17068,16704,16334,15965,15594,15230,14866,14500,14133,13769,13401,13038,12672,12311,11946,11585,11222,10825,10484,10370,10282,10067,9703.6,9340.2,8982.5,8624.8,8264.1,7903.1,7546.6
17140,16778,16405,16037,15671,15306,14938,14569,14205,13843,13472,13111,12742,12383,12015,11657,11289,10896,10554,10441,10353,10133,9774.2,9410.1,9047.8,8689.3,8332.4,7971.5,7610.6
17217,16850,16479,16113,15747,15377,15008,14643,14280,13915,13546,13183,12815,12454,12087,11728,11361,10967,10620,10512,10421,10199,9844.2,9480,9116.8,8753.8,8396.9,8039.9,7679
17294,16925,16557,16189,15823,15447,15082,14718,14352,13984,13620,13252,12888,12523,12159,11795,11432,11033,10686,10584,10487,10269,9914.1,9549.9,9185.9,8822.6,8461.4,8104.5,7747.4
17372,17002,16634,16265,15898,15523,15157,14793,14422,14056,13694,13322,12961,12592,12231,11863,11505,11100,10757,10652,10555,10340,9981,9619.9,9255.7,8891.7,8530,8169,7811.4
17449,17080,16711,16341,15970,15599,15233,14867,14494,14130,13766,13396,13034,12665,12304,11935,11577,11171,10829,10718,10626,10410,10047,9686.4,9325.6,8961.4,8599.1,8236.8,7875.2
17527,17157,16788,16412,16042,15674,15309,14939,14569,14205,13835,13470,13108,12738,12377,12008,11644,11242,10899,10786,10698,10481,10115,9751.7,9395.5,9031.3,8668.3,8305.2,7942.6
17605,17235,16865,16486,16119,15750,15384,15010,14644,14279,13906,13543,13181,12810,12450,12080,11711,11314,10970,10858,10768,10552,10185,9820,9465.4,9100.8,8737.4,8374,8011
17683,17312,16940,16563,16195,15827,15460,15084,14719,14354,13980,13616,13250,12882,12522,12152,11782,11385,11041,10929,10839,10622,10256,9890.7,9535.3,9169.9,8806.5,8443.2,8079.8
17762,17390,17012,16640,16272,15903,15536,15160,14794,14429,14054,13690,13319,12956,12595,12224,11854,11457,11113,11000,10911,10693,10326,9961,9605.2,9239.4,8875.7,8512.3,8149
17840,17468,17091,16717,16348,15980,15611,15235,14869,14504,14129,13765,13398,13030,12668,12297,11927,11530,11184,11071,10982,10765,10397,10031,9675.1,9309.3,8945.1,8581.5,8217.8
17919,17546,17174,16796,16425,16057,15688,15310,14944,14579,14205,13839,13476,13104,12741,12370,11999,11602,11256,11142,11054,10836,10469,10101,9745,9379.2,9015,8650.6,8286.2
17997,17625,17253,16879,16502,16132,15765,15389,15020,14654,14284,13914,13550,13177,12814,12443,12075,11673,11328,11214,11125,10908,10540,10172,9815.1,9449.1,9084.8,8719.8,8355.7
18076,17702,17331,16959,16578,16208,15840,15470,15095,14728,14362,13988,13624,13250,12887,12515,12152,11745,11400,11286,11197,10979,10611,10243,9885.8,9519,9153.9,8789.5,8429.5
18154,17780,17408,17037,16657,16285,15916,15548,15170,14803,14437,14063,13698,13323,12960,12588,12226,11817,11472,11359,11268,11051,10682,10319,9956.4,9588.9,9223.3,8863.3,8503.1
18234,17858,17486,17114,16740,16362,15993,15624,15248,14878,14512,14142,13772,13401,13033,12664,12299,11891,11543,11435,11343,11122,10758,10394,10026,9658.8,9297.9,8937,8572.2
18318,17937,17563,17192,16820,16445,16069,15700,15329,14956,14587,14220,13846,13480,13107,12742,12372,11969,11617,11511,11420,11194,10833,10464,10096,9734.1,9372.4,9007.1,8641.4
18400,18021,17641,17273,16897,16526,16150,15776,15407,15036,14663,14295,13920,13555,13181,12817,12444,12044,11694,11583,11493,11266,10904,10535,10171,9809.5,9442.8,9077,8710.5
18478,18104,17724,17356,16976,16603,16231,15856,15482,15114,14743,14370,13999,13629,13258,12890,12520,12116,11770,11654,11565,11342,10976,10611,10247,9880.2,9512.7,9146.3,8779.6
18560,18182,17808,17435,17059,16681,16308,15937,15561,15189,14821,14445,14078,13707,13336,12966,12598,12190,11842,11731,11640,11418,11052,10687,10318,9950.1,9582.6,9215.4,8852.6
18645,18262,17887,17512,17139,16763,16385,16014,15642,15267,14897,14520,14153,13786,13411,13044,12673,12268,11915,11808,11716,11494,11128,10759,10389,10024,9652.5,9288.1,8927.2
18726,18346,17965,17594,17217,16843,16467,16091,15720,15348,14974,14600,14228,13861,13485,13120,12746,12345,11992,11881,11790,11571,11200,10830,10463,10099,9725.8,9362.6,8998.7
18806,18430,18049,17677,17297,16921,16550,16172,15797,15426,15054,14680,14307,13935,13562,13194,12822,12417,12069,11953,11863,11643,11272,10904,10540,10172,9801.2,9437.2,9067.9
18888,18515,18133,17756,17380,17000,16632,16253,15876,15502,15134,14760,14385,14013,13641,13270,12900,12490,12141,12029,11937,11716,11347,10980,10613,10243,9876.2,9511.8,9139.1
18972,18597,18217,17834,17463,17083,16713,16335,15957,15580,15215,14839,14465,14093,13720,13348,12978,12568,12214,12106,12015,11792,11425,11057,10683,10316,9950.7,9584.7,9213.7
19057,18676,18301,17918,17545,17166,16789,16417,16039,15662,15294,14920,14545,14172,13799,13426,13056,12646,12291,12183,12092,11869,11501,11133,10757,10391,10026,9654.6,9288.3
19142,18758,18384,18002,17629,17249,16867,16499,16120,15743,15370,15001,14625,14251,13878,13505,13134,12724,12368,12261,12169,11946,11577,11209,10833,10466,10101,9725.6,9362.8
19226,18842,18468,18085,17713,17331,16950,16580,16202,15824,15447,15081,14705,14331,13957,13584,13212,12802,12446,12338,12246,12023,11654,11285,10909,10542,10176,9801,9437.4
19311,18927,18552,18169,17796,17414,17033,16662,16284,15905,15528,15161,14785,14410,14036,13663,13290,12880,12524,12416,12324,12100,11731,11362,10984,10617,10252,9876.4,9512
19397,19012,18636,18253,17878,17497,17115,16744,16366,15986,15609,15241,14864,14490,14115,13742,13369,12958,12601,12494,12402,12177,11808,11439,11060,10694,10327,9950.9,9586.5
19483,19097,18721,18337,17962,17580,17200,16827,16447,16067,15689,15322,14945,14570,14194,13821,13448,13036,12678,12572,12479,12254,11884,11516,11136,10770,10403,10025,9661.1
19568,19182,18805,18420,18046,17662,17288,16909,16529,16149,15772,15403,15026,14650,14274,13899,13526,13114,12756,12650,12556,12332,11961,11592,11213,10845,10478,10105,9735.7
19653,19271,18889,18506,18130,17745,17374,16992,16611,16234,15858,15484,15106,14730,14354,13978,13605,13192,12834,12727,12634,12409,12039,11669,11295,10920,10553,10185,9810.2
19739,19361,18973,18595,18213,17832,17456,17075,16693,16321,15942,15565,15186,14810,14434,14058,13684,13270,12916,12804,12712,12487,12117,11746,11377,10997,10629,10262,9884.8
19827,19446,19058,18682,18297,17921,17539,17157,16774,16404,16024,15645,15266,14889,14513,14137,13763,13349,12999,12882,12790,12567,12194,11823,11453,11073,10705,10337,9963
19918,19531,19147,18767,18382,18006,17622,17240,16862,16486,16106,15726,15347,14974,14593,14219,13842,13428,13079,12963,12869,12650,12272,11900,11529,11154,10781,10412,10043
20006,19616,19237,18851,18471,18090,17708,17328,16950,16568,16187,15808,15433,15060,14676,14302,13922,13511,13157,13046,12952,12731,12354,11978,11606,11235,10861,10488,10121
20091,19702,19323,18935,18559,18174,17797,17414,17032,16649,16272,15894,15519,15141,14761,14385,14005,13595,13236,13128,13034,12808,12435,12059,11683,11312,10942,10566,10196
20180,19793,19407,19023,18643,18257,17882,17497,17114,16736,16358,15979,15599,15221,14843,14465,14089,13675,13314,13206,13112,12886,12513,12141,11764,11389,11020,10647,10273
20273,19883,19498,19113,18730,18346,17965,17582,17201,16824,16443,16060,15680,15305,14923,14546,14169,13753,13396,13286,13190,12964,12592,12218,11845,11469,11096,10726,10354
20360,19969,19589,19203,18819,18435,18052,17671,17289,16907,16524,16144,15766,15391,15006,14631,14249,13836,13479,13369,13274,13044,12675,12296,11923,11550,11175,10801,10432
20446,20057,19674,19293,18906,18524,18141,17757,17372,16988,16609,16230,15852,15473,15091,14714,14333,13920,13563,13450,13358,13127,12757,12378,12000,11629,11256,10879,10508
20537,20148,19760,19380,18991,18613,18226,17840,17455,17075,16696,16317,15934,15554,15177,14794,14417,14004,13647,13529,13436,13210,12835,12461,12081,11706,11337,10960,10584
20628,20240,19851,19465,19078,18698,18310,17925,17544,17163,16782,16404,16016,15638,15262,14876,14502,14088,13728,13609,13514,13293,12913,12543,12164,11786,11418,11040,10665
20721,20331,19943,19555,19168,18783,18397,18014,17633,17251,16869,16489,16103,15724,15344,14962,14586,14168,13807,13693,13597,13376,12997,12625,12246,11868,11498,11121,10746
20812,20421,20034,19645,19259,18872,18487,18104,17721,17339,16957,16570,16189,15810,15425,15047,14670,14248,13889,13777,13681,13460,13079,12703,12328,11950,11575,11203,10826
20902,20513,20125,19736,19349,18962,18577,18193,17809,17427,17045,16655,16275,15896,15509,15133,14756,14331,13972,13861,13765,13544,13161,12781,12410,12032,11653,11285,10908
20992,20603,20216,19826,19439,19052,18667,18282,17897,17515,17133,16742,16361,15983,15594,15217,14842,14415,14056,13945,13849,13628,13245,12864,12492,12114,11733,11367,10988
21084,20693,20306,19918,19529,19142,18755,18371,17986,17603,17221,16829,16447,16070,15680,15303,14926,14499,14140,14030,13933,13711,13329,12946,12575,12196,11815,11448,11068
21175,20788,20394,20010,19619,19232,18845,18461,18075,17691,17309,16917,16535,16155,15766,15389,15012,14584,14224,14114,14018,13795,13413,13028,12658,12277,11897,11529,11150
21267,20884,20490,20103,19711,19322,18935,18549,18164,17779,17397,17005,16623,16243,15855,15475,15097,14672,14309,14198,14102,13879,13496,13112,12741,12359,11979,11610,11232
21361,20977,20584,20195,19804,19412,19026,18637,18253,17867,17485,17092,16711,16329,15947,15560,15183,14762,14394,14282,14186,13963,13578,13199,12824,12441,12061,11692,11312
21456,21069,20676,20286,19898,19504,19116,18727,18342,17955,17573,17181,16798,16415,16036,15646,15267,14850,14478,14368,14272,14047,13662,13287,12906,12524,12143,11773,11394
21553,21163,20769,20381,19987,19599,19207,18817,18431,18045,17661,17275,16885,16503,16121,15734,15353,14935,14567,14453,14356,14131,13746,13372,12988,12609,12230,11854,11476
21650,21257,20862,20476,20079,19691,19299,18907,18522,18135,17748,17364,16977,16591,16209,15825,15439,15020,14657,14543,14444,14216,13834,13455,13072,12697,12318,11936,11557
21747,21354,20958,20570,20174,19786,19393,19000,18617,18225,17838,17452,17068,16684,16295,15914,15524,15105,14744,14631,14533,14300,13924,13539,13156,12783,12401,12018,11640
21846,21451,21058,20662,20266,19875,19486,19093,18710,18320,17927,17540,17156,16774,16381,16000,15611,15191,14829,14715,14617,14384,14009,13623,13242,12865,12482,12105,11727
21944,21548,21156,20754,20358,19968,19580,19187,18802,18413,18020,17628,17244,16860,16468,16087,15702,15277,14915,14801,14703,14475,14093,13709,13330,12949,12569,12192,11812
22046,21645,21250,20852,20457,20064,19675,19279,18890,18504,18113,17722,17332,16948,16560,16173,15792,15366,15005,14887,14793,14564,14177,13798,13416,13033,12657,12276,11893
22148,21745,21347,20954,20554,20158,19767,19373,18977,18595,18205,17815,17422,17036,16651,16261,15878,15457,15093,14971,14884,14650,14261,13884,13499,13115,12742,12358,11977
22252,21845,21446,21049,20648,20252,19858,19469,19072,18688,18296,17906,17516,17125,16744,16353,15967,15548,15179,15062,14969,14734,14350,13969,13585,13204,12824,12444,12064
22356,21946,21546,21146,20746,20348,19955,19565,19167,18782,18388,17996,17607,17218,16837,16445,16057,15639,15267,15153,15054,14824,14439,14056,13673,13290,12911,12531,12149
22459,22049,21645,21244,20848,20448,20054,19662,19262,18875,18480,18088,17697,17310,16926,16537,16149,15726,15358,15242,15144,14913,14528,14145,13762,13379,12999,12615,12231
22565,22152,21749,21347,20945,20549,20152,19756,19357,18967,18573,18179,17792,17400,17012,16628,16241,15812,15449,15332,15235,15004,14618,14235,13851,13468,13082,12697,12315
22672,22258,21856,21453,21043,20650,20252,19848,19452,19062,18665,18271,17888,17492,17106,16716,16331,15902,15540,15418,15326,15095,14708,14325,13939,13552,13165,12783,12403
22782,22369,21962,21554,21148,20745,20352,19943,19548,19159,18759,18366,17981,17588,17202,16808,16417,15992,15628,15505,15415,15181,14798,14411,14022,13636,13252,12870,12490
22892,22480,22065,21657,21250,20846,20446,20043,19646,19255,18854,18465,18074,17681,17292,16902,16507,16085,15714,15595,15505,15265,14885,14495,14107,13724,13341,12958,12579
23003,22588,22170,21766,21350,20949,20543,20143,19746,19351,18949,18561,18166,17772,17383,16991,16601,16176,15803,15686,15596,15356,14969,14581,14196,13813,13430,13047,12666
23118,22697,22280,21870,21455,21053,20646,20243,19844,19447,19050,18654,18259,17866,17478,17081,16695,16265,15894,15777,15687,15446,15059,14671,14287,13902,13519,13136,12753
23236,22807,22393,21975,21565,21159,20749,20343,19943,19545,19149,18749,18357,17963,17572,17175,16789,16353,15986,15868,15780,15537,15149,14762,14378,13990,13606,13224,12841
23349,22925,22508,22088,21674,21265,20852,20445,20045,19642,19247,18844,18454,18057,17663,17271,16882,16445,16079,15962,15868,15628,15244,14852,14467,14079,13694,13311,12928
23469,23044,22618,22200,21783,21371,20958,20554,20151,19741,19347,18943,18549,18152,17757,17368,16972,16541,16174,16055,15956,15722,15340,14945,14561,14170,13784,13400,13017
23590,23162,22729,22314,21893,21480,21067,20660,20254,19847,19450,19046,18647,18249,17855,17464,17065,16636,16267,16150,16049,15815,15428,15039,14654,14263,13874,13489,13105
23708,23275,22848,22428,22006,21589,21179,20765,20356,19950,19549,19147,18747,18347,17953,17554,17161,16729,16360,16243,16142,15908,15516,15133,14745,14357,13965,13577,13192
23835,23396,22967,22544,22118,21701,21289,20871,20465,20050,19646,19249,18847,18448,18051,17647,17256,16825,16453,16336,16235,16001,15608,15225,14836,14446,14059,13668,13281
23962,23524,23088,22661,22233,21811,21395,20977,20571,20155,19752,19346,18948,18548,18149,17745,17352,16920,16547,16430,16329,16094,15701,15318,14927,14537,14150,13761,13370
24092,23654,23215,22779,22354,21929,21505,21089,20676,20263,19858,19447,19051,18649,18249,17843,17449,17015,16642,16525,16422,16188,15792,15410,15018,14628,14239,13854,13461
24228,23779,23338,22901,22471,22044,21618,21204,20785,20372,19964,19552,19154,18749,18347,17941,17545,17111,16737,16619,16517,16282,15885,15502,15111,14719,14330,13942,13555
24359,23910,23465,23026,22590,22157,21734,21316,20897,20483,20070,19658,19257,18849,18447,18041,17643,17206,16833,16713,16612,16377,15983,15595,15202,14811,14422,14032,13644
24495,24042,23595,23146,22715,22278,21854,21425,21009,20593,20178,19764,19360,18952,18548,18145,17741,17305,16928,16807,16707,16476,16081,15688,15293,14903,14513,14123,13733
24636,24172,23719,23276,22839,22401,21973,21544,21123,20702,20288,19870,19465,19055,18649,18246,17844,17407,17024,16903,16807,16572,16176,15780,15388,14998,14602,14214,13823
24778,24309,23853,23406,22966,22524,22093,21667,21236,20814,20397,19978,19571,19158,18751,18347,17946,17506,17125,17002,16905,16666,16270,15876,15485,15094,14695,14308,13914
24919,24448,23990,23535,23093,22649,22214,21785,21352,20926,20508,20092,19675,19262,18856,18452,18044,17602,17226,17103,17000,16764,16368,15974,15579,15185,14791,14403,14008
25064,24591,24133,23674,23220,22776,22340,21902,21471,21044,20623,20203,19789,19372,18963,18558,18145,17703,17329,17204,17098,16865,16467,16072,15671,15278,14887,14494,14104
25215,24739,24269,23810,23354,22903,22467,22022,21593,21163,20739,20312,19901,19484,19071,18664,18251,17807,17428,17307,17200,16965,16567,16170,15765,15374,14983,14586,14200
25367,24880,24415,23948,23492,23037,22592,22151,21712,21285,20851,20428,20014,19594,19180,18771,18357,17912,17525,17410,17303,17066,16666,16269,15862,15470,15079,14681,14293
25522,25029,24559,24092,23623,23172,22720,22279,21835,21405,20966,20544,20129,19705,19289,18880,18463,18016,17626,17511,17405,17167,16766,16367,15960,15568,15175,14776,14389
25677,25182,24708,24236,23761,23308,22854,22406,21961,21520,21086,20663,20242,19818,19400,18989,18570,18120,17734,17614,17512,17268,16865,16467,16059,15664,15271,14872,14483
25834,25338,24857,24379,23903,23444,22986,22539,22086,21650,21214,20781,20357,19932,19510,19096,18676,18227,17839,17715,17618,17371,16966,16566,16159,15760,15368,14969,14579
25998,25499,25006,24523,24052,23583,23120,22669,22217,21777,21341,20901,20475,20045,19622,19206,18788,18337,17944,17818,17722,17472,17069,16664,16263,15859,15465,15069,14673
26168,25654,25162,24673,24196,23727,23262,22803,22354,21903,21463,21026,20592,20160,19734,19315,18901,18445,18055,17924,17825,17580,17175,16765,16363,15962,15561,15167,14766
26331,25820,25322,24831,24346,23872,23405,22943,22484,22038,21592,21149,20714,20280,19851,19431,19010,18551,18164,18034,17934,17689,17278,16869,16462,16063,15662,15263,14862
26502,25991,25484,24988,24504,24013,23542,23078,22617,22168,21720,21272,20838,20401,19972,19548,19122,18663,18269,18145,18043,17798,17380,16975,16563,16167,15763,15361,14960
26681,26162,25647,25145,24656,24165,23684,23216,22758,22296,21846,21400,20964,20525,20094,19666,19236,18775,18376,18255,18154,17907,17488,17081,16668,16270,15864,15462,15061
26858,26331,25810,25308,24810,24316,23836,23359,22897,22432,21981,21531,21093,20648,20215,19784,19354,18889,18493,18366,18264,18015,17594,17187,16772,16374,15967,15563,15162
27041,26501,25985,25469,24967,24473,23989,23511,23037,22573,22120,21660,21218,20773,20336,19905,19472,19004,18609,18478,18375,18125,17707,17295,16878,16477,16071,15664,15261
27222,26677,26157,25636,25129,24632,24141,23661,23180,22718,22256,21799,21347,20900,20460,20026,19593,19125,18722,18589,18487,18237,17821,17403,16988,16581,16172,15765,15362
27404,26864,26326,25813,25298,24786,24297,23810,23331,22856,22390,21935,21479,21028,20584,20149,19714,19244,18835,18705,18599,18353,17930,17516,17099,16688,16279,15866,15463
27592,27048,26507,25985,25463,24950,24458,23966,23484,23001,22529,22068,21616,21161,20715,20276,19834,19360,18950,18823,18717,18467,18040,17626,17211,16797,16388,15972,15568
27786,27234,26688,26161,25636,25118,24619,24120,23631,23150,22675,22208,21754,21295,20846,20403,19959,19481,19070,18943,18835,18582,18157,17733,17322,16907,16492,16079,15674
27981,27425,26869,26338,25809,25290,24780,24279,23778,23300,22819,22352,21891,21430,20977,20533,20083,19605,19190,19063,18955,18695,18272,17846,17436,17018,16595,16185,15780
28178,27617,27061,26518,25983,25460,24945,24438,23941,23453,22967,22495,22032,21566,21111,20661,20211,19728,19312,19186,19077,18821,18389,17960,17548,17129,16709,16292,15886
28375,27808,27252,26700,26163,25629,25110,24597,24099,23605,23116,22639,22172,21705,21243,20792,20343,19854,19438,19307,19199,18942,18506,18079,17662,17240,16825,16404,15992
28579,28004,27441,26885,26344,25812,25288,24767,24260,23766,23274,22786,22316,21842,21378,20926,20477,19988,19565,19433,19322,19063,18625,18201,17776,17352,16934,16517,16101
28783,28208,27637,27075,26526,25993,25462,24938,24427,23920,23433,22941,22464,21991,21523,21066,20608,20115,19692,19561,19451,19189,18748,18318,17890,17465,17046,16630,16215
28986,28410,27834,27264,26712,26175,25636,25112,24594,24081,23590,23097,22610,22139,21666,21204,20740,20242,19817,19685,19581,19316,18874,18437,18007,17584,17162,16739,16325
29203,28613,28037,27465,26904,26353,25814,25286,24765,24248,23751,23252,22761,22286,21811,21345,20877,20378,19947,19814,19710,19445,19000,18559,18127,17701,17279,16853,16432
29408,28822,28238,27659,27097,26539,25992,25463,24936,24419,23911,23413,22913,22433,21957,21487,21017,20512,20080,19945,19841,19571,19126,18684,18248,17820,17396,16968,16541
29622,29027,28441,27856,27288,26729,26182,25645,25110,24592,24072,23571,23075,22587,22105,21631,21158,20649,20214,20083,19972,19702,19252,18808,18371,17940,17513,17084,16661
29843,29239,28646,28061,27486,26919,26372,25822,25285,24760,24238,23731,23234,22740,22252,21774,21302,20791,20351,20221,20104,19835,19383,18936,18498,18059,17632,17198,16781
30065,29451,28851,28265,27685,27119,26562,26009,25466,24931,24413,23896,23391,22900,22407,21924,21447,20934,20494,20354,20238,19966,19518,19068,18627,18181,17753,17321,16895
30290,29672,29066,28473,27889,27319,26752,26199,25653,25117,24589,24066,23556,23056,22564,22077,21592,21074,20634,20493,20372,20101,19649,19195,18752,18309,17878,17443,17011
30509,29894,29285,28685,28094,27516,26950,26389,25836,25300,24764,24241,23723,23214,22723,22233,21743,21217,20777,20637,20513,20240,19779,19325,18877,18438,17999,17568,17133
30729,30114,29499,28895,28302,27718,27147,26579,26021,25480,24939,24413,23894,23376,22884,22388,21896,21365,20915,20780,20656,20383,19916,19458,19009,18566,18121,17690,17254
30962,30340,29723,29109,28509,27928,27347,26773,26216,25662,25118,24591,24065,23549,23044,22545,22048,21512,21064,20924,20799,20524,20058,19596,19144,18697,18253,17812,17376
31196,30567,29943,29333,28721,28133,27547,26971,26412,25848,25304,24769,24237,23719,23207,22703,22210,21665,21216,21070,20952,20667,20204,19738,19282,18826,18384,17938,17500
31429,30796,30165,29553,28943,28343,27752,27176,26606,26044,25489,24948,24413,23889,23377,22864,22366,21824,21364,21222,21101,20817,20344,19874,19418,18962,18512,18065,17623
31665,31029,30392,29767,29163,28555,27960,27376,26804,26234,25676,25132,24591,24058,23546,23024,22522,21977,21517,21372,21249,20966,20485,20014,19554,19099,18642,18193,17750
31905,31258,30622,29992,29382,28768,28168,27581,27002,26425,25866,25317,24775,24238,23716,23194,22686,22134,21672,21522,21402,21111,20635,20159,19695,19231,18777,18325,17881
32144,31495,30857,30225,29606,28984,28388,27790,27200,26628,26060,25508,24958,24422,23890,23365,22853,22295,21831,21678,21557,21262,20784,20307,19838,19369,18915,18459,18011
32384,31733,31090,30456,29828,29206,28597,28002,27405,26830,26258,25699,25144,24605,24067,23540,23021,22458,21990,21834,21714,21417,20934,20454,19981,19516,19052,18593,18142
32635,31974,31323,30682,30049,29430,28813,28211,27614,27029,26455,25893,25335,24788,24247,23715,23192,22626,22149,21993,21872,21571,21085,20603,20125,19659,19192,18727,18275
32888,32220,31560,30909,30280,29651,29035,28421,27826,27241,26657,26091,25525,24969,24426,23897,23366,22797,22310,22159,22033,21732,21239,20754,20271,19800,19331,18864,18410
33136,32466,31801,31148,30509,29873,29254,28640,28041,27453,26858,26284,25716,25158,24611,24075,23539,22968,22479,22326,22201,21897,21393,20910,20424,19942,19474,19007,18550
33387,32709,32044,31388,30742,30105,29480,28863,28255,27660,27067,26486,25910,25351,24796,24253,23717,23142,22649,22493,22367,22056,21556,21062,20577,20090,19623,19150,18691
33638,32958,32288,31627,30976,30337,29706,29083,28471,27872,27272,26686,26112,25546,24985,24440,23899,23320,22817,22661,22537,22222,21718,21215,20727,20241,19772,19295,18832
33897,33214,32536,31869,31216,30570,29932,29304,28693,28089,27484,26891,26315,25742,25177,24627,24084,23494,22993,22832,22705,22389,21884,21380,20882,20396,19920,19443,18974
34155,33466,32788,32120,31455,30810,30164,29530,28912,28303,27696,27101,26520,25941,25377,24814,24269,23675,23167,23006,22877,22564,22050,21540,21040,20548,20070,19590,19117
34413,33721,33040,32366,31696,31045,30403,29762,29136,28522,27913,27313,26728,26144,25574,25012,24454,23856,23342,23180,23055,22738,22217,21705,21207,20704,20221,19737,19260
34675,33979,33291,32611,31942,31283,30641,29994,29368,28741,28132,27525,26935,26349,25769,25206,24645,24040,23524,23361,23234,22911,22389,21876,21370,20863,20374,19886,19407
34945,34240,33543,32861,32188,31528,30877,30231,29599,28967,28351,27742,27139,26554,25972,25396,24837,24229,23706,23549,23417,23090,22562,22043,21531,21028,20528,20044,19555
35208,34501,33799,33114,32440,31778,31111,30469,29828,29193,28570,27961,27358,26764,26176,25601,25029,24417,23894,23734,23597,23269,22736,22213,21700,21190,20686,20198,19704
35472,34769,34064,33372,32692,32025,31356,30708,30055,29419,28798,28176,27576,26971,26378,25806,25227,24613,24080,23916,23783,23453,22915,22391,21869,21354,20849,20349,19860
35746,35034,34325,33635,32943,32267,31601,30948,30293,29651,29026,28399,27788,27183,26588,26005,25430,24805,24269,24109,23973,23639,23094,22570,22041,21528,21012,20510,20018
36022,35304,34587,33894,33197,32517,31846,31187,30535,29883,29252,28619,28004,27395,26797,26207,25630,24998,24464,24296,24160,23828,23280,22746,22214,21696,21179,20674,20172
36296,35573,34858,34157,33459,32775,32098,31432,30776,30126,29479,28849,28223,27609,27012,26417,25832,25200,24656,24484,24352,24020,23465,22929,22388,21865,21346,20842,20337
36569,35848,35127,34421,33718,33027,32349,31678,31009,30365,29715,29075,28448,27832,27225,26631,26041,25401,24850,24683,24544,24212,23655,23109,22565,22038,21518,21007,20502
36849,36123,35396,34691,33981,33285,32606,31929,31253,30599,29954,29305,28674,28057,27443,26846,26246,25601,25049,24882,24738,24401,23843,23292,22749,22216,21691,21173,20664
37134,36400,35671,34958,34249,33542,32856,32178,31505,30842,30193,29543,28904,28282,27662,27059,26454,25806,25253,25082,24937,24593,24035,23483,22932,22396,21871,21345,20832
37415,36681,35945,35228,34515,33807,33110,32427,31755,31087,30427,29777,29136,28508,27886,27272,26666,26016,25459,25288,25141,24799,24232,23671,23119,22576,22045,21520,21000
37695,36960,36225,35498,34778,34075,33372,32684,32002,31328,30670,30012,29368,28738,28111,27491,26883,26228,25664,25489,25343,25000,24426,23866,23309,22759,22217,21696,21169
37976,37238,36507,35772,35053,34339,33636,32941,32252,31577,30914,30254,29600,28970,28333,27710,27102,26437,25870,25695,25555,25195,24622,24065,23498,22945,22404,21871,21341
38266,37518,36786,36048,35330,34612,33899,33198,32514,31833,31159,30491,29840,29198,28561,27937,27320,26651,26083,25907,25767,25402,24823,24258,23691,23132,22587,22051,21516
38559,37805,37065,36325,35598,34881,34165,33460,32771,32084,31403,30738,30081,29428,28795,28169,27544,26870,26299,26123,25973,25614,25033,24451,23883,23321,22773,22235,21691
38846,38100,37347,36606,35873,35149,34429,33723,33028,32339,31656,30986,30324,29667,29030,28400,27764,27093,26511,26336,26181,25821,25237,24656,24078,23513,22965,22417,21872
39136,38389,37630,36890,36148,35426,34701,33988,33284,32596,31913,31235,30574,29909,29261,28627,27992,27315,26729,26550,26393,26034,25443,24862,24277,23712,23155,22603,22053
39433,38672,37919,37169,36431,35706,34980,34257,33548,32853,32170,31485,30818,30151,29499,28858,28219,27535,26950,26769,26611,26253,25655,25068,24481,23911,23346,22791,22239
39725,38964,38207,37455,36716,35978,35254,34531,33815,33113,32427,31736,31062,30396,29737,29094,28445,27760,27171,26987,26829,26467,25866,25273,24686,24110,23545,22981,22430
40020,39257,38489,37743,36994,36256,35523,34800,34081,33381,32681,31986,31307,30645,29979,29327,28679,27988,27390,27207,27051,26685,26077,25479,24892,24310,23744,23169,22617
40315,39544,38783,38027,37280,36541,35801,35070,34355,33645,32937,32241,31564,30889,30223,29565,28917,28215,27617,27433,27276,26905,26295,25691,25097,24515,23940,23364,22809
40610,39837,39083,38314,37568,36826,36081,35348,34629,33915,33205,32505,31817,31138,30467,29806,29155,28452,27849,27657,27502,27130,26514,25906,25303,24721,24138,23563,23007
40911,40132,39377,38606,37856,37103,36366,35627,34906,34179,33468,32768,32072,31395,30714,30050,29392,28687,28080,27888,27734,27355,26734,26124,25522,24926,24343,23766,23200
41210,40438,39670,38899,38148,37386,36646,35906,35182,34452,33738,33030,32334,31649,30968,30299,29633,28919,28312,28120,27961,27582,26959,26343,25737,25137,24545,23972,23396
41510,40737,39966,39195,38440,37674,36923,36184,35455,34722,34006,33292,32592,31903,31219,30542,29881,29160,28543,28351,28191,27813,27179,26561,25954,25344,24754,24173,23596
41812,41036,40260,39487,38726,37965,37211,36465,35729,34999,34279,33561,32854,32159,31476,30790,30126,29397,28778,28582,28424,28040,27405,26783,26167,25562,24962,24379,23796
42117,41336,40554,39783,39023,38258,37499,36748,36011,35275,34553,33829,33126,32418,31729,31046,30372,29638,29021,28821,28658,28271,27636,27013,26387,25783,25178,24584,24002
42425,41638,40858,40081,39314,38550,37789,37036,36291,35554,34826,34106,33395,32684,31983,31299,30626,29886,29260,29062,28899,28510,27867,27238,26612,26000,25390,24795,24207
42726,41938,41161,40380,39610,38840,38082,37324,36573,35832,35101,34380,33663,32950,32247,31559,30877,30131,29500,29308,29137,28754,28104,27465,26837,26216,25607,25007,24413
43029,42235,41458,40679,39905,39131,38369,37610,36860,36116,35380,34652,33930,33218,32516,31814,31128,30386,29742,29552,29383,28993,28341,27700,27062,26444,25825,25220,24620
43337,42541,41756,40978,40198,39427,38664,37899,37142,36399,35657,34927,34203,33480,32780,32071,31383,30635,29991,29798,29629,29235,28581,27932,27295,26675,26045,25436,24832
43642,42852,42058,41280,40499,39724,38955,38192,37436,36689,35942,35206,34475,33750,33042,32339,31639,30885,30241,30048,29878,29474,28821,28174,27533,26900,26273,25654,25047
43947,43158,42365,41583,40804,40023,39249,38486,37734,36977,36224,35489,34751,34028,33315,32604,31895,31140,30493,30297,30128,29718,29058,28411,27765,27125,26500,25874,25265
44258,43465,42670,41889,41106,40322,39551,38782,38023,37264,36509,35767,35033,34302,33584,32866,32163,31397,30749,30547,30377,29966,29298,28648,28002,27356,26725,26099,25483
44564,43773,42976,42190,41408,40621,39850,39078,38310,37551,36800,36043,35309,34575,33854,33133,32431,31659,31005,30798,30627,30216,29551,28890,28239,27593,26955,26323,25703
44873,44078,43284,42495,41715,40922,40145,39367,38600,37841,37089,36327,35592,34855,34124,33407,32699,31920,31263,31054,30886,30472,29798,29134,28476,27824,27186,26548,25928
45182,44387,43591,42801,42016,41224,40445,39667,38899,38133,37375,36617,35874,35139,34402,33679,32966,32188,31525,31309,31147,30727,30047,29377,28718,28059,27417,26779,26157
45490,44698,43899,43109,42320,41531,40748,39973,39200,38433,37667,36907,36152,35419,34679,33952,33234,32456,31786,31570,31404,30983,30302,29623,28961,28302,27648,27010,26382
45800,45007,44212,43418,42619,41832,41050,40275,39494,38729,37954,37193,36441,35694,34954,34225,33505,32723,32043,31836,31666,31244,30558,29878,29206,28540,27887,27244,26611
46111,45315,44520,43729,42927,42134,41351,40574,39788,39019,38250,37490,36732,35978,35241,34508,33778,32990,32315,32100,31922,31510,30809,30133,29455,28784,28130,27481,26841
46425,45625,44825,44036,43235,42444,41651,40876,40086,39316,38544,37780,37018,36270,35521,34786,34052,33261,32582,32363,32194,31768,31074,30386,29705,29033,28372,27720,27078
46738,45936,45133,44345,43542,42747,41958,41177,40390,39615,38842,38070,37314,36559,35802,35069,34327,33534,32849,32635,32461,32031,31334,30639,29954,29282,28620,27960,27314
47047,46246,45442,44650,43844,43050,42269,41477,40690,39919,39139,38362,37605,36848,36089,35355,34612,33804,33120,32901,32727,32298,31598,30898,30209,29535,28864,28200,27547
47360,46555,45753,44958,44152,43356,42573,41780,40991,40216,39432,38658,37893,37137,36376,35638,34894,34075,33392,33169,32998,32566,31861,31159,30464,29785,29111,28448,27788
47677,46864,46065,45267,44468,43668,42876,42081,41301,40517,39728,38958,38190,37423,36669,35919,35176,34357,33666,33448,33270,32837,32122,31421,30727,30036,29357,28690,28027
47986,47176,46380,45578,44776,43977,43181,42385,41603,40814,40032,39258,38489,37717,36960,36201,35462,34640,33947,33727,33542,33106,32388,31686,30989,30295,29611,28937,28270
48295,47494,46689,45889,45085,44292,43487,42693,41904,41120,40339,39555,38785,38013,37250,36491,35744,34922,34227,34011,33821,33383,32658,31946,31250,30553,29866,29189,28513
48612,47810,47000,46198,45395,44601,43797,43000,42210,41423,40639,39857,39084,38307,37544,36780,36025,35203,34502,34289,34097,33655,32937,32217,31512,30813,30126,29442,28764
48926,48120,47312,46507,45706,44910,44107,43310,42518,41731,40946,40160,39382,38601,37840,37075,36310,35486,34785,34569,34373,33938,33211,32488,31779,31074,30383,29696,29018
49236,48431,47627,46818,46016,45220,44420,43617,42828,42035,41246,40456,39683,38900,38141,37368,36602,35773,35072,34847,34654,34221,33482,32756,32046,31336,30639,29951,29269
49548,48746,47938,47134,46330,45531,44728,43925,43138,42343,41550,40760,39981,39199,38434,37659,36892,36058,35355,35132,34942,34500,33758,33030,32312,31603,30898,30208,29517
49863,49061,48248,47446,46642,45841,45037,44237,43446,42650,41860,41065,40281,39495,38727,37957,37185,36348,35641,35419,35224,34783,34036,33312,32585,31868,31160,30468,29778
50175,49370,48563,47759,46954,46150,45348,44550,43753,42956,42167,41363,40585,39797,39025,38252,37481,36639,35927,35699,35510,35066,34319,33584,32861,32139,31426,30723,30036
50487,49680,48880,48073,47267,46463,45658,44862,44061,43263,42469,41668,40891,40105,39322,38550,37775,36935,36211,35990,35799,35352,34604,33862,33132,32417,31696,30984,30292
50800,49992,49195,48385,47581,46778,45970,45173,44372,43572,42775,41976,41196,40408,39621,38842,38069,37225,36507,36276,36087,35638,34890,34149,33411,32688,31963,31257,30557
51110,50309,49505,48697,47890,47089,46284,45483,44679,43878,43088,42284,41495,40708,39923,39145,38365,37522,36798,36566,36379,35923,35171,34430,33694,32959,32234,31529,30817
51420,50620,49817,49012,48202,47398,46596,45792,44990,44191,43398,42595,41801,41015,40227,39447,38668,37821,37092,36855,36675,36209,35457,34715,33969,33237,32512,31797,31084
51731,50928,50128,49323,48520,47708,46907,46102,45301,44504,43702,42905,42109,41320,40532,39749,38966,38116,37383,37147,36971,36499,35742,35002,34247,33519,32789,32067,31350
52043,51237,50441,49635,48836,48019,47216,46413,45610,44815,44008,43216,42415,41626,40839,40052,39263,38412,37682,37445,37259,36796,36035,35282,34533,33795,33069,32338,31619
52349,51549,50753,49946,49147,48337,47532,46731,45919,45126,44322,43520,42721,41929,41146,40357,39570,38709,37981,37744,37553,37092,36331,35578,34820,34072,33346,32615,31890
52660,51860,51061,50255,49456,48653,47850,47041,46237,45435,44633,43833,43029,42234,41448,40662,39870,39006,38277,38037,37849,37386,36623,35867,35107,34358,33622,32889,32161
52971,52172,51373,50567,49764,48965,48163,47350,46549,45744,44944,44146,43343,42544,41752,40964,40176,39310,38574,38335,38151,37679,36916,36152,35396,34645,33897,33162,32431
53281,52484,51685,50878,50072,49276,48473,47661,46864,46055,45253,44457,43651,42854,42059,41269,40479,39612,38876,38637,38448,37983,37213,36445,35686,34928,34183,33442,32710
53587,52793,51997,51190,50384,49589,48785,47976,47175,46366,45561,44768,43963,43163,42365,41577,40779,39916,39174,38939,38745,38280,37507,36744,35976,35219,34472,33722,32989
53897,53100,52305,51502,50702,49897,49099,48293,47489,46676,45872,45078,44275,43474,42676,41884,41084,40221,39473,39234,39043,38577,37799,37037,36267,35511,34761,34008,33267
54207,53412,52611,51814,51015,50208,49407,48607,47804,46989,46187,45386,44586,43787,42988,42190,41391,40525,39778,39536,39347,38874,38096,37331,36561,35799,35045,34295,33548
54514,53722,52918,52126,51327,50520,49714,48918,48115,47306,46501,45697,44895,44099,43298,42500,41703,40834,40077,39842,39653,39176,38398,37627,36856,36094,35330,34581,33833
54820,54032,53229,52438,51636,50832,50031,49231,48425,47622,46813,46008,45204,44410,43608,42813,42008,41136,40385,40146,39954,39481,38700,37923,37155,36382,35623,34871,34120
55127,54340,53545,52750,51943,51144,50345,49539,48735,47933,47127,46321,45517,44720,43917,43120,42315,41443,40689,40449,40259,39781,39001,38224,37451,36673,35912,35155,34405
55437,54645,53857,53056,52255,51456,50657,49850,49048,48243,47440,46635,45833,45029,44228,43428,42624,41753,40995,40754,40565,40087,39307,38527,37742,36972,36205,35442,34691
55747,54952,54165,53361,52567,51768,50968,50162,49357,48558,47758,46945,46145,45339,44538,43741,42938,42064,41306,41067,40867,40395,39606,38822,38040,37270,36506,35735,34981
56057,55262,54471,53667,52874,52079,51280,50474,49667,48868,48068,47263,46460,45650,44847,44051,43245,42369,41613,41379,41172,40697,39911,39124,38343,37567,36804,36029,35273
56363,55572,54777,53974,53183,52386,51586,50786,49982,49179,48377,47575,46769,45961,45156,44356,43559,42672,41919,41684,41482,41001,40215,39427,38643,37866,37096,36323,35565
56669,55882,55081,54284,53493,52696,51897,51098,50298,49492,48689,47890,47081,46270,45467,44665,43870,42983,42227,41991,41792,41309,40525,39737,38943,38168,37389,36615,35857
56977,56189,55389,54594,53799,53008,52208,51406,50605,49804,49000,48202,47392,46586,45785,44980,44181,43297,42541,42299,42102,41620,40831,40040,39247,38469,37689,36914,36150
57291,56493,55699,54904,54109,53318,52520,51713,50913,50116,49309,48514,47703,46898,46095,45292,44490,43604,42849,42607,42410,41930,41134,40343,39552,38769,37988,37217,36444
57597,56797,56007,55214,54419,53624,52831,52022,51224,50423,49621,48826,48015,47214,46405,45603,44798,43912,43160,42914,42721,42239,41445,40644,39860,39073,38288,37515,36731
57901,57101,56312,55522,54729,53934,53136,52334,51536,50731,49939,49134,48329,47528,46719,45918,45114,44224,43468,43227,43031,42548,41755,40952,40168,39378,38593,37816,37032
58204,57412,56621,55826,55039,54244,53442,52649,51848,51041,50248,49446,48637,47839,47034,46230,45428,44538,43776,43538,43339,42860,42064,41262,40476,39681,38894,38112,37341
58507,57723,56927,56136,55347,54552,53751,52961,52158,51353,50556,49757,48951,48154,47347,46543,45738,44850,44088,43849,43650,43167,42372,41573,40777,39984,39196,38412,37643
58815,58031,57233,56446,55651,54856,54061,53268,52464,51665,50866,50071,49263,48461,47662,46859,46047,45164,44402,44162,43961,43478,42678,41881,41087,40289,39500,38711,37938
59123,58339,57541,56752,55961,55156,54370,53574,52774,51977,51178,50381,49579,48775,47972,47170,46357,45480,44715,44476,44269,43789,42992,42197,41398,40600,39803,39012,38238
59431,58642,57849,57056,56271,55466,54676,53879,53084,52282,51489,50688,49891,49087,48285,47480,46670,45790,45027,44788,44579,44103,43303,42503,41706,40906,40108,39318,38538
59737,58941,58153,57361,56578,55776,54981,54186,53392,52591,51795,50995,50199,49399,48594,47796,46988,46105,45336,45099,44890,44416,43614,42816,42015,41215,40417,39626,38837
60040,59242,58457,57665,56882,56085,55286,54496,53699,52905,52106,51307,50507,49709,48906,48104,47297,46413,45656,45409,45201,44729,43927,43122,42327,41526,40726,39936,39143
60342,59548,58760,57972,57186,56393,55594,54806,54011,53217,52418,51618,50819,50018,49217,48416,47612,46720,45969,45721,45511,45038,44240,43431,42635,41832,41032,40246,39451
60644,59860,59064,58280,57490,56701,55901,55116,54321,53523,52727,51930,51131,50332,49526,48727,47922,47033,46277,46036,45825,45349,44549,43744,42945,42140,41339,40552,39757
60947,60167,59372,58588,57797,57005,56206,55423,54626,53829,53033,52239,51438,50644,49837,49035,48233,47346,46585,46349,46138,45663,44856,44057,43256,42455,41648,40857,40060
61250,60470,59680,58896,58105,57314,56516,55728,54933,54138,53343,52545,51747,50951,50149,49343,48547,47658,46893,46656,46453,45974,45166,44367,43568,42769,41957,41164,40369
61556,60773,59984,59198,58414,57623,56824,56038,55243,54448,53653,52851,52059,51260,50461,49661,48860,47975,47205,46966,46768,46283,45482,44674,43878,43077,42271,41473,40677
61863,61075,60288,59505,58722,57928,57132,56342,55552,54758,53963,53167,52370,51572,50773,49974,49168,48287,47519,47280,47079,46597,45801,44985,44188,43385,42584,41783,40982
62165,61377,60595,59810,59024,58231,57439,56649,55856,55067,54273,53478,52676,51883,51085,50286,49479,48595,47827,47591,47394,46913,46114,45304,44499,43698,42890,42094,41291
62468,61680,60901,60112,59331,58535,57743,56957,56161,55371,54582,53786,52986,52189,51395,50597,49791,48907,48141,47901,47702,47222,46421,45617,44808,44010,43202,42402,41599
62774,61984,61203,60415,59636,58839,58047,57264,56468,55681,54887,54089,53296,52500,51701,50908,50103,49218,48459,48215,48015,47535,46730,45924,45128,44317,43515,42717,41906
63076,62289,61506,60717,59938,59142,58349,57568,56776,55986,55187,54391,53604,52808,52007,51214,50415,49528,48772,48527,48329,47845,47045,46238,45442,44624,43828,43026,42219
63374,62590,61807,61023,60240,59445,58655,57872,57081,56293,55494,54700,53910,53113,52317,51526,50726,49841,49082,48845,48639,48155,47356,46553,45750,44938,44135,43340,42535
63675,62890,62109,61329,60543,59747,58961,58175,57389,56602,55805,55010,54215,53420,52629,51837,51034,50153,49392,49154,48948,48468,47666,46865,46057,45257,44448,43653,42844
63981,63195,62415,61632,60845,60060,59264,58480,57697,56906,56116,55316,54520,53730,52939,52145,51341,50465,49705,49462,49260,48786,47979,47176,46370,45572,44762,43961,43157
64291,63501,62721,61929,61148,60367,59572,58789,58001,57214,56420,55623,54828,54040,53244,52451,51651,50772,50017,49771,49572,49100,48291,47488,46685,45882,45076,44267,43470
64592,63807,63024,62232,61450,60671,59880,59096,58306,57517,56724,55932,55138,54345,53548,52757,51961,51081,50329,50083,49884,49408,48610,47796,47001,46190,45385,44584,43784
64889,64108,63325,62533,61757,60974,60185,59399,58614,57821,57028,56241,55446,54653,53858,53063,52271,51393,50641,50395,50196,49719,48919,48104,47314,46502,45696,44900,44093
65188,64407,63626,62836,62058,61276,60486,59701,58922,58125,57332,56549,55750,54961,54168,53373,52582,51704,50949,50707,50505,50030,49226,48417,47621,46817,46010,45214,44403
65493,64709,63927,63142,62359,61577,60788,60004,59225,58429,57638,56854,56054,55265,54478,53683,52888,52010,51255,51018,50813,50342,49536,48729,47935,47124,46325,45525,44717
65797,65013,64227,63446,62661,61881,61094,60306,59527,58737,57946,57158,56363,55575,54788,53990,53194,52316,51561,51330,51121,50654,49848,49044,48244,47438,46634,45834,45031
66097,65313,64528,63751,62967,62187,61397,60608,59829,59041,58254,57462,56672,55885,55097,54296,53500,52622,51873,51640,51426,50960,50159,49359,48554,47752,46948,46150,45343
66399,65614,64829,64054,63268,62493,61699,60911,60132,59343,58557,57764,56980,56191,55402,54602,53805,52929,52185,51945,51738,51266,50467,49667,48866,48062,47262,46459,45650
66703,65917,65134,64354,63569,62794,62001,61216,60434,59645,58863,58072,57287,56497,55706,54906,54110,53239,52493,52251,52048,51575,50775,49974,49177,48374,47576,46772,45960
67002,66220,65438,64655,63870,63094,62302,61522,60737,59948,59169,58376,57586,56805,56010,55215,54420,53549,52799,52557,52358,51887,51085,50280,49485,48690,47887,47082,46275
67301,66519,65740,64956,64170,63395,62608,61828,61041,60254,59471,58681,57889,57113,56314,55524,54730,53859,53105,52866,52667,52198,51394,50590,49792,49002,48196,47393,46589
67600,66818,66040,65256,64471,63696,62911,62135,61347,60560,59774,58989,58192,57412,56618,55832,55036,54169,53411,53176,52973,52503,51701,50899,50103,49310,48508,47705,46903
67899,67117,66345,65559,64775,63997,63211,62436,61654,60865,60076,59297,58496,57714,56922,56139,55340,54479,53715,53485,53279,52809,52011,51207,50415,49617,48819,48013,47215
68198,67417,66645,65863,65080,64297,63512,62737,61954,61167,60378,59600,58804,58020,57229,56444,55645,54787,54023,53790,53588,53115,52321,51519,50725,49924,49128,48325,47523
68498,67716,66944,66162,65383,64601,63817,63038,62259,61470,60682,59902,59116,58327,57537,56748,55955,55091,54330,54096,53898,53420,52627,51835,51031,50232,49435,48642,47837
68797,68015,67243,66461,65682,64905,64122,63338,62563,61775,60988,60204,59424,58630,57845,57054,56263,55395,54636,54401,54206,53726,52933,52146,51343,50544,49745,48953,48145
69096,68314,67542,66760,65986,65210,64424,63639,62864,62078,61294,60507,59728,58937,58153,57362,56571,55699,54945,54708,54510,54035,53240,52453,51649,50856,50057,49261,48453
69395,68613,67841,67059,66291,65514,64725,63940,63164,62379,61597,60813,60030,59242,58456,57670,56877,56007,55255,55016,54820,54345,53550,52759,51955,51162,50368,49569,48763
69694,68912,68140,67358,66595,65819,65026,64242,63465,62680,61900,61115,60333,59545,58758,57978,57180,56314,55561,55320,55130,54651,53860,53065,52263,51468,50674,49881,49075
69993,69211,68440,67658,66900,66124,65326,64546,63766,62981,62205,61419,60630,59852,59060,58282,57479,56619,55867,55624,55436,54958,54165,53375,52574,51777,50985,50193,49387
70292,69511,68739,67957,67204,66428,65627,64851,64067,63284,62506,61725,60930,60158,59364,58584,57786,56927,56175,55937,55740,55266,54473,53685,52890,52088,51297,50505,49698
70592,69810,69038,68256,67509,66733,65928,65156,64367,63588,62807,62031,61234,60461,59672,58886,58094,57230,56483,56247,56044,55570,54783,53991,53196,52398,51606,50813,50010
70891,70109,69337,68555,67814,67037,66229,65460,64668,63893,63107,62332,61540,60760,59975,59189,58400,57533,56787,56553,56348,55874,55092,54298,53497,52708,51912,51119,50322
71190,70408,69636,68854,68118,67342,66529,65765,64969,64198,63408,62633,61841,61058,60276,59491,58702,57837,57091,56857,56656,56178,55396,54606,53803,53014,52218,51424,50631
71489,70707,69935,69153,68423,67646,66830,66069,65269,64502,63709,62934,62141,61359,60579,59793,59005,58145,57397,57155,56961,56485,55700,54910,54111,53320,52524,51730,50937
71788,71006,70234,69452,68727,67951,67131,66374,65570,64807,64010,63234,62442,61665,60885,60096,59310,58453,57704,57462,57265,56793,56004,55214,54415,53625,52832,52036,51243
72087,71305,70534,69752,69032,68256,67431,66678,65871,65111,64310,63535,62743,61971,61187,60398,59617,58756,58006,57766,57573,57100,56310,55523,54719,53930,53142,52347,51555
72386,71605,70833,70051,69337,68560,67732,66983,66172,65416,64611,63836,63043,62277,61485,60700,59922,59059,58308,58069,57881,57403,56617,55830,55028,54240,53452,52657,51861
72686,71904,71132,70350,69641,68865,68033,67288,66472,65721,64912,64137,63344,62584,61782,61003,60224,59361,58611,58372,58184,57710,56919,56134,55336,54544,53762,52965,52167
72985,72203,71431,70649,69946,69169,68334,67592,66773,66025,65213,64437,63645,62890,62079,61305,60526,59663,58916,58680,58487,58018,57223,56438,55645,54853,54066,53270,52475
73284,72502,71730,70948,70250,69474,68634,67897,67074,66330,65513,64738,63946,63196,62375,61608,60829,59966,59223,58983,58789,58324,57527,56736,55952,55160,54375,53580,52785
73583,72801,72029,71247,70555,69778,68935,68201,67375,66634,65814,65039,64246,63503,62672,61910,61131,60268,59525,59285,59091,58626,57830,57042,56256,55464,54681,53890,53095
73882,73100,72328,71546,70859,70083,69236,68506,67675,66939,66115,65339,64547,63809,62969,62212,61434,60571,59827,59588,59394,58929,58133,57350,56560,55768,54985,54196,53401
74181,73399,72627,71846,71164,70388,69537,68811,67976,67243,66415,65640,64848,64115,63266,62515,61736,60873,60130,59890,59696,59231,58435,57656,56863,56076,55290,54500,53702
74480,73699,72927,72145,71469,70692,69837,69115,68277,67548,66716,65941,65149,64421,63563,62817,62038,61175,60432,60193,59999,59534,58738,57959,57168,56384,55594,54805,54007
74780,73998,73226,72444,71773,70997,70138,69420,68577,67853,67017,66242,65449,64728,63860,63119,62341,61478,60735,60495,60301,59836,59040,58261,57476,56689,55901,55115,54316
75079,74297,73525,72743,72078,71301,70439,69724,68878,68157,67318,66542,65750,65034,64157,63422,62643,61780,61037,60797,60603,60138,59342,58564,57784,56993,56209,55419,54620
75378,74596,73824,73042,72382,71606,70739,70029,69179,68462,67618,66843,66051,65340,64454,63724,62945,62082,61339,61100,60906,60441,59645,58866,58092,57301,56514,55723,54928
75677,74895,74123,73341,72687,71911,71040,70333,69480,68766,67919,67144,66351,65647,64750,64027,63248,62385,61642,61402,61208,60743,59947,59168,58400,57609,56813,56027,55236
75976,75194,74422,73640,72991,72215,71341,70638,69780,69071,68220,67445,66652,65953,65047,64329,63550,62687,61944,61704,61510,61045,60249,59471,58708,57917,57117,56331,55542
76275,75493,74721,73940,73296,72520,71642,70943,70081,69376,68521,67745,66953,66259,65344,64631,63852,62989,62246,62007,61813,61348,60552,59773,59016,58225,57421,56636,55846
76574,75792,75021,74239,73601,72824,71942,71247,70382,69680,68821,68046,67254,66566,65641,64934,64155,63292,62549,62309,62115,61650,60854,60075,59324,58533,57725,56940,56150
76873,76091,75321,74538,73906,73128,72242,71551,70683,69984,69121,68347,67555,66873,65938,65237,64458,63595,62852,62611,62417,61952,61156,60377,59632,58841,58029,57244,56454
77172,76390,75621,74837,74211,73432,72542,71855,70984,70288,69421,68648,67856,67180,66235,65540,64761,63898,63155,62913,62719,62254,61458,60679,59940,59149,58333,57548,56758
77471,76689,75921,75136,74516,73736,72842,72159,71285,70592,69721,68949,68157,67487,66532,65843,65064,64201,63458,63215,63021,62556,61760,60981,60248,59457,58637,57852,57062
77770,76988,76221,75435,74821,74040,73142,72463,71586,70896,70021,69250,68458,67794,66829,66146,65367,64504,63761,63517,63323,62858,62062,61283,60556,59765,58941,58156,57366
78069,77287,76521,75734,75126,74344,73442,72767,71887,71200,70321,69551,68759,68101,67126,66449,65670,64807,64064,63819,63625,63160,62364,61585,60864,60073,59245,58460,57670
78368,77586,76821,76033,75431,74648,73742,73071,72188,71504,70621,69852,69060,68408,67423,66752,65973,65110,64367,64121,63927,63462,62666,61887,61172,60381,59549,58764,57974
78667,77885,77121,76332,75736,74952,74042,73375,72489,71808,70921,70153,69361,68715,67720,67055,66276,65413,64670,64423,64229,63764,62968,62189,61480,60689,59853,59068,58278
78966,78184,77421,76631,76041,75256,74342,73679,72790,72112,71221,70454,69662,69022,68017,67358,66579,65716,64973,64725,64531,64066,63270,62491,61788,60997,60157,59372,58582
79265,78483,77721,76930,76346,75560,74642,73983,73091,72416,71521,70755,69963,69329,68314,67661,66882,66019,65276,65027,64833,64368,63572,62793,62096,61305,60461,59676,58886
79564,78782,78021,77229,76651,75864,74942,74287,73392,72720,71821,71056,70264,69636,68611,67964,67185,66322,65579,65329,65135,64670,63874,63095,62404,61613,60765,59980,59190
79863,79081,78321,77528,76956,76168,75242,74591,73693,73024,72121,71357,70565,69943,68908,68267,67488,66625,65882,65631,65437,64972,64176,63397,62712,61921,61069,60284,59494
80162,79380,78621,77827,77261,76472,75542,74895,73994,73328,72421,71658,70866,70250,69205,68570,67791,66928,66185,65933,65739,65274,64478,63699,63020,62229,61373,60588,59798
80461,79679,78921,78126,77566,76776,75842,75199,74295,73632,72721,71959,71167,70557,69502,68873,68094,67231,66488,66235,66041,65576,64780,64001,63328,62537,61677,60892,60102
80760,79978,79221,78425,77871,77080,76142,75503,74596,73936,73021,72260,71468,70864,69799,69176,68397,67534,66791,66537,66343,65878,65082,64303,63636,62845,61981,61196,60406
81059,80277,79521,78724,78176,77384,76442,75807,74897,74240,73321,72561,71769,71171,70096,69479,68700,67837,67094,66839,66645,66180,65384,64605,63944,63153,62285,61500,60710
81358,80576,79821,79023,78481,77688,76742,76111,75198,74544,73621,72862,72070,71478,70393,69782,69003,68140,67397,67141,66947,66482,65686,64907,64252,63461,62589,61804,61014
81657,80875,80121,79322,78786,77992,77042,76415,75499,74848,73921,73163,72371,71785,70690,70085,69306,68443,67700,67443,67249,66784,65988,65209,64560,63769,62893,62108,61318
81956,81174,80421,79621,79091,78296,77342,76719,75800,75152,74221,73464,72672,72092,70987,70388,69609,68746,68003,67745,67551,67086,66290,65511,64868,64077,63197,62412,61622
82255,81473,80721,79920,79396,78600,77642,77023,76101,75456,74521,73765,72973,72399,71284,70691,69912,69049,68306,68047,67853,67388,66592,65813,65176,64385,63501,62716,61926
82554,81772,81021,80219,79701,78904,77942,77327,76402,75760,74821,74066,73274,72706,71581,70994,70215,69352,68609,68349,68155,67690,66894,66115,65484,64693,63805,63020,62230
82853,82071,81321,80518,80006,79208,78242,77631,76703,76064,75121,74367,73575,73013,71878,71297,70518,69655,68912,68651,68457,67992,67196,66417,65792,65001,64109,63324,62534
83152,82370,81621,80817,80311,79512,78542,77935,77004,76368,75421,74668,73876,73320,72175,71600,70821,69958,69215,68953,68759,68294,67498,66719,66100,65309,64413,63628,62838
83451,82669,81921,81116,80616,79816,78842,78239,77305,76672,75721,74969,74177,73627,72472,71903,71124,70261,69518,69255,69061,68596,67800,67021,66408,65617,64717,63932,63142
83750,82968,82221,81415,80921,80120,79142,78543,77606,76976,76021,75270,74478,73934,72769,72206,71427,70564,69821,69557,69363,68898,68102,67323,66716,65925,65021,64236,63446
84049,83267,82521,81714,81226,80424,79442,78847,77907,77280,76321,75571,74779,74241,73066,72509,71730,70867,70124,69859,69665,69200,68404,67625,67024,66233,65325,64540,63750
84348,83566,82821,82013,81531,80728,79742,79151,78208,77584,76621,75872,75080,74548,73363,72812,72033,71170,70427,70161,69967,69502,68706,67927,67332,66541,65629,64844,64054
84647,83865,83121,82312,81836,81032,80042,79455,78509,77888,76921,76173,75381,74855,73660,73115,72336,71473,70730,70463,70269,69804,69008,68229,67640,66849,65933,65148,64358
84946,84164,83421,82611,82141,81336,80342,79759,78810,78192,77221,76474,75682,75162,73957,73418,72639,71776,71033,70765,70571,70106,69310,68531,67948,67157,66237,65452,64662
85245,84463,83721,82910,82446,81640,80642,80063,79111,78496,77521,76775,75983,75469,74254,73721,72942,72079,71336,71067,70873,70408,69612,68833,68256,67465,66541,65756,64966
85544,84762,84021,83209,82751,81944,80942,80367,79412,78800,77821,77076,76284,75776,74551,74024,73245,72382,71639,71369,71175,70710,69914,69135,68564,67773,66845,66060,65270
85843,85061,84321,83508,83056,82248,81242,80671,79713,79104,78121,77377,76585,76083,74848,74327,73548,72685,71942,71671,71477,71012,70216,69437,68872,68081,67149,66364,65574
86142,85360,84621,83807,83361,82552,81542,80975,80014,79408,78421,77678,76886,76390,75145,74630,73851,72988,72245,71973,71779,71314,70518,69739,69180,68389,67453,66668,65878
86441,85659,84921,84106,83666,82856,81842,81279,80315,79712,78721,77979,77187,76697,75442,74933,74154,73291,72548,72275,72081,71616,70820,70041,69488,68697,67757,66972,66182
86740,85958,85221,84405,83971,83160,82142,81583,80616,80016,79021,78280,77488,77004,75739,75236,74457,73594,72851,72577,72383,71918,71122,70343,69796,69005,68061,67276,66486
87039,86257,85521,84704,84276,83464,82442,81887,80917,80320,79321,78581,77789,77311,76036,75539,74760,73897,73154,72879,72685,72220,71424,70645,70104,69313,68365,67580,66790
87338,86556,85821,85003,84581,83768,82742,82191,81218,80624,79621,78882,78090,77618,76333,75842,75063,74200,73457,73181,72987,72522,71726,70947,70412,69621,68669,67884,67094
87637,86855,86121,85302,84886,84072,83042,82495,81519,80928,79921,79183,78391,77925,76630,76145,75366,74503,73760,73483,73289,72824,72028,71249,70720,69929,68973,68188,67398
87936,87154,86421,85601,85191,84376,83342,82799,81820,81232,80221,79484,78692,78232,76927,76448,75669,74806,74063,73785,73591,73126,72330,71551,71028,70237,69277,68492,67702
88235,87453,86721,85900,85496,84680,83642,83103,82121,81536,80521,79785,78993,78539,77224,76751,75972,75109,74366,74087,73893,73428,72632,71853,71336,70545,69581,68796,68006
88534,87752,87021,86199,85801,84984,83942,83407,82422,81840,80821,80086,79294,78846,77521,77054,76275,75412,74669,74389,74195,73730,72934,72155,71644,70853,69885,69100,68310
88833,88051,87321,86498,86106,85288,84242,83711,82723,82144,81121,80387,79595,79153,77818,77357,76578,75715,74972,74691,74497,74032,73236,72457,71952,71161,70189,69404,68614
89132,88350,87621,86797,86411,85592,84542,84015,83024,82448,81421,80688,79896,79460,78115,77660,76881,76018,75275,74993,74799,74334,73538,72759,72260,71469,70493,69708,68918
89431,88649,87921,87096,86716,85896,84842,84319,83325,82752,81721,80989,80197,79767,78412,77963,77184,76321,75578,75295,75101,74636,73840,73061,72568,71777,70797,70012,69222
89730,88948,88221,87395,87021,86200,85142,84623,83626,83056,82021,81290,80498,80074,78709,78266,77487,76624,75881,75597,75403,74938,74142,73363,72876,72085,71101,70316,69526
90029,89247,88521,87694,87326,86504,85442,84927,83927,83360,82321,81591,80799,80381,79006,78569,77790,76927,76184,75899,75705,75240,74444,73665,73184,72393,71405,70620,69830
90328,89546,88821,87993,87631,86808,85742,85231,84228,83664,82621,81892,81100,80688,79303,78872,78093,77230,76487,76201,76007,75542,74746,73967,73492,72701,71709,70924,70134
90627,89845,89121,88292,87936,87112,86042,85535,84529,83968,82921,82193,81401,80995,79600,79175,78396,77533,76790,76503,76309,75844,75048,74269,73800,73009,72013,71228,70438
90926,90144,89421,88591,88241,87416,86342,85839,84830,84272,83221,82494,81702,81302,79897,79478,78699,77836,77093,76805,76611,76146,75350,74571,74108,73317,72317,71532,70742
91225,90443,89721,88890,88546,87720,86642,86143,85131,84576,83521,82795,82003,81609,80194,79781,79002,78139,77396,77107,76913,76448,75652,74873,74416,73625,72621,71836,71046
91524,90742,90021,89189,88851,88024,86942,86447,85432,84880,83821,83096,82304,81916,80491,80084,79305,78442,77699,77409,77215,76750,75954,75175,74724,73933,72925,72140,71350
91823,91041,90321,89488,89156,88328,87242,86751,85733,85184,84121,83397,82605,82223,80788,80387,79608,78745,78002,77711,77517,77052,76256,75477,75032,74241,73229,72444,71654
92122,91340,90621,89787,89461,88632,87542,87055,86034,85488,84421,83698,82906,82530,81085,80690,79911,79048,78305,78013,77819,77354,76558,75779,75340,74549,73533,72748,71958
92421,91639,90921,90086,89766,88936,87842,87359,86335,85792,84721,83999,83207,82837,81382,80993,80214,79351,78608,78315,78121,77656,76860,76081,75648,74857,73837,73052,72262
92720,91938,91221,90385,90071,89240,88142,87663,86636,86096,85021,84300,83508,83144,81679,81296,80517,79654,78911,78617,78423,77958,77162,76383,75956,75165,74141,73356,72566
93019,92237,91521,90684,90376,89544,88442,87967,86937,86400,85321,84601,83809,83451,81976,81599,80820,79957,79214,78919,78725,78260,77464,76685,76264,75473,74445,73660,72870
93318,92536,91821,90983,90681,89848,88742,88271,87238,86704,85621,84902,84110,83758,82273,81902,81123,80260,79517,79221,79027,78562,77766,76987,76572,75781,74749,73964,73174
93617,92835,92121,91282,90986,90152,89042,88575,87539,87008,85921,85203,84411,84065,82570,82205,81426,80563,79820,79523,79329,78864,78068,77289,76880,76089,75053,74268,73478
93916,93134,92421,91581,91291,90456,89342,88879,87840,87312,86221,85504,84712,84372,82867,82508,81729,80866,80123,79825,79631,79166,78370,77591,77188,76397,75357,74572,73782
94215,93433,92721,91880,91596,90760,89642,89183,88141,87616,86521,85805,85013,84679,83164,82811,82032,81169,80426,80127,79933,79468,78672,77893,77496,76705,75661,74876,74086
94514,93732,93021,92179,91901,91064,89942,89487,88442,87920,86821,86106,85314,84986,83461,83114,82335,81472,80729,80429,80235,79770,78974,78195,77804,77013,75965,75180,74390
94813,94031,93321,92478,92206,91368,90242,89791,88743,88224,87121,86407,85615,85293,83758,83417,82638,81775,81032,80731,80537,80072,79276,78497,78112,77321,76269,75484,74694
95112,94330,93621,92777,92511,91672,90542,90095,89044,88528,87421,86708,85916,85600,84055,83720,82941,82078,81335,81033,80839,80374,79578,78799,78420,77629,76573,75788,74998
95411,94629,93921,93076,92816,91976,90842,90399,89345,88832,87721,87009,86217,85907,84352,84023,83244,82381,81638,81335,81141,80676,79880,79101,78728,77937,76877,76092,75302
95710,94928,94221,93375,93121,92280,91142,90703,89646,89136,88021,87310,86518,86214,84649,84326,83547,82684,81941,81637,81443,80978,80182,79403,79036,78245,77181,76396,75606
96009,95227,94521,93674,93426,92584,91442,91007,89947,89440,88321,87611,86819,86521,84946,84629,83850,82987,82244,81939,81745,81280,80484,79705,79344,78553,77485,76700,75910
96308,95526,94821,93973,93731,92888,91742,91311,90248,89744,88621,87912,87120,86828,85243,84932,84153,83290,82547,82241,82047,81582,80786,80007,79652,78861,77789,77004,76214
96607,95825,95121,94272,94036,93192,92042,91615,90549,90048,88921,88213,87421,87135,85540,85235,84456,83593,82850,82543,82349,81884,81088,80309,79960,79169,78093,77308,76518
96906,96124,95421,94571,94341,93496,92342,91919,90850,90352,89221,88514,87722,87442,85837,85538,84759,83896,83153,82845,82651,82186,81390,80611,80268,79477,78397,77612,76822
97205,96423,95721,94870,94646,93800,92642,92223,91151,90656,89521,88815,88023,87749,86134,85841,85062,84199,83456,83147,82953,82488,81692,80913,80576,79785,78701,77916,77126
97504,96722,96021,95169,94951,94104,92942,92527,91452,90960,89821,89116,88324,88056,86431,86144,85365,84502,83759,83449,83255,82790,81994,81215,80884,80093,79005,78220,77430
97803,97021,96321,95468,95256,94408,93242,92831,91753,91264,90121,89417,88625,88363,86728,86447,85668,84805,84062,83751,83557,83092,82296,81517,81192,80401,79309,78524,77734
98102,97320,96621,95767,95561,94712,93542,93135,92054,91568,90421,89718,88926,88670,87025,86750,85971,85108,84365,84053,83859,83394,82598,81819,81500,80709,79613,78828,78038
98401,97619,96921,96066,95866,95016,93842,93439,92355,91872,90721,90019,89227,88977,87322,87053,86274,85411,84668,84355,84161,83696,82900,82121,81808,81017,79917,79132,78342
98700,97918,97221,96365,96171,95320,94142,93743,92656,92176,91021,90320,89528,89284,87619,87356,86577,85714,84971,84657,84463,83998,83202,82423,82116,81325,80221,79436,78646
98999,98217,97521,96664,96476,95624,94442,94047,92957,92480,91321,90621,89829,89591,87916,87659,86880,86017,85274,84959,84765,84300,83504,82725,82424,81633,80525,79740,78950
99298,98516,97821,96963,96781,95928,94742,94351,93258,92784,91621,90922,90130,89898,88213,87962,87183,86320,85577,85261,85067,84602,83806,83027,82732,81941,80829,80044,79254
99597,98815,98121,97262,97086,96232,95042,94655,93559,93088,91921,91223,90431,90205,88510,88265,87486,86623,85880,85563,85369,84904,84108,83329,83040,82249,81133,80348,79558
99896,99114,98421,97561,97391,96536,95342,94959,93860,93392,92221,91524,90732,90512,88807,88568,87789,86926,86183,85865,85671,85206,84410,83631,83348,82557,81437,80652,79862
100195,99413,98721,97860,97696,96840,95642,95263,94161,93696,92521,91825,91033,90819,89104,88871,88092,87229,86486,86167,85973,85508,84712,83933,83656,82865,81741,80956,80166
100494,99712,99021,98159,98001,97144,95942,95567,94462,94000,92821,92126,91334,91126,89401,89174,88395,87532,86789,86469,86275,85810,85014,84235,83964,83173,82045,81260,80470
100793,100011,99321,98458,98306,97448,96242,95871,94763,94304,93121,92427,91635,91433,89698,89477,88698,87835,87092,86771,86577,86112,85316,84537,84272,83481,82349,81564,80774
101092,100310,99621,98757,98611,97752,96542,96175,95064,94608,93421,92728,91936,91740,89995,89780,89001,88138,87395,87073,86879,86414,85618,84839,84580,83789,82653,81868,81078
101391,100609,99921,99056,98916,98056,96842,96479,95365,94912,93721,93029,92237,92047,90292,90083,89304,88441,87698,87375,87181,86716,85920,85141,84888,84097,82957,82172,81382
101690,100908,100221,99355,99221,98360,97142,96783,95666,95216,94021,93330,92538,92354,90589,90386,89607,88744,88001,87677,87483,87018,86222,85443,85196,84405,83261,82476,81686
101989,101207,100521,99654,99526,98664,97442,97087,95967,95520,94321,93631,92839,92661,90886,90689,89910,89047,88304,87979,87785,87320,86524,85745,85504,84713,83565,82780,81990
102288,101506,100821,99953,99831,98968,97742,97391,96268,95824,94621,93932,93140,92968,91183,90992,90213,89350,88607,88281,88087,87622,86826,86047,85812,85021,83869,83084,82294
102587,101805,101121,100252,100136,99272,98042,97695,96569,96128,94921,94233,93441,93275,91480,91295,90516,89653,88910,88583,88389,87924,87128,86349,86120,85329,84173,83388,82598
102886,102104,101421,100551,100441,99576,98342,97999,96870,96432,95221,94534,93742,93582,91777,91598,90819,89956,89213,88885,88691,88226,87430,86651,86428,85637,84477,83692,82902
103185,102403,101721,100850,100746,99880,98642,98303,97171,96736,95521,94835,94043,93889,92074,91901,91122,90259,89516,89187,88993,88528,87732,86953,86736,85945,84781,83996,83206
103484,102702,102021,101149,101051,100184,98942,98607,97472,97040,95821,95136,94344,94196,92371,92204,91425,90562,89819,89489,89295,88830,88034,87255,87044,86253,85085,84300,83510
103783,103001,102321,101448,101356,100488,99242,98911,97773,97344,96121,95437,94645,94503,92668,92507,91728,90865,90122,89791,89597,89132,88336,87557,87352,86561,85389,84604,83814
104082,103300,102621,101747,101661,100792,99542,99215,98074,97648,96421,95738,94946,94810,92965,92810,92031,91168,90425,90093,89899,89434,88638,87859,87660,86869,85693,84908,84118
104381,103599,102921,102046,101966,101096,99842,99519,98375,97952,96721,96039,95247,95117,93262,93113,92334,91471,90728,90395,90201,89736,88940,88161,87968,87177,85997,85212,84422
104680,103898,103221,102345,102271,101400,100142,99823,98676,98256,97021,96340,95548,95424,93559,93416,92637,91774,91031,90697,90503,90038,89242,88463,88276,87485,86301,85516,84726
104979,104197,103521,102644,102576,101704,100442,100127,98977,98560,97321,96641,95849,95731,93856,93719,92940,92077,91334,90999,90805,90340,89544,88765,88584,87793,86605,85820,85030
105278,104496,103821,102943,102881,102008,100742,100431,99278,98864,97621,96942,96150,96038,94153,94022,93243,92380,91637,91301,91107,90642,89846,89067,88892,88101,86909,86124,85334
105577,104795,104121,103242,103186,102312,101042,100735,99579,99168,97921,97243,96451,96345,94450,94325,93546,92683,91940,91603,91409,90944,90148,89369,89200,88409,87213,86428,85638
105876,105094,104421,103541,103491,102616,101342,101039,99880,99472,98221,97544,96752,96652,94747,94628,93849,92986,92243,91905,91711,91246,90450,89671,89508,88717,87517,86732,85942
106175,105393,104721,103840,103796,102920,101642,101343,100181,99776,98521,97845,97053,96959,95044,94931,94152,93289,92546,92207,92013,91548,90752,89973,89816,89025,87821,87036,86246
106474,105692,105021,104139,104101,103224,101942,101647,100482,100080,98821,98146,97354,97266,95341,95234,94455,93592,92849,92509,92315,91850,91054,90275,90124,89333,88125,87340,86550
106773,105991,105321,104438,104406,103528,102242,101951,100783,100384,99121,98447,97655,97573,95638,95537,94758,93895,93152,92811,92617,92152,91356,90577,90432,89641,88429,87644,86854
107072,106290,105621,104737,104711,103832,102542,102255,101084,100688,99421,98748,97956,97880,95935,95840,95061,94198,93455,93113,92919,92454,91658,90879,90740,89949,88733,87948,87158
107371,106589,105921,105036,105016,104136,102842,102559,101385,100992,99721,99049,98257,98187,96232,96143,95364,94501,93758,93415,93221,92756,91960,91181,91048,90257,89037,88252,87462
107670,106888,106221,105335,105321,104440,103142,102863,101686,101296,100021,99350,98558,98494,96529,96446,95667,94804,94061,93717,93523,93058,92262,91483,91356,90565,89341,88556,87766
107969,107187,106521,105634,105626,104744,103442,103167,101987,101600,100321,99651,98859,98801,96826,96749,95970,95107,94364,94019,93825,93360,92564,91785,91664,90873,89645,88860,88070
108268,107486,106821,105933,105931,105048,103742,103471,102288,101904,100621,99952,99160,99108,97123,97052,96273,95410,94667,94321,94127,93662,92866,92087,91972,91181,89949,89164,88374
108567,107785,107121,106232,106236,105352,104042,103775,102589,102208,100921,100253,99461,99415,97420,97355,96576,95713,94970,94623,94429,93964,93168,92389,92280,91489,90253,89468,88678
