13601,13254,12914,12567,12215,11873,11532,11196,10840,10500,10165,9820,9469.3,9137.2,8791.3,8441.5,8110.4,7731.7,7408.9,7308.3,7152.3,6874.7,6527.2,6196.3,5852.6,5503.7,5157.5,4819.7,4487.3
13645,13297,12957,12609,12261,11919,11578,11237,10885,10545,10207,9860.9,9514.4,9178.1,8832.2,8486.1,8150.9,7772.2,7449,7348.4,7192.4,6914.7,6570.8,6236,5892.3,5547.3,5200.7,4862.8,4526.5
13688,13339,13000,12651,12307,11965,11624,11279,10931,10591,10248,9901.9,9559.4,9219.1,8873.2,8530.6,8191.4,7812.7,7489.1,7388.4,7232.5,6954.8,6614.4,6275.6,5931.9,5590.9,5243.8,4906,4565.8
13731,13382,13042,12696,12353,12011,11669,11321,10976,10636,10289,9945.1,9604.4,9260,8915.4,8575.2,8231.9,7853.5,7529.1,7428.5,7272.5,6996.4,6658,6315.3,5972.7,5634.5,5287,4948.4,4605
13775,13430,13086,12742,12397,12057,11711,11364,11022,10678,10331,9990.1,9649.5,9300.9,8959.9,8617.9,8272.4,7897.6,7570.2,7468.6,7312.6,7040.5,6699.8,6354.9,6016.3,5676.5,5330.1,4988.1,4645.6
13821,13477,13133,12788,12440,12101,11753,11410,11066,10719,10376,10035,9694.5,9344.7,9004.5,8658.4,8315.2,7941.7,7614.8,7513,7355.2,7084.5,6739.9,6397.3,6060,5716.1,5373.5,5027.7,4688.8
13868,13521,13180,12831,12484,12143,11798,11455,11108,10762,10421,10080,9738.7,9389.2,9049,8698.9,8359.8,7986,7659.3,7557.5,7399.8,7128.6,6780,6441.4,6100.5,5755.8,5417.1,5069.8,4732
13915,13564,13224,12874,12530,12187,11844,11498,11150,10808,10466,10125,9779.6,9433.9,9093.6,8743.8,8404.3,8030.6,7703.5,7599.8,7444.3,7172.7,6823.6,6485.4,6140.2,5798.6,5460.7,5112.9,4775.1
13959,13609,13267,12920,12577,12233,11888,11540,11196,10854,10512,10168,9820.6,9479,9136.6,8788.9,8448.9,8074.6,7747.6,7639.9,7488.3,7215.2,6867.2,6529,6180.8,5841.7,5499.9,5156.1,4818.3
14003,13657,13313,12967,12624,12280,11931,11584,11242,10900,10557,10209,9865,9524,9177.6,8833.6,8493.4,8114.7,7790.6,7680,7532.4,7255.3,6911,6572.6,6224.4,5885,5539.1,5199.2,4860.4
14051,13705,13360,13015,12671,12323,11973,11630,11288,10945,10598,10252,9910.6,9569,9218.5,8878.2,8538,8154.7,7830.7,7724.1,7576.5,7295.4,6955.1,6614.1,6268,5928.6,5580.4,5242.4,4899.6
14099,13753,13407,13062,12715,12366,12020,11677,11334,10988,10640,10297,9955.9,9614.1,9263.4,8922.7,8582.5,8197.6,7870.8,7768.1,7620.6,7339,6999.2,6654.2,6311.6,5972.3,5624,5285.8,4938.9
14144,13801,13451,13109,12758,12411,12066,11723,11380,11030,10685,10343,10001,9657.6,9308.4,8967.3,8626.4,8242.1,7914.3,7812.4,7664.2,7383.1,7043.3,6694.6,6355.2,6015.9,5667.7,5329.4,4980.9
14188,13846,13494,13152,12802,12458,12113,11770,11426,11073,10731,10388,10046,9698.9,9353.5,9011.8,8666.9,8286.7,7958.8,7857,7704.3,7427.1,7087.3,6738.2,6398.8,6059.5,5711.3,5373,5024.1
14235,13890,13541,13196,12850,12505,12160,11816,11473,11120,10776,10434,10091,9740.4,9398.5,9056.7,8707.4,8331.2,8003.4,7901.5,7744.4,7471.2,7131.4,6781.8,6442.5,6101.9,5754.9,5416.2,5067.3
14284,13937,13589,13243,12897,12552,12207,11863,11516,11166,10822,10480,10137,9785.4,9443.5,9101.7,8751,8375.8,8047.9,7945.6,7787.2,7515.3,7175.5,6825.7,6486.1,6141.5,5798.5,5459.3,5110.9
14333,13985,13638,13292,12945,12600,12255,11910,11558,11212,10868,10526,10183,9830.4,9488.6,9146.7,8796.1,8420.6,8092.5,7989.7,7831.7,7559.4,7219.6,6869.8,6530,6181.2,5842.1,5502.7,5154.5
14382,14033,13687,13340,12993,12647,12302,11957,11603,11258,10914,10572,10229,9875.7,9533.6,9191.8,8841.1,8465.7,8137,8034,7876.3,7603.4,7263.6,6913.9,6574.1,6227.4,5885.7,5546.3,5197.8
14431,14083,13735,13388,13041,12695,12349,12004,11649,11305,10960,10618,10275,9921.3,9579,9236.8,8886.1,8510.6,8181.6,8078.6,7920.8,7647.7,7307.7,6957.9,6618.1,6275.5,5928.9,5590,5241
14481,14132,13784,13436,13089,12742,12397,12051,11696,11351,11007,10664,10320,9966.9,9624.5,9282.2,8931.2,8555.1,8226.1,8123.1,7965.4,7692.2,7351.8,7002,6661.7,6322.3,5972.1,5633.1,5284.2
14530,14181,13833,13484,13137,12790,12444,12098,11743,11398,11053,10710,10366,10013,9670,9327.7,8975.8,8599.7,8270.7,8167.7,8012.6,7736.8,7395.9,7046.1,6705.3,6365.9,6015.6,5676.3,5327.3
14580,14231,13882,13533,13185,12838,12491,12145,11790,11444,11100,10756,10412,10059,9715.5,9373.1,9020.4,8644.6,8315.2,8212.2,8061.2,7781.3,7439.9,7090.2,6749.2,6409.5,6059.6,5719.6,5370.5
14630,14280,13930,13581,13233,12886,12539,12193,11840,11491,11146,10802,10458,10108,9761.1,9418.1,9066.6,8689.7,8359.8,8257,8109,7825.9,7484.5,7134.6,6793.3,6453.1,6103.7,5763.2,5416
14680,14329,13980,13630,13282,12934,12587,12240,11892,11538,11193,10848,10504,10157,9806.6,9463.2,9116.3,8734.5,8404.3,8302.1,8153.6,7872.1,7529,7182.7,6837.4,6496.7,6147.4,5806.9,5463.6
14729,14379,14029,13679,13331,12982,12635,12287,11941,11585,11239,10895,10550,10206,9852.1,9508.6,9166,8779.1,8450.8,8347.7,8198.1,7920.1,7573.3,7230.8,6881.4,6540.5,6191,5850.5,5511.1
14780,14429,14078,13729,13380,13031,12683,12335,11988,11634,11286,10941,10596,10252,9899.3,9554.1,9211.4,8823.6,8499.9,8396.3,8242.7,7968.2,7617.4,7276.5,6925.5,6584.5,6235.9,5894.1,5554.2
14830,14479,14128,13778,13428,13079,12730,12383,12035,11685,11335,10987,10642,10298,9948.9,9601.5,9256.4,8872.1,8549.1,8444.9,8287.2,8012.9,7661.6,7320.5,6972.3,6628.6,6283.5,5939.3,5597.4
14881,14529,14177,13827,13477,13127,12778,12431,12083,11736,11386,11036,10688,10344,9998.6,9651.1,9301.7,8921.2,8593.7,8490.7,8332.8,8057.5,7710.2,7364.6,7020.3,6675.3,6331.1,5986.9,5640.8
14932,14579,14227,13877,13526,13178,12826,12479,12131,11783,11437,11086,10736,10390,10045,9700.7,9347.2,8968.7,8638.2,8535.2,8381.4,8102,7758.8,7408.7,7067.6,6722.9,6375.4,6034.4,5684.4
14983,14629,14278,13926,13576,13231,12877,12526,12178,11830,11483,11137,10787,10438,10091,9746.3,9393,9013.7,8685.1,8580.8,8430,8146.6,7804.9,7452.8,7111.3,6769.7,6419,6078.5,5728
15034,14680,14332,13976,13630,13283,12930,12576,12226,11881,11530,11184,10837,10489,10139,9791.8,9442.1,9058.7,8734.3,8629.9,8475.8,8191.2,7849,7499.3,7154.9,6813.8,6463.8,6122.1,5774.9
15084,14735,14387,14030,13683,13332,12982,12629,12276,11933,11581,11231,10884,10538,10189,9839.8,9491.2,9108.3,8783.1,8679,8520.8,8239.8,7893.4,7547.4,7201.4,6857.8,6511.4,6167,5822
15140,14790,14437,14085,13733,13382,13031,12681,12328,11983,11633,11281,10930,10584,10239,9889.5,9540.7,9157.9,8828.1,8725,8567.1,8288.4,7942,7595.5,7249.5,6904.4,6559,6214.1,5867.7
15196,14842,14488,14135,13782,13435,13080,12729,12380,12031,11682,11333,10980,10630,10285,9938.5,9590.3,9207.3,8873.2,8770,8615.7,8337.3,7990.6,7644.1,7297.6,6952,6606.5,6261.2,5911.3
15249,14893,14542,14185,13836,13488,13133,12777,12432,12079,11729,11384,11031,10680,10331,9984.5,9639.2,9256.4,8920.8,8816.4,8664.3,8386.4,8039.2,7692.7,7345.6,6999.7,6654.1,6305.4,5954.9
15301,14947,14597,14238,13890,13539,13186,12830,12485,12131,11777,11435,11082,10731,10380,10031,9684.7,9305.1,8969.9,8865.6,8713.4,8435.5,8087.8,7741,7393.7,7047.8,6700.7,6349,6001.6
15356,15003,14650,14294,13945,13589,13239,12883,12534,12183,11829,11486,11134,10781,10431,10080,9730.2,9350.7,9019,8914.7,8762.5,8484.1,8136.3,7789,7441.8,7095.9,6744.3,6393.8,6048.7
15412,15059,14701,14349,13999,13641,13293,12936,12583,12235,11881,11533,11185,10832,10481,10130,9779.4,9396.2,9068.2,8963.8,8811.6,8532.7,8184.9,7837.2,7489.9,7140.8,6787.9,6441.4,6095.9
15469,15116,14754,14404,14052,13695,13344,12989,12634,12288,11933,11580,11236,10883,10532,10180,9829.7,9444.6,9117.3,9012.9,8860.8,8581.6,8233.5,7885.8,7538,7184.4,6834.8,6488.9,6143.5
15526,15171,14810,14459,14102,13749,13394,13043,12686,12341,11985,11631,11288,10934,10583,10231,9879.7,9494.3,9166.8,9062.1,8909.9,8630.8,8282.1,7934.4,7586.1,7229.6,6882.9,6536.5,6191
15584,15222,14866,14514,14154,13803,13446,13097,12739,12393,12037,11683,11339,10986,10633,10281,9929.3,9545.1,9216.5,9111.2,8959,8679.8,8330.7,7982.7,7634.1,7281.7,6930.8,6584.1,6238.2
15641,15276,14922,14569,14209,13858,13505,13150,12792,12446,12090,11737,11390,11037,10684,10331,9979,9598.9,9266,9160.3,9008.1,8728.4,8379.3,8030.7,7682.6,7333.7,6978.4,6631.7,6285.3
15698,15333,14979,14625,14265,13913,13563,13204,12846,12498,12142,11794,11442,11088,10735,10381,10033,9652.7,9315.1,9210,9057.3,8777,8427.9,8078.9,7731.2,7383.1,7026,6679.3,6332.4
15756,15391,15035,14681,14324,13968,13617,13258,12904,12551,12195,11849,11494,11139,10786,10434,10088,9703,9364.2,9259.7,9106.4,8826,8476.5,8127.5,7779.7,7431.2,7076.4,6726.8,6379.5
15814,15453,15092,14737,14384,14023,13672,13312,12963,12604,12248,11901,11546,11190,10838,10489,10140,9752.6,9417.5,9311.4,9155.6,8875.1,8525.5,8176.1,7827.7,7479.2,7127.9,6777.3,6426.5
15872,15514,15149,14794,14440,14078,13726,13366,13016,12657,12304,11953,11597,11241,10893,10543,10191,9802.5,9471.3,9364.6,9205.3,8924.4,8574.7,8224.7,7875.8,7527.3,7178.8,6828.8,6476.8
15930,15572,15206,14850,14496,14137,13781,13423,13070,12714,12361,12005,11648,11298,10948,10594,10241,9852.8,9523.2,9417.3,9254.9,8974,8624.8,8273.3,7924.3,7575.4,7226.9,6879.6,6528.4
15989,15630,15268,14907,14552,14197,13835,13482,13124,12772,12416,12058,11704,11354,10999,10645,10292,9903.2,9572.8,9467,9307.5,9023.7,8677.4,8322.9,7972.9,7626.3,7275,6927.1,6579
16048,15688,15330,14967,14608,14254,13891,13539,13178,12828,12469,12113,11761,11407,11051,10700,10342,9957.6,9622.7,9516.7,9361.3,9076.5,8730.1,8375.6,8022.3,7678.4,7325.4,6974.7,6626.1
16112,15746,15388,15028,14667,14310,13948,13593,13234,12881,12524,12170,11816,11458,11105,10755,10396,10012,9677.1,9569.8,9413.9,9129.7,8779.9,8428.2,8074.4,7729.7,7377,7025,6673.2
16175,15809,15445,15087,14728,14368,14008,13649,13292,12936,12581,12227,11868,11511,11160,10808,10451,10066,9731.5,9624.2,9463.6,9182.9,8829,8481.3,8126.5,7777.7,7428.6,7076.5,6723.1
16235,15871,15506,15144,14787,14428,14067,13709,13351,12994,12639,12284,11920,11568,11216,10859,10506,10121,9785.6,9678.4,9513.3,9236.1,8879.6,8534.5,8179,7825.8,7480.7,7128.1,6774.7
16294,15931,15569,15204,14843,14489,14128,13769,13410,13052,12697,12341,11977,11624,11273,10911,10561,10174,9839.4,9732.2,9566.5,9289.4,8932.8,8587.5,8231.6,7876.7,7532.8,7179.6,6826.2
16359,15989,15632,15267,14902,14550,14188,13829,13469,13111,12754,12394,12034,11681,11329,10967,10616,10224,9893.3,9786,9620.3,9343.2,8986.1,8640.2,8284.3,7928.8,7584.9,7231.1,6877.8
16423,16053,15695,15329,14964,14610,14249,13888,13528,13170,12812,12447,12091,11738,11384,11022,10671,10275,9947.7,9840.4,9674.1,9397,9039.3,8692.8,8336.9,7981,7637,7282.7,6929.3
16488,16117,15758,15391,15026,14667,14309,13948,13587,13229,12871,12504,12148,11794,11440,11078,10726,10333,10002,9894.8,9727.9,9450.8,9092.5,8746,8389.6,8033.7,7689.1,7334.2,6980.5
16552,16182,15822,15454,15088,14724,14370,14008,13646,13287,12929,12561,12205,11850,11496,11134,10781,10392,10057,9949.2,9781.9,9504.6,9146,8799.2,8442.2,8086.3,7741.1,7385.8,7031.5
16617,16246,15886,15518,15150,14790,14430,14068,13706,13346,12987,12621,12263,11907,11552,11192,10836,10449,10111,10004,9840.5,9558.4,9199.8,8852.4,8494.9,8141.5,7793.2,7437.3,7082.6
16683,16311,15950,15581,15213,14856,14491,14128,13766,13405,13046,12684,12322,11964,11609,11252,10891,10504,10166,10058,9899.1,9612.2,9253.9,8905.7,8547.5,8197.6,7845.3,7488.8,7134.1
16749,16375,16014,15644,15276,14918,14552,14189,13825,13464,13105,12746,12384,12022,11666,11311,10947,10559,10221,10112,9955,9666,9311.9,8958.9,8600.2,8252.9,7897.4,7540.7,7185.6
16815,16444,16078,15708,15343,14980,14614,14249,13885,13524,13164,12804,12446,12084,11723,11367,11003,10614,10276,10167,10009,9723.4,9369.8,9012.1,8652.8,8305.5,7950.2,7592.8,7239.3
16881,16514,16142,15776,15411,15042,14675,14312,13946,13585,13223,12863,12504,12146,11784,11423,11063,10669,10335,10224,10065,9781.9,9424.7,9065.3,8709.5,8358.2,8006.3,7645.3,7294.8
16948,16581,16206,15844,15474,15104,14739,14378,14008,13649,13282,12925,12561,12203,11844,11483,11123,10728,10393,10283,10123,9839.1,9477.9,9120.7,8766.8,8414,8062.4,7701.4,7350.3
17019,16646,16273,15908,15536,15170,14806,14443,14073,13713,13346,12988,12623,12260,11902,11544,11183,10788,10449,10342,10182,9893.5,9532.2,9178.1,8824.1,8470.7,8115.8,7757.5,7405.8
17090,16716,16344,15974,15605,15238,14870,14504,14138,13773,13409,13048,12686,12320,11959,11603,11244,10848,10504,10401,10237,9947.9,9590.8,9235.4,8881.5,8526.1,8167.9,7813.5,7461.3
17157,16787,16414,16043,15673,15305,14932,14566,14203,13832,13473,13107,12749,12382,12018,11659,11303,10907,10561,10460,10291,10006,9649.4,9293.4,8938.8,8578.8,8220.8,7869.6,7515.2
17225,16854,16484,16113,15742,15373,14997,14632,14268,13897,13538,13169,12811,12445,12080,11717,11359,10966,10620,10515,10348,10065,9707.5,9351.3,8996.1,8631.4,8277.5,7925.7,7567.2
17297,16920,16555,16182,15810,15441,15064,14698,14334,13962,13602,13232,12874,12508,12142,11778,11416,11026,10679,10570,10407,10123,9765.4,9408.8,9053.4,8688,8334.2,7981.8,7619.3
17370,16992,16626,16252,15879,15509,15132,14765,14400,14027,13666,13296,12937,12570,12204,11839,11481,11086,10739,10631,10467,10182,9823.6,9466.1,9110.7,8745.3,8390.9,8037.9,7678.7
17443,17064,16698,16322,15949,15578,15199,14832,14466,14092,13730,13359,13000,12632,12266,11904,11546,11146,10799,10694,10531,10241,9882.2,9523.6,9168,8803.9,8447.6,8094,7738.2
17516,17141,16769,16392,16018,15646,15268,14898,14532,14160,13795,13424,13063,12694,12328,11970,11607,11207,10862,10757,10594,10299,9940.9,9581.6,9225.3,8864.7,8505.3,8150.1,7796.1
17590,17218,16840,16462,16087,15715,15341,14965,14598,14231,13859,13493,13127,12758,12391,12033,11668,11268,10926,10817,10655,10358,10004,9639.5,9282.7,8925.4,8566.1,8206.2,7852.2
17666,17291,16911,16533,16158,15785,15412,15037,14665,14299,13924,13561,13190,12821,12456,12095,11729,11328,10989,10877,10715,10420,10066,9701.4,9340,8983,8626.8,8262.3,7908.3
17745,17363,16983,16604,16228,15854,15481,15109,14735,14365,13990,13626,13254,12887,12522,12157,11790,11389,11049,10936,10774,10484,10127,9764.2,9400.4,9040.3,8684.4,8318.4,7964.4
17821,17436,17055,16677,16302,15922,15550,15178,14806,14433,14060,13690,13322,12955,12589,12219,11853,11454,11109,10996,10834,10548,10185,9824.9,9462.5,9099.6,8741.1,8377.4,8020.5
17894,17510,17131,16753,16378,15994,15623,15245,14875,14503,14130,13759,13390,13022,12656,12282,11918,11519,11173,11059,10893,10612,10245,9882.8,9523.6,9161,8799.1,8438.1,8078.5
17972,17589,17208,16829,16449,16069,15696,15317,14942,14573,14200,13829,13459,13090,12722,12349,11984,11584,11237,11123,10957,10676,10307,9940.8,9581.5,9222.5,8859.8,8498.9,8138.6
18053,17667,17286,16906,16519,16144,15766,15391,15011,14640,14271,13898,13528,13158,12785,12415,12050,11649,11302,11188,11022,10735,10370,10004,9639.5,9284.6,8920.6,8559.6,8198.7
18134,17747,17363,16981,16595,16218,15836,15464,15084,14707,14342,13968,13597,13226,12848,12482,12117,11715,11367,11252,11086,10794,10434,10066,9700.8,9346.6,8981.9,8620.4,8258.8
18215,17826,17441,17053,16671,16293,15910,15538,15156,14779,14412,14038,13666,13295,12916,12549,12183,11780,11432,11317,11151,10857,10497,10130,9762.9,9408.3,9043.3,8681.1,8318.9
18295,17906,17520,17129,16747,16370,15985,15611,15230,14850,14483,14108,13735,13363,12984,12617,12250,11846,11497,11382,11216,10921,10561,10193,9826.9,9469.7,9104.7,8741.9,8379
18376,17986,17599,17213,16824,16446,16064,15684,15303,14928,14555,14178,13805,13432,13056,12684,12316,11912,11563,11447,11280,10987,10625,10256,9893.9,9531.2,9166.1,8802.6,8439.1
18457,18067,17679,17294,16901,16521,16143,15758,15375,15005,14626,14248,13875,13501,13128,12753,12383,11977,11628,11515,11345,11055,10689,10319,9960.8,9593.3,9227.5,8863.4,8499.2
18538,18147,17758,17371,16978,16597,16218,15833,15449,15078,14698,14319,13944,13570,13198,12825,12450,12044,11693,11584,11415,11124,10753,10382,10024,9655.4,9288.9,8924.1,8563.9
18620,18226,17839,17449,17061,16673,16294,15910,15527,15150,14770,14390,14014,13639,13266,12896,12522,12110,11759,11652,11485,11189,10816,10449,10086,9720.7,9350.4,8988.4,8628.7
18704,18311,17923,17528,17143,16752,16369,15989,15605,15222,14841,14461,14088,13708,13336,12964,12593,12180,11824,11718,11551,11254,10884,10517,10152,9786.9,9414.3,9053.9,8691.4
18791,18399,18007,17610,17226,16834,16445,16066,15679,15295,14915,14537,14163,13780,13410,13032,12661,12251,11892,11784,11616,11322,10952,10584,10219,9851.9,9480.5,9119.4,8752.2
18876,18480,18087,17695,17308,16916,16526,16142,15754,15372,14992,14614,14238,13854,13483,13105,12728,12322,11962,11854,11683,11391,11021,10652,10285,9914.7,9546.7,9184.9,8813.1
18959,18561,18169,17780,17386,16998,16608,16220,15834,15450,15070,14690,14313,13929,13557,13177,12799,12393,12032,11924,11753,11460,11089,10720,10348,9977.5,9612.9,9250.4,8877.9
19046,18648,18255,17865,17466,17081,16689,16300,15913,15528,15147,14766,14386,14004,13630,13250,12870,12464,12103,11995,11823,11530,11158,10788,10412,10044,9679.1,9315.9,8942.7
19135,18736,18341,17949,17550,17163,16771,16381,15992,15607,15224,14843,14457,14079,13705,13323,12942,12535,12174,12066,11893,11599,11227,10857,10482,10111,9745.4,9381.4,9007.9
19230,18825,18429,18034,17634,17247,16853,16461,16072,15686,15301,14921,14534,14154,13779,13396,13015,12607,12245,12137,11963,11668,11296,10925,10553,10178,9811.6,9446.9,9073.4
19324,18915,18515,18120,17718,17330,16936,16542,16152,15765,15379,14998,14615,14228,13853,13469,13089,12679,12316,12208,12034,11737,11365,10994,10623,10245,9878,9512.4,9138.9
19413,19009,18601,18206,17805,17414,17018,16624,16233,15848,15457,15075,14694,14305,13928,13543,13167,12751,12390,12278,12105,11807,11435,11062,10691,10313,9945,9577.9,9204.4
19503,19100,18694,18292,17896,17498,17102,16708,16319,15932,15537,15152,14770,14381,14002,13618,13245,12823,12466,12349,12179,11877,11506,11131,10760,10385,10012,9644.1,9269.9
19594,19189,18788,18380,17984,17586,17190,16795,16403,16013,15621,15230,14848,14461,14077,13693,13317,12896,12540,12420,12254,11950,11580,11200,10828,10457,10083,9710.3,9338.3
19688,19282,18875,18473,18070,17675,17276,16879,16485,16092,15705,15311,14929,14541,14154,13771,13390,12970,12611,12496,12330,12026,11653,11274,10895,10525,10154,9779.3,9407.9
19783,19376,18964,18565,18159,17760,17360,16961,16567,16175,15789,15395,15010,14622,14234,13849,13467,13046,12683,12573,12405,12101,11723,11347,10967,10593,10225,9850.4,9477.7
19880,19472,19058,18657,18249,17845,17446,17048,16654,16261,15873,15478,15088,14703,14315,13930,13545,13123,12760,12649,12480,12176,11793,11421,11040,10663,10296,9921.4,9548
19977,19567,19152,18749,18341,17935,17535,17136,16740,16347,15952,15561,15167,14784,14396,14010,13624,13201,12838,12725,12557,12252,11867,11494,11113,10735,10367,9991.8,9618.4
20074,19664,19246,18844,18434,18026,17624,17223,16827,16433,16032,15644,15249,14865,14476,14089,13703,13279,12914,12801,12633,12327,11941,11568,11186,10807,10439,10062,9688.7
20172,19761,19341,18937,18525,18117,17712,17311,16914,16519,16118,15727,15331,14947,14556,14168,13782,13357,12990,12878,12709,12402,12016,11642,11260,10879,10511,10133,9759.1
20270,19856,19437,19030,18617,18210,17805,17400,17001,16605,16204,15811,15414,15029,14637,14248,13861,13435,13068,12954,12785,12478,12092,11715,11334,10952,10583,10204,9829.5
20369,19953,19536,19124,18710,18307,17901,17489,17091,16692,16294,15895,15498,15112,14719,14328,13940,13513,13146,13031,12862,12554,12168,11790,11407,11028,10655,10276,9899.8
20467,20050,19638,19218,18804,18402,17993,17584,17184,16779,16384,15983,15586,15195,14802,14408,14019,13592,13226,13109,12939,12631,12248,11864,11484,11105,10727,10348,9970.2
20572,20154,19733,19320,18904,18493,18085,17679,17275,16870,16469,16073,15674,15280,14887,14489,14100,13674,13307,13192,13019,12707,12328,11940,11562,11180,10799,10420,10046
20678,20257,19831,19419,19004,18589,18180,17768,17364,16962,16556,16161,15758,15367,14973,14573,14184,13758,13388,13274,13100,12785,12403,12015,11638,11253,10871,10495,10121
20781,20355,19935,19515,19103,18687,18275,17858,17455,17050,16647,16246,15843,15452,15055,14659,14269,13841,13466,13352,13181,12865,12478,12093,11712,11326,10948,10570,10194
20886,20457,20038,19614,19199,18780,18369,17955,17549,17138,16739,16334,15932,15535,15137,14746,14354,13925,13545,13429,13259,12946,12558,12171,11787,11403,11025,10647,10265
20993,20565,20141,19715,19294,18874,18461,18051,17645,17231,16833,16425,16021,15621,15224,14831,14439,14006,13628,13512,13335,13029,12639,12251,11867,11482,11102,10724,10337
21103,20670,20242,19817,19392,18973,18558,18146,17740,17325,16925,16516,16110,15710,15313,14917,14523,14085,13712,13595,13418,13109,12719,12331,11946,11561,11179,10801,10412
21212,20776,20342,19919,19495,19073,18657,18243,17836,17419,17016,16608,16202,15800,15402,15004,14610,14168,13795,13678,13501,13192,12800,12410,12025,11640,11257,10878,10488
21317,20884,20452,20022,19603,19179,18761,18340,17931,17514,17109,16699,16291,15889,15489,15091,14697,14257,13880,13760,13585,13275,12881,12491,12104,11719,11335,10953,10564
21433,20997,20560,20129,19708,19283,18863,18440,18027,17613,17203,16791,16383,15981,15578,15178,14782,14346,13969,13846,13668,13357,12962,12572,12185,11797,11412,11030,10640
21550,21108,20667,20239,19810,19384,18962,18542,18122,17712,17299,16886,16479,16077,15666,15267,14869,14431,14056,13935,13754,13440,13045,12656,12270,11877,11489,11107,10718
21671,21223,20776,20344,19916,19486,19060,18643,18223,17809,17397,16985,16576,16169,15759,15360,14956,14518,14142,14023,13842,13525,13131,12742,12353,11960,11568,11184,10800
21791,21340,20888,20450,20023,19588,19159,18740,18325,17904,17494,17080,16667,16258,15853,15451,15046,14608,14226,14108,13927,13612,13218,12824,12433,12044,11650,11262,10881
21917,21455,21007,20563,20132,19696,19266,18842,18422,18004,17589,17172,16760,16350,15947,15538,15138,14699,14314,14191,14012,13700,13301,12906,12513,12124,11733,11342,10962
22042,21575,21123,20678,20241,19807,19374,18947,18520,18106,17686,17270,16856,16447,16041,15629,15229,14786,14403,14281,14099,13787,13383,12990,12598,12204,11816,11425,11042
22170,21699,21240,20795,20348,19913,19477,19055,18622,18209,17786,17367,16953,16544,16135,15723,15321,14871,14493,14370,14188,13876,13470,13077,12683,12287,11899,11506,11121
22302,21824,21366,20909,20458,20023,19583,19159,18726,18311,17887,17466,17050,16641,16231,15817,15414,14962,14583,14462,14278,13958,13557,13162,12769,12371,11983,11589,11199
22433,21958,21486,21026,20574,20134,19697,19262,18831,18411,17987,17566,17150,16737,16328,15911,15509,15054,14674,14551,14367,14044,13646,13248,12855,12455,12066,11671,11280
22569,22084,21612,21147,20691,20247,19805,19368,18938,18513,18087,17668,17248,16834,16423,16005,15603,15146,14764,14643,14458,14138,13734,13335,12943,12540,12149,11753,11365
22711,22219,21743,21272,20810,20361,19913,19478,19044,18617,18188,17768,17346,16932,16519,16100,15695,15237,14856,14733,14554,14232,13824,13422,13029,12626,12232,11836,11450
22858,22356,21875,21398,20931,20478,20032,19593,19152,18722,18295,17872,17445,17030,16616,16197,15788,15335,14948,14826,14648,14322,13918,13509,13114,12716,12317,11921,11534
23004,22498,22010,21527,21060,20599,20149,19706,19260,18827,18403,17976,17546,17131,16712,16296,15883,15432,15041,14922,14738,14411,14009,13601,13200,12805,12405,12009,11617
23154,22647,22144,21658,21189,20722,20262,19821,19372,18936,18508,18078,17651,17234,16809,16397,15979,15525,15137,15015,14829,14506,14098,13694,13289,12891,12495,12096,11702
23316,22794,22281,21796,21312,20843,20383,19936,19484,19045,18612,18180,17756,17336,16913,16491,16078,15618,15233,15107,14926,14601,14186,13788,13380,12976,12583,12179,11789
23473,22943,22427,21936,21446,20971,20506,20054,19597,19161,18725,18288,17860,17440,17015,16589,16178,15716,15325,15202,15022,14692,14280,13881,13472,13066,12668,12264,11875
23633,23097,22576,22075,21584,21100,20630,20177,19719,19276,18835,18398,17966,17544,17117,16691,16278,15815,15420,15300,15119,14783,14374,13972,13564,13158,12754,12353,11960
23804,23260,22728,22222,21722,21231,20756,20297,19841,19387,18944,18507,18074,17647,17216,16794,16380,15914,15519,15399,15216,14877,14471,14060,13656,13249,12843,12443,12044
23978,23419,22889,22369,21863,21366,20885,20421,19957,19504,19058,18618,18184,17753,17320,16900,16481,16013,15615,15497,15312,14974,14565,14152,13750,13339,12935,12532,12132
24151,23587,23041,22515,22004,21509,21022,20549,20081,19625,19173,18731,18292,17858,17422,17004,16582,16114,15712,15593,15409,15073,14662,14251,13842,13431,13027,12622,12219
24332,23761,23204,22670,22150,21647,21156,20678,20208,19748,19291,18845,18402,17965,17532,17108,16681,16214,15811,15691,15507,15174,14756,14349,13936,13523,13117,12713,12313
24524,23941,23373,22831,22302,21791,21289,20806,20337,19873,19409,18963,18513,18073,17641,17212,16784,16316,15918,15790,15606,15275,14852,14445,14028,13615,13210,12808,12406
24716,24124,23545,22999,22455,21939,21430,20943,20467,19996,19531,19079,18630,18189,17746,17321,16891,16420,16022,15889,15704,15373,14949,14539,14125,13712,13306,12901,12496
24909,24307,23724,23163,22615,22087,21581,21079,20597,20125,19655,19195,18748,18302,17855,17429,16998,16525,16126,15989,15802,15469,15049,14634,14224,13811,13400,12993,12586
25107,24490,23899,23328,22780,22245,21729,21223,20730,20251,19777,19313,18863,18412,17969,17539,17105,16629,16227,16092,15905,15567,15150,14731,14320,13903,13492,13083,12678
25308,24683,24079,23507,22944,22407,21875,21364,20868,20381,19905,19437,18981,18527,18084,17649,17213,16733,16331,16198,16007,15669,15252,14830,14414,13997,13586,13177,12773
25525,24888,24272,23683,23114,22566,22030,21512,21011,20516,20037,19565,19105,18647,18199,17760,17321,16838,16435,16307,16112,15775,15353,14931,14510,14095,13684,13273,12868
25737,25093,24472,23868,23286,22729,22188,21660,21153,20654,20171,19692,19229,18766,18315,17873,17430,16950,16540,16414,16220,15880,15455,15032,14610,14194,13781,13369,12963
25957,25298,24664,24053,23464,22894,22349,21819,21301,20795,20308,19821,19353,18886,18431,17986,17540,17063,16644,16518,16325,15981,15556,15134,14711,14293,13880,13466,13057
26186,25514,24866,24246,23642,23071,22515,21978,21450,20941,20444,19953,19480,19015,18552,18099,17656,17174,16755,16624,16430,16084,15659,15240,14813,14392,13976,13563,13153
26418,25734,25076,24447,23834,23244,22683,22134,21607,21089,20580,20090,19610,19140,18677,18215,17774,17282,16864,16735,16538,16193,15764,15344,14914,14495,14075,13661,13250
26640,25949,25287,24648,24026,23428,22856,22300,21763,21235,20725,20233,19744,19267,18806,18339,17893,17395,16979,16847,16649,16302,15870,15447,15016,14600,14174,13759,13346
26875,26177,25504,24848,24223,23617,23033,22466,21923,21388,20873,20374,19881,19395,18931,18461,18011,17510,17091,16959,16759,16411,15977,15553,15119,14702,14277,13857,13443
27116,26412,25727,25060,24420,23805,23218,22640,22085,21546,21021,20518,20019,19529,19058,18583,18130,17625,17206,17072,16870,16520,16086,15657,15226,14804,14381,13955,13542
27364,26648,25946,25270,24630,23997,23403,22816,22252,21709,21178,20662,20159,19668,19188,18711,18252,17743,17319,17186,16986,16629,16194,15762,15329,14908,14482,14058,13644
27608,26888,26181,25493,24836,24201,23587,22997,22425,21868,21336,20810,20299,19807,19320,18844,18373,17866,17439,17302,17104,16740,16303,15869,15437,15011,14583,14159,13743
27855,27121,26414,25721,25049,24406,23780,23182,22599,22036,21490,20963,20442,19945,19459,18976,18499,17990,17558,17422,17219,16857,16417,15975,15546,15116,14687,14260,13841
28110,27365,26644,25949,25273,24612,23978,23370,22780,22206,21650,21118,20595,20087,19597,19102,18630,18118,17674,17544,17332,16974,16531,16084,15656,15224,14794,14361,13940
28367,27621,26888,26180,25491,24816,24178,23562,22965,22387,21820,21279,20748,20235,19731,19240,18761,18245,17795,17666,17451,17092,16645,16197,15767,15332,14901,14466,14044
28629,27871,27135,26416,25715,25037,24385,23760,23150,22561,21994,21444,20903,20381,19874,19377,18893,18372,17925,17789,17571,17211,16760,16313,15876,15441,15008,14572,14150
28884,28125,27381,26657,25947,25266,24599,23960,23346,22743,22164,21612,21064,20533,20025,19523,19027,18500,18053,17912,17699,17329,16877,16432,15987,15549,15116,14678,14255
29150,28382,27633,26899,26187,25488,24818,24161,23537,22927,22341,21774,21229,20693,20173,19665,19164,18629,18180,18039,17828,17451,16998,16548,16100,15660,15222,14783,14358
29417,28641,27879,27145,26420,25712,25033,24373,23733,23115,22525,21947,21397,20854,20322,19805,19309,18767,18311,18164,17957,17578,17122,16662,16212,15768,15331,14891,14461
29687,28905,28131,27391,26658,25950,25254,24587,23937,23317,22713,22125,21564,21016,20478,19955,19452,18905,18444,18296,18089,17707,17244,16781,16328,15884,15444,15003,14567
29962,29166,28392,27644,26899,26188,25485,24806,24147,23514,22898,22310,21731,21181,20634,20107,19598,19042,18580,18431,18219,17836,17368,16903,16447,15999,15557,15116,14676
30231,29433,28658,27906,27147,26429,25715,25032,24361,23719,23091,22491,21910,21347,20796,20267,19748,19185,18717,18570,18352,17969,17493,17028,16569,16115,15673,15228,14786
30507,29700,28925,28161,27401,26670,25947,25255,24577,23926,23287,22678,22094,21519,20962,20424,19896,19334,18855,18711,18487,18103,17621,17155,16693,16231,15786,15340,14899
30786,29979,29192,28420,27659,26916,26189,25482,24804,24134,23490,22871,22279,21696,21130,20583,20053,19483,18998,18850,18627,18236,17753,17281,16816,16353,15903,15457,15014
31058,30253,29457,28679,27912,27162,26435,25719,25031,24352,23700,23069,22465,21874,21305,20748,20213,19628,19143,18995,18770,18369,17888,17407,16938,16477,16024,15573,15130
31339,30532,29729,28944,28172,27421,26680,25959,25252,24569,23910,23273,22655,22053,21479,20914,20371,19780,19291,19139,18912,18511,18022,17542,17067,16601,16145,15693,15247
31621,30811,30007,29219,28440,27676,26925,26195,25483,24790,24127,23477,22851,22239,21658,21085,20534,19939,19443,19290,19059,18655,18160,17679,17199,16725,16268,15811,15362
31908,31094,30286,29488,28700,27932,27176,26437,25721,25015,24345,23682,23047,22435,21840,21263,20700,20102,19601,19440,19210,18803,18304,17813,17330,16855,16392,15929,15479
32195,31372,30558,29758,28974,28199,27434,26691,25960,25247,24566,23895,23249,22631,22023,21438,20873,20265,19758,19598,19359,18951,18448,17948,17461,16987,16513,16049,15595
32477,31655,30835,30033,29241,28463,27693,26940,26205,25485,24790,24110,23456,22832,22215,21614,21048,20428,19913,19756,19515,19098,18589,18091,17599,17119,16643,16174,15715
32764,31937,31117,30312,29512,28719,27952,27190,26452,25731,25027,24332,23669,23031,22410,21800,21226,20597,20076,19919,19677,19250,18731,18231,17735,17255,16773,16303,15833
33051,32224,31400,30585,29787,28987,28215,27446,26698,25974,25258,24561,23886,23231,22605,21995,21407,20770,20242,20082,19836,19403,18882,18376,17875,17391,16904,16432,15960
33345,32518,31686,30872,30061,29265,28476,27707,26950,26220,25489,24791,24107,23443,22803,22190,21589,20950,20415,20248,19999,19567,19038,18524,18019,17527,17036,16558,16091
33637,32804,31969,31155,30336,29536,28745,27974,27205,26464,25730,25023,24333,23658,23010,22382,21775,21127,20584,20416,20168,19730,19197,18671,18168,17663,17176,16690,16217
33931,33095,32261,31438,30610,29812,29017,28236,27464,26708,25979,25259,24561,23878,23228,22586,21968,21313,20758,20591,20339,19894,19351,18820,18314,17802,17314,16827,16345
34215,33379,32547,31723,30900,30090,29293,28505,27723,26967,26228,25501,24790,24103,23440,22789,22156,21498,20939,20769,20514,20062,19510,18977,18461,17948,17455,16964,16478
34510,33668,32834,32010,31182,30372,29564,28769,27983,27226,26472,25741,25023,24330,23652,22997,22356,21690,21121,20950,20690,20232,19674,19136,18612,18094,17596,17102,16609
34807,33963,33129,32290,31469,30648,29838,29034,28252,27485,26726,25984,25262,24557,23870,23208,22560,21883,21303,21132,20869,20408,19846,19300,18772,18243,17741,17239,16742
35105,34259,33420,32578,31750,30927,30121,29313,28519,27738,26985,26232,25506,24787,24097,23426,22771,22077,21491,21316,21050,20587,20021,19463,18931,18396,17887,17380,16879
35397,34549,33712,32870,32036,31211,30396,29592,28790,28008,27238,26485,25749,25028,24326,23646,22983,22275,21684,21505,21238,20769,20192,19627,19086,18554,18036,17521,17024
35697,34848,34008,33158,32322,31495,30673,29869,29067,28275,27505,26744,25994,25271,24563,23871,23195,22481,21886,21702,21433,20951,20370,19800,19255,18715,18184,17666,17167
35989,35147,34302,33451,32610,31780,30963,30145,29346,28548,27769,26999,26245,25515,24798,24098,23417,22687,22089,21900,21621,21141,20552,19976,19421,18876,18339,17817,17310
36286,35440,34588,33745,32906,32068,31245,30427,29617,28818,28038,27254,26496,25758,25033,24327,23644,22901,22293,22103,21817,21331,20739,20152,19591,19040,18496,17970,17456
36584,35732,34880,34035,33196,32361,31533,30710,29892,29092,28305,27519,26754,26006,25276,24563,23872,23122,22500,22310,22020,21526,20923,20330,19761,19205,18656,18129,17602
36883,36031,35180,34331,33488,32652,31819,30991,30179,29364,28570,27784,27020,26256,25525,24802,24095,23345,22712,22519,22223,21727,21111,20512,19936,19374,18824,18286,17754
37186,36324,35475,34631,33784,32941,32105,31276,30459,29647,28846,28055,27280,26516,25770,25042,24327,23569,22927,22730,22432,21927,21301,20701,20113,19544,18990,18444,17910
37483,36623,35773,34923,34072,33237,32393,31563,30737,29924,29119,28326,27543,26777,26014,25287,24567,23796,23151,22948,22646,22137,21503,20893,20298,19720,19160,18605,18071
37784,36923,36072,35215,34366,33530,32690,31852,31024,30207,29396,28596,27807,27033,26275,25532,24805,24032,23374,23171,22872,22347,21707,21086,20482,19896,19331,18770,18232
38083,37224,36368,35508,34665,33821,32979,32144,31309,30488,29671,28872,28076,27293,26529,25784,25050,24262,23600,23397,23095,22558,21904,21277,20675,20073,19501,18940,18394
38378,37519,36662,35802,34966,34117,33266,32427,31602,30778,29952,29146,28354,27559,26790,26042,25294,24497,23831,23625,23313,22771,22117,21479,20866,20258,19683,19111,18557
38683,37822,36965,36101,35258,34410,33560,32717,31880,31060,30237,29419,28622,27830,27054,26294,25543,24739,24060,23854,23536,22990,22333,21682,21061,20446,19866,19283,18725
38989,38123,37261,36404,35551,34699,33848,33013,32175,31346,30519,29697,28892,28099,27317,26550,25799,24986,24301,24087,23769,23216,22548,21889,21262,20636,20048,19462,18900
39291,38425,37559,36707,35848,34991,34147,33309,32465,31629,30801,29979,29173,28370,27587,26806,26047,25227,24537,24323,24003,23442,22766,22108,21464,20838,20233,19644,19071
39594,38720,37862,37007,36149,35290,34442,33605,32754,31921,31089,30266,29459,28640,27853,27073,26310,25482,24778,24565,24249,23676,22989,22320,21667,21036,20421,19826,19245
39897,39024,38163,37305,36449,35588,34742,33893,33041,32209,31376,30549,29739,28921,28122,27341,26571,25736,25031,24809,24490,23909,23218,22538,21877,21233,20615,20011,19427
40197,39331,38465,37601,36744,35887,35037,34188,33337,32501,31664,30842,30011,29204,28395,27606,26835,25992,25282,25064,24731,24151,23451,22763,22087,21442,20813,20203,19609
40505,39639,38768,37902,37047,36185,35336,34485,33639,32797,31952,31128,30293,29487,28671,27881,27092,26249,25534,25312,24972,24392,23685,22989,22307,21652,21015,20395,19796
40815,39943,39070,38203,37342,36475,35635,34777,33931,33088,32246,31412,30586,29762,28949,28149,27356,26512,25790,25566,25220,24635,23918,23220,22528,21864,21223,20590,19985
41120,40241,39380,38505,37641,36776,35934,35069,34218,33381,32530,31702,30865,30044,29231,28419,27625,26776,26046,25822,25473,24884,24156,23450,22758,22087,21432,20787,20175
41416,40550,39683,38803,37950,37085,36226,35368,34521,33668,32829,31984,31152,30334,29507,28702,27903,27034,26301,26078,25732,25132,24405,23686,22983,22305,21637,20993,20370
41725,40858,39981,39113,38249,37387,36520,35673,34820,33965,33128,32277,31445,30614,29794,28981,28175,27309,26567,26335,25995,25386,24651,23921,23215,22532,21854,21207,20571
42036,41157,40284,39422,38547,37689,36825,35964,35112,34261,33418,32570,31735,30902,30075,29259,28450,27573,26838,26597,26256,25641,24896,24168,23449,22757,22072,21414,20772
42348,41465,40594,39721,38849,37984,37126,36265,35408,34554,33711,32861,32026,31187,30361,29541,28729,27847,27105,26868,26514,25902,25146,24411,23687,22987,22291,21621,20974
42657,41773,40904,40019,39159,38283,37427,36564,35705,34852,34003,33154,32322,31483,30647,29820,29012,28122,27371,27132,26784,26165,25396,24659,23923,23225,22516,21841,21187
42963,42080,41206,40329,39462,38589,37728,36864,36010,35151,34300,33453,32610,31776,30935,30104,29289,28398,27639,27407,27049,26427,25659,24907,24170,23457,22748,22065,21399
43267,42393,41512,40635,39760,38887,38030,37166,36306,35450,34600,33743,32906,32064,31222,30390,29572,28679,27907,27680,27318,26695,25921,25167,24418,23696,22984,22290,21621
43578,42699,41820,40940,40064,39189,38329,37467,36601,35752,34897,34041,33196,32345,31512,30676,29855,28962,28189,27955,27595,26955,26191,25421,24667,23940,23222,22519,21843
43886,43003,42129,41244,40373,39494,38634,37768,36902,36047,35190,34339,33487,32637,31806,30967,30134,29237,28466,28230,27871,27226,26456,25681,24922,24187,23454,22752,22064
44192,43312,42436,41552,40675,39798,38933,38070,37204,36349,35488,34631,33787,32931,32098,31262,30426,29523,28747,28510,28141,27502,26717,25940,25182,24429,23704,22988,22291
44500,43624,42741,41866,40983,40108,39234,38369,37504,36645,35779,34932,34079,33234,32392,31551,30719,29804,29024,28782,28419,27779,26981,26208,25435,24677,23947,23226,22522
44813,43927,43046,42172,41286,40418,39543,38677,37806,36942,36082,35236,34376,33530,32685,31841,31004,30086,29307,29062,28700,28056,27251,26472,25690,24936,24193,23465,22759
45127,44235,43360,42478,41594,40722,39845,38978,38108,37244,36387,35531,34673,33822,32981,32131,31293,30379,29598,29348,28979,28329,27526,26740,25960,25190,24439,23704,22990
45441,44546,43673,42782,41907,41022,40153,39281,38413,37542,36682,35824,34966,34116,33268,32431,31586,30664,29877,29634,29261,28612,27799,27008,26230,25453,24691,23954,23222
45754,44859,43981,43091,42214,41331,40462,39584,38712,37849,36982,36119,35269,34415,33565,32719,31882,30949,30167,29920,29548,28887,28082,27281,26498,25714,24954,24204,23472
46064,45173,44289,43400,42513,41639,40769,39887,39018,38154,37285,36428,35566,34714,33864,33013,32167,31238,30452,30201,29835,29172,28364,27559,26766,25974,25214,24452,23721
46372,45487,44597,43716,42825,41953,41069,40197,39322,38456,37593,36725,35868,35004,34163,33306,32456,31533,30749,30486,30124,29458,28643,27835,27034,26240,25468,24706,23968
46682,45798,44906,44024,43135,42260,41373,40507,39630,38757,37894,37022,36166,35303,34461,33604,32756,31827,31038,30783,30406,29744,28922,28109,27305,26510,25730,24969,24214
46996,46116,45220,44333,43449,42569,41686,40809,39932,39060,38192,37328,36468,35608,34755,33900,33051,32125,31322,31072,30698,30030,29202,28390,27584,26785,25998,25234,24474
47312,46427,45532,44641,43760,42881,41990,41111,40241,39365,38497,37636,36769,35905,35048,34192,33349,32415,31609,31367,30987,30316,29488,28669,27856,27060,26266,25496,24730
47627,46737,45843,44946,44068,43184,42302,41424,40548,39674,38797,37940,37072,36206,35351,34495,33641,32709,31904,31660,31274,30608,29771,28948,28136,27334,26540,25759,24985
47936,47047,46158,45258,44376,43495,42614,41728,40848,39984,39101,38237,37375,36508,35646,34790,33931,33002,32203,31946,31568,30897,30063,29236,28415,27613,26811,26025,25246
48255,47362,46471,45577,44687,43803,42921,42036,41152,40287,39409,38535,37679,36809,35945,35090,34232,33299,32491,32244,31864,31191,30357,29526,28699,27885,27084,26296,25505
48569,47678,46786,45887,45003,44114,43230,42348,41466,40587,39718,38838,37978,37115,36254,35388,34537,33598,32790,32536,32156,31478,30649,29814,28985,28162,27363,26564,25773
48886,47990,47093,46197,45315,44428,43539,42660,41770,40888,40021,39144,38275,37413,36553,35691,34837,33896,33086,32828,32442,31775,30937,30099,29271,28447,27635,26839,26041
49200,48302,47409,46509,45624,44735,43847,42962,42082,41198,40329,39454,38576,37714,36847,35993,35129,34195,33378,33121,32738,32066,31228,30383,29561,28728,27917,27112,26309
49513,48615,47724,46825,45935,45048,44161,43270,42393,41507,40635,39757,38880,38016,37151,36294,35430,34487,33676,33414,33039,32361,31516,30673,29846,29014,28203,27386,26589
49830,48927,48036,47141,46251,45366,44475,43590,42703,41815,40948,40065,39188,38314,37451,36588,35727,34788,33975,33712,33337,32653,31803,30967,30135,29299,28483,27670,26862
50142,49244,48348,47451,46562,45676,44785,43901,43011,42127,41255,40372,39498,38617,37758,36889,36023,35083,34267,34009,33628,32949,32100,31262,30425,29588,28760,27951,27139
50458,49561,48660,47768,46872,45987,45092,44209,43320,42439,41553,40685,39805,38923,38062,37191,36331,35378,34561,34312,33927,33247,32396,31554,30712,29877,29053,28233,27419
50777,49876,48977,48082,47186,46299,45408,44521,43635,42747,41861,40991,40108,39233,38363,37495,36635,35679,34865,34615,34225,33539,32689,31854,31004,30166,29344,28519,27698
51096,50197,49300,48398,47505,46615,45721,44827,43936,43055,42173,41297,40420,39543,38666,37794,36930,35981,35167,34910,34521,33837,32988,32146,31299,30456,29629,28797,27977
51415,50511,49614,48716,47820,46925,46031,45137,44248,43368,42482,41597,40728,39844,38967,38100,37240,36282,35468,35205,34822,34128,33286,32439,31587,30743,29918,29081,28262
51734,50826,49923,49025,48137,47238,46338,45447,44567,43683,42790,41906,41034,40158,39275,38404,37542,36580,35769,35505,35127,34425,33584,32731,31879,31038,30200,29364,28548
52046,51145,50241,49342,48449,47551,46654,45760,44878,43990,43099,42218,41337,40464,39579,38710,37840,36886,36071,35807,35424,34733,33876,33025,32171,31330,30492,29660,28826
52361,51461,50557,49657,48764,47863,46969,46078,45183,44302,43407,42526,41639,40770,39892,39014,38141,37187,36375,36108,35719,35038,34178,33326,32465,31630,30788,29950,29116
52676,51775,50869,49978,49077,48179,47284,46389,45496,44608,43721,42834,41952,41080,40201,39314,38445,37493,36676,36407,36021,35331,34476,33618,32764,31922,31081,30231,29401
52996,52093,51186,50292,49389,48497,47596,46705,45812,44919,44032,43142,42266,41384,40507,39623,38753,37796,36974,36713,36328,35633,34777,33915,33063,32214,31373,30526,29684
53317,52408,51502,50607,49708,48814,47911,47019,46127,45236,44341,43454,42570,41695,40812,39931,39056,38100,37272,37018,36628,35934,35078,34217,33363,32512,31665,30820,29980
53638,52726,51825,50926,50025,49130,48228,47339,46443,45547,44652,43768,42878,41997,41117,40243,39362,38403,37580,37318,36927,36239,35379,34515,33664,32808,31965,31113,30276
53950,53047,52142,51246,50338,49439,48545,47652,46757,45859,44969,44074,43187,42303,41429,40549,39671,38707,37888,37622,37233,36539,35681,34817,33959,33101,32260,31406,30564
54267,53363,52457,51561,50649,49753,48857,47964,47068,46175,45281,44388,43501,42616,41736,40853,39980,39017,38185,37926,37537,36838,35973,35112,34254,33405,32552,31698,30856
54584,53679,52778,51874,50967,50078,49170,48277,47385,46485,45591,44705,43813,42930,42042,41163,40286,39319,38493,38229,37841,37144,36274,35411,34551,33700,32849,31990,31149
54902,53998,53098,52189,51291,50394,49490,48593,47696,46798,45907,45015,44128,43239,42358,41474,40591,39625,38802,38532,38144,37448,36577,35714,34854,33999,33148,32288,31448
55219,54316,53411,52507,51607,50708,49806,48902,48009,47111,46222,45326,44438,43548,42667,41778,40897,39931,39108,38842,38446,37752,36881,36011,35149,34298,33442,32583,31741
55545,54635,53731,52828,51931,51027,50119,49218,48327,47423,46536,45634,44749,43866,42976,42089,41208,40237,39412,39145,38753,38056,37185,36317,35454,34593,33735,32878,32031
55864,54957,54057,53144,52247,51342,50438,49538,48644,47740,46854,45946,45065,44176,43290,42402,41514,40546,39718,39450,39058,38363,37489,36622,35762,34894,34030,33181,32327
56179,55276,54374,53461,52554,51655,50757,49852,48955,48058,47166,46259,45381,44486,43599,42710,41821,40858,40024,39756,39365,38667,37793,36923,36065,35194,34332,33476,32625
56493,55593,54691,53780,52870,51970,51076,50168,49264,48373,47479,46578,45695,44796,43909,43023,42137,41162,40331,40062,39671,38971,38094,37227,36363,35498,34633,33771,32923
56815,55914,55000,54097,53187,52289,51387,50483,49581,48685,47791,46892,46004,45107,44221,43337,42446,41473,40643,40371,39977,39276,38402,37530,36660,35798,34934,34077,33218
57138,56232,55319,54416,53512,52609,51707,50800,49908,49006,48100,47212,46316,45420,44531,43649,42753,41781,40950,40683,40285,39582,38711,37834,36964,36103,35240,34379,33521
57462,56551,55645,54739,53830,52925,52028,51120,50228,49319,48415,47530,46625,45736,44841,43955,43061,42089,41258,40995,40597,39888,39012,38137,37268,36401,35541,34673,33817
57779,56867,55960,55061,54155,53242,52343,51436,50538,49633,48737,47846,46942,46056,45152,44265,43370,42397,41567,41298,40903,40196,39318,38442,37572,36702,35843,34974,34118
58098,57182,56274,55379,54472,53561,52660,51756,50857,49949,49052,48156,47256,46369,45467,44578,43680,42709,41876,41606,41212,40503,39628,38748,37879,37005,36148,35276,34420
58418,57509,56596,55695,54781,53878,52985,52078,51168,50269,49371,48475,47570,46681,45782,44894,43999,43023,42184,41916,41521,40809,39940,39055,38181,37309,36447,35574,34721
58738,57828,56919,56014,55103,54198,53302,52394,51483,50586,49690,48795,47887,46993,46098,45209,44310,43334,42493,42230,41829,41124,40246,39361,38495,37614,36751,35873,35020
59055,58144,57237,56332,55417,54520,53619,52711,51799,50906,50009,49109,48205,47305,46415,45525,44626,43652,42804,42541,42137,41437,40545,39673,38799,37920,37051,36180,35314
59369,58460,57558,56648,55736,54842,53936,53027,52120,51225,50319,49423,48519,47618,46727,45833,44940,43956,43108,42849,42448,41741,40855,39983,39099,38229,37350,36488,35617
59686,58784,57879,56962,56062,55160,54253,53342,52441,51541,50638,49739,48833,47934,47042,46140,45249,44264,43418,43166,42761,42055,41173,40284,39407,38538,37651,36792,35922
60004,59102,58199,57284,56386,55476,54570,53659,52760,51860,50949,50053,49147,48255,47359,46460,45561,44579,43730,43477,43079,42369,41485,40595,39719,38839,37960,37088,36226
60325,59426,58519,57610,56702,55795,54884,53979,53073,52175,51265,50364,49461,48569,47670,46773,45872,44895,44047,43787,43391,42678,41794,40904,40022,39141,38274,37391,36530
60647,59744,58836,57925,57018,56113,55198,54301,53390,52492,51589,50679,49780,48882,47986,47090,46188,45211,44363,44098,43702,42982,42102,41213,40334,39452,38580,37695,36833
60965,60064,59150,58241,57339,56432,55517,54623,53708,52808,51908,51000,50099,49201,48300,47406,46506,45530,44678,44408,44012,43294,42415,41527,40643,39760,38886,38002,37131
61290,60386,59467,58566,57660,56750,55843,54941,54030,53128,52222,51320,50415,49520,48622,47717,46820,45845,44986,44717,44322,43604,42719,41829,40948,40068,39192,38316,37438
61616,60707,59785,58883,57980,57065,56167,55257,54352,53449,52541,51637,50738,49834,48936,48033,47132,46157,45301,45027,44633,43915,43026,42140,41262,40380,39498,38622,37747
61942,61029,60106,59207,58296,57382,56483,55576,54674,53764,52854,51953,51054,50145,49251,48347,47452,46469,45616,45341,44946,44230,43339,42454,41573,40683,39802,38928,38053
62269,61350,60428,59525,58612,57702,56799,55895,54988,54082,53171,52270,51369,50461,49569,48663,47767,46781,45933,45658,45259,44546,43649,42765,41873,40992,40114,39234,38359
62595,61672,60749,59842,58931,58022,57121,56213,55306,54405,53489,52593,51683,50781,49880,48982,48077,47093,46245,45973,45575,44862,43962,43082,42186,41301,40422,39539,38665
62921,61993,61071,60159,59251,58347,57442,56531,55625,54722,53811,52912,52002,51101,50197,49301,48394,47408,46557,46285,45887,45174,44278,43393,42499,41615,40727,39847,38971
63247,62315,61392,60476,59576,58672,57762,56846,55949,55038,54133,53230,52315,51419,50519,49621,48713,47729,46870,46602,46200,45480,44594,43704,42813,41929,41035,40159,39277
63573,62636,61714,60793,59900,58989,58077,57163,56264,55357,54455,53541,52635,51734,50835,49934,49031,48043,47189,46919,46515,45799,44902,44014,43128,42243,41348,40462,39587
63899,62958,62035,61110,60225,59306,58394,57483,56580,55676,54769,53856,52952,52051,51152,50244,49342,48357,47505,47237,46833,46119,45222,44323,43438,42550,41661,40771,39892
64225,63279,62357,61427,60550,59623,58714,57804,56902,55995,55088,54179,53271,52374,51472,50565,49661,48671,47819,47546,47150,46426,45534,44633,43748,42854,41967,41081,40204
64551,63601,62679,61744,60875,59940,59034,58129,57223,56315,55406,54501,53593,52694,51791,50882,49978,48986,48141,47861,47460,46736,45846,44947,44058,43165,42281,41395,40516
64878,63923,63000,62061,61200,60257,59354,58454,57543,56636,55722,54825,53913,53011,52103,51202,50300,49306,48455,48183,47773,47058,46159,45264,44370,43484,42592,41703,40824
65204,64244,63322,62377,61525,60574,59674,58778,57858,56953,56045,55147,54228,53328,52416,51516,50616,49623,48769,48502,48096,47381,46477,45579,44691,43799,42903,42014,41132
65530,64566,63643,62694,61850,60891,59994,59103,58175,57273,56361,55461,54550,53645,52736,51839,50933,49939,49080,48819,48409,47694,46794,45892,44998,44115,43217,42325,41441
65856,64887,63965,63011,62174,61208,60314,59428,58495,57593,56683,55776,54869,53963,53060,52158,51254,50254,49399,49132,48723,48008,47108,46208,45314,44427,43531,42643,41753
66182,65209,64286,63328,62499,61525,60635,59753,58815,57913,57004,56093,55188,54288,53381,52475,51574,50574,49722,49448,49035,48322,47423,46525,45631,44741,43840,42953,42062
66508,65530,64608,63645,62824,61842,60955,60078,59135,58233,57324,56412,55511,54609,53694,52792,51892,50896,50038,49761,49355,48635,47741,46843,45947,45057,44154,43264,42378
66834,65852,64929,63962,63149,62159,61275,60403,59455,58553,57644,56735,55835,54928,54010,53109,52206,51212,50354,50081,49677,48948,48055,47152,46259,45369,44470,43574,42688
67160,66173,65251,64279,63474,62475,61595,60728,59776,58874,57965,57059,56150,55242,54331,53426,52523,51529,50669,50402,49993,49268,48369,47465,46572,45681,44782,43888,42998
67487,66495,65572,64596,63799,62792,61915,61052,60096,59194,58285,57382,56466,55557,54650,53745,52839,51845,50982,50716,50308,49590,48690,47780,46890,45990,45094,44205,43312
67813,66816,65894,64913,64124,63109,62235,61377,60416,59514,58605,57706,56781,55878,54969,54069,53155,52160,51301,51027,50625,49905,49008,48099,47208,46306,45406,44519,43628
68139,67138,66215,65230,64448,63426,62555,61702,60736,59834,58925,58029,57097,56198,55293,54387,53475,52477,51615,51344,50943,50221,49326,48418,47522,46615,45720,44829,43935
68465,67459,66537,65547,64773,63743,62876,62027,61056,60154,59245,58353,57412,56513,55616,54701,53791,52797,51935,51665,51260,50538,49638,48737,47836,46933,46037,45144,44252
68791,67781,66858,65864,65098,64060,63196,62352,61376,60474,59565,58676,57728,56829,55940,55016,54112,53119,52252,51986,51583,50859,49957,49055,48150,47255,46351,45461,44571
69117,68102,67180,66181,65423,64377,63516,62677,61696,60794,59885,59000,58043,57144,56263,55336,54431,53437,52570,52304,51900,51176,50278,49371,48461,47570,46664,45774,44883
69443,68424,67501,66498,65748,64694,63836,63002,62017,61115,60206,59323,58358,57460,56587,55659,54750,53751,52892,52623,52217,51489,50587,49686,48778,47889,46979,46086,45195
69769,68745,67823,66814,66073,65011,64156,63326,62337,61435,60526,59647,58674,57775,56910,55983,55069,54071,53215,52945,52534,51806,50901,50002,49102,48208,47293,46400,45510
70095,69067,68144,67131,66398,65328,64476,63651,62657,61755,60846,59970,58989,58090,57234,56306,55387,54394,53535,53264,52851,52128,51218,50320,49418,48524,47611,46722,45823
70422,69388,68466,67448,66722,65645,64796,63976,62977,62075,61166,60294,59305,58406,57557,56630,55706,54713,53850,53581,53172,52447,51543,50640,49734,48838,47930,47036,46131
70748,69710,68788,67765,67047,65962,65117,64301,63297,62395,61486,60617,59620,58721,57881,56953,56025,55032,54169,53902,53496,52766,51861,50957,50050,49153,48249,47350,46445
71074,70032,69109,68082,67372,66279,65437,64626,63617,62715,61806,60941,59936,59037,58204,57277,56343,55350,54487,54220,53815,53083,52178,51273,50362,49468,48568,47664,46766
71400,70353,69431,68399,67697,66596,65757,64951,63937,63035,62126,61264,60251,59352,58528,57600,56662,55669,54806,54539,54134,53402,52500,51592,50682,49789,48884,47981,47082
71726,70675,69752,68716,68022,66913,66077,65275,64258,63356,62447,61588,60567,59668,58851,57924,56981,55988,55125,54858,54452,53716,52822,51909,50999,50109,49200,48302,47400
72052,70996,70074,69033,68347,67229,66397,65600,64578,63676,62767,61912,60882,59983,59175,58248,57299,56306,55443,55176,54771,54030,53144,52229,51324,50426,49515,48616,47719
72378,71318,70395,69350,68672,67546,66717,65925,64898,63996,63087,62235,61197,60299,59498,58571,57618,56625,55762,55495,55090,54344,53459,52547,51642,50742,49831,48929,48038
72704,71639,70717,69667,68996,67863,67038,66250,65218,64316,63407,62559,61513,60614,59822,58895,57937,56944,56081,55814,55408,54658,53773,52861,51959,51059,50151,49249,48350
73031,71961,71038,69984,69321,68180,67358,66575,65538,64636,63727,62882,61828,60929,60146,59218,58256,57262,56399,56132,55727,54972,54087,53178,52281,51373,50472,49570,48665
73357,72282,71360,70301,69646,68497,67678,66900,65858,64956,64047,63206,62144,61245,60469,59542,58574,57581,56718,56451,56046,55286,54401,53500,52603,51690,50789,49891,48989
73683,72604,71681,70618,69971,68814,67998,67225,66178,65276,64367,63529,62459,61560,60793,59865,58893,57900,57037,56770,56364,55600,54715,53822,52925,52010,51106,50207,49305
74009,72925,72003,70935,70296,69131,68318,67549,66499,65597,64688,63853,62775,61876,61116,60189,59212,58219,57355,57089,56683,55913,55028,54144,53247,52328,51423,50523,49620
74335,73247,72324,71252,70621,69448,68638,67874,66819,65917,65008,64176,63090,62191,61440,60512,59530,58537,57674,57407,57002,56227,55342,54466,53569,52642,51749,50840,49941
74661,73568,72646,71568,70946,69765,68958,68199,67139,66237,65328,64500,63405,62507,61763,60836,59849,58856,57993,57726,57321,56541,55656,54788,53892,52956,52058,51154,50253
74987,73890,72967,71885,71270,70082,69279,68524,67459,66557,65648,64823,63721,62822,62087,61159,60168,59175,58312,58045,57639,56855,55970,55111,54214,53270,52375,51472,50573
75313,74211,73289,72202,71595,70399,69599,68849,67779,66877,65968,65147,64036,63137,62410,61483,60486,59493,58630,58363,57958,57169,56284,55433,54536,53584,52692,51789,50886
75639,74533,73610,72519,71920,70716,69919,69174,68099,67197,66288,65470,64352,63453,62734,61806,60805,59812,58949,58682,58277,57483,56598,55755,54858,53898,53009,52106,51208
75966,74854,73932,72836,72245,71033,70239,69499,68419,67518,66609,65794,64667,63768,63057,62130,61124,60131,59268,59001,58595,57797,56912,56077,55180,54212,53326,52423,51530
76293,75175,74254,73153,72570,71350,70559,69824,68739,67839,66930,66118,64982,64083,63380,62454,61443,60450,59587,59320,58913,58111,57226,56399,55502,54526,53643,52740,51852
76620,75496,74576,73470,72895,71667,70879,70149,69059,68160,67251,66442,65297,64398,63703,62778,61762,60769,59906,59639,59231,58425,57540,56721,55824,54840,53960,53057,52174
76947,75817,74898,73787,73220,71984,71199,70474,69379,68481,67572,66766,65612,64713,64026,63102,62081,61088,60225,59958,59549,58739,57854,57043,56146,55154,54277,53374,52496
77274,76138,75220,74104,73545,72301,71519,70799,69699,68802,67893,67090,65927,65028,64349,63426,62400,61407,60544,60277,59867,59053,58168,57365,56468,55468,54594,53691,52818
77601,76459,75542,74421,73870,72618,71839,71124,70019,69123,68214,67414,66242,65343,64672,63750,62719,61726,60863,60596,60185,59367,58482,57687,56790,55782,54911,54008,53140
77928,76780,75864,74738,74195,72935,72159,71449,70339,69444,68535,67738,66557,65658,64995,64074,63038,62045,61182,60915,60503,59681,58796,58009,57112,56096,55228,54325,53462
78255,77101,76186,75055,74520,73252,72479,71774,70659,69765,68856,68062,66872,65973,65318,64398,63357,62364,61501,61234,60821,59995,59110,58331,57434,56410,55545,54642,53784
78582,77422,76508,75372,74845,73569,72799,72099,70979,70086,69177,68386,67187,66288,65641,64722,63676,62683,61820,61553,61139,60309,59424,58653,57756,56724,55862,54959,54106
78909,77743,76830,75689,75170,73886,73119,72424,71299,70407,69498,68710,67502,66603,65964,65046,63995,63002,62139,61872,61457,60623,59738,58975,58078,57038,56179,55276,54428
79236,78064,77152,76006,75495,74203,73439,72749,71619,70728,69819,69034,67817,66918,66287,65370,64314,63321,62458,62191,61775,60937,60052,59297,58400,57352,56496,55593,54750
79563,78385,77474,76323,75820,74520,73759,73074,71939,71049,70140,69358,68132,67233,66610,65694,64633,63640,62777,62510,62093,61251,60366,59619,58722,57666,56813,55910,55072
79890,78706,77796,76640,76145,74837,74079,73399,72259,71370,70461,69682,68447,67548,66933,66018,64952,63959,63096,62829,62411,61565,60680,59941,59044,57980,57130,56227,55394
80217,79027,78118,76957,76470,75154,74399,73724,72579,71691,70782,70006,68762,67863,67256,66342,65271,64278,63415,63148,62729,61879,60994,60263,59366,58294,57447,56544,55716
80544,79348,78440,77274,76795,75471,74719,74049,72899,72012,71103,70330,69077,68178,67579,66666,65590,64597,63734,63467,63047,62193,61308,60585,59688,58608,57764,56861,56038
80871,79669,78762,77591,77120,75788,75039,74374,73219,72333,71424,70654,69392,68493,67902,66990,65909,64916,64053,63786,63365,62507,61622,60907,60010,58922,58081,57178,56360
81198,79990,79084,77908,77445,76105,75359,74699,73539,72654,71745,70978,69707,68808,68225,67314,66228,65235,64372,64105,63683,62821,61936,61229,60332,59236,58398,57495,56682
81525,80311,79406,78225,77770,76422,75679,75024,73859,72975,72066,71302,70022,69123,68548,67638,66547,65554,64691,64424,64001,63135,62250,61551,60654,59550,58715,57812,57004
81852,80632,79728,78542,78095,76739,75999,75349,74179,73296,72387,71626,70337,69438,68871,67962,66866,65873,65010,64743,64319,63449,62564,61873,60976,59864,59032,58129,57326
82179,80953,80050,78859,78420,77056,76319,75674,74499,73617,72708,71950,70652,69753,69194,68286,67185,66192,65329,65062,64637,63763,62878,62195,61298,60178,59349,58446,57648
82506,81274,80372,79176,78745,77373,76639,75999,74819,73938,73029,72274,70967,70068,69517,68610,67504,66511,65648,65381,64955,64077,63192,62517,61620,60492,59666,58763,57970
82833,81595,80694,79493,79070,77690,76959,76324,75139,74259,73350,72598,71282,70383,69840,68934,67823,66830,65967,65700,65273,64391,63506,62839,61942,60806,59983,59080,58292
83160,81916,81016,79810,79395,78007,77279,76649,75459,74580,73671,72922,71597,70698,70163,69258,68142,67149,66286,66019,65591,64705,63820,63161,62264,61120,60300,59397,58614
83487,82237,81338,80127,79720,78324,77599,76974,75779,74901,73992,73246,71912,71013,70486,69582,68461,67468,66605,66338,65909,65019,64134,63483,62586,61434,60617,59714,58936
83814,82558,81660,80444,80045,78641,77919,77299,76099,75222,74313,73570,72227,71328,70809,69906,68780,67787,66924,66657,66227,65333,64448,63805,62908,61748,60934,60031,59258
84141,82879,81982,80761,80370,78958,78239,77624,76419,75543,74634,73894,72542,71643,71132,70230,69099,68106,67243,66976,66545,65647,64762,64127,63230,62062,61251,60348,59580
84468,83200,82304,81078,80695,79275,78559,77949,76739,75864,74955,74218,72857,71958,71455,70554,69418,68425,67562,67295,66863,65961,65076,64449,63552,62376,61568,60665,59902
84795,83521,82626,81395,81020,79592,78879,78274,77059,76185,75276,74542,73172,72273,71778,70878,69737,68744,67881,67614,67181,66275,65390,64771,63874,62690,61885,60982,60224
85122,83842,82948,81712,81345,79909,79199,78599,77379,76506,75597,74866,73487,72588,72101,71202,70056,69063,68200,67933,67499,66589,65704,65093,64196,63004,62202,61299,60546
85449,84163,83270,82029,81670,80226,79519,78924,77699,76827,75918,75190,73802,72903,72424,71526,70375,69382,68519,68252,67817,66903,66018,65415,64518,63318,62519,61616,60868
85776,84484,83592,82346,81995,80543,79839,79249,78019,77148,76239,75514,74117,73218,72747,71850,70694,69701,68838,68571,68135,67217,66332,65737,64840,63632,62836,61933,61190
86103,84805,83914,82663,82320,80860,80159,79574,78339,77469,76560,75838,74432,73533,73070,72174,71013,70020,69157,68890,68453,67531,66646,66059,65162,63946,63153,62250,61512
86430,85126,84236,82980,82645,81177,80479,79899,78659,77790,76881,76162,74747,73848,73393,72498,71332,70339,69476,69209,68771,67845,66960,66381,65484,64260,63470,62567,61834
86757,85447,84558,83297,82970,81494,80799,80224,78979,78111,77202,76486,75062,74163,73716,72822,71651,70658,69795,69528,69089,68159,67274,66703,65806,64574,63787,62884,62156
87084,85768,84880,83614,83295,81811,81119,80549,79299,78432,77523,76810,75377,74478,74039,73146,71970,70977,70114,69847,69407,68473,67588,67025,66128,64888,64104,63201,62478
87411,86089,85202,83931,83620,82128,81439,80874,79619,78753,77844,77134,75692,74793,74362,73470,72289,71296,70433,70166,69725,68787,67902,67347,66450,65202,64421,63518,62800
87738,86410,85524,84248,83945,82445,81759,81199,79939,79074,78165,77458,76007,75108,74685,73794,72608,71615,70752,70485,70043,69101,68216,67669,66772,65516,64738,63835,63122
88065,86731,85846,84565,84270,82762,82079,81524,80259,79395,78486,77782,76322,75423,75008,74118,72927,71934,71071,70804,70361,69415,68530,67991,67094,65830,65055,64152,63444
88392,87052,86168,84882,84595,83079,82399,81849,80579,79716,78807,78106,76637,75738,75331,74442,73246,72253,71390,71123,70679,69729,68844,68313,67416,66144,65372,64469,63766
88719,87373,86490,85199,84920,83396,82719,82174,80899,80037,79128,78430,76952,76053,75654,74766,73565,72572,71709,71442,70997,70043,69158,68635,67738,66458,65689,64786,64088
89046,87694,86812,85516,85245,83713,83039,82499,81219,80358,79449,78754,77267,76368,75977,75090,73884,72891,72028,71761,71315,70357,69472,68957,68060,66772,66006,65103,64410
89373,88015,87134,85833,85570,84030,83359,82824,81539,80679,79770,79078,77582,76683,76300,75414,74203,73210,72347,72080,71633,70671,69786,69279,68382,67086,66323,65420,64732
89700,88336,87456,86150,85895,84347,83679,83149,81859,81000,80091,79402,77897,76998,76623,75738,74522,73529,72666,72399,71951,70985,70100,69601,68704,67400,66640,65737,65054
90027,88657,87778,86467,86220,84664,83999,83474,82179,81321,80412,79726,78212,77313,76946,76062,74841,73848,72985,72718,72269,71299,70414,69923,69026,67714,66957,66054,65376
90354,88978,88100,86784,86545,84981,84319,83799,82499,81642,80733,80050,78527,77628,77269,76386,75160,74167,73304,73037,72587,71613,70728,70245,69348,68028,67274,66371,65698
90681,89299,88422,87101,86870,85298,84639,84124,82819,81963,81054,80374,78842,77943,77592,76710,75479,74486,73623,73356,72905,71927,71042,70567,69670,68342,67591,66688,66020
91008,89620,88744,87418,87195,85615,84959,84449,83139,82284,81375,80698,79157,78258,77915,77034,75798,74805,73942,73675,73223,72241,71356,70889,69992,68656,67908,67005,66342
91335,89941,89066,87735,87520,85932,85279,84774,83459,82605,81696,81022,79472,78573,78238,77358,76117,75124,74261,73994,73541,72555,71670,71211,70314,68970,68225,67322,66664
91662,90262,89388,88052,87845,86249,85599,85099,83779,82926,82017,81346,79787,78888,78561,77682,76436,75443,74580,74313,73859,72869,71984,71533,70636,69284,68542,67639,66986
91989,90583,89710,88369,88170,86566,85919,85424,84099,83247,82338,81670,80102,79203,78884,78006,76755,75762,74899,74632,74177,73183,72298,71855,70958,69598,68859,67956,67308
92316,90904,90032,88686,88495,86883,86239,85749,84419,83568,82659,81994,80417,79518,79207,78330,77074,76081,75218,74951,74495,73497,72612,72177,71280,69912,69176,68273,67630
92643,91225,90354,89003,88820,87200,86559,86074,84739,83889,82980,82318,80732,79833,79530,78654,77393,76400,75537,75270,74813,73811,72926,72499,71602,70226,69493,68590,67952
92970,91546,90676,89320,89145,87517,86879,86399,85059,84210,83301,82642,81047,80148,79853,78978,77712,76719,75856,75589,75131,74125,73240,72821,71924,70540,69810,68907,68274
93297,91867,90998,89637,89470,87834,87199,86724,85379,84531,83622,82966,81362,80463,80176,79302,78031,77038,76175,75908,75449,74439,73554,73143,72246,70854,70127,69224,68596
93624,92188,91320,89954,89795,88151,87519,87049,85699,84852,83943,83290,81677,80778,80499,79626,78350,77357,76494,76227,75767,74753,73868,73465,72568,71168,70444,69541,68918
93951,92509,91642,90271,90120,88468,87839,87374,86019,85173,84264,83614,81992,81093,80822,79950,78669,77676,76813,76546,76085,75067,74182,73787,72890,71482,70761,69858,69240
94278,92830,91964,90588,90445,88785,88159,87699,86339,85494,84585,83938,82307,81408,81145,80274,78988,77995,77132,76865,76403,75381,74496,74109,73212,71796,71078,70175,69562
94605,93151,92286,90905,90770,89102,88479,88024,86659,85815,84906,84262,82622,81723,81468,80598,79307,78314,77451,77184,76721,75695,74810,74431,73534,72110,71395,70492,69884
94932,93472,92608,91222,91095,89419,88799,88349,86979,86136,85227,84586,82937,82038,81791,80922,79626,78633,77770,77503,77039,76009,75124,74753,73856,72424,71712,70809,70206
95259,93793,92930,91539,91420,89736,89119,88674,87299,86457,85548,84910,83252,82353,82114,81246,79945,78952,78089,77822,77357,76323,75438,75075,74178,72738,72029,71126,70528
95586,94114,93252,91856,91745,90053,89439,88999,87619,86778,85869,85234,83567,82668,82437,81570,80264,79271,78408,78141,77675,76637,75752,75397,74500,73052,72346,71443,70850
95913,94435,93574,92173,92070,90370,89759,89324,87939,87099,86190,85558,83882,82983,82760,81894,80583,79590,78727,78460,77993,76951,76066,75719,74822,73366,72663,71760,71172
96240,94756,93896,92490,92395,90687,90079,89649,88259,87420,86511,85882,84197,83298,83083,82218,80902,79909,79046,78779,78311,77265,76380,76041,75144,73680,72980,72077,71494
96567,95077,94218,92807,92720,91004,90399,89974,88579,87741,86832,86206,84512,83613,83406,82542,81221,80228,79365,79098,78629,77579,76694,76363,75466,73994,73297,72394,71816
96894,95398,94540,93124,93045,91321,90719,90299,88899,88062,87153,86530,84827,83928,83729,82866,81540,80547,79684,79417,78947,77893,77008,76685,75788,74308,73614,72711,72138
97221,95719,94862,93441,93370,91638,91039,90624,89219,88383,87474,86854,85142,84243,84052,83190,81859,80866,80003,79736,79265,78207,77322,77007,76110,74622,73931,73028,72460
97548,96040,95184,93758,93695,91955,91359,90949,89539,88704,87795,87178,85457,84558,84375,83514,82178,81185,80322,80055,79583,78521,77636,77329,76432,74936,74248,73345,72782
97875,96361,95506,94075,94020,92272,91679,91274,89859,89025,88116,87502,85772,84873,84698,83838,82497,81504,80641,80374,79901,78835,77950,77651,76754,75250,74565,73662,73104
98202,96682,95828,94392,94345,92589,91999,91599,90179,89346,88437,87826,86087,85188,85021,84162,82816,81823,80960,80693,80219,79149,78264,77973,77076,75564,74882,73979,73426
98529,97003,96150,94709,94670,92906,92319,91924,90499,89667,88758,88150,86402,85503,85344,84486,83135,82142,81279,81012,80537,79463,78578,78295,77398,75878,75199,74296,73748
98856,97324,96472,95026,94995,93223,92639,92249,90819,89988,89079,88474,86717,85818,85667,84810,83454,82461,81598,81331,80855,79777,78892,78617,77720,76192,75516,74613,74070
99183,97645,96794,95343,95320,93540,92959,92574,91139,90309,89400,88798,87032,86133,85990,85134,83773,82780,81917,81650,81173,80091,79206,78939,78042,76506,75833,74930,74392
99510,97966,97116,95660,95645,93857,93279,92899,91459,90630,89721,89122,87347,86448,86313,85458,84092,83099,82236,81969,81491,80405,79520,79261,78364,76820,76150,75247,74714
99837,98287,97438,95977,95970,94174,93599,93224,91779,90951,90042,89446,87662,86763,86636,85782,84411,83418,82555,82288,81809,80719,79834,79583,78686,77134,76467,75564,75036
100164,98608,97760,96294,96295,94491,93919,93549,92099,91272,90363,89770,87977,87078,86959,86106,84730,83737,82874,82607,82127,81033,80148,79905,79008,77448,76784,75881,75358
100491,98929,98082,96611,96620,94808,94239,93874,92419,91593,90684,90094,88292,87393,87282,86430,85049,84056,83193,82926,82445,81347,80462,80227,79330,77762,77101,76198,75680
100818,99250,98404,96928,96945,95125,94559,94199,92739,91914,91005,90418,88607,87708,87605,86754,85368,84375,83512,83245,82763,81661,80776,80549,79652,78076,77418,76515,76002
101145,99571,98726,97245,97270,95442,94879,94524,93059,92235,91326,90742,88922,88023,87928,87078,85687,84694,83831,83564,83081,81975,81090,80871,79974,78390,77735,76832,76324
101472,99892,99048,97562,97595,95759,95199,94849,93379,92556,91647,91066,89237,88338,88251,87402,86006,85013,84150,83883,83399,82289,81404,81193,80296,78704,78052,77149,76646
101799,100213,99370,97879,97920,96076,95519,95174,93699,92877,91968,91390,89552,88653,88574,87726,86325,85332,84469,84202,83717,82603,81718,81515,80618,79018,78369,77466,76968
102126,100534,99692,98196,98245,96393,95839,95499,94019,93198,92289,91714,89867,88968,88897,88050,86644,85651,84788,84521,84035,82917,82032,81837,80940,79332,78686,77783,77290
102453,100855,100014,98513,98570,96710,96159,95824,94339,93519,92610,92038,90182,89283,89220,88374,86963,85970,85107,84840,84353,83231,82346,82159,81262,79646,79003,78100,77612
102780,101176,100336,98830,98895,97027,96479,96149,94659,93840,92931,92362,90497,89598,89543,88698,87282,86289,85426,85159,84671,83545,82660,82481,81584,79960,79320,78417,77934
103107,101497,100658,99147,99220,97344,96799,96474,94979,94161,93252,92686,90812,89913,89866,89022,87601,86608,85745,85478,84989,83859,82974,82803,81906,80274,79637,78734,78256
103434,101818,100980,99464,99545,97661,97119,96799,95299,94482,93573,93010,91127,90228,90189,89346,87920,86927,86064,85797,85307,84173,83288,83125,82228,80588,79954,79051,78578
103761,102139,101302,99781,99870,97978,97439,97124,95619,94803,93894,93334,91442,90543,90512,89670,88239,87246,86383,86116,85625,84487,83602,83447,82550,80902,80271,79368,78900
104088,102460,101624,100098,100195,98295,97759,97449,95939,95124,94215,93658,91757,90858,90835,89994,88558,87565,86702,86435,85943,84801,83916,83769,82872,81216,80588,79685,79222
104415,102781,101946,100415,100520,98612,98079,97774,96259,95445,94536,93982,92072,91173,91158,90318,88877,87884,87021,86754,86261,85115,84230,84091,83194,81530,80905,80002,79544
104742,103102,102268,100732,100845,98929,98399,98099,96579,95766,94857,94306,92387,91488,91481,90642,89196,88203,87340,87073,86579,85429,84544,84413,83516,81844,81222,80319,79866
105069,103423,102590,101049,101170,99246,98719,98424,96899,96087,95178,94630,92702,91803,91804,90966,89515,88522,87659,87392,86897,85743,84858,84735,83838,82158,81539,80636,80188
105396,103744,102912,101366,101495,99563,99039,98749,97219,96408,95499,94954,93017,92118,92127,91290,89834,88841,87978,87711,87215,86057,85172,85057,84160,82472,81856,80953,80510
105723,104065,103234,101683,101820,99880,99359,99074,97539,96729,95820,95278,93332,92433,92450,91614,90153,89160,88297,88030,87533,86371,85486,85379,84482,82786,82173,81270,80832
106050,104386,103556,102000,102145,100197,99679,99399,97859,97050,96141,95602,93647,92748,92773,91938,90472,89479,88616,88349,87851,86685,85800,85701,84804,83100,82490,81587,81154
106377,104707,103878,102317,102470,100514,99999,99724,98179,97371,96462,95926,93962,93063,93096,92262,90791,89798,88935,88668,88169,86999,86114,86023,85126,83414,82807,81904,81476
106704,105028,104200,102634,102795,100831,100319,100049,98499,97692,96783,96250,94277,93378,93419,92586,91110,90117,89254,88987,88487,87313,86428,86345,85448,83728,83124,82221,81798
107031,105349,104522,102951,103120,101148,100639,100374,98819,98013,97104,96574,94592,93693,93742,92910,91429,90436,89573,89306,88805,87627,86742,86667,85770,84042,83441,82538,82120
107358,105670,104844,103268,103445,101465,100959,100699,99139,98334,97425,96898,94907,94008,94065,93234,91748,90755,89892,89625,89123,87941,87056,86989,86092,84356,83758,82855,82442
107685,105991,105166,103585,103770,101782,101279,101024,99459,98655,97746,97222,95222,94323,94388,93558,92067,91074,90211,89944,89441,88255,87370,87311,86414,84670,84075,83172,82764
108012,106312,105488,103902,104095,102099,101599,101349,99779,98976,98067,97546,95537,94638,94711,93882,92386,91393,90530,90263,89759,88569,87684,87633,86736,84984,84392,83489,83086
108339,106633,105810,104219,104420,102416,101919,101674,100099,99297,98388,97870,95852,94953,95034,94206,92705,91712,90849,90582,90077,88883,87998,87955,87058,85298,84709,83806,83408
108666,106954,106132,104536,104745,102733,102239,101999,100419,99618,98709,98194,96167,95268,95357,94530,93024,92031,91168,90901,90395,89197,88312,88277,87380,85612,85026,84123,83730
108993,107275,106454,104853,105070,103050,102559,102324,100739,99939,99030,98518,96482,95583,95680,94854,93343,92350,91487,91220,90713,89511,88626,88599,87702,85926,85343,84440,84052
109320,107596,106776,105170,105395,103367,102879,102649,101059,100260,99351,98842,96797,95898,96003,95178,93662,92669,91806,91539,91031,89825,88940,88921,88024,86240,85660,84757,84374
109647,107917,107098,105487,105720,103684,103199,102974,101379,100581,99672,99166,97112,96213,96326,95502,93981,92988,92125,91858,91349,90139,89254,89243,88346,86554,85977,85074,84696
109974,108238,107420,105804,106045,104001,103519,103299,101699,100902,99993,99490,97427,96528,96649,95826,94300,93307,92444,92177,91667,90453,89568,89565,88668,86868,86294,85391,85018
110301,108559,107742,106121,106370,104318,103839,103624,102019,101223,100314,99814,97742,96843,96972,96150,94619,93626,92763,92496,91985,90767,89882,89887,88990,87182,86611,85708,85340
110628,108880,108064,106438,106695,104635,104159,103949,102339,101544,100635,100138,98057,97158,97295,96474,94938,93945,93082,92815,92303,91081,90196,90209,89312,87496,86928,86025,85662
