14641,14173,13726,13292,12892,12482,12077,11679,11296,10896,10516,10139,9753.7,9377.2,9014.4,8627.8,8271,7852.1,7495.1,7387.5,7295.4,7070.2,6702.7,6338.9,5976.7,5601.7,5238.3,4870,4510
14746,14274,13822,13382,12970,12554,12149,11748,11360,10962,10580,10200,9815.8,9437.7,9069.7,8685.4,8324.3,7907,7549.3,7441.7,7349.6,7124.5,6756.4,6391.3,6025.8,5653,5289.6,4920.2,4560.2
14852,14375,13918,13471,13048,12626,12222,11817,11425,11028,10644,10262,9877.9,9498.2,9125,8742.9,8377.6,7961.8,7603.5,7496,7403.9,7178.7,6810,6443.8,6075,5704.3,5340.9,4970.4,4610.4
14958,14475,14012,13561,13126,12699,12294,11885,11489,11094,10708,10323,9940,9558.7,9180.3,8800.5,8430.9,8016.7,7657.8,7550.2,7458.1,7233,6863.6,6496.2,6124.1,5755.6,5392.2,5020.6,4660.6
15076,14573,14106,13651,13205,12779,12370,11956,11556,11161,10773,10385,10002,9616.7,9235.6,8858,8484.2,8071.6,7712.3,7604.5,7512.4,7287.2,6917.2,6548.6,6173.3,5806.9,5443.4,5071.3,4710.8
15191,14684,14202,13741,13296,12861,12446,12027,11624,11228,10837,10446,10062,9674.2,9291,8916.3,8537.5,8126.6,7767.2,7659.3,7566.6,7341.5,6970.4,6601.1,6225.5,5858.2,5494.7,5122,4761
15308,14797,14304,13833,13387,12948,12523,12103,11694,11298,10903,10509,10122,9732.6,9350.7,8974.5,8592.4,8182.8,7822,7714.1,7620.9,7395.7,7023.4,6653.5,6281.2,5909.5,5546,5172.8,4811.2
15433,14908,14410,13934,13475,13033,12600,12180,11767,11368,10969,10571,10184,9794.7,9410.4,9032.9,8653.5,8239,7878.9,7769,7675.1,7449.9,7076.5,6706.6,6336.9,5964.3,5597.3,5225.6,4861.4
15562,15030,14520,14040,13567,13117,12683,12260,11841,11439,11036,10639,10250,9856.8,9470.7,9091.9,8714.7,8295.4,7937.9,7823.9,7731.6,7504.2,7132.9,6759.6,6391.3,6020,5648.6,5279.5,4911.6
15695,15154,14632,14141,13662,13207,12768,12340,11918,11510,11104,10708,10315,9919.9,9532,9150.9,8774.6,8352.2,7996.9,7878.8,7789.9,7560.2,7190.6,6812.8,6443.7,6075.8,5699.9,5333.4,4961.8
15831,15281,14746,14245,13765,13300,12855,12422,11998,11582,11175,10775,10378,9983.7,9593.3,9210.7,8832.9,8409.1,8053.8,7933.9,7848.2,7617.8,7248.2,6869.8,6496.1,6128.6,5751.2,5386,5012.1
15967,15410,14866,14354,13868,13398,12946,12504,12080,11656,11249,10841,10440,10048,9658.6,9271.2,8891.1,8467.6,8109.3,7992.9,7904.7,7675.5,7302.6,6926.8,6550,6180.5,5802.7,5437.3,5062.3
16115,15542,14994,14470,13974,13496,13040,12592,12161,11732,11323,10909,10510,10113,9725.5,9331.7,8952.4,8528,8164.8,8051.9,7960.3,7733.5,7356.3,6983.8,6606.3,6232.3,5857.8,5488.6,5115.6
16265,15680,15123,14591,14085,13595,13135,12680,12240,11812,11399,10982,10584,10179,9791.8,9396.2,9015.1,8588.4,8223.9,8111,8015.8,7791.8,7409.9,7040.7,6662.6,6286.7,5912.9,5541.1,5169.5
16418,15823,15254,14715,14196,13702,13231,12771,12328,11895,11476,11056,10656,10248,9855.5,9461.3,9077.7,8649.7,8284.3,8170.7,8074.4,7850.1,7466.8,7097.7,6719,6342.4,5968,5595.6,5223.4
16573,15964,15390,14838,14308,13810,13333,12865,12419,11981,11553,11134,10725,10320,9919.3,9526.6,9141.2,8711.7,8344.7,8230.4,8134.1,7908.9,7524.4,7154.7,6775.3,6398.2,6023.1,5650.1,5277.8
16736,16113,15527,14964,14428,13919,13435,12963,12507,12066,11631,11213,10795,10392,9987.1,9592.6,9204.7,8773.6,8405.2,8290.3,8193.8,7967.9,7582,7211.7,6831.7,6453.9,6078.2,5704.7,5332.3
16903,16268,15667,15095,14552,14033,13538,13061,12595,12149,11716,11292,10872,10465,10057,9658.6,9268.6,8835.5,8465.6,8350.7,8256.6,8026.8,7643.2,7268.7,6888,6509.6,6133.3,5759.2,5386.8
17070,16427,15815,15235,14680,14151,13649,13160,12695,12239,11801,11372,10949,10537,10128,9728.5,9333.7,8897.4,8526.4,8411.2,8319.8,8089.1,7704.9,7326,6944.3,6565.3,6191.3,5813.7,5443.1
17240,16590,15962,15370,14810,14273,13762,13268,12794,12335,11888,11454,11030,10611,10202,9800.2,9398.8,8960.1,8591.2,8473.8,8383.1,8152.3,7766.7,7386.3,7000.7,6622.8,6249.6,5868.6,5500.8
17416,16750,16114,15511,14940,14399,13872,13376,12891,12432,11976,11536,11112,10685,10277,9871.6,9467.8,9027.3,8655.9,8538.6,8447,8215.5,7828.4,7446.6,7057.8,6681.8,6308,5926.3,5558.5
17599,16915,16270,15662,15072,14525,13990,13482,12994,12528,12069,11623,11192,10763,10354,9941.2,9538.6,9094.5,8720.9,8603.3,8511,8278.7,7890.2,7507,7116.8,6740.8,6366.3,5984.1,5614.5
17786,17087,16429,15806,15220,14650,14113,13595,13104,12628,12162,11712,11272,10843,10431,10011,9609.4,9164.3,8786.5,8671.4,8575.3,8341.9,7951.9,7567.3,7175.8,6799.5,6424.6,6041.8,5668.4
17975,17262,16595,15962,15360,14782,14241,13712,13213,12728,12255,11801,11357,10926,10508,10087,9680.2,9237.1,8852,8740.6,8640.9,8405.3,8014.4,7627.6,7235.8,6857.8,6483,6099.5,5722.3
18168,17446,16766,16122,15500,14919,14369,13835,13323,12834,12351,11891,11448,11012,10586,10166,9750.9,9309.9,8920.6,8809.8,8706.4,8470,8076.8,7688.5,7298.8,6916.2,6540.9,6157.2,5778
18369,17629,16939,16277,15651,15063,14497,13958,13438,12940,12453,11988,11539,11099,10665,10245,9825.3,9379.4,8991.6,8876.1,8774.2,8534.8,8139.9,7752.9,7361.7,6976.2,6598.6,6214.9,5837.6
18563,17819,17109,16446,15808,15207,14628,14084,13554,13047,12558,12086,11633,11188,10749,10326,9902,9448.3,9062.5,8942.5,8844.2,8601.7,8206.6,7817.3,7424.9,7038.4,6656.3,6274.9,5897.2
18773,18016,17293,16614,15966,15354,14764,14212,13675,13159,12667,12189,11727,11277,10833,10406,9979,9519.7,9134.3,9011.2,8914.3,8673.6,8273.4,7882,7488.5,7100.7,6715.9,6335.2,5956.8
18981,18213,17482,16784,16125,15509,14905,14341,13795,13274,12774,12293,11822,11368,10919,10488,10058,9598.3,9206.1,9085.9,8987.9,8745.6,8341.1,7948,7552.2,7164.2,6776.8,6395.4,6015.8
19196,18415,17673,16962,16295,15663,15052,14476,13916,13391,12880,12398,11919,11458,11005,10570,10137,9677,9279.1,9160.6,9062.6,8816.5,8411.4,8013.9,7616.9,7229.7,6837.7,6455.2,6074.7
19415,18617,17866,17149,16464,15818,15201,14615,14048,13509,12996,12503,12021,11555,11095,10656,10220,9757.2,9355.8,9236.4,9137.4,8886.6,8481.6,8080.9,7684.8,7295.3,6900.1,6514.8,6133.7
19634,18825,18062,17335,16635,15974,15352,14757,14183,13633,13116,12612,12123,11651,11187,10744,10304,9838,9432.4,9313,9213,8956.6,8553,8150.3,7752.6,7361,6964.3,6574.5,6196.1
19860,19044,18259,17523,16809,16143,15506,14904,14321,13761,13235,12723,12227,11750,11284,10835,10390,9919.1,9512.8,9389.6,9288.6,9033.4,8625.8,8219.7,7821.4,7427.3,7028.4,6638.1,6258.8
20085,19264,18467,17715,16995,16315,15665,15052,14461,13896,13355,12837,12334,11848,11384,10928,10480,10001,9595.4,9467.2,9365.1,9111.8,8698.7,8290.9,7892.6,7493.6,7094.2,6704.7,6321.6
20317,19477,18677,17906,17182,16488,15827,15201,14602,14031,13479,12954,12444,11954,11484,11023,10570,10083,9678.1,9544.9,9442.8,9190.5,8774.1,8364.6,7963.8,7560.9,7163,6771.3,6383.9
20551,19703,18892,18110,17371,16662,15988,15358,14743,14166,13606,13073,12559,12060,11586,11119,10662,10170,9761.8,9626.7,9520.4,9270.9,8850.5,8438.4,8035.3,7630.5,7231.8,6838.2,6446
20791,19937,19111,18319,17565,16844,16158,15516,14892,14304,13736,13195,12677,12172,11688,11216,10754,10259,9845.5,9714.4,9605.8,9351.4,8927,8513.1,8107.3,7700.1,7300.4,6905.5,6508.1
21032,20164,19330,18527,17756,17030,16332,15676,15043,14447,13874,13320,12797,12284,11791,11314,10848,10349,9930.6,9802.1,9692.3,9432.4,9008.9,8588.7,8179.3,7771.1,7368.5,6972.8,6573.6
21273,20395,19556,18736,17959,17221,16509,15845,15197,14594,14011,13452,12917,12399,11897,11413,10942,10443,10017,9888.3,9779.6,9513.9,9091.1,8664.2,8253.6,7845.7,7436.5,7041.1,6642.6
21518,20634,19776,18955,18170,17415,16693,16013,15359,14742,14147,13585,13039,12515,12007,11518,11039,10538,10104,9974.3,9868.5,9595.4,9173.8,8743.4,8330.9,7920.3,7505.6,7111.7,6711.6
21768,20872,20005,19174,18379,17609,16876,16185,15524,14892,14291,13714,13162,12633,12120,11624,11141,10633,10196,10064,9957.4,9686.5,9258.1,8823.5,8408.1,7995.1,7578.6,7182.2,6780.6
22018,21111,20240,19393,18586,17812,17064,16362,15688,15050,14442,13852,13293,12753,12239,11736,11244,10728,10289,10158,10048,9778.2,9342.3,8903.8,8486.5,8070.6,7651.5,7252.9,6849.7
22267,21359,20477,19623,18799,18014,17265,16542,15856,15210,14589,13999,13425,12878,12359,11849,11352,10830,10386,10253,10140,9869.2,9427.4,8989.7,8565.6,8146,7725.4,7324.2,6918.7
22517,21601,20718,19857,19018,18217,17459,16727,16029,15372,14739,14142,13561,13006,12480,11963,11460,10932,10484,10347,10234,9959.3,9512.7,9075.6,8644.7,8223.7,7803.3,7395.5,6988.2
22775,21851,20961,20092,19244,18431,17657,16916,16209,15537,14893,14285,13700,13136,12602,12078,11571,11037,10584,10441,10331,10049,9599.1,9161.9,8727.6,8304.5,7881.3,7467.2,7061.1
23040,22109,21203,20326,19471,18650,17860,17106,16389,15707,15059,14439,13842,13270,12725,12196,11683,11143,10685,10542,10428,10149,9694.8,9248.8,8811.3,8385.2,7960.1,7542.5,7134.1
23301,22360,21453,20561,19702,18871,18069,17302,16576,15880,15227,14592,13986,13406,12854,12315,11801,11249,10787,10646,10528,10249,9790.4,9335.8,8895.5,8466.5,8041.5,7617.9,7207
23565,22616,21703,20804,19936,19091,18282,17506,16767,16056,15395,14746,14133,13544,12985,12440,11919,11357,10895,10749,10627,10348,9884.5,9427.2,8985.1,8548.3,8122.9,7693.5,7284.6
23827,22880,21953,21046,20170,19314,18495,17713,16956,16243,15562,14910,14287,13684,13118,12566,12039,11468,11002,10852,10732,10446,9977.4,9520.4,9074.7,8630,8205.1,7774,7362.4
24089,23142,22209,21288,20404,19544,18715,17920,17152,16428,15733,15074,14443,13831,13251,12695,12160,11589,11112,10957,10837,10547,10072,9613.9,9164.7,8718.8,8289.4,7854.4,7440.2
24360,23405,22462,21536,20647,19780,18939,18127,17352,16614,15909,15238,14600,13981,13393,12824,12284,11709,11223,11072,10947,10657,10177,9709.6,9255.5,8809.8,8373.7,7935.2,7518.7
24630,23669,22720,21791,20890,20014,19167,18347,17555,16806,16091,15405,14760,14135,13536,12960,12409,11827,11335,11187,11060,10767,10282,9805.2,9346.2,8900.9,8458.4,8020.9,7597.4
24893,23929,22984,22050,21138,20257,19395,18563,17763,17004,16276,15577,14922,14289,13684,13098,12541,11946,11447,11300,11173,10875,10386,9905.2,9442.6,8994.2,8543.7,8106.7,7676.1
25170,24197,23245,22306,21388,20493,19622,18779,17978,17204,16464,15756,15086,14444,13831,13240,12673,12071,11565,11412,11286,10982,10488,10008,9540.9,9087.5,8629,8192.7,7758.9
25447,24465,23510,22558,21638,20733,19858,19004,18193,17408,16656,15938,15256,14607,13979,13381,12807,12196,11686,11534,11400,11095,10596,10111,9639.5,9181.7,8721,8280.5,7842.7
25724,24741,23770,22818,21889,20979,20100,19240,18412,17615,16854,16125,15430,14772,14137,13523,12943,12326,11812,11658,11524,11210,10710,10216,9739.1,9277.5,8816.8,8368.3,7926.5
26002,25010,24037,23085,22141,21227,20337,19467,18633,17824,17054,16314,15609,14939,14297,13673,13082,12457,11942,11781,11647,11330,10824,10321,9838.8,9373.2,8912.7,8457.4,8014.8
26273,25278,24304,23352,22400,21474,20580,19702,18855,18042,17256,16506,15794,15109,14456,13826,13226,12594,12072,11904,11770,11454,10938,10433,9943.1,9473.7,9009.7,8549.8,8104
26553,25560,24580,23620,22658,21732,20828,19943,19083,18260,17461,16704,15977,15281,14620,13983,13374,12732,12202,12033,11893,11579,11051,10545,10050,9575.9,9106.8,8642.2,8193.2
26839,25835,24849,23878,22925,21982,21073,20185,19312,18477,17674,16905,16161,15456,14787,14142,13524,12874,12335,12165,12023,11704,11171,10659,10158,9678.7,9204.4,8738.1,8284.3
27124,26113,25124,24152,23185,22249,21323,20428,19546,18698,17889,17109,16356,15640,14954,14308,13675,13017,12472,12299,12153,11831,11290,10774,10274,9783.7,9304,8837.6,8375.6
27402,26396,25396,24415,23451,22501,21573,20671,19785,18927,18105,17313,16550,15826,15127,14470,13834,13162,12609,12434,12293,11959,11417,10890,10389,9888.8,9403.6,8937.2,8467.3
27689,26674,25673,24686,23718,22765,21832,20915,20026,19162,18321,17521,16747,16011,15308,14630,13992,13312,12746,12574,12433,12091,11545,11013,10502,9997.7,9508.3,9038.7,8564.5
27970,26952,25953,24958,23985,23026,22084,21166,20263,19398,18551,17734,16952,16206,15489,14803,14149,13466,12891,12717,12570,12231,11676,11135,10615,10108,9615.9,9140.8,8661.6
28253,27231,26224,25230,24252,23291,22341,21417,20506,19634,18780,17951,17156,16400,15672,14978,14312,13621,13039,12864,12709,12370,11809,11262,10732,10220,9723.7,9243.2,8760.9
28540,27516,26503,25507,24524,23558,22605,21674,20758,19870,19009,18174,17369,16597,15858,15155,14479,13778,13191,13011,12856,12510,11943,11388,10853,10336,9832.8,9348,8865.4
28827,27803,26789,25785,24801,23825,22868,21927,21008,20106,19242,18397,17583,16804,16055,15343,14655,13937,13344,13162,13005,12652,12078,11518,10976,10451,9941.9,9452.8,8970
29114,28090,27069,26063,25077,24096,23131,22182,21259,20358,19478,18619,17794,17008,16251,15527,14829,14100,13498,13313,13155,12797,12215,11649,11103,10574,10057,9561.3,9075.3
29402,28377,27352,26349,25346,24370,23398,22445,21510,20602,19714,18848,18017,17217,16448,15708,15002,14266,13656,13466,13310,12945,12352,11781,11230,10697,10175,9672.9,9181.2
29692,28664,27639,26629,25624,24638,23665,22710,21765,20851,19950,19086,18241,17428,16648,15905,15189,14437,13821,13625,13469,13096,12498,11914,11359,10823,10293,9784.6,9287.1
29986,28951,27926,26908,25901,24907,23933,22971,22024,21102,20199,19322,18468,17638,16857,16101,15377,14611,13984,13790,13630,13250,12648,12054,11488,10950,10413,9899.4,9397.1
30274,29238,28213,27189,26186,25184,24201,23238,22285,21352,20451,19557,18697,17861,17069,16299,15565,14790,14147,13958,13792,13407,12798,12197,11623,11078,10533,10014,9507.2
30567,29527,28494,27475,26467,25462,24469,23505,22551,21606,20697,19801,18928,18090,17282,16500,15753,14972,14319,14127,13961,13568,12948,12341,11759,11207,10662,10134,9620.4
30862,29822,28782,27754,26749,25740,24745,23773,22811,21865,20944,20039,19165,18317,17499,16704,15945,15156,14493,14295,14130,13731,13104,12486,11903,11337,10791,10258,9737.6
31157,30111,29075,28040,27034,26018,25023,24041,23078,22125,21197,20284,19401,18542,17717,16911,16141,15340,14668,14467,14298,13897,13260,12641,12048,11470,10919,10382,9854.7
31452,30402,29362,28327,27313,26299,25300,24316,23338,22384,21456,20535,19644,18771,17937,17124,16343,15526,14852,14643,14472,14070,13419,12796,12191,11605,11046,10503,9975.1
31747,30696,29657,28617,27599,26584,25582,24594,23611,22651,21707,20787,19888,19009,18161,17343,16548,15715,15038,14822,14649,14248,13580,12949,12333,11748,11179,10624,10096
32042,30984,29947,28911,27881,26863,25866,24866,23888,22911,21966,21039,20132,19245,18385,17561,16756,15919,15221,15005,14835,14420,13745,13104,12486,11891,11317,10758,10218
32337,31282,30237,29199,28163,27149,26144,25139,24153,23183,22225,21298,20377,19486,18616,17782,16968,16121,15413,15196,15020,14596,13916,13269,12640,12038,11455,10892,10342
32632,31582,30532,29496,28452,27432,26423,25419,24427,23454,22491,21550,20628,19728,18853,18008,17187,16326,15609,15389,15204,14778,14091,13433,12798,12187,11596,11026,10468
32925,31868,30820,29784,28746,27719,26701,25695,24700,23726,22756,21805,20880,19977,19091,18230,17405,16534,15808,15584,15396,14969,14263,13598,12956,12338,11738,11162,10602
33219,32165,31118,30071,29039,28000,26986,25973,24977,23990,23021,22070,21132,20220,19332,18467,17625,16740,16004,15783,15591,15157,14441,13767,13117,12488,11886,11303,10736
33521,32462,31416,30356,29323,28296,27276,26251,25254,24273,23294,22331,21393,20471,19567,18704,17851,16951,16207,15981,15788,15347,14624,13944,13282,12645,12035,11446,10874
33811,32761,31706,30647,29620,28581,27558,26535,25532,24546,23564,22602,21653,20723,19818,18942,18083,17173,16421,16181,15992,15546,14810,14116,13446,12802,12186,11588,11009
34103,33060,31992,30946,29908,28876,27837,26822,25809,24814,23830,22866,21913,20974,20063,19180,18310,17390,16635,16392,16202,15743,14998,14294,13620,12966,12337,11731,11146
34408,33349,32291,31241,30199,29159,28134,27109,26099,25084,24108,23129,22171,21235,20308,19418,18548,17615,16844,16606,16407,15946,15196,14472,13797,13130,12495,11878,11287
34706,33645,32586,31536,30489,29456,28420,27386,26378,25369,24377,23395,22441,21490,20562,19663,18786,17840,17056,16827,16613,16151,15389,14661,13968,13294,12656,12028,11430
35006,33937,32886,31834,30781,29744,28698,27679,26659,25649,24654,23670,22704,21753,20826,19904,19023,18070,17274,17041,16829,16365,15585,14853,14143,13463,12816,12180,11576
35296,34236,33185,32126,31076,30036,28997,27970,26935,25936,24932,23939,22965,22011,21078,20156,19261,18299,17498,17262,17054,16572,15789,15046,14328,13634,12978,12338,11723
35591,34537,33479,32421,31371,30323,29293,28250,27221,26216,25213,24213,23242,22270,21332,20407,19503,18537,17729,17483,17271,16793,16000,15239,14512,13817,13146,12499,11873
35891,34836,33785,32719,31667,30617,29581,28537,27512,26495,25484,24492,23509,22546,21599,20662,19752,18782,17959,17706,17499,17007,16210,15436,14703,13994,13316,12662,12032
36198,35140,34081,33021,31963,30911,29866,28832,27807,26775,25766,24760,23788,22805,21851,20921,19994,19022,18193,17938,17728,17232,16424,15642,14896,14174,13487,12826,12192
36492,35431,34379,33319,32256,31206,30156,29116,28094,27056,26045,25042,24057,23080,22111,21172,20250,19259,18424,18165,17957,17450,16637,15845,15093,14359,13664,12995,12353
36781,35721,34671,33617,32552,31501,30454,29411,28372,27351,26332,25316,24331,23347,22385,21432,20502,19503,18660,18403,18182,17675,16858,16051,15288,14549,13843,13165,12516
37080,36021,34966,33916,32854,31792,30746,29704,28656,27633,26609,25604,24608,23619,22645,21692,20754,19754,18903,18640,18418,17914,17074,16260,15488,14736,14024,13330,12680
37385,36322,35268,34206,33146,32091,31041,29991,28956,27920,26891,25883,24884,23896,22916,21954,21014,20005,19152,18880,18664,18143,17303,16478,15692,14936,14210,13513,12839
37686,36622,35566,34496,33436,32386,31336,30281,29246,28206,27186,26162,25164,24169,23190,22214,21272,20252,19397,19129,18902,18381,17528,16699,15903,15137,14400,13696,13007
37984,36922,35861,34794,33736,32684,31641,30581,29541,28500,27470,26451,25434,24439,23455,22490,21534,20506,19647,19373,19146,18619,17758,16929,16112,15338,14590,13878,13183
38286,37222,36156,35096,34039,32979,31934,30876,29826,28783,27757,26739,25716,24725,23730,22754,21803,20766,19891,19613,19387,18856,17993,17148,16322,15541,14781,14066,13364
38579,37521,36455,35396,34331,33271,32222,31167,30117,29081,28041,27021,25995,24995,24008,23027,22058,21023,20141,19873,19640,19101,18224,17370,16543,15745,14980,14250,13542
38866,37816,36755,35696,34636,33576,32520,31463,30416,29376,28336,27307,26282,25281,24285,23299,22328,21277,20395,20120,19890,19341,18463,17599,16764,15955,15188,14436,13725
39169,38111,37046,35991,34931,33868,32811,31761,30711,29670,28619,27594,26571,25559,24556,23568,22595,21547,20652,20375,20142,19596,18700,17826,16989,16173,15393,14631,13913
39473,38410,37345,36289,35225,34164,33112,32060,31001,29958,28914,27885,26856,25842,24829,23846,22872,21805,20912,20635,20396,19848,18943,18066,17217,16394,15597,14830,14097
39773,38709,37649,36589,35525,34460,33415,32353,31299,30251,29200,28166,27143,26125,25110,24114,23139,22072,21174,20891,20653,20099,19195,18304,17445,16609,15807,15036,14288
40072,39002,37945,36889,35825,34765,33706,32646,31594,30545,29495,28455,27430,26406,25398,24398,23408,22343,21431,21145,20914,20350,19443,18549,17678,16837,16018,15245,14481
40370,39298,38244,37182,36123,35060,34003,32950,31890,30844,29790,28753,27715,26690,25678,24684,23684,22607,21691,21408,21170,20610,19696,18791,17911,17058,16237,15450,14680
40665,39597,38543,37482,36418,35355,34295,33249,32185,31135,30078,29045,28005,26980,25965,24954,23962,22881,21958,21675,21433,20870,19940,19031,18152,17289,16460,15652,14885
40968,39896,38840,37780,36713,35650,34590,33541,32480,31427,30380,29330,28294,27267,26246,25226,24230,23146,22230,21942,21696,21130,20195,19277,18392,17522,16684,15866,15087
41263,40195,39138,38078,37013,35947,34885,33845,32776,31725,30677,29625,28581,27555,26533,25505,24505,23418,22492,22205,21962,21390,20451,19529,18638,17755,16917,16091,15294
41556,40498,39440,38377,37310,36247,35189,34139,33078,32020,30971,29914,28880,27843,26812,25792,24790,23696,22768,22466,22231,21662,20711,19785,18883,17996,17140,16305,15504
41855,40795,39735,38678,37605,36547,35485,34428,33367,32315,31269,30205,29165,28125,27095,26082,25074,23974,23032,22747,22500,21919,20972,20039,19129,18234,17367,16534,15718
42154,41092,40030,38980,37901,36846,35780,34720,33668,32610,31560,30500,29460,28416,27390,26362,25353,24253,23304,23016,22765,22189,21232,20292,19375,18477,17602,16755,15935
42453,41390,40325,39275,38201,37145,36080,35022,33965,32905,31855,30802,29750,28705,27668,26651,25635,24532,23582,23288,23036,22457,21502,20553,19629,18718,17840,16976,16149
42753,41689,40624,39570,38501,37440,36380,35324,34264,33203,32148,31096,30040,29000,27965,26930,25915,24802,23859,23566,23310,22732,21760,20813,19882,18963,18073,17217,16374
43056,41988,40927,39865,38804,37735,36675,35624,34555,33501,32435,31395,30335,29293,28253,27217,26190,25081,24136,23842,23588,23003,22027,21073,20143,19211,18314,17452,16603
43359,42287,41229,40160,39108,38035,36980,35920,34850,33800,32738,31690,30636,29583,28540,27500,26479,25368,24418,24112,23863,23278,22306,21341,20394,19463,18568,17685,16830
43658,42587,41532,40457,39408,38334,37284,36215,35152,34104,33040,31981,30932,29875,28835,27798,26767,25654,24694,24395,24143,23556,22568,21603,20654,19723,18816,17918,17060
43957,42889,41832,40760,39707,38630,37580,36518,35458,34400,33330,32281,31221,30170,29122,28089,27054,25935,24973,24672,24421,23822,22834,21872,20915,19974,19062,18165,17296
44257,43192,42131,41062,40007,38931,37875,36815,35758,34695,33630,32577,31525,30469,29416,28377,27345,26222,25253,24951,24700,24101,23107,22133,21179,20226,19312,18412,17529
44560,43487,42430,41365,40310,39232,38170,37110,36052,34990,33930,32870,31823,30769,29711,28670,27628,26506,25540,25238,24979,24380,23384,22415,21444,20494,19564,18658,17762
44855,43781,42729,41666,40605,39531,38465,37411,36348,35285,34233,33175,32115,31057,30005,28960,27923,26793,25821,25515,25261,24668,23661,22684,21713,20756,19816,18904,18007
45155,44080,43027,41965,40903,39830,38763,37713,36647,35581,34530,33473,32406,31350,30297,29250,28213,27080,26100,25801,25546,24944,23940,22953,21973,21018,20076,19151,18253
45455,44383,43323,42264,41198,40125,39066,38012,36945,35881,34825,33765,32705,31646,30594,29541,28505,27365,26391,26082,25835,25220,24220,23222,22245,21285,20332,19405,18496
45750,44685,43615,42557,41490,40426,39365,38311,37240,36181,35120,34060,33007,31948,30893,29840,28800,27665,26680,26366,26114,25510,24497,23500,22518,21552,20593,19660,18748
46045,44988,43914,42851,41789,40726,39664,38608,37536,36481,35415,34355,33300,32249,31185,30134,29088,27952,26966,26653,26400,25794,24780,23781,22793,21815,20858,19917,18994
46345,45289,44209,43151,42088,41025,39959,38900,37836,36779,35715,34657,33591,32539,31479,30427,29375,28240,27253,26940,26690,26079,25067,24053,23063,22085,21118,20168,19245
46644,45584,44508,43453,42386,41324,40259,39199,38136,37074,36014,34954,33894,32834,31781,30729,29674,28524,27540,27224,26974,26362,25342,24335,23339,22354,21387,20433,19509
46939,45886,44811,43756,42685,41623,40561,39498,38439,37370,36305,35249,34194,33126,32076,31019,29969,28819,27828,27524,27262,26649,25621,24614,23620,22623,21657,20699,19766
47234,46184,45114,44052,42984,41922,40859,39799,38743,37670,36604,35549,34494,33424,32365,31314,30268,29114,28124,27812,27550,26932,25911,24892,23891,22899,21926,20962,20012
47539,46479,45409,44345,43287,42220,41158,40099,39039,37969,36899,35849,34789,33719,32661,31614,30556,29409,28416,28100,27846,27219,26195,25170,24164,23173,22192,21228,20272
47841,46774,45704,44644,43589,42519,41457,40395,39334,38272,37204,36149,35084,34024,32962,31913,30854,29699,28708,28394,28134,27511,26480,25454,24443,23451,22470,21488,20540
48139,47069,46001,44947,43891,42818,41756,40693,39632,38569,37503,36440,35383,34319,33257,32201,31149,29987,28998,28693,28429,27799,26769,25749,24730,23731,22738,21765,20800
48434,47366,46304,45244,44189,43120,42055,40992,39934,38864,37803,36734,35683,34614,33554,32494,31448,30284,29292,28983,28723,28094,27059,26031,25017,24012,23016,22034,21070
48729,47667,46607,45542,44480,43419,42358,41291,40229,39159,38105,37037,35983,34913,33858,32800,31739,30583,29589,29271,29009,28389,27340,26318,25299,24290,23291,22303,21337
49026,47974,46904,45844,44774,43715,42660,41590,40531,39454,38404,37337,36276,35212,34154,33104,32037,30874,29882,29564,29304,28682,27634,26604,25584,24567,23564,22576,21609
49325,48269,47200,46139,45072,44013,42957,41888,40829,39749,38701,37637,36572,35506,34450,33397,32336,31169,30178,29857,29592,28969,27929,26898,25868,24853,23850,22852,21874
49624,48564,47499,46434,45375,44312,43250,42184,41125,40051,39000,37938,36872,35808,34750,33686,32633,31470,30470,30153,29888,29264,28224,27178,26155,25140,24129,23133,22147
49922,48860,47798,46732,45678,44613,43549,42483,41424,40354,39299,38239,37169,36113,35049,33987,32929,31769,30769,30445,30188,29559,28510,27469,26440,25417,24407,23411,22424
50221,49159,48102,47034,45974,44914,43851,42785,41722,40656,39594,38535,37464,36414,35344,34284,33233,32064,31064,30744,30477,29854,28804,27764,26724,25705,24683,23681,22691
50521,49458,48406,47333,46271,45209,44149,43084,42021,40959,39894,38834,37759,36709,35639,34583,33522,32354,31355,31039,30773,30149,29099,28059,27017,25992,24965,23957,22961
50823,49759,48704,47632,46570,45504,44446,43383,42320,41258,40195,39133,38054,37005,35936,34884,33819,32658,31651,31340,31074,30444,29394,28348,27305,26279,25254,24240,23241
51119,50062,49003,47931,46868,45803,44749,43679,42619,41556,40494,39434,38358,37304,36239,35184,34119,32959,31948,31636,31369,30739,29689,28639,27599,26564,25541,24527,23519
51416,50364,49302,48229,47171,46105,45044,43976,42910,41855,40793,39734,38665,37604,36534,35484,34417,33254,32254,31925,31664,31034,29975,28934,27894,26854,25828,24804,23805
51715,50655,49597,48528,47469,46404,45339,44279,43206,42154,41092,40029,38967,37903,36839,35774,34717,33549,32547,32219,31968,31329,30271,29229,28186,27141,26116,25092,24082
52013,50951,49889,48827,47765,46702,45636,44574,43507,42453,41390,40328,39268,38195,37138,36073,35017,33854,32836,32525,32257,31624,30574,29522,28474,27434,26404,25372,24363
52316,51249,50188,49126,48063,47004,45939,44874,43810,42752,41689,40627,39569,38491,37438,36369,35318,34149,33135,32821,32554,31918,30869,29809,28769,27729,26692,25655,24643
52614,51544,50487,49424,48362,47304,46242,45177,44112,43047,41988,40922,39864,38790,37737,36672,35617,34444,33434,33114,32854,32211,31161,30104,29064,28024,26978,25944,24924
52911,51846,50785,49723,48661,47599,46538,45478,44408,43340,42280,41214,40162,39088,38031,36972,35910,34740,33728,33408,33158,32515,31448,30408,29358,28315,27265,26238,25210
53213,52146,51085,50022,48960,47897,46833,45773,44707,43643,42578,41513,40456,39383,38325,37272,36203,35040,34024,33703,33453,32813,31752,30703,29651,28603,27553,26523,25492
53508,52442,51387,50321,49258,48196,47128,46068,45008,43945,42880,41812,40749,39686,38624,37568,36498,35337,34324,34009,33748,33108,32050,30994,29938,28898,27846,26814,25779
53806,52733,51683,50619,49557,48495,47423,46367,45303,44248,43183,42111,41048,39986,38923,37867,36796,35629,34632,34309,34043,33405,32351,31292,30243,29193,28134,27102,26073
54104,53036,51978,50918,49856,48794,47721,46669,45605,44548,43482,42411,41347,40285,39226,38168,37095,35928,34918,34609,34338,33708,32646,31586,30538,29479,28428,27389,26368
54403,53333,52274,51220,50152,49092,48024,46968,45903,44843,43776,42714,41649,40583,39523,38463,37393,36224,35215,34909,34635,34003,32943,31892,30830,29777,28732,27687,26651
54698,53632,52577,51518,50443,49391,48328,47267,46198,45138,44068,43016,41951,40882,39822,38758,37689,36528,35520,35209,34935,34298,33238,32188,31128,30078,29028,27978,26938
54997,53938,52873,51813,50742,49690,48619,47563,46493,45433,44364,43310,42253,41181,40124,39059,37993,36828,35823,35507,35231,34595,33543,32477,31427,30373,29317,28263,27226
55299,54237,53171,52108,51043,49988,48916,47858,46800,45728,44666,43605,42544,41482,40427,39358,38300,37127,36118,35798,35525,34895,33838,32773,31724,30670,29608,28564,27518
55598,54533,53474,52410,51346,50283,49215,48153,47101,46023,44963,43904,42841,41784,40726,39653,38601,37423,36413,36094,35828,35193,34133,33073,32023,30965,29903,28854,27805
55896,54828,53776,52712,51648,50584,49514,48452,47399,46326,45261,44207,43142,42087,41025,39948,38898,37723,36712,36398,36134,35492,34429,33368,32313,31253,30198,29148,28099
56195,55123,54073,53013,51951,50881,49813,48750,47698,46626,45565,44503,43445,42386,41324,40250,39193,38025,37012,36697,36433,35793,34729,33663,32603,31553,30493,29443,28395
56493,55421,54368,53308,52248,51173,50115,49049,47997,46928,45871,44798,43747,42681,41623,40550,39488,38324,37314,36997,36728,36091,35030,33962,32901,31848,30795,29738,28698
56792,55725,54663,53603,52546,51472,50417,49348,48293,47233,46171,45095,44039,42975,41914,40849,39787,38623,37613,37299,37023,36394,35333,34273,33203,32151,31089,30033,28983
57091,56029,54958,53898,52848,51768,50719,49647,48588,47532,46468,45397,44335,43278,42210,41148,40085,38926,37908,37598,37318,36693,35628,34558,33498,32448,31378,30328,29275
57389,56327,55255,54193,53143,52066,51017,49948,48883,47831,46763,45696,44636,43581,42509,41447,40384,39223,38203,37893,37619,36993,35923,34853,33796,32747,31683,30628,29569
57688,56626,55554,54492,53438,52369,51309,50250,49186,48130,47058,46000,44943,43883,42808,41746,40683,39516,38498,38188,37920,37284,36218,35157,34096,33038,31983,30928,29868
57979,56925,55853,54797,53733,52671,51607,50553,49488,48428,47356,46303,45242,44183,43111,42044,40982,39808,38800,38483,38219,37581,36517,35462,34396,33333,32283,31223,30163
58275,57222,56151,55098,54028,52968,51908,50844,49786,48727,47655,46598,45538,44478,43408,42343,41281,40107,39098,38785,38518,37880,36817,35758,34696,33630,32574,31523,30454
58573,57513,56450,55393,54326,53266,52203,51140,50078,49026,47954,46893,45833,44773,43703,42642,41580,40406,39396,39083,38813,38179,37109,36053,34996,33930,32863,31813,30754
58868,57811,56749,55688,54629,53568,52498,51438,50377,49321,48252,47190,46128,45068,43999,42938,41878,40705,39698,39378,39115,38479,37405,36351,35289,34230,33173,32112,31058
59169,58109,57047,55985,54933,53863,52796,51733,50678,49613,48551,47489,46423,45363,44301,43237,42173,41003,40001,39673,39415,38782,37704,36650,35589,34530,33473,32413,31349
59468,58408,57346,56284,55228,54160,53098,52035,50981,49912,48850,47788,46723,45659,44604,43539,42474,41302,40300,39976,39714,39078,38003,36952,35888,34825,33768,32708,31647
59764,58711,57647,56583,55522,54459,53392,52337,51283,50211,49149,48086,47024,45961,44902,43842,42775,41601,40599,40275,40012,39370,38302,37252,36185,35120,34064,33002,31942
60066,59007,57949,56881,55820,54758,53694,52637,51582,50511,49447,48385,47323,46267,45199,44137,43074,41902,40898,40574,40311,39664,38597,37547,36484,35417,34364,33307,32237
60362,59305,58251,57180,56118,55056,53994,52932,51874,50812,49746,48684,47622,46569,45502,44432,43372,42205,41197,40873,40605,39962,38898,37842,36782,35716,34664,33602,32537
60661,59607,58544,57480,56417,55360,54293,53231,52169,51107,50045,48983,47920,46867,45797,44730,43667,42507,41496,41172,40900,40261,39201,38137,37078,36019,34961,33897,32837
60962,59902,58839,57782,56719,55662,54592,53530,52468,51402,50342,49281,48219,47162,46095,45032,43968,42798,41795,41471,41203,40560,39503,38438,37382,36318,35252,34188,33132
61257,60202,59137,58077,57021,55957,54890,53827,52774,51701,50637,49580,48518,47457,46393,45335,44270,43095,42091,41770,41506,40861,39806,38737,37681,36617,35547,34488,33427
61557,60502,59432,58374,57322,56252,55189,54122,53072,52004,50939,49879,48817,47754,46692,45632,44572,43392,42382,42068,41805,41163,40105,39034,37980,36912,35843,34787,33722
61858,60797,59733,58673,57613,56547,55488,54424,53367,52306,51237,50178,49115,48053,46987,45929,44867,43688,42677,42367,42104,41466,40404,39336,38277,37215,36142,35087,34021
62157,61092,60035,58972,57910,56844,55786,54724,53662,52602,51534,50480,49412,48352,47282,46227,45165,43991,42977,42670,42404,41765,40703,39639,38574,37515,36441,35387,34321
62455,61391,60337,59267,58207,57146,56085,55023,53965,52897,51837,50777,49708,48644,47578,46526,45464,44287,43280,42967,42706,42064,41002,39939,38877,37814,36737,35686,34617
62752,61692,60632,59566,58502,57445,56383,55322,54262,53193,52139,51072,50011,48939,47877,46825,45762,44586,43583,43262,43002,42364,41301,40238,39176,38115,37038,35982,34920
63047,61991,60927,59867,58804,57744,56682,55620,54558,53496,52437,51367,50310,49239,48176,47124,46057,44890,43885,43558,43302,42667,41599,40537,39475,38417,37339,36277,35224
63342,62290,61222,60162,59100,58043,56981,55919,54857,53792,52732,51670,50609,49541,48477,47422,46358,45196,44182,43860,43602,42962,41896,40836,39773,38712,37638,36577,35522
63640,62588,61517,60457,59393,58346,57279,56217,55156,54087,53027,51967,50908,49844,48780,47721,46659,45495,44477,44157,43897,43257,42187,41135,40072,39010,37937,36877,35820
63938,62887,61815,60756,59692,58642,57578,56516,55454,54383,53329,52265,51211,50140,49082,48020,46958,45792,44772,44456,44192,43555,42490,41433,40371,39305,38232,37173,36119
64237,63185,62117,61062,59987,58938,57877,56815,55753,54689,53629,52567,51507,50433,49381,48319,47256,46087,45067,44757,44492,43857,42793,41731,40664,39597,38533,37472,36419
64539,63484,62422,61360,60286,59237,58172,57113,56052,54990,53928,52862,51802,50732,49679,48617,47555,46382,45368,45052,44795,44152,43092,42023,40959,39896,38834,37771,36716
64841,63782,62721,61657,60588,59528,58471,57411,56350,55288,54226,53157,52098,51034,49977,48916,47854,46680,45669,45347,45097,44452,43388,42317,41258,40195,39132,38073,37007
65141,64081,63019,61952,60894,59824,58773,57703,56649,55587,54522,53453,52400,51332,50272,49215,48153,46979,45967,45644,45392,44755,43690,42615,41561,40494,39431,38372,37306
65432,64379,63318,62247,61195,60125,59076,58002,56946,55886,54817,53752,52697,51629,50574,49514,48451,47278,46266,45944,45687,45057,43993,42918,41863,40793,39730,38668,37605
65729,64678,63616,62551,61492,60431,59372,58304,57237,56179,55112,54058,52992,51931,50869,49813,48750,47577,46565,46251,45982,45352,44292,43221,42164,41091,40029,38966,37902
66029,64977,63915,62853,61787,60727,59670,58606,57535,56473,55411,54357,53288,52227,51163,50115,49044,47875,46868,46550,46277,45650,44587,43517,42460,41394,40328,39265,38199
66332,65275,64213,63152,62082,61026,59972,58902,57832,56771,55710,54652,53594,52524,51462,50412,49337,48174,47173,46849,46576,45948,44882,43816,42752,41697,40627,39564,38502
66634,65569,64511,63450,62379,61326,60266,59201,58127,57074,56008,54946,53894,52824,51764,50706,49636,48473,47471,47148,46874,46246,45176,44116,43054,41998,40925,39863,38805
66936,65863,64802,63749,62677,61621,60561,59501,58429,57376,56307,55245,54193,53130,52061,51002,49938,48771,47770,47446,47173,46541,45474,44411,43351,42296,41227,40162,39107
67236,66165,65099,64048,62976,61916,60856,59796,58726,57677,56605,55544,54492,53426,52358,51305,50241,49063,48064,47745,47472,46836,45774,44706,43646,42587,41526,40465,39408
67531,66461,65398,64346,63274,62211,61151,60091,59024,57976,56907,55843,54790,53721,52656,51601,50541,49359,48357,48044,47771,47133,46081,45006,43942,42881,41822,40767,39707
67826,66756,65696,64638,63573,62506,61446,60386,59326,58268,57209,56145,55089,54018,52963,51900,50836,49659,48656,48343,48069,47432,46376,45308,44244,43180,42125,41068,40006
68121,67051,65995,64929,63871,62801,61741,60681,59629,58559,57511,56448,55388,54325,53261,52201,51138,49962,48955,48641,48368,47731,46671,45606,44547,43481,42428,41365,40305
68416,67353,66293,65221,64170,63096,62036,60976,59931,58851,57810,56748,55686,54624,53556,52496,51436,50264,49254,48932,48668,48030,46967,45905,44846,43776,42724,41657,40599
68711,67655,66592,65512,64469,63391,62331,61271,60233,59142,58104,57046,55985,54923,53851,52791,51733,50561,49551,49229,48970,48328,47266,46204,45142,44077,43017,41951,40892
69010,67957,66890,65804,64767,63686,62626,61566,60536,59433,58395,57337,56284,55222,54150,53086,52035,50859,49846,49529,49273,48626,47565,46506,45440,44378,43316,42250,41191
69312,68259,67189,66095,65066,63981,62921,61861,60838,59725,58686,57628,56582,55520,54448,53382,52331,51161,50148,49831,49573,48921,47866,46811,45739,44677,43622,42553,41490
69614,68562,67487,66387,65364,64276,63216,62156,61140,60016,58978,57920,56881,55819,54747,53684,52626,51456,50451,50134,49870,49223,48169,47110,46038,44976,43923,42856,41791
69916,68864,67786,66678,65663,64571,63511,62451,61442,60308,59269,58211,57179,56118,55046,53984,52923,51756,50751,50431,50161,49523,48471,47409,46337,45271,44221,43151,42091
70219,69166,68085,66970,65961,64866,63806,62746,61745,60599,59560,58502,57478,56416,55344,54282,53225,52056,51046,50728,50456,49822,48762,47704,46635,45570,44516,43446,42386
70521,69468,68383,67261,66260,65161,64101,63041,62047,60890,59852,58794,57777,56715,55643,54581,53521,52351,51348,51031,50755,50121,49058,47996,46934,45872,44811,43744,42689
70823,69770,68682,67552,66558,65456,64396,63336,62349,61182,60143,59085,58075,57014,55942,54880,53818,52646,51646,51326,51057,50416,49359,48295,47233,46171,45106,44046,42986
71125,70072,68980,67844,66857,65751,64691,63631,62652,61473,60435,59376,58374,57312,56240,55178,54116,52943,51941,51626,51360,50715,49661,48594,47532,46469,45403,44341,43281
71427,70374,69279,68135,67156,66046,64986,63926,62954,61764,60726,59668,58673,57611,56539,55477,54415,53244,52236,51926,51656,51016,49964,48892,47830,46768,45706,44641,43577
71729,70677,69577,68427,67454,66341,65281,64221,63256,62056,61017,59959,58971,57909,56837,55776,54714,53550,52538,52221,51951,51311,50258,49191,48129,47067,46005,44941,43879
72031,70979,69876,68718,67753,66636,65576,64516,63559,62347,61309,60250,59270,58208,57136,56074,55012,53857,52840,52516,52247,51612,50552,49486,48428,47366,46303,45236,44182
72334,71281,70174,69010,68051,66931,65871,64811,63861,62638,61600,60542,59569,58507,57435,56373,55311,54163,53143,52811,52549,51911,50851,49787,48727,47664,46602,45531,44481
72636,71583,70473,69301,68350,67226,66166,65106,64163,62930,61891,60833,59867,58805,57733,56672,55610,54469,53445,53106,52852,52206,51146,50087,49025,47963,46901,45829,44776
72938,71885,70772,69593,68648,67521,66461,65401,64466,63221,62183,61125,60166,59104,58032,56970,55908,54776,53748,53401,53154,52501,51446,50385,49321,48259,47200,46131,45075
73240,72187,71070,69884,68947,67815,66755,65695,64768,63512,62474,61416,60465,59403,58331,57269,56207,55082,54050,53695,53457,52795,51748,50676,49620,48551,47498,46436,45374
73542,72489,71369,70175,69245,68110,67050,65990,65070,63804,62765,61707,60763,59701,58629,57567,56506,55388,54353,53990,53759,53090,52051,50979,49922,48849,47797,46735,45670
73844,72792,71667,70467,69544,68405,67345,66285,65373,64095,63057,61999,61062,60000,58928,57866,56804,55694,54655,54285,54062,53385,52353,51282,50225,49150,48095,47034,45965
74146,73094,71966,70758,69843,68700,67640,66580,65675,64387,63348,62290,61360,60299,59227,58165,57103,56001,54958,54580,54364,53680,52656,51581,50520,49453,48390,47332,46260
74449,73396,72264,71050,70141,68995,67935,66875,65977,64678,63640,62581,61659,60597,59525,58463,57402,56307,55260,54875,54667,53975,52958,51879,50815,49755,48691,47629,46559
74751,73698,72563,71341,70440,69290,68230,67170,66280,64969,63931,62873,61958,60896,59824,58762,57700,56613,55563,55170,54970,54270,53261,52178,51110,50050,48992,47921,46858
75053,74000,72861,71633,70738,69585,68525,67465,66582,65261,64222,63164,62256,61195,60123,59061,57999,56920,55865,55465,55272,54565,53563,52477,51405,50350,49291,48222,47156
75355,74302,73160,71924,71037,69880,68820,67760,66884,65552,64514,63455,62555,61493,60421,59359,58297,57226,56168,55760,55575,54860,53866,52775,51700,50653,49589,48524,47455
75657,74605,73458,72216,71335,70175,69115,68055,67187,65843,64805,63747,62854,61792,60720,59658,58596,57532,56470,56055,55877,55155,54168,53074,51995,50955,49888,48827,47754
75959,74907,73757,72507,71634,70470,69410,68350,67489,66135,65096,64038,63152,62090,61018,59957,58895,57839,56773,56350,56180,55450,54471,53373,52290,51258,50187,49129,48055
76262,75209,74056,72798,71932,70765,69705,68645,67791,66426,65388,64329,63451,62389,61317,60255,59193,58145,57075,56645,56482,55745,54773,53671,52585,51560,50486,49432,48357
76564,75511,74354,73090,72231,71060,70000,68940,68094,66717,65679,64621,63750,62688,61616,60554,59492,58451,57378,56940,56785,56040,55076,53970,52880,51863,50784,49734,48660
76866,75813,74652,73382,72530,71355,70295,69235,68397,67008,65970,64913,64049,62987,61915,60853,59791,58757,57681,57235,57088,56335,55379,54269,53175,52166,51082,50036,48963
77168,76115,74950,73674,72829,71650,70590,69530,68700,67299,66261,65205,64348,63286,62214,61152,60090,59063,57984,57530,57391,56630,55682,54568,53470,52469,51380,50338,49266
77470,76417,75248,73966,73128,71945,70885,69825,69003,67590,66552,65497,64647,63585,62513,61451,60389,59369,58287,57825,57694,56925,55985,54867,53765,52772,51678,50640,49569
77772,76719,75546,74258,73427,72240,71180,70120,69306,67881,66843,65789,64946,63884,62812,61750,60688,59675,58590,58120,57997,57220,56288,55166,54060,53075,51976,50942,49872
78074,77021,75844,74550,73726,72535,71475,70415,69609,68172,67134,66081,65245,64183,63111,62049,60987,59981,58893,58415,58300,57515,56591,55465,54355,53378,52274,51244,50175
78376,77323,76142,74842,74025,72830,71770,70710,69912,68463,67425,66373,65544,64482,63410,62348,61286,60287,59196,58710,58603,57810,56894,55764,54650,53681,52572,51546,50478
78678,77625,76440,75134,74324,73125,72065,71005,70215,68754,67716,66665,65843,64781,63709,62647,61585,60593,59499,59005,58906,58105,57197,56063,54945,53984,52870,51848,50781
78980,77927,76738,75426,74623,73420,72360,71300,70518,69045,68007,66957,66142,65080,64008,62946,61884,60899,59802,59300,59209,58400,57500,56362,55240,54287,53168,52150,51084
79282,78229,77036,75718,74922,73715,72655,71595,70821,69336,68298,67249,66441,65379,64307,63245,62183,61205,60105,59595,59512,58695,57803,56661,55535,54590,53466,52452,51387
79584,78531,77334,76010,75221,74010,72950,71890,71124,69627,68589,67541,66740,65678,64606,63544,62482,61511,60408,59890,59815,58990,58106,56960,55830,54893,53764,52754,51690
79886,78833,77632,76302,75520,74305,73245,72185,71427,69918,68880,67833,67039,65977,64905,63843,62781,61817,60711,60185,60118,59285,58409,57259,56125,55196,54062,53056,51993
80188,79135,77930,76594,75819,74600,73540,72480,71730,70209,69171,68125,67338,66276,65204,64142,63080,62123,61014,60480,60421,59580,58712,57558,56420,55499,54360,53358,52296
80490,79437,78228,76886,76118,74895,73835,72775,72033,70500,69462,68417,67637,66575,65503,64441,63379,62429,61317,60775,60724,59875,59015,57857,56715,55802,54658,53660,52599
80792,79739,78526,77178,76417,75190,74130,73070,72336,70791,69753,68709,67936,66874,65802,64740,63678,62735,61620,61070,61027,60170,59318,58156,57010,56105,54956,53962,52902
81094,80041,78824,77470,76716,75485,74425,73365,72639,71082,70044,69001,68235,67173,66101,65039,63977,63041,61923,61365,61330,60465,59621,58455,57305,56408,55254,54264,53205
81396,80343,79122,77762,77015,75780,74720,73660,72942,71373,70335,69293,68534,67472,66400,65338,64276,63347,62226,61660,61633,60760,59924,58754,57600,56711,55552,54566,53508
81698,80645,79420,78054,77314,76075,75015,73955,73245,71664,70626,69585,68833,67771,66699,65637,64575,63653,62529,61955,61936,61055,60227,59053,57895,57014,55850,54868,53811
82000,80947,79718,78346,77613,76370,75310,74250,73548,71955,70917,69877,69132,68070,66998,65936,64874,63959,62832,62250,62239,61350,60530,59352,58190,57317,56148,55170,54114
82302,81249,80016,78638,77912,76665,75605,74545,73851,72246,71208,70169,69431,68369,67297,66235,65173,64265,63135,62545,62542,61645,60833,59651,58485,57620,56446,55472,54417
82604,81551,80314,78930,78211,76960,75900,74840,74154,72537,71499,70461,69730,68668,67596,66534,65472,64571,63438,62840,62845,61940,61136,59950,58780,57923,56744,55774,54720
82906,81853,80612,79222,78510,77255,76195,75135,74457,72828,71790,70753,70029,68967,67895,66833,65771,64877,63741,63135,63148,62235,61439,60249,59075,58226,57042,56076,55023
83208,82155,80910,79514,78809,77550,76490,75430,74760,73119,72081,71045,70328,69266,68194,67132,66070,65183,64044,63430,63451,62530,61742,60548,59370,58529,57340,56378,55326
83510,82457,81208,79806,79108,77845,76785,75725,75063,73410,72372,71337,70627,69565,68493,67431,66369,65489,64347,63725,63754,62825,62045,60847,59665,58832,57638,56680,55629
83812,82759,81506,80098,79407,78140,77080,76020,75366,73701,72663,71629,70926,69864,68792,67730,66668,65795,64650,64020,64057,63120,62348,61146,59960,59135,57936,56982,55932
84114,83061,81804,80390,79706,78435,77375,76315,75669,73992,72954,71921,71225,70163,69091,68029,66967,66101,64953,64315,64360,63415,62651,61445,60255,59438,58234,57284,56235
84416,83363,82102,80682,80005,78730,77670,76610,75972,74283,73245,72213,71524,70462,69390,68328,67266,66407,65256,64610,64663,63710,62954,61744,60550,59741,58532,57586,56538
84718,83665,82400,80974,80304,79025,77965,76905,76275,74574,73536,72505,71823,70761,69689,68627,67565,66713,65559,64905,64966,64005,63257,62043,60845,60044,58830,57888,56841
85020,83967,82698,81266,80603,79320,78260,77200,76578,74865,73827,72797,72122,71060,69988,68926,67864,67019,65862,65200,65269,64300,63560,62342,61140,60347,59128,58190,57144
85322,84269,82996,81558,80902,79615,78555,77495,76881,75156,74118,73089,72421,71359,70287,69225,68163,67325,66165,65495,65572,64595,63863,62641,61435,60650,59426,58492,57447
85624,84571,83294,81850,81201,79910,78850,77790,77184,75447,74409,73381,72720,71658,70586,69524,68462,67631,66468,65790,65875,64890,64166,62940,61730,60953,59724,58794,57750
85926,84873,83592,82142,81500,80205,79145,78085,77487,75738,74700,73673,73019,71957,70885,69823,68761,67937,66771,66085,66178,65185,64469,63239,62025,61256,60022,59096,58053
86228,85175,83890,82434,81799,80500,79440,78380,77790,76029,74991,73965,73318,72256,71184,70122,69060,68243,67074,66380,66481,65480,64772,63538,62320,61559,60320,59398,58356
86530,85477,84188,82726,82098,80795,79735,78675,78093,76320,75282,74257,73617,72555,71483,70421,69359,68549,67377,66675,66784,65775,65075,63837,62615,61862,60618,59700,58659
86832,85779,84486,83018,82397,81090,80030,78970,78396,76611,75573,74549,73916,72854,71782,70720,69658,68855,67680,66970,67087,66070,65378,64136,62910,62165,60916,60002,58962
87134,86081,84784,83310,82696,81385,80325,79265,78699,76902,75864,74841,74215,73153,72081,71019,69957,69161,67983,67265,67390,66365,65681,64435,63205,62468,61214,60304,59265
87436,86383,85082,83602,82995,81680,80620,79560,79002,77193,76155,75133,74514,73452,72380,71318,70256,69467,68286,67560,67693,66660,65984,64734,63500,62771,61512,60606,59568
87738,86685,85380,83894,83294,81975,80915,79855,79305,77484,76446,75425,74813,73751,72679,71617,70555,69773,68589,67855,67996,66955,66287,65033,63795,63074,61810,60908,59871
88040,86987,85678,84186,83593,82270,81210,80150,79608,77775,76737,75717,75112,74050,72978,71916,70854,70079,68892,68150,68299,67250,66590,65332,64090,63377,62108,61210,60174
88342,87289,85976,84478,83892,82565,81505,80445,79911,78066,77028,76009,75411,74349,73277,72215,71153,70385,69195,68445,68602,67545,66893,65631,64385,63680,62406,61512,60477
88644,87591,86274,84770,84191,82860,81800,80740,80214,78357,77319,76301,75710,74648,73576,72514,71452,70691,69498,68740,68905,67840,67196,65930,64680,63983,62704,61814,60780
88946,87893,86572,85062,84490,83155,82095,81035,80517,78648,77610,76593,76009,74947,73875,72813,71751,70997,69801,69035,69208,68135,67499,66229,64975,64286,63002,62116,61083
89248,88195,86870,85354,84789,83450,82390,81330,80820,78939,77901,76885,76308,75246,74174,73112,72050,71303,70104,69330,69511,68430,67802,66528,65270,64589,63300,62418,61386
89550,88497,87168,85646,85088,83745,82685,81625,81123,79230,78192,77177,76607,75545,74473,73411,72349,71609,70407,69625,69814,68725,68105,66827,65565,64892,63598,62720,61689
89852,88799,87466,85938,85387,84040,82980,81920,81426,79521,78483,77469,76906,75844,74772,73710,72648,71915,70710,69920,70117,69020,68408,67126,65860,65195,63896,63022,61992
90154,89101,87764,86230,85686,84335,83275,82215,81729,79812,78774,77761,77205,76143,75071,74009,72947,72221,71013,70215,70420,69315,68711,67425,66155,65498,64194,63324,62295
90456,89403,88062,86522,85985,84630,83570,82510,82032,80103,79065,78053,77504,76442,75370,74308,73246,72527,71316,70510,70723,69610,69014,67724,66450,65801,64492,63626,62598
90758,89705,88360,86814,86284,84925,83865,82805,82335,80394,79356,78345,77803,76741,75669,74607,73545,72833,71619,70805,71026,69905,69317,68023,66745,66104,64790,63928,62901
91060,90007,88658,87106,86583,85220,84160,83100,82638,80685,79647,78637,78102,77040,75968,74906,73844,73139,71922,71100,71329,70200,69620,68322,67040,66407,65088,64230,63204
91362,90309,88956,87398,86882,85515,84455,83395,82941,80976,79938,78929,78401,77339,76267,75205,74143,73445,72225,71395,71632,70495,69923,68621,67335,66710,65386,64532,63507
91664,90611,89254,87690,87181,85810,84750,83690,83244,81267,80229,79221,78700,77638,76566,75504,74442,73751,72528,71690,71935,70790,70226,68920,67630,67013,65684,64834,63810
91966,90913,89552,87982,87480,86105,85045,83985,83547,81558,80520,79513,78999,77937,76865,75803,74741,74057,72831,71985,72238,71085,70529,69219,67925,67316,65982,65136,64113
92268,91215,89850,88274,87779,86400,85340,84280,83850,81849,80811,79805,79298,78236,77164,76102,75040,74363,73134,72280,72541,71380,70832,69518,68220,67619,66280,65438,64416
92570,91517,90148,88566,88078,86695,85635,84575,84153,82140,81102,80097,79597,78535,77463,76401,75339,74669,73437,72575,72844,71675,71135,69817,68515,67922,66578,65740,64719
92872,91819,90446,88858,88377,86990,85930,84870,84456,82431,81393,80389,79896,78834,77762,76700,75638,74975,73740,72870,73147,71970,71438,70116,68810,68225,66876,66042,65022
93174,92121,90744,89150,88676,87285,86225,85165,84759,82722,81684,80681,80195,79133,78061,76999,75937,75281,74043,73165,73450,72265,71741,70415,69105,68528,67174,66344,65325
93476,92423,91042,89442,88975,87580,86520,85460,85062,83013,81975,80973,80494,79432,78360,77298,76236,75587,74346,73460,73753,72560,72044,70714,69400,68831,67472,66646,65628
93778,92725,91340,89734,89274,87875,86815,85755,85365,83304,82266,81265,80793,79731,78659,77597,76535,75893,74649,73755,74056,72855,72347,71013,69695,69134,67770,66948,65931
94080,93027,91638,90026,89573,88170,87110,86050,85668,83595,82557,81557,81092,80030,78958,77896,76834,76199,74952,74050,74359,73150,72650,71312,69990,69437,68068,67250,66234
94382,93329,91936,90318,89872,88465,87405,86345,85971,83886,82848,81849,81391,80329,79257,78195,77133,76505,75255,74345,74662,73445,72953,71611,70285,69740,68366,67552,66537
94684,93631,92234,90610,90171,88760,87700,86640,86274,84177,83139,82141,81690,80628,79556,78494,77432,76811,75558,74640,74965,73740,73256,71910,70580,70043,68664,67854,66840
94986,93933,92532,90902,90470,89055,87995,86935,86577,84468,83430,82433,81989,80927,79855,78793,77731,77117,75861,74935,75268,74035,73559,72209,70875,70346,68962,68156,67143
95288,94235,92830,91194,90769,89350,88290,87230,86880,84759,83721,82725,82288,81226,80154,79092,78030,77423,76164,75230,75571,74330,73862,72508,71170,70649,69260,68458,67446
95590,94537,93128,91486,91068,89645,88585,87525,87183,85050,84012,83017,82587,81525,80453,79391,78329,77729,76467,75525,75874,74625,74165,72807,71465,70952,69558,68760,67749
95892,94839,93426,91778,91367,89940,88880,87820,87486,85341,84303,83309,82886,81824,80752,79690,78628,78035,76770,75820,76177,74920,74468,73106,71760,71255,69856,69062,68052
96194,95141,93724,92070,91666,90235,89175,88115,87789,85632,84594,83601,83185,82123,81051,79989,78927,78341,77073,76115,76480,75215,74771,73405,72055,71558,70154,69364,68355
96496,95443,94022,92362,91965,90530,89470,88410,88092,85923,84885,83893,83484,82422,81350,80288,79226,78647,77376,76410,76783,75510,75074,73704,72350,71861,70452,69666,68658
96798,95745,94320,92654,92264,90825,89765,88705,88395,86214,85176,84185,83783,82721,81649,80587,79525,78953,77679,76705,77086,75805,75377,74003,72645,72164,70750,69968,68961
97100,96047,94618,92946,92563,91120,90060,89000,88698,86505,85467,84477,84082,83020,81948,80886,79824,79259,77982,77000,77389,76100,75680,74302,72940,72467,71048,70270,69264
97402,96349,94916,93238,92862,91415,90355,89295,89001,86796,85758,84769,84381,83319,82247,81185,80123,79565,78285,77295,77692,76395,75983,74601,73235,72770,71346,70572,69567
97704,96651,95214,93530,93161,91710,90650,89590,89304,87087,86049,85061,84680,83618,82546,81484,80422,79871,78588,77590,77995,76690,76286,74900,73530,73073,71644,70874,69870
98006,96953,95512,93822,93460,92005,90945,89885,89607,87378,86340,85353,84979,83917,82845,81783,80721,80177,78891,77885,78298,76985,76589,75199,73825,73376,71942,71176,70173
98308,97255,95810,94114,93759,92300,91240,90180,89910,87669,86631,85645,85278,84216,83144,82082,81020,80483,79194,78180,78601,77280,76892,75498,74120,73679,72240,71478,70476
98610,97557,96108,94406,94058,92595,91535,90475,90213,87960,86922,85937,85577,84515,83443,82381,81319,80789,79497,78475,78904,77575,77195,75797,74415,73982,72538,71780,70779
98912,97859,96406,94698,94357,92890,91830,90770,90516,88251,87213,86229,85876,84814,83742,82680,81618,81095,79800,78770,79207,77870,77498,76096,74710,74285,72836,72082,71082
99214,98161,96704,94990,94656,93185,92125,91065,90819,88542,87504,86521,86175,85113,84041,82979,81917,81401,80103,79065,79510,78165,77801,76395,75005,74588,73134,72384,71385
99516,98463,97002,95282,94955,93480,92420,91360,91122,88833,87795,86813,86474,85412,84340,83278,82216,81707,80406,79360,79813,78460,78104,76694,75300,74891,73432,72686,71688
99818,98765,97300,95574,95254,93775,92715,91655,91425,89124,88086,87105,86773,85711,84639,83577,82515,82013,80709,79655,80116,78755,78407,76993,75595,75194,73730,72988,71991
100120,99067,97598,95866,95553,94070,93010,91950,91728,89415,88377,87397,87072,86010,84938,83876,82814,82319,81012,79950,80419,79050,78710,77292,75890,75497,74028,73290,72294
100422,99369,97896,96158,95852,94365,93305,92245,92031,89706,88668,87689,87371,86309,85237,84175,83113,82625,81315,80245,80722,79345,79013,77591,76185,75800,74326,73592,72597
100724,99671,98194,96450,96151,94660,93600,92540,92334,89997,88959,87981,87670,86608,85536,84474,83412,82931,81618,80540,81025,79640,79316,77890,76480,76103,74624,73894,72900
101026,99973,98492,96742,96450,94955,93895,92835,92637,90288,89250,88273,87969,86907,85835,84773,83711,83237,81921,80835,81328,79935,79619,78189,76775,76406,74922,74196,73203
101328,100275,98790,97034,96749,95250,94190,93130,92940,90579,89541,88565,88268,87206,86134,85072,84010,83543,82224,81130,81631,80230,79922,78488,77070,76709,75220,74498,73506
101630,100577,99088,97326,97048,95545,94485,93425,93243,90870,89832,88857,88567,87505,86433,85371,84309,83849,82527,81425,81934,80525,80225,78787,77365,77012,75518,74800,73809
101932,100879,99386,97618,97347,95840,94780,93720,93546,91161,90123,89149,88866,87804,86732,85670,84608,84155,82830,81720,82237,80820,80528,79086,77660,77315,75816,75102,74112
102234,101181,99684,97910,97646,96135,95075,94015,93849,91452,90414,89441,89165,88103,87031,85969,84907,84461,83133,82015,82540,81115,80831,79385,77955,77618,76114,75404,74415
102536,101483,99982,98202,97945,96430,95370,94310,94152,91743,90705,89733,89464,88402,87330,86268,85206,84767,83436,82310,82843,81410,81134,79684,78250,77921,76412,75706,74718
102838,101785,100280,98494,98244,96725,95665,94605,94455,92034,90996,90025,89763,88701,87629,86567,85505,85073,83739,82605,83146,81705,81437,79983,78545,78224,76710,76008,75021
103140,102087,100578,98786,98543,97020,95960,94900,94758,92325,91287,90317,90062,89000,87928,86866,85804,85379,84042,82900,83449,82000,81740,80282,78840,78527,77008,76310,75324
103442,102389,100876,99078,98842,97315,96255,95195,95061,92616,91578,90609,90361,89299,88227,87165,86103,85685,84345,83195,83752,82295,82043,80581,79135,78830,77306,76612,75627
103744,102691,101174,99370,99141,97610,96550,95490,95364,92907,91869,90901,90660,89598,88526,87464,86402,85991,84648,83490,84055,82590,82346,80880,79430,79133,77604,76914,75930
104046,102993,101472,99662,99440,97905,96845,95785,95667,93198,92160,91193,90959,89897,88825,87763,86701,86297,84951,83785,84358,82885,82649,81179,79725,79436,77902,77216,76233
104348,103295,101770,99954,99739,98200,97140,96080,95970,93489,92451,91485,91258,90196,89124,88062,87000,86603,85254,84080,84661,83180,82952,81478,80020,79739,78200,77518,76536
104650,103597,102068,100246,100038,98495,97435,96375,96273,93780,92742,91777,91557,90495,89423,88361,87299,86909,85557,84375,84964,83475,83255,81777,80315,80042,78498,77820,76839
104952,103899,102366,100538,100337,98790,97730,96670,96576,94071,93033,92069,91856,90794,89722,88660,87598,87215,85860,84670,85267,83770,83558,82076,80610,80345,78796,78122,77142
105254,104201,102664,100830,100636,99085,98025,96965,96879,94362,93324,92361,92155,91093,90021,88959,87897,87521,86163,84965,85570,84065,83861,82375,80905,80648,79094,78424,77445
105556,104503,102962,101122,100935,99380,98320,97260,97182,94653,93615,92653,92454,91392,90320,89258,88196,87827,86466,85260,85873,84360,84164,82674,81200,80951,79392,78726,77748
105858,104805,103260,101414,101234,99675,98615,97555,97485,94944,93906,92945,92753,91691,90619,89557,88495,88133,86769,85555,86176,84655,84467,82973,81495,81254,79690,79028,78051
106160,105107,103558,101706,101533,99970,98910,97850,97788,95235,94197,93237,93052,91990,90918,89856,88794,88439,87072,85850,86479,84950,84770,83272,81790,81557,79988,79330,78354
106462,105409,103856,101998,101832,100265,99205,98145,98091,95526,94488,93529,93351,92289,91217,90155,89093,88745,87375,86145,86782,85245,85073,83571,82085,81860,80286,79632,78657
106764,105711,104154,102290,102131,100560,99500,98440,98394,95817,94779,93821,93650,92588,91516,90454,89392,89051,87678,86440,87085,85540,85376,83870,82380,82163,80584,79934,78960
107066,106013,104452,102582,102430,100855,99795,98735,98697,96108,95070,94113,93949,92887,91815,90753,89691,89357,87981,86735,87388,85835,85679,84169,82675,82466,80882,80236,79263
107368,106315,104750,102874,102729,101150,100090,99030,99000,96399,95361,94405,94248,93186,92114,91052,89990,89663,88284,87030,87691,86130,85982,84468,82970,82769,81180,80538,79566
107670,106617,105048,103166,103028,101445,100385,99325,99303,96690,95652,94697,94547,93485,92413,91351,90289,89969,88587,87325,87994,86425,86285,84767,83265,83072,81478,80840,79869
107972,106919,105346,103458,103327,101740,100680,99620,99606,96981,95943,94989,94846,93784,92712,91650,90588,90275,88890,87620,88297,86720,86588,85066,83560,83375,81776,81142,80172
108274,107221,105644,103750,103626,102035,100975,99915,99909,97272,96234,95281,95145,94083,93011,91949,90887,90581,89193,87915,88600,87015,86891,85365,83855,83678,82074,81444,80475
108576,107523,105942,104042,103925,102330,101270,100210,100212,97563,96525,95573,95444,94382,93310,92248,91186,90887,89496,88210,88903,87310,87194,85664,84150,83981,82372,81746,80778
108878,107825,106240,104334,104224,102625,101565,100505,100515,97854,96816,95865,95743,94681,93609,92547,91485,91193,89799,88505,89206,87605,87497,85963,84445,84284,82670,82048,81081
109180,108127,106538,104626,104523,102920,101860,100800,100818,98145,97107,96157,96042,94980,93908,92846,91784,91499,90102,88800,89509,87900,87800,86262,84740,84587,82968,82350,81384
109482,108429,106836,104918,104822,103215,102155,101095,101121,98436,97398,96449,96341,95279,94207,93145,92083,91805,90405,89095,89812,88195,88103,86561,85035,84890,83266,82652,81687
109784,108731,107134,105210,105121,103510,102450,101390,101424,98727,97689,96741,96640,95578,94506,93444,92382,92111,90708,89390,90115,88490,88406,86860,85330,85193,83564,82954,81990
110086,109033,107432,105502,105420,103805,102745,101685,101727,99018,97980,97033,96939,95877,94805,93743,92681,92417,91011,89685,90418,88785,88709,87159,85625,85496,83862,83256,82293
110388,109335,107730,105794,105719,104100,103040,101980,102030,99309,98271,97325,97238,96176,95104,94042,92980,92723,91314,89980,90721,89080,89012,87458,85920,85799,84160,83558,82596
110690,109637,108028,106086,106018,104395,103335,102275,102333,99600,98562,97617,97537,96475,95403,94341,93279,93029,91617,90275,91024,89375,89315,87757,86215,86102,84458,83860,82899
110992,109939,108326,106378,106317,104690,103630,102570,102636,99891,98853,97909,97836,96774,95702,94640,93578,93335,91920,90570,91327,89670,89618,88056,86510,86405,84756,84162,83202
111294,110241,108624,106670,106616,104985,103925,102865,102939,100182,99144,98201,98135,97073,96001,94939,93877,93641,92223,90865,91630,89965,89921,88355,86805,86708,85054,84464,83505
111596,110543,108922,106962,106915,105280,104220,103160,103242,100473,99435,98493,98434,97372,96300,95238,94176,93947,92526,91160,91933,90260,90224,88654,87100,87011,85352,84766,83808
111898,110845,109220,107254,107214,105575,104515,103455,103545,100764,99726,98785,98733,97671,96599,95537,94475,94253,92829,91455,92236,90555,90527,88953,87395,87314,85650,85068,84111
112200,111147,109518,107546,107513,105870,104810,103750,103848,101055,100017,99077,99032,97970,96898,95836,94774,94559,93132,91750,92539,90850,90830,89252,87690,87617,85948,85370,84414
112502,111449,109816,107838,107812,106165,105105,104045,104151,101346,100308,99369,99331,98269,97197,96135,95073,94865,93435,92045,92842,91145,91133,89551,87985,87920,86246,85672,84717
112804,111751,110114,108130,108111,106460,105400,104340,104454,101637,100599,99661,99630,98568,97496,96434,95372,95171,93738,92340,93145,91440,91436,89850,88280,88223,86544,85974,85020
113106,112053,110412,108422,108410,106755,105695,104635,104757,101928,100890,99953,99929,98867,97795,96733,95671,95477,94041,92635,93448,91735,91739,90149,88575,88526,86842,86276,85323
113408,112355,110710,108714,108709,107050,105990,104930,105060,102219,101181,100245,100228,99166,98094,97032,95970,95783,94344,92930,93751,92030,92042,90448,88870,88829,87140,86578,85626
