11815,11469,11132,10785,10450,10104,9767.5,9423.5,9116.1,8838.3,8549.2,8269.4,7989.1,7718.8,7442.6,7165.3,6877.7,6580.4,6315.2,6217.6,6149.2,5962.3,5686.7,5410.8,5124.2,4845.5,4574.8,4300.2,4011.4
11868,11521,11184,10837,10501,10154,9818.2,9473.6,9156.2,8878.4,8594.4,8314,8033.3,7758.5,7481.8,7204.6,6921.4,6619.3,6354,6261.3,6188,6001.2,5725.1,5449.3,5167,4888.3,4612.9,4337.9,4053.8
11920,11573,11236,10888,10551,10205,9868.9,9523.8,9196.3,8918.5,8639.5,8358.6,8077.5,7798.2,7521.1,7243.8,6965.1,6658.1,6392.8,6305,6226.8,6040,5763.5,5487.7,5209.8,4931.1,4650.9,4375.5,4096.2
11973,11624,11287,10940,10603,10256,9919.5,9573.9,9238.1,8958.6,8680.4,8402.9,8121.6,7841,7560.4,7283.1,7005.9,6697,6431.7,6348.7,6265.7,6081,5802,5526.2,5250.3,4973.9,4689,4413.4,4138.5
12025,11678,11339,10992,10654,10307,9970.6,9624,9288.8,8998.7,8720.1,8442.6,8164.2,7885.2,7604.5,7322.4,7045.1,6735.8,6471.7,6392.1,6304.5,6124.2,5844.2,5565.2,5288.8,5012.6,4727.9,4451.5,4176.3
12078,11736,11391,11043,10706,10361,10022,9675.2,9339.5,9038.8,8760.1,8482.3,8203.9,7926.4,7648.7,7361.6,7084.1,6774.6,6515,6431,6347.2,6165.5,5887.5,5608.4,5329.2,5050.6,4770.7,4491.9,4214
12130,11791,11443,11100,10758,10418,10073,9726.4,9390.2,9081.5,8800.2,8522,8243.6,7966,7688.1,7402.2,7123,6817.7,6557.4,6469.8,6390.4,6204,5927.6,5651.5,5372,5088.7,4813.1,4534.7,4255.6
12182,11844,11495,11157,10809,10472,10124,9782.4,9440.9,9127.2,8844.5,8561.9,8283.2,8005.4,7727.4,7446.4,7164.8,6861.4,6596.2,6513.5,6430.2,6244.1,5966.4,5689.9,5413.2,5126.7,4851.2,4575.4,4298
12235,11896,11548,11209,10862,10523,10176,9838.8,9491.6,9170.2,8890.1,8607,8324.7,8044.7,7767,7489.4,7209,6901.2,6635.7,6557.2,6469.1,6287.8,6008.2,5728.4,5451.7,5168.2,4889.2,4613.1,4337.2
12289,11949,11603,11261,10919,10575,10227,9890.2,9542.4,9210.8,8931.4,8651.9,8369.8,8087.5,7806.7,7528.6,7250.6,6940,6679.4,6596.3,6511.4,6330.2,6051.4,5771.4,5491.3,5211.4,4931.9,4652.2,4375.3
12347,12001,11660,11313,10975,10627,10282,9941.4,9593.6,9256.7,8971.6,8692.4,8413.3,8132.7,7850.9,7569,7289.8,6982.8,6722.8,6635.2,6555.1,6369.1,6091.9,5814.6,5534.1,5254.4,4974.7,4695,4416
12403,12053,11714,11366,11027,10681,10339,9992.1,9646.2,9307.4,9016,8733.4,8453.4,8177.8,7895.6,7613.6,7331.7,7027,6762.1,6678.3,6595.6,6408.9,6130.3,5853.7,5576.2,5297.2,5017.5,4736.9,4458.3
12456,12109,11766,11423,11080,10737,10392,10043,9702,9360.9,9061.6,8779,8495.4,8222.9,7940.6,7658.3,7376.3,7071.2,6801.5,6722,6634.5,6452.6,6171.4,5892.1,5614.6,5338,5060.3,4775,4498.4
12511,12167,11823,11480,11137,10791,10443,10100,9757.9,9416.6,9103.1,8824.6,8541,8264.9,7985.8,7702.9,7421,7115.3,6845.6,6762.1,6676.5,6496.3,6215.1,5934.4,5653.4,5376.4,5099.4,4813.4,4536.1
12570,12225,11881,11532,11192,10843,10499,10157,9814.3,9469.8,9143.7,8869.7,8586.4,8305,8026,7746.8,7465.6,7156.5,6889.8,6801.3,6720.7,6540,6258.8,5977.6,5696.7,5416.5,5137.5,4856.2,4575.6
12624,12284,11933,11585,11244,10898,10556,10213,9868.8,9521,9188.5,8914.3,8631.6,8348.3,8065.6,7786.9,7508,7196.2,6934,6844.4,6764.8,6583.3,6302.5,6021.2,5739.9,5459.3,5178.7,4899,4618.4
12677,12337,11986,11643,11299,10955,10613,10269,9920.1,9575.1,9234.1,8954.9,8676.9,8393.4,8110.2,7827.8,7547.7,7239.1,6978.1,6888.6,6809,6622.6,6344.5,6064.9,5783.6,5502.4,5221.5,4941.8,4661.2
12734,12389,12045,11700,11356,11012,10669,10320,9973.4,9630.9,9289.1,8996.1,8722.5,8438.5,8155.3,7872.4,7589.5,7283.7,7018,6932.7,6850.6,6662.1,6383.8,6108.6,5827.3,5546.1,5264.8,4984.6,4704
12793,12447,12103,11758,11414,11069,10721,10373,10030,9687,9345.5,9041.7,8765.9,8483.7,8200.4,7917.2,7634.2,7328.1,7057.7,6976.9,6889.8,6706.3,6424.7,6152.3,5871,5589.8,5308.5,5027.8,4746.8
12851,12506,12161,11816,11471,11123,10773,10430,10086,9743.4,9396.6,9087.4,8806,8529.1,8245.5,7962.3,7678.8,7372.2,7101.6,7021.4,6931.7,6750.4,6468.8,6193.4,5914.7,5633.5,5352,5071,4789.6
12909,12564,12218,11873,11525,11175,10830,10487,10143,9799.8,9447.3,9133,8848.4,8574.7,8290.7,8007.3,7723.5,7416.7,7145.8,7066,6976.4,6795.1,6512.9,6232.6,5958.4,5677.1,5395.2,5114.3,4832.4
12968,12622,12277,11931,11577,11232,10887,10543,10199,9856.2,9503.4,9178.6,8894,8616.7,8335.8,8052,7768.3,7461.3,7190.4,7110.3,7020.8,6839.7,6556.6,6274.3,6002.1,5720.3,5438.7,5157.5,4875.7
13027,12681,12335,11990,11634,11289,10944,10600,10256,9912.6,9559.8,9224.2,8939.6,8656.8,8380.9,8096.7,7813.4,7506,7235,7154.5,7064.9,6883.9,6600.4,6318,6041.9,5763.6,5482.4,5200.8,4918.9
13086,12739,12393,12047,11691,11346,11001,10657,10313,9968.9,9616.2,9272.2,8985.2,8704,8426,8141.8,7858.3,7550.6,7279.6,7199,7109.3,6928,6644.5,6362,6080.7,5807.3,5525.9,5244,4962.1
13144,12798,12452,12105,11753,11404,11059,10714,10369,10025,9672.5,9328.5,9030.8,8754.7,8471.6,8186.9,7903,7595.5,7324.3,7243.6,7153.9,6972.2,6688.7,6406.1,6127.3,5851,5569.1,5287.3,5005.4
13203,12857,12510,12163,11816,11462,11116,10771,10426,10082,9728.3,9384.8,9076.5,8801.9,8517.2,8232.1,7947.8,7640.6,7368.5,7288.3,7198.4,7016.4,6732.9,6452.6,6176.4,5894.7,5612.5,5330.5,5048.6
13262,12915,12568,12222,11875,11520,11173,10828,10483,10139,9784.4,9440.5,9124.5,8847.5,8562.4,8277.2,7992.9,7685.5,7412.7,7332.9,7242.6,7061,6777.9,6501.6,6221.6,5938.4,5656.2,5374,5091.9
13321,12974,12627,12279,11933,11583,11232,10885,10540,10196,9846,9498,9175.2,8892.7,8607.5,8322.3,8038.1,7730.1,7461.4,7377.5,7288.8,7105.6,6827.5,6548.6,6265.3,5982.1,5699.9,5417.7,5135.1
13380,13033,12685,12337,11991,11644,11295,10945,10597,10252,9906.9,9559.5,9223.6,8937.9,8652.6,8367.5,8083.2,7774.8,7511,7422.2,7338.4,7154.2,6876.3,6592.8,6309.3,6025.8,5743.6,5461.2,5178.4
13439,13095,12743,12395,12048,11702,11356,11008,10654,10308,9963.9,9619.2,9269.7,8983.7,8697.8,8413.1,8130.3,7819.4,7556.9,7466.8,7386.2,7203.3,6920.5,6637,6353.5,6069.9,5787.3,5504.4,5221.6
13502,13159,12806,12454,12107,11760,11413,11067,10711,10365,10021,9675.6,9324.1,9029.9,8743.4,8459.6,8180.5,7867,7602,7511.5,7430.8,7248.6,6964.6,6681.1,6397.3,6114.1,5831,5549.8,5264.9
13567,13219,12870,12518,12166,11817,11470,11124,10773,10423,10077,9732,9384.9,9075.6,8789,8509.8,8228.6,7917.2,7646.8,7559,7475.5,7293.2,7008.8,6725.3,6441,6162.1,5875.2,5598.4,5311.6
13627,13278,12929,12580,12229,11877,11528,11181,10835,10485,10135,9788.4,9443.1,9121.2,8839.6,8558.9,8273.7,7964.6,7691.4,7608.6,7520.1,7337.8,7053.3,6769.5,6487.8,6210.6,5923.8,5645.1,5360.1
13686,13337,12989,12639,12291,11940,11589,11239,10892,10546,10196,9847,9499.5,9170.9,8890.2,8604,8320.9,8009.7,7740,7655.4,7566.4,7382.5,7102.9,6815.1,6536.8,6255.3,5972.1,5688.3,5405.5
13751,13396,13053,12700,12349,12001,11651,11301,10949,10603,10258,9908.5,9559.2,9221.6,8935.9,8650.3,8371,8057.3,7789.6,7700,7616,7431.3,7152.3,6864.2,6583.3,6299,6015.8,5733,5448.8
13816,13461,13116,12763,12410,12059,11715,11364,11012,10661,10320,9970,9620.7,9276.5,8981.6,8701,8419.1,8106.9,7835.7,7747.7,7664.2,7480.9,7196.4,6912,6627.5,6346.7,6059.5,5781.6,5494.5
13875,13526,13175,12825,12473,12121,11778,11426,11075,10724,10381,10031,9682.2,9332.3,9032.3,8750.5,8464.2,8154.1,7880.8,7797.8,7709.3,7526.4,7240.7,6956.1,6674.1,6395.8,6108,5829.1,5542.5
13935,13591,13236,12884,12537,12184,11837,11488,11137,10786,10438,10091,9743.7,9393,9083,8796.1,8511.7,8199.2,7929.5,7844.9,7755.9,7571,7290.3,7001.6,6723.1,6441.4,6156.6,5872.8,5588.7
14000,13655,13301,12946,12602,12248,11895,11546,11199,10848,10497,10148,9801.4,9454.5,9133.7,8843.1,8562.4,8247,7979.1,7889.6,7805.5,7619.7,7339.9,7051.2,6772.2,6485.5,6205.1,5917.2,5632.4
14065,13720,13365,13009,12666,12312,11958,11604,11262,10910,10559,10207,9857.8,9511.3,9184.5,8893.7,8612.8,8297.2,8025.2,7937.2,7855.2,7669.3,7384.5,7100.6,6821.3,6532.6,6253.7,5965.8,5677.9
14131,13782,13429,13073,12729,12375,12022,11668,11325,10972,10621,10269,9918.2,9567.7,9235.7,8944.4,8663,8347.6,8070.3,7987.3,7905.4,7718.9,7429.2,7149.7,6868.3,6581.2,6298.4,6014.4,5726.5
14196,13841,13494,13138,12793,12439,12084,11731,11388,11035,10683,10331,9979.7,9629,9288.3,8995.1,8711,8398.3,8119.4,8037.5,7955.3,7768.5,7478.7,7198.9,6912.5,6630.1,6342.6,6062.9,5774.9
14262,13904,13558,13202,12858,12503,12147,11794,11451,11098,10746,10393,10041,9690.6,9349.1,9045.8,8756.6,8445.8,8169.6,8087.6,8004.9,7818.5,7528.3,7248.5,6958.7,6679.1,6390.4,6111.5,5822.9
14327,13969,13623,13267,12921,12566,12211,11857,11514,11160,10808,10455,10103,9757.2,9410,9096.5,8804.7,8490.9,8219.7,8137.7,8053.2,7868.6,7577.9,7298.1,7008.3,6728.2,6439,6160,5871.1
14392,14040,13688,13332,12985,12630,12275,11921,11577,11223,10870,10517,10165,9823.5,9471.5,9147.2,8855.4,8539.3,8269.8,8187.9,8098.4,7918.7,7627.5,7347.7,7057.7,6777.3,6487.9,6208.6,5919.6
14458,14111,13753,13397,13049,12694,12338,11986,11640,11285,10932,10580,10227,9885,9533,9197.9,8906.1,8590,8320,8238,8145,7968.9,7677.6,7397.3,7106.8,6826.4,6537,6252.9,5968.2
14524,14176,13818,13467,13114,12758,12404,12054,11703,11348,10995,10642,10293,9946.5,9594.5,9250.7,8956.8,8640.3,8370.1,8288.2,8195.1,8018.6,7727.7,7446.9,7156,6875.4,6586.1,6297,6016.7
14596,14241,13883,13536,13178,12822,12474,12120,11765,11411,11058,10708,10360,10008,9656,9307,9007.5,8690.5,8420.3,8338.3,8246.8,8068.2,7777.3,7496.5,7205.6,6924.8,6635.1,6349.8,6065.4
14666,14306,13950,13601,13243,12887,12541,12184,11829,11474,11124,10776,10422,10070,9717.5,9365.3,9058.2,8740.9,8470.4,8388.4,8301.9,8118.2,7826.9,7546.1,7255.1,6974.4,6684.2,6403.2,6114.4
14732,14374,14021,13666,13308,12954,12604,12248,11892,11541,11192,10838,10484,10132,9780.6,9426.1,9108.9,8791.6,8521,8438.6,8355.7,8168.4,7877.1,7595.7,7304.1,7023.7,6733.3,6452.9,6163.5
14798,14445,14089,13730,13375,13023,12668,12311,11960,11609,11255,10901,10547,10195,9847.3,9489.5,9159.6,8845.6,8571.7,8488.7,8406.4,8218.5,7927.2,7645.3,7353.4,7072.8,6782.4,6501.9,6212
14864,14514,14154,13798,13445,13090,12733,12379,12029,11673,11318,10969,10610,10262,9912.1,9556.1,9213.7,8901.3,8626.6,8539.2,8456.9,8268.6,7981.5,7694.9,7403,7122.1,6831.4,6550.6,6260.6
14933,14580,14223,13868,13512,13154,12800,12448,12093,11737,11386,11036,10677,10327,9973.6,9622.8,9270,8953.7,8682.4,8589.9,8507,8318.8,8036.1,7744.5,7453.8,7171.7,6883.6,6599.1,6309.1
15004,14649,14294,13935,13577,13223,12869,12513,12156,11805,11454,11098,10744,10389,10037,9689.4,9332.6,9004.4,8733.3,8643.2,8557.2,8368.9,8086.5,7794.5,7508.4,7221.1,6937.5,6648.1,6357.7
15076,14721,14361,14001,13646,13292,12939,12577,12224,11873,11517,11162,10813,10453,10105,9753.2,9398.5,9055.1,8783.4,8698.4,8607.3,8423.4,8136.7,7849.7,7561.8,7270.1,6988.6,6697.2,6411.4
15149,14787,14426,14071,13716,13362,13009,12646,12293,11942,11581,11230,10879,10521,10172,9814.7,9464.9,9105.8,8834,8750.8,8659.4,8479.2,8186.8,7904.4,7611.4,7321.4,7037.7,6749.9,6465.4
15215,14853,14497,14142,13786,13432,13073,12715,12363,12010,11649,11298,10941,10588,10238,9879.7,9531.5,9160.6,8884.7,8801.5,8715.2,8530.4,8236.9,7954,7662.2,7375.9,7089.8,6803.8,6514.4
15281,14925,14568,14212,13857,13502,13138,12785,12432,12074,11718,11366,11006,10655,10303,9947.1,9598.1,9216.9,8939.9,8855.4,8769,8580.6,8291.8,8004,7717.3,7428.6,7144.4,6854.4,6563
15354,14996,14640,14283,13927,13572,13208,12854,12501,12139,11786,11434,11074,10723,10365,10014,9664.8,9276.7,8995.7,8911.2,8819.7,8635.3,8346.9,8059.1,7771.2,7478.2,7196,6903.5,6616.2
15426,15069,14711,14354,13998,13637,13278,12924,12570,12208,11855,11502,11142,10790,10430,10081,9727.4,9337.6,9046.8,8963.6,8872.4,8691,8397.4,8113.9,7820.8,7529.6,7245.1,6956.2,6670.1
15498,15140,14782,14426,14069,13704,13348,12994,12639,12276,11924,11571,11210,10858,10498,10148,9788.9,9403,9097.5,9014.3,8928.2,8742.5,8447.5,8164,7871.6,7584.2,7296.9,7010.7,6724.1
15571,15212,14854,14497,14140,13775,13418,13063,12708,12345,11993,11640,11278,10926,10565,10215,9858.8,9469.6,9153.6,9068.5,8984,8793.2,8503,8214.6,7926.8,7638.7,7351.4,7064.9,6778.1
15644,15284,14926,14569,14211,13848,13488,13133,12778,12417,12062,11708,11346,10994,10632,10282,9930.6,9536.3,9209.9,9124.2,9039.7,8847.8,8558.7,8269.7,7981.8,7693.3,7406,7118.9,6828.3
15717,15356,14998,14640,14282,13924,13558,13203,12848,12491,12130,11776,11418,11061,10704,10349,9998.6,9602.9,9270.8,9180.4,9093.2,8902.9,8613.9,8324.9,8036.3,7748,7460.5,7170.2,6877.3
15789,15428,15069,14711,14353,13996,13629,13273,12918,12563,12199,11845,11491,11129,10776,10416,10066,9669.5,9331.8,9236.8,9143.9,8958.6,8669.1,8380,8091,7803.2,7513.1,7219.8,6930
15867,15501,15142,14783,14425,14067,13704,13344,12987,12632,12271,11914,11561,11197,10845,10483,10133,9736.2,9398.4,9301,9199.8,9014.4,8724.2,8435.3,8146.2,7856.3,7562.7,7272,6984
15945,15579,15214,14859,14496,14138,13779,13418,13057,12702,12346,11984,11629,11270,10913,10555,10199,9807.6,9465.4,9366.5,9261.3,9070.7,8780.6,8491.5,8201.3,7905.7,7614,7326,7038.8
16017,15657,15293,14936,14573,14208,13851,13493,13131,12772,12417,12052,11697,11343,10981,10628,10267,9879.4,9537.2,9432.9,9325.5,9127.1,8836.9,8546.7,8256.5,7957.5,7668.4,7380.6,7093.1
16090,15729,15368,15007,14649,14285,13921,13563,13206,12846,12485,12126,11765,11412,11048,10696,10334,9946.1,9608.3,9499.5,9391.4,9183.4,8892.1,8601.8,8311.6,8012.6,7723.1,7435.1,7147.1
16163,15804,15440,15081,14720,14361,13996,13635,13276,12920,12560,12200,11840,11480,11121,10763,10408,10013,9674.9,9570.4,9460.2,9238.6,8948.4,8657.2,8366.8,8069.4,7777.5,7489.1,7201.1
16239,15883,15516,15158,14793,14432,14072,13711,13348,12990,12635,12268,11913,11553,11195,10836,10479,10085,9742.4,9642.2,9532,9305,9003.6,8713.4,8421.9,8129.5,7834.8,7543.7,7255.1
16318,15958,15594,15233,14870,14505,14144,13785,13423,13060,12704,12338,11981,11626,11268,10909,10551,10157,9814.2,9709.4,9600.6,9371.7,9059.9,8768.7,8477.4,8188.1,7894.9,7598.8,7309.8
16399,16030,15670,15305,14945,14582,14217,13855,13499,13137,12773,12412,12052,11694,11341,10976,10624,10224,9885.9,9776,9667.2,9443.4,9115.2,8824.9,8533.4,8243.2,7953,7653.4,7364.2
16477,16107,15749,15381,15017,14659,14294,13928,13575,13212,12849,12487,12125,11765,11409,11045,10691,10291,9957.7,9847.5,9737.2,9513.4,9171.6,8880,8588.6,8298.4,8008.2,7710.5,7418.2
16556,16186,15823,15459,15092,14736,14370,14004,13648,13287,12924,12562,12200,11839,11478,11118,10759,10364,10029,9919.2,9809,9580.1,9229.4,8935.4,8644.1,8353.5,8063.3,7770,7475.1
16633,16266,15896,15538,15169,14813,14446,14081,13718,13362,12999,12637,12275,11913,11552,11192,10832,10437,10102,9992.5,9881.9,9647.2,9295.8,8992.6,8700.1,8408.7,8118,7827.1,7534.7
16707,16345,15975,15616,15246,14890,14523,14158,13793,13438,13074,12711,12348,11987,11626,11265,10905,10510,10175,10064,9954.1,9719,9362.1,9053,8757,8463.8,8174.5,7882.2,7592
16785,16424,16054,15695,15325,14962,14600,14235,13869,13514,13149,12786,12422,12060,11700,11338,10978,10582,10246,10136,10026,9790.7,9433.8,9113.3,8818.1,8520.7,8234.6,7939.8,7646.5
16865,16503,16132,15772,15403,15036,14678,14310,13944,13589,13224,12861,12497,12134,11773,11412,11052,10654,10319,10208,10098,9862.5,9505.6,9169.4,8876.8,8581.3,8292.7,7999.4,7703.9
16950,16581,16211,15851,15481,15120,14755,14387,14020,13664,13300,12936,12573,12208,11847,11485,11125,10727,10391,10281,10169,9934.2,9577.3,9227.5,8932.3,8640.5,8347.9,8056.5,7764.1
17034,16660,16290,15930,15559,15200,14832,14464,14102,13740,13376,13011,12647,12283,11921,11559,11198,10801,10463,10353,10242,10006,9649.1,9294.2,8989.9,8695.6,8405.7,8111.6,7820.7
17113,16741,16373,16008,15641,15278,14909,14541,14184,13816,13451,13086,12721,12358,11995,11635,11270,10876,10536,10425,10319,10081,9720.8,9361.9,9050.5,8752.7,8466.6,8169.2,7875.4
17194,16820,16457,16087,15724,15357,14987,14619,14261,13893,13526,13161,12800,12433,12072,11715,11347,10954,10609,10500,10396,10158,9794.2,9432.6,9112,8813.4,8524.5,8229.4,7933.3
17274,16901,16538,16166,15804,15434,15067,14701,14337,13969,13603,13243,12881,12512,12152,11790,11427,11029,10681,10578,10468,10233,9871.1,9506.1,9173,8874.9,8579.7,8289.5,7993.5
17355,16986,16617,16250,15883,15511,15149,14781,14413,14047,13685,13323,12956,12591,12227,11864,11502,11103,10757,10653,10541,10306,9946.1,9583,9235.7,8935.8,8637.7,8349.7,8052.9
17434,17070,16697,16334,15962,15590,15229,14859,14492,14128,13765,13398,13031,12667,12302,11937,11576,11176,10836,10725,10615,10380,10018,9657.9,9302.3,8996.5,8698.6,8407.4,8112.5
17519,17150,16779,16412,16041,15673,15307,14940,14574,14208,13840,13474,13107,12742,12382,12012,11653,11249,10910,10801,10687,10457,10092,9729.6,9370.5,9057.4,8758.7,8462.5,8172.7
17606,17234,16865,16493,16125,15756,15388,15022,14654,14285,13919,13555,13184,12822,12462,12092,11732,11327,10983,10879,10766,10534,10169,9803.6,9441.4,9117.6,8818.9,8520.2,8232.8
17692,17321,16949,16579,16210,15840,15472,15100,14732,14365,14001,13635,13265,12903,12537,12171,11807,11405,11060,10955,10844,10606,10245,9880.5,9515.5,9178.4,8879.1,8581.1,8293
17777,17407,17035,16664,16294,15923,15551,15179,14813,14448,14080,13712,13346,12983,12611,12251,11881,11484,11139,11028,10921,10681,10316,9958.2,9592.4,9242.4,8939.9,8641.9,8353.2
17858,17491,17114,16748,16375,16002,15631,15261,14896,14530,14156,13790,13427,13062,12692,12329,11959,11562,11217,11104,10998,10759,10392,10036,9669.3,9309,9001.4,8702,8414.1
17942,17571,17196,16828,16454,16083,15715,15346,14978,14612,14237,13872,13508,13137,12772,12404,12040,11641,11296,11182,11072,10837,10469,10110,9746.1,9381.1,9062.9,8765.6,8474.8
18030,17655,17281,16909,16539,16168,15798,15430,15062,14695,14319,13953,13588,13215,12853,12481,12119,11720,11370,11261,11147,10916,10546,10182,9823,9457.1,9124.4,8831.5,8535
18117,17741,17367,16996,16624,16252,15882,15513,15145,14777,14401,14036,13669,13297,12933,12560,12199,11798,11443,11339,11226,10994,10624,10258,9899.9,9533.2,9185.1,8893.8,8595.1
18204,17829,17454,17081,16708,16336,15967,15597,15228,14861,14484,14118,13750,13377,13013,12640,12279,11879,11522,11418,11304,11072,10703,10335,9977.8,9610.1,9251.2,8954.8,8655.3
18292,17916,17540,17167,16794,16421,16051,15680,15311,14944,14566,14199,13833,13458,13094,12720,12358,11959,11602,11497,11383,11150,10782,10415,10055,9687,9322.3,9016.3,8716.3
18379,18002,17627,17252,16879,16507,16136,15764,15394,15026,14648,14281,13915,13538,13174,12803,12437,12038,11687,11575,11461,11229,10860,10499,10132,9763.9,9397.2,9076.9,8780
18466,18091,17713,17338,16968,16591,16220,15849,15479,15108,14731,14363,13996,13620,13255,12889,12517,12118,11770,11654,11540,11307,10937,10579,10209,9840.7,9474.1,9141.1,8845.2
18557,18184,17801,17429,17059,16679,16304,15933,15563,15192,14815,14446,14078,13707,13337,12972,12598,12197,11848,11734,11622,11386,11020,10656,10287,9918.8,9554.4,9207.7,8907.3
18651,18274,17893,17521,17147,16770,16391,16017,15646,15276,14903,14530,14161,13793,13418,13052,12682,12276,11927,11813,11707,11466,11104,10733,10365,9999.9,9636.4,9276.7,8968.3
18740,18360,17983,17607,17232,16858,16483,16103,15728,15359,14989,14618,14244,13874,13498,13133,12767,12356,12007,11899,11788,11545,11183,10811,10445,10082,9714.7,9348,9032.2
18827,18447,18071,17694,17318,16943,16569,16193,15814,15446,15072,14703,14330,13956,13584,13213,12849,12435,12088,11982,11866,11629,11262,10890,10529,10160,9791.6,9426.8,9098.3
18916,18537,18162,17780,17406,17027,16654,16280,15904,15536,15159,14785,14416,14038,13671,13300,12930,12519,12173,12061,11949,11712,11340,10968,10608,10238,9872.4,9508.8,9161.5
19008,18631,18254,17870,17496,17114,16743,16365,15994,15620,15248,14871,14498,14122,13753,13386,13015,12604,12256,12142,12035,11791,11419,11052,10685,10320,9954.4,9587,9223
19103,18722,18341,17963,17586,17207,16834,16455,16084,15706,15333,14961,14584,14209,13835,13468,13101,12690,12335,12227,12116,11871,11503,11136,10767,10402,10032,9663.9,9298
19197,18810,18431,18057,17672,17298,16919,16545,16170,15795,15416,15044,14672,14297,13921,13549,13181,12776,12419,12310,12195,11955,11587,11218,10851,10481,10111,9744.8,9379.5
19291,18903,18524,18148,17763,17389,17007,16635,16255,15881,15505,15127,14755,14384,14009,13635,13263,12857,12504,12390,12279,12041,11671,11301,10929,10558,10192,9826.9,9457.7
19383,18997,18619,18236,17857,17481,17099,16725,16345,15966,15595,15217,14840,14472,14097,13722,13350,12936,12590,12472,12364,12126,11754,11380,11009,10640,10274,9908.9,9534.6
19476,19090,18714,18326,17950,17574,17190,16817,16436,16054,15685,15304,14927,14560,14184,13810,13436,13023,12674,12558,12450,12210,11834,11462,11092,10723,10358,9990.9,9615.5
19569,19182,18806,18418,18042,17661,17282,16906,16526,16144,15773,15393,15016,14643,14271,13896,13522,13109,12760,12643,12535,12295,11915,11545,11176,10807,10440,10073,9697.5
19664,19274,18898,18515,18134,17748,17374,16991,16616,16234,15863,15483,15105,14726,14359,13984,13608,13195,12846,12728,12620,12377,12000,11629,11260,10891,10522,10155,9779.5
19756,19370,18990,18612,18226,17840,17464,17084,16706,16324,15953,15573,15193,14816,14447,14071,13695,13281,12932,12814,12706,12458,12085,11713,11344,10975,10606,10239,9861.5
19849,19470,19085,18705,18319,17934,17557,17182,16798,16415,16043,15663,15282,14905,14535,14158,13781,13367,13017,12900,12792,12544,12170,11798,11428,11057,10690,10321,9943.6
19946,19563,19183,18797,18414,18031,17651,17273,16889,16508,16133,15751,15372,14998,14622,14245,13868,13454,13103,12985,12877,12635,12257,11883,11512,11141,10772,10403,10026
20047,19659,19277,18889,18511,18125,17748,17365,16981,16604,16223,15841,15460,15089,14711,14333,13956,13540,13189,13071,12963,12722,12348,11970,11596,11225,10856,10487,10114
20145,19758,19370,18985,18604,18216,17842,17455,17072,16698,16314,15932,15554,15178,14800,14421,14044,13630,13276,13164,13049,12808,12435,12060,11682,11309,10939,10570,10201
20245,19858,19470,19083,18698,18313,17932,17547,17167,16788,16405,16028,15650,15268,14888,14510,14137,13722,13363,13255,13135,12894,12520,12146,11772,11395,11022,10652,10283
20338,19957,19568,19181,18796,18411,18029,17644,17263,16883,16495,16121,15738,15357,14979,14603,14228,13810,13450,13340,13225,12980,12606,12231,11859,11484,11107,10735,10365
20434,20052,19667,19279,18892,18508,18124,17740,17358,16978,16587,16211,15829,15449,15073,14695,14316,13897,13540,13427,13318,13071,12690,12321,11943,11570,11196,10820,10448
20535,20145,19764,19377,18990,18605,18220,17836,17452,17068,16682,16303,15925,15544,15163,14782,14405,13989,13631,13514,13404,13161,12781,12411,12030,11655,11283,10909,10532
20635,20243,19857,19477,19090,18703,18318,17934,17542,17158,16778,16398,16017,15634,15253,14875,14498,14083,13719,13602,13491,13247,12872,12497,12121,11743,11367,10996,10621
20736,20344,19954,19575,19188,18801,18414,18029,17635,17253,16873,16494,16105,15725,15348,14969,14589,14169,13805,13695,13584,13337,12958,12583,12206,11832,11454,11079,10708
20836,20444,20055,19675,19286,18897,18512,18126,17733,17349,16967,16587,16199,15819,15441,15060,14677,14258,13898,13788,13675,13428,13045,12672,12292,11923,11543,11164,10798
20937,20549,20160,19773,19384,18995,18609,18223,17829,17445,17063,16681,16300,15912,15535,15148,14770,14351,13991,13880,13767,13520,13136,12763,12383,12012,11633,11253,10885
21038,20653,20263,19871,19482,19093,18706,18319,17926,17540,17158,16776,16397,16005,15628,15239,14864,14444,14083,13971,13857,13612,13228,12855,12474,12097,11723,11342,10967
21141,20754,20362,19971,19582,19191,18804,18417,18029,17638,17254,16872,16490,16100,15722,15333,14955,14538,14176,14064,13944,13701,13321,12944,12565,12183,11812,11431,11053
21247,20854,20462,20070,19680,19291,18902,18515,18129,17739,17350,16968,16584,16194,15815,15432,15048,14631,14270,14157,14035,13787,13412,13030,12654,12271,11901,11521,11142
21349,20955,20563,20170,19778,19389,19000,18614,18225,17840,17450,17062,16679,16294,15908,15529,15140,14723,14362,14250,14128,13880,13503,13120,12745,12363,11992,11611,11231
21450,21059,20669,20269,19878,19492,19098,18710,18323,17937,17551,17160,16774,16393,16005,15622,15234,14814,14453,14342,14224,13971,13594,13218,12837,12454,12081,11701,11320
21557,21165,20772,20374,19983,19595,19200,18814,18419,18035,17647,17261,16871,16487,16104,15716,15333,14907,14549,14433,14321,14067,13687,13312,12928,12546,12172,11790,11409
21664,21266,20872,20479,20086,19694,19304,18915,18522,18138,17743,17358,16972,16583,16200,15809,15429,15003,14646,14525,14414,14163,13783,13404,13019,12642,12261,11879,11498
21766,21368,20976,20585,20185,19796,19407,19011,18624,18236,17846,17454,17070,16684,16294,15906,15521,15102,14739,14620,14506,14255,13880,13495,13110,12735,12353,11970,11591
21871,21475,21083,20689,20290,19899,19510,19113,18720,18334,17945,17555,17165,16781,16393,16005,15617,15201,14832,14718,14602,14349,13971,13586,13203,12827,12443,12064,11687
21977,21583,21184,20788,20394,20005,19609,19217,18821,18435,18043,17656,17264,16876,16493,16104,15716,15298,14930,14815,14698,14446,14063,13682,13299,12920,12533,12160,11778
22084,21690,21286,20892,20500,20109,19710,19320,18924,18538,18143,17758,17365,16974,16588,16204,15815,15390,15027,14913,14790,14543,14159,13776,13395,13015,12625,12251,11867
22193,21793,21392,20998,20607,20208,19815,19424,19028,18640,18244,17856,17466,17075,16684,16298,15915,15485,15124,15007,14885,14641,14256,13873,13490,13108,12719,12341,11960
22301,21895,21499,21105,20712,20310,19919,19524,19132,18741,18346,17953,17567,17175,16784,16392,16015,15584,15221,15099,14983,14737,14352,13969,13582,13198,12814,12435,12057
22410,22004,21605,21211,20817,20415,20024,19624,19234,18839,18449,18054,17670,17276,16883,16492,16113,15683,15315,15197,15081,14836,14449,14066,13673,13292,12909,12530,12151
22519,22110,21712,21318,20924,20520,20131,19728,19338,18941,18553,18157,17772,17377,16984,16592,16214,15782,15410,15294,15179,14934,14547,14162,13769,13387,13005,12624,12245
22626,22218,21821,21424,21030,20627,20235,19832,19443,19043,18657,18259,17873,17478,17085,16692,16313,15880,15508,15393,15278,15031,14645,14259,13866,13481,13101,12718,12338
22735,22332,21929,21531,21137,20733,20340,19938,19547,19152,18759,18362,17975,17579,17187,16794,16412,15979,15606,15491,15375,15130,14743,14356,13968,13577,13196,12813,12432
22843,22444,22039,21637,21243,20838,20444,20047,19651,19260,18862,18464,18078,17682,17288,16895,16511,16078,15704,15590,15474,15227,14839,14454,14067,13674,13292,12909,12527
22951,22553,22151,21746,21350,20950,20550,20158,19755,19364,18966,18569,18179,17784,17391,17001,16611,16179,15807,15691,15573,15325,14938,14551,14164,13770,13387,13003,12621
23061,22659,22261,21852,21456,21060,20654,20261,19859,19468,19068,18678,18281,17885,17498,17105,16712,16278,15912,15796,15677,15424,15036,14647,14262,13872,13482,13098,12717
23176,22767,22367,21964,21563,21166,20761,20366,19970,19572,19173,18781,18384,17987,17602,17206,16813,16379,16013,15897,15780,15522,15133,14745,14359,13971,13581,13193,12812
23289,22882,22475,22077,21671,21273,20873,20473,20079,19676,19282,18885,18489,18096,17703,17308,16915,16485,16112,15996,15879,15622,15232,14842,14455,14068,13683,13293,12906
23398,22996,22587,22184,21783,21379,20983,20584,20184,19782,19389,18988,18599,18202,17804,17409,17014,16587,16211,16094,15978,15726,15330,14945,14552,14165,13779,13394,13004
23512,23104,22702,22295,21892,21492,21088,20693,20291,19891,19493,19093,18702,18305,17905,17513,17121,16687,16312,16193,16077,15828,15434,15047,14652,14263,13876,13491,13104
23627,23215,22810,22409,22001,21602,21198,20798,20403,20000,19601,19203,18805,18410,18012,17620,17226,16792,16418,16297,16179,15928,15536,15146,14755,14362,13978,13587,13201
23736,23330,22920,22523,22113,21709,21310,20907,20508,20105,19713,19313,18912,18518,18120,17723,17325,16899,16521,16404,16285,16032,15635,15246,14854,14464,14079,13687,13297
23848,23446,23036,22636,22227,21821,21423,21019,20615,20212,19816,19422,19021,18623,18222,17824,17429,16998,16621,16510,16390,16136,15737,15350,14952,14567,14176,13788,13397
23963,23560,23151,22743,22340,21934,21534,21131,20727,20324,19923,19527,19125,18724,18327,17933,17536,17100,16725,16614,16496,16235,15841,15451,15056,14670,14274,13885,13499
24081,23669,23264,22854,22452,22046,21642,21243,20838,20436,20034,19631,19231,18833,18436,18040,17643,17207,16830,16714,16598,16337,15946,15550,15160,14770,14377,13982,13601
24197,23782,23379,22968,22567,22159,21752,21350,20950,20546,20143,19741,19341,18941,18543,18147,17750,17314,16936,16817,16698,16441,16050,15651,15262,14867,14480,14084,13701
24312,23897,23494,23082,22677,22273,21865,21458,21062,20658,20253,19851,19450,19050,18652,18253,17859,17421,17043,16922,16804,16546,16157,15756,15367,14968,14582,14187,13802
24427,24015,23610,23197,22787,22387,21977,21571,21172,20767,20362,19962,19560,19160,18759,18362,17966,17528,17150,17029,16909,16651,16261,15860,15471,15072,14684,14290,13904
24545,24130,23725,23313,22901,22500,22090,21683,21285,20878,20475,20073,19669,19269,18869,18471,18073,17635,17255,17135,17015,16758,16368,15964,15575,15176,14787,14392,14006
24661,24245,23840,23427,23019,22613,22204,21795,21397,20991,20586,20184,19779,19379,18979,18579,18181,17741,17362,17242,17121,16865,16472,16069,15680,15280,14892,14494,14108
24778,24361,23956,23541,23138,22728,22316,21908,21509,21103,20697,20293,19890,19488,19088,18688,18289,17848,17469,17349,17227,16970,16577,16175,15784,15383,14994,14596,14210
24895,24478,24072,23656,23254,22842,22431,22023,21622,21215,20809,20403,20000,19598,19196,18795,18397,17955,17575,17456,17334,17076,16684,16279,15888,15487,15098,14699,14312
25011,24600,24189,23771,23369,22955,22544,22143,21734,21328,20922,20513,20110,19707,19305,18905,18505,18063,17682,17563,17441,17183,16790,16386,15993,15591,15202,14804,14415
25130,24719,24304,23895,23484,23069,22661,22257,21849,21440,21032,20625,20222,19817,19414,19013,18614,18171,17789,17670,17548,17290,16896,16497,16097,15699,15305,14906,14519
25252,24836,24419,24014,23599,23190,22781,22370,21961,21553,21144,20738,20332,19929,19524,19122,18721,18278,17896,17780,17656,17397,17000,16605,16201,15809,15409,15013,14622
25374,24952,24541,24130,23715,23310,22897,22485,22074,21665,21258,20852,20448,20047,19635,19235,18831,18387,18007,17893,17769,17506,17107,16710,16309,15916,15513,15122,14724
25492,25071,24663,24245,23836,23425,23010,22598,22189,21783,21377,20970,20564,20158,19751,19350,18942,18498,18119,18000,17880,17619,17215,16817,16421,16021,15620,15226,14827
25610,25196,24780,24360,23955,23540,23131,22718,22310,21900,21491,21082,20675,20270,19865,19460,19055,18613,18230,18110,17988,17728,17327,16924,16530,16125,15730,15332,14934
25728,25316,24900,24482,24071,23653,23251,22836,22425,22012,21603,21196,20790,20379,19975,19570,19167,18720,18338,18217,18099,17834,17438,17036,16635,16230,15836,15442,15044
25851,25433,25024,24606,24190,23774,23365,22951,22540,22130,21721,21312,20909,20491,20089,19679,19277,18831,18451,18325,18211,17946,17545,17146,16743,16341,15941,15549,15148
25974,25554,25140,24729,24311,23896,23483,23069,22660,22249,21838,21427,21019,20608,20206,19791,19391,18946,18564,18439,18319,18058,17655,17253,16855,16453,16052,15654,15251
26097,25678,25260,24847,24429,24019,23604,23189,22775,22362,21951,21540,21133,20726,20316,19908,19506,19059,18671,18553,18429,18167,17767,17361,16963,16564,16162,15761,15361
26224,25800,25381,24963,24547,24137,23720,23303,22890,22478,22066,21657,21251,20844,20428,20025,19615,19167,18782,18667,18544,18276,17875,17473,17070,16673,16268,15871,15471
26349,25924,25508,25087,24668,24252,23837,23421,23010,22596,22184,21776,21367,20957,20545,20140,19727,19280,18897,18778,18657,18390,17982,17586,17182,16778,16374,15977,15580
26471,26052,25634,25209,24790,24374,23958,23542,23129,22716,22303,21894,21485,21068,20662,20252,19843,19395,19013,18888,18771,18504,18097,17698,17292,16886,16484,16081,15688
26596,26174,25755,25336,24911,24494,24079,23664,23249,22835,22424,22012,21598,21187,20780,20363,19958,19511,19126,19002,18882,18618,18211,17807,17405,16998,16597,16190,15792
26724,26296,25880,25458,25036,24614,24201,23784,23369,22956,22544,22132,21711,21305,20896,20480,20076,19626,19241,19116,18991,18731,18325,17914,17517,17111,16708,16303,15900
26848,26422,26005,25580,25161,24740,24320,23904,23491,23077,22664,22246,21831,21421,21014,20598,20191,19741,19356,19231,19106,18846,18439,18026,17630,17223,16819,16413,16012
26978,26553,26132,25704,25281,24867,24443,24025,23609,23196,22784,22359,21950,21539,21131,20714,20309,19858,19471,19346,19221,18961,18552,18141,17742,17336,16930,16525,16122
27110,26684,26256,25828,25403,24991,24569,24144,23731,23318,22902,22479,22069,21657,21248,20829,20424,19974,19587,19462,19334,19077,18665,18254,17857,17448,17042,16636,16232
27236,26808,26380,25955,25531,25115,24693,24271,23851,23437,23023,22602,22187,21775,21367,20948,20540,20090,19702,19577,19450,19192,18780,18370,17970,17561,17154,16748,16344
27363,26935,26509,26084,25661,25240,24817,24395,23973,23555,23144,22728,22306,21894,21485,21066,20657,20205,19817,19692,19565,19306,18892,18483,18082,17673,17265,16859,16454
27493,27067,26641,26214,25789,25364,24941,24519,24097,23675,23265,22850,22426,22014,21603,21184,20775,20321,19935,19808,19682,19420,19008,18602,18195,17786,17377,16971,16564
27626,27197,26771,26338,25913,25488,25065,24643,24221,23799,23389,22969,22547,22133,21721,21302,20893,20438,20051,19924,19798,19536,19123,18720,18310,17901,17490,17083,16679
27764,27327,26901,26467,26041,25618,25187,24765,24346,23923,23508,23091,22671,22252,21840,21423,21011,20555,20166,20041,19919,19651,19238,18836,18423,18013,17605,17201,16796
27900,27462,27030,26601,26169,25747,25315,24894,24474,24045,23625,23215,22796,22376,21958,21546,21130,20673,20282,20160,20039,19769,19354,18949,18537,18126,17725,17318,16909
28036,27598,27161,26732,26296,25875,25442,25021,24599,24173,23753,23337,22919,22500,22081,21665,21254,20789,20400,20281,20155,19884,19473,19064,18652,18240,17840,17431,17022
28172,27731,27297,26862,26428,26004,25572,25149,24720,24300,23880,23461,23041,22623,22205,21785,21374,20912,20517,20399,20272,19999,19594,19179,18769,18359,17952,17543,17134
28305,27867,27433,26995,26562,26130,25700,25277,24848,24428,24003,23582,23164,22744,22328,21909,21490,21035,20638,20515,20387,20120,19710,19295,18890,18476,18067,17656,17247
28441,28001,27566,27128,26695,26262,25832,25404,24976,24557,24128,23703,23285,22867,22449,22031,21611,21152,20760,20632,20510,20242,19827,19414,19005,18590,18181,17772,17365
28580,28138,27698,27263,26827,26395,25965,25535,25105,24682,24255,23826,23410,22988,22570,22152,21734,21271,20875,20751,20630,20358,19948,19535,19122,18710,18301,17890,17482
28720,28280,27833,27399,26960,26527,26098,25668,25236,24808,24379,23953,23537,23110,22692,22274,21857,21394,20994,20874,20746,20478,20066,19651,19242,18831,18418,18003,17595
28863,28421,27973,27537,27093,26660,26228,25800,25363,24935,24506,24081,23661,23235,22813,22395,21979,21516,21116,20996,20867,20601,20183,19767,19358,18946,18532,18119,17710
29010,28562,28116,27676,27232,26793,26360,25930,25492,25064,24637,24213,23787,23362,22939,22520,22098,21637,21239,21119,20989,20722,20306,19888,19474,19060,18648,18237,17828
29156,28706,28260,27814,27370,26927,26495,26062,25623,25196,24768,24338,23911,23487,23063,22645,22224,21761,21358,21238,21108,20843,20427,20009,19594,19181,18769,18357,17946
29302,28850,28399,27952,27507,27064,26633,26195,25758,25325,24897,24462,24037,23615,23192,22771,22348,21887,21483,21361,21229,20962,20548,20132,19716,19302,18887,18477,18067
29446,28994,28539,28092,27647,27205,26769,26332,25893,25457,25027,24597,24168,23744,23320,22896,22474,22012,21607,21486,21352,21082,20667,20254,19839,19423,19007,18593,18180
29594,29138,28688,28234,27791,27348,26906,26467,26028,25592,25156,24731,24299,23873,23444,23019,22598,22137,21733,21610,21479,21207,20787,20373,19959,19545,19123,18708,18293
29744,29283,28834,28382,27932,27489,27041,26602,26163,25727,25290,24860,24426,24003,23569,23148,22720,22261,21857,21734,21603,21332,20910,20493,20078,19666,19240,18825,18412
29894,29433,28978,28529,28074,27631,27179,26742,26298,25862,25425,24991,24559,24131,23697,23274,22845,22382,21980,21857,21726,21454,21035,20613,20198,19784,19361,18946,18533
30045,29586,29127,28673,28221,27773,27320,26882,26435,25998,25558,25124,24691,24260,23831,23401,22973,22506,22104,21981,21849,21577,21158,20737,20316,19904,19484,19067,18654
30201,29741,29282,28815,28369,27917,27465,27020,26574,26139,25693,25257,24826,24393,23963,23532,23103,22632,22232,22110,21973,21701,21280,20859,20439,20022,19608,19189,18775
30357,29897,29429,28967,28516,28064,27611,27160,26714,26279,25832,25389,24959,24526,24095,23665,23237,22759,22358,22236,22101,21827,21407,20982,20563,20142,19727,19313,18894
30512,30049,29579,29119,28662,28207,27755,27298,26852,26416,25971,25528,25096,24658,24227,23798,23364,22891,22485,22363,22228,21953,21535,21107,20690,20265,19845,19434,19018
30669,30205,29731,29272,28808,28353,27901,27445,26994,26553,26108,25666,25233,24792,24358,23928,23488,23023,22616,22488,22354,22079,21661,21233,20816,20390,19967,19552,19140
30830,30358,29885,29426,28959,28505,28047,27595,27139,26693,26249,25808,25371,24928,24491,24059,23620,23154,22747,22613,22483,22206,21788,21360,20937,20519,20092,19676,19256
30994,30518,30044,29578,29111,28657,28195,27742,27282,26836,26392,25947,25506,25066,24626,24191,23753,23285,22876,22742,22615,22337,21912,21486,21059,20645,20220,19802,19378
31160,30678,30203,29734,29265,28807,28343,27885,27426,26978,26535,26085,25642,25203,24762,24324,23887,23413,23008,22872,22746,22466,22039,21610,21184,20769,20345,19923,19506
31325,30841,30361,29892,29422,28958,28491,28033,27575,27121,26674,26226,25784,25337,24896,24458,24022,23548,23136,23004,22876,22595,22170,21736,21314,20893,20470,20045,19628
31490,31007,30523,30051,29579,29114,28642,28182,27725,27265,26817,26373,25924,25473,25033,24592,24158,23683,23267,23138,23010,22725,22299,21865,21444,21019,20594,20171,19747
31655,31171,30686,30214,29735,29269,28796,28336,27879,27413,26962,26515,26063,25619,25175,24727,24293,23814,23401,23272,23144,22859,22428,21996,21572,21148,20718,20295,19872
31828,31339,30855,30377,29896,29423,28950,28489,28027,27563,27115,26654,26203,25764,25315,24867,24431,23948,23535,23407,23278,22993,22559,22130,21701,21277,20846,20424,19996
32006,31509,31024,30541,30057,29584,29109,28643,28174,27717,27263,26803,26347,25903,25452,25008,24571,24084,23667,23538,23413,23126,22693,22264,21835,21406,20974,20553,20124
32175,31683,31191,30702,30218,29744,29268,28800,28331,27870,27408,26954,26493,26046,25596,25151,24710,24223,23803,23672,23545,23262,22824,22396,21966,21534,21100,20682,20253
32346,31857,31360,30870,30386,29903,29428,28957,28487,28020,27556,27104,26643,26188,25741,25294,24847,24360,23940,23808,23679,23399,22958,22527,22097,21661,21229,20809,20379
32526,32030,31535,31042,30551,30064,29589,29112,28643,28171,27706,27255,26793,26336,25885,25437,24983,24499,24080,23946,23816,23536,23095,22658,22228,21791,21360,20935,20508
32706,32205,31706,31215,30716,30235,29754,29271,28802,28327,27859,27402,26942,26483,26027,25579,25132,24641,24222,24087,23952,23672,23231,22793,22359,21922,21491,21064,20639
32886,32385,31880,31386,30883,30403,29916,29434,28961,28488,28015,27552,27089,26630,26174,25722,25279,24783,24363,24229,24088,23806,23367,22929,22491,22054,21622,21195,20769
33070,32566,32055,31556,31058,30568,30080,29596,29117,28647,28175,27708,27237,26780,26323,25868,25417,24924,24505,24370,24230,23941,23504,23066,22625,22190,21755,21326,20898
33255,32746,32235,31728,31232,30736,30246,29762,29278,28802,28336,27864,27391,26931,26477,26015,25559,25067,24646,24511,24377,24080,23644,23199,22762,22324,21890,21455,21029
33446,32931,32420,31907,31402,30910,30415,29932,29441,28964,28493,28024,27551,27087,26629,26163,25706,25213,24785,24650,24519,24221,23784,23337,22903,22457,22023,21587,21159
33637,33114,32601,32085,31579,31086,30590,30099,29607,29131,28654,28183,27706,27239,26781,26314,25853,25358,24931,24793,24657,24367,23922,23475,23041,22594,22157,21723,21289
33827,33304,32783,32266,31760,31262,30762,30269,29776,29294,28815,28342,27860,27391,26932,26466,26005,25503,25075,24936,24801,24511,24063,23618,23180,22733,22291,21856,21423
34018,33492,32966,32451,31941,31434,30934,30441,29948,29460,28977,28499,28021,27548,27082,26618,26155,25649,25223,25084,24944,24654,24206,23762,23317,22871,22427,21987,21557
34220,33687,33156,32637,32122,31610,31111,30613,30120,29626,29142,28657,28184,27706,27237,26772,26312,25799,25372,25234,25093,24798,24350,23902,23453,23009,22566,22122,21693
34419,33880,33348,32824,32305,31793,31291,30784,30291,29792,29306,28822,28346,27868,27394,26928,26465,25952,25520,25381,25242,24946,24493,24046,23594,23153,22708,22260,21831
34620,34075,33540,33011,32491,31979,31470,30959,30463,29966,29474,28991,28509,28028,27552,27082,26619,26106,25669,25528,25390,25092,24640,24189,23736,23293,22849,22403,21966
34817,34272,33736,33208,32684,32165,31653,31136,30635,30142,29645,29159,28671,28190,27713,27236,26773,26260,25820,25680,25539,25241,24787,24330,23879,23434,22986,22544,22101
35015,34469,33933,33405,32875,32349,31835,31317,30812,30316,29820,29326,28834,28353,27877,27398,26927,26411,25973,25833,25690,25390,24935,24475,24024,23574,23125,22684,22237
35223,34671,34130,33595,33064,32539,32020,31499,30994,30493,29993,29498,29003,28519,28041,27558,27082,26567,26127,25985,25845,25540,25085,24624,24170,23719,23268,22824,22377
35435,34875,34328,33787,33258,32729,32207,31686,31173,30668,30166,29671,29176,28687,28205,27722,27241,26726,26281,26138,26003,25691,25238,24774,24315,23865,23414,22967,22521
35643,35083,34531,33990,33452,32916,32395,31873,31356,30847,30344,29844,29349,28858,28371,27886,27402,26885,26437,26295,26158,25847,25389,24925,24463,24015,23559,23112,22664
35854,35294,34736,34192,33648,33111,32587,32061,31544,31033,30524,30017,29521,29029,28536,28050,27567,27041,26596,26451,26314,26005,25543,25080,24613,24162,23705,23257,22808
36068,35508,34944,34399,33849,33312,32780,32249,31731,31216,30702,30191,29691,29200,28700,28214,27733,27200,26757,26610,26473,26161,25696,25235,24765,24312,23854,23400,22951
36286,35722,35157,34607,34052,33515,32972,32438,31918,31400,30880,30369,29867,29374,28876,28384,27900,27363,26918,26771,26628,26317,25850,25388,24918,24460,24003,23547,23093
36501,35936,35366,34811,34260,33713,33166,32632,32105,31588,31067,30553,30049,29548,29051,28554,28066,27531,27081,26931,26786,26477,26006,25543,25072,24611,24150,23694,23237
36720,36150,35575,35018,34467,33916,33369,32830,32301,31779,31256,30736,30228,29724,29225,28727,28233,27697,27242,27091,26951,26639,26162,25698,25224,24767,24299,23841,23384
36939,36369,35789,35224,34671,34119,33572,33028,32499,31967,31444,30925,30409,29900,29399,28898,28405,27866,27408,27255,27116,26804,26321,25851,25379,24919,24452,23988,23533
37160,36584,36004,35442,34880,34322,33776,33229,32694,32156,31633,31110,30593,30081,29575,29073,28577,28037,27573,27421,27282,26970,26482,26016,25537,25071,24604,24141,23684
37387,36803,36225,35656,35091,34528,33979,33432,32887,32352,31818,31299,30779,30266,29754,29248,28748,28207,27739,27590,27448,27135,26646,26178,25698,25228,24759,24297,23834
37615,37023,36448,35870,35307,34737,34182,33635,33084,32546,32007,31489,30966,30450,29933,29427,28920,28381,27906,27760,27618,27297,26814,26340,25860,25385,24916,24451,23986
37840,37246,36667,36090,35524,34948,34392,33842,33290,32744,32205,31681,31153,30635,30113,29604,29098,28556,28081,27934,27786,27465,26983,26502,26022,25546,25073,24600,24136
38066,37474,36887,36312,35738,35163,34603,34047,33495,32943,32404,31874,31342,30822,30297,29785,29281,28731,28253,28110,27956,27635,27150,26664,26184,25705,25231,24759,24289
38295,37705,37111,36536,35952,35381,34816,34251,33699,33151,32603,32070,31532,31008,30482,29970,29466,28907,28429,28285,28128,27808,27318,26826,26346,25866,25390,24918,24444
38525,37935,37336,36761,36171,35601,35030,34460,33907,33354,32807,32266,31724,31201,30672,30154,29648,29082,28605,28458,28302,27983,27490,26997,26511,26028,25552,25077,24602
38761,38166,37566,36986,36396,35816,35245,34679,34117,33558,33010,32465,31921,31395,30861,30341,29828,29262,28786,28630,28476,28158,27661,27168,26678,26194,25715,25235,24761
38997,38397,37797,37207,36621,36036,35465,34892,34327,33764,33217,32666,32120,31590,31052,30533,30009,29442,28966,28804,28656,28331,27833,27340,26845,26358,25879,25397,24920
39233,38633,38027,37437,36846,36261,35683,35103,34540,33973,33426,32867,32322,31783,31248,30726,30196,29627,29143,28986,28834,28511,28005,27512,27013,26525,26046,25560,25078
39471,38869,38259,37668,37073,36485,35899,35321,34751,34185,33635,33073,32526,31987,31447,30917,30386,29812,29324,29172,29019,28688,28179,27684,27187,26693,26209,25723,25241
39710,39104,38494,37897,37302,36707,36121,35544,34968,34402,33844,33282,32726,32186,31646,31109,30580,30002,29506,29357,29200,28874,28357,27855,27363,26864,26378,25887,25405
39949,39336,38726,38124,37529,36937,36349,35766,35188,34619,34057,33492,32934,32385,31845,31303,30771,30192,29692,29540,29382,29055,28538,28032,27536,27039,26546,26053,25573
40193,39575,38965,38357,37763,37170,36577,35988,35408,34833,34268,33701,33143,32586,32045,31499,30965,30379,29882,29725,29568,29237,28720,28213,27713,27214,26719,26224,25738
40436,39816,39207,38597,37999,37400,36802,36212,35631,35052,34482,33910,33354,32794,32244,31702,31163,30569,30070,29914,29755,29418,28903,28394,27889,27387,26892,26397,25902
40678,40058,39445,38835,38231,37627,37031,36437,35852,35272,34696,34125,33567,33001,32447,31903,31359,30770,30266,30105,29946,29605,29090,28576,28063,27562,27065,26570,26070
40927,40303,39684,39075,38466,37861,37262,36667,36077,35497,34916,34345,33778,33214,32657,32102,31557,30971,30461,30299,30141,29796,29278,28761,28249,27741,27238,26742,26245
41175,40546,39926,39312,38702,38097,37492,36893,36302,35722,35137,34564,33993,33424,32869,32309,31761,31167,30656,30494,30334,29987,29469,28945,28432,27923,27414,26912,26420
41426,40792,40172,39552,38938,38333,37723,37128,36533,35947,35362,34780,34209,33634,33081,32518,31970,31361,30852,30686,30533,30178,29661,29133,28614,28106,27592,27086,26594
41679,41039,40419,39794,39174,38569,37954,37364,36764,36173,35586,35000,34429,33848,33291,32728,32175,31570,31051,30883,30729,30374,29852,29324,28801,28288,27774,27268,26768
41925,41285,40665,40041,39415,38805,38196,37594,36994,36398,35808,35222,34647,34065,33500,32938,32375,31775,31253,31083,30929,30574,30044,29516,28988,28471,27954,27447,26944
42178,41537,40912,40287,39657,39043,38436,37826,37225,36627,36035,35448,34867,34284,33714,33152,32590,31980,31458,31290,31129,30774,30240,29705,29179,28656,28138,27626,27120
42434,41789,41159,40529,39904,39289,38672,38062,37457,36861,36266,35670,35089,34507,33929,33367,32804,32189,31663,31496,31329,30974,30437,29896,29371,28846,28325,27809,27298
42687,42041,41411,40777,40152,39533,38912,38298,37693,37094,36494,35896,35316,34729,34152,33581,33009,32395,31868,31701,31531,31174,30635,30092,29564,29034,28513,27996,27482
42943,42295,41664,41027,40402,39771,39158,38536,37929,37330,36722,36127,35543,34949,34373,33797,33220,32604,32076,31906,31741,31379,30832,30290,29758,29227,28700,28180,27665
43196,42552,41915,41278,40649,40017,39405,38778,38168,37562,36952,36357,35769,35173,34593,34017,33441,32815,32289,32115,31950,31584,31034,30493,29954,29419,28892,28367,27850
43453,42809,42167,41533,40898,40269,39649,39022,38406,37796,37187,36592,35998,35403,34813,34237,33661,33031,32501,32326,32156,31790,31241,30696,30154,29616,29087,28558,28037
43712,43066,42424,41787,41147,40518,39890,39268,38646,38036,37423,36824,36229,35629,35038,34463,33881,33250,32714,32540,32368,32000,31451,30896,30354,29816,29281,28751,28225
43974,43322,42684,42041,41396,40764,40134,39511,38891,38273,37663,37054,36459,35854,35264,34687,34101,33467,32927,32750,32583,32211,31660,31102,30555,30017,29475,28943,28414
44233,43582,42940,42293,41648,41018,40385,39760,39133,38518,37909,37290,36690,36085,35495,34909,34323,33685,33142,32970,32801,32428,31867,31310,30755,30213,29670,29138,28602
44493,43844,43197,42544,41904,41271,40636,40008,39379,38760,38150,37531,36926,36321,35726,35134,34549,33904,33360,33185,33019,32647,32079,31518,30964,30414,29872,29334,28794
44758,44103,43454,42803,42161,41522,40884,40254,39625,39006,38386,37772,37162,36557,35958,35360,34774,34127,33577,33406,33234,32862,32295,31728,31170,30615,30076,29530,28994
45022,44363,43714,43065,42418,41774,41135,40501,39871,39252,38623,38018,37399,36793,36194,35589,35002,34350,33799,33627,33449,33079,32510,31942,31380,30826,30276,29727,29196
45290,44624,43972,43328,42674,42030,41391,40757,40123,39498,38869,38259,37640,37029,36429,35825,35230,34575,34021,33851,33670,33299,32725,32154,31594,31036,30476,29928,29392
45559,44890,44233,43585,42935,42287,41648,41009,40374,39745,39116,38500,37881,37267,36665,36058,35458,34801,34245,34072,33892,33520,32943,32371,31810,31242,30687,30131,29589
45825,45157,44494,43846,43197,42543,41905,41266,40626,39991,39363,38742,38122,37508,36899,36289,35689,35029,34474,34293,34116,33742,33163,32592,32021,31452,30897,30338,29793
46092,45423,44760,44103,43454,42805,42157,41517,40878,40239,39614,38984,38363,37749,37135,36525,35923,35262,34701,34520,34345,33967,33384,32812,32231,31662,31108,30546,29999
46362,45690,45027,44369,43710,43067,42419,41774,41129,40490,39861,39231,38604,37990,37376,36767,36155,35495,34930,34751,34572,34193,33604,33029,32446,31874,31319,30754,30205
46629,45956,45294,44641,43973,43323,42680,42031,41383,40743,40113,39479,38850,38234,37617,37008,36393,35726,35161,34984,34801,34421,33831,33248,32671,32094,31529,30965,30407
46895,46227,45560,44902,44239,43580,42937,42286,41644,41000,40364,39728,39102,38480,37858,37245,36634,35960,35396,35211,35031,34649,34058,33468,32892,32310,31741,31178,30616
47165,46499,45827,45164,44511,43843,43199,42540,41900,41257,40616,39977,39350,38723,38099,37481,36871,36196,35632,35444,35262,34877,34284,33693,33112,32531,31957,31394,30831
47441,46765,46098,45430,44777,44109,43460,42804,42155,41511,40869,40228,39599,38967,38344,37721,37112,36435,35863,35680,35497,35111,34509,33918,33333,32756,32174,31609,31039
47713,47036,46364,45702,45039,44376,43722,43069,42410,41765,41123,40480,39851,39214,38594,37962,37353,36672,36098,35916,35728,35343,34738,34148,33563,32976,32397,31825,31248
47988,47312,46635,45973,45305,44642,43983,43330,42674,42021,41378,40734,40099,39463,38841,38207,37589,36912,36339,36149,35968,35574,34969,34379,33789,33193,32622,32043,31466
48264,47588,46911,46244,45573,44909,44246,43592,42939,42280,41637,40991,40348,39715,39087,38453,37840,37158,36575,36385,36204,35808,35204,34610,34014,33420,32846,32264,31687
48540,47859,47182,46510,45843,45175,44513,43853,43200,42544,41896,41247,40604,39970,39338,38704,38086,37399,36812,36628,36445,36048,35439,34840,34241,33650,33068,32485,31908
48810,48129,47453,46777,46110,45443,44781,44117,43461,42808,42155,41507,40860,40227,39584,38956,38332,37645,37057,36872,36686,36289,35675,35076,34476,33881,33292,32705,32128
49089,48404,47729,47053,46381,45714,45051,44381,43723,43070,42417,41765,41121,40479,39835,39202,38574,37886,37298,37112,36932,36529,35916,35312,34707,34110,33515,32932,32349
49365,48684,48004,47328,46651,45983,45319,44646,43987,43334,42678,42025,41378,40735,40091,39453,38825,38132,37539,37353,37173,36770,36156,35547,34943,34337,33742,33159,32570
49644,48960,48274,47599,46922,46251,45588,44918,44256,43601,42940,42287,41634,40991,40353,39709,39077,38379,37781,37598,37414,37011,36397,35783,35179,34569,33975,33385,32794
49924,49234,48550,47870,47194,46524,45856,45187,44524,43864,43205,42548,41895,41247,40604,39961,39332,38635,38028,37844,37655,37252,36638,36024,35414,34805,34209,33614,33020
50203,49509,48825,48146,47470,46800,46126,45452,44787,44128,43467,42809,42156,41504,40856,40212,39584,38886,38280,38090,37901,37493,36879,36265,35651,35041,34439,33844,33249
50479,49784,49100,48426,47745,47075,46397,45721,45058,44398,43728,43075,42418,41765,41117,40469,39835,39137,38531,38339,38148,37743,37125,36505,35892,35278,34672,34075,33476
50756,50063,49379,48700,48021,47349,46668,45991,45331,44666,43993,43337,42679,42026,41379,40726,40087,39389,38782,38591,38399,37994,37371,36742,36132,35519,34911,34309,33705
51039,50343,49659,48976,48301,47621,46941,46265,45602,44931,44263,43597,42945,42288,41639,40987,40343,39640,39033,38842,38650,38241,37617,36989,36369,35758,35149,34541,33936
51319,50622,49933,49255,48576,47895,47214,46541,45872,45197,44530,43863,43206,42549,41896,41249,40601,39892,39286,39093,38901,38487,37863,37235,36611,35996,35384,34775,34171
51598,50900,50213,49535,48851,48166,47489,46813,46143,45466,44796,44134,43472,42815,42157,41509,40861,40147,39543,39348,39154,38738,38109,37481,36857,36237,35623,35014,34411
51876,51183,50497,49809,49131,48441,47767,47086,46410,45737,45062,44400,43743,43077,42420,41766,41117,40400,39799,39604,39410,38989,38361,37726,37103,36480,35867,35255,34643
52157,51466,50776,50088,49411,48717,48042,47364,46678,46012,45336,44671,44009,43342,42685,42027,41374,40661,40053,39856,39665,39245,38612,37973,37351,36723,36109,35492,34874
52443,51750,51059,50373,49690,48997,48316,47642,46952,46283,45611,44942,44275,43609,42947,42290,41636,40923,40306,40111,39917,39501,38863,38226,37602,36966,36350,35731,35113
52729,52033,51342,50652,49964,49278,48593,47917,47230,46553,45883,45212,44541,43880,43213,42556,41895,41183,40564,40372,40175,39758,39114,38482,37851,37215,36594,35976,35358
53011,52316,51621,50935,50243,49561,48873,48192,47508,46827,46154,45483,44807,44146,43478,42820,42157,41440,40825,40628,40434,40019,39371,38737,38099,37466,36840,36222,35599
53293,52598,51903,51218,50521,49840,49151,48469,47785,47102,46428,45759,45082,44417,43744,43082,42426,41702,41084,40884,40690,40280,39626,38989,38348,37714,37089,36464,35845
53575,52881,52190,51497,50800,50119,49424,48746,48065,47381,46703,46029,45358,44687,44011,43350,42692,41967,41342,41145,40948,40535,39879,39245,38595,37962,37340,36713,36086
53858,53163,52475,51779,51079,50397,49702,49020,48339,47658,46974,46299,45629,44952,44282,43621,42957,42228,41606,41411,41211,40792,40139,39500,38848,38216,37587,36959,36327
54145,53447,52757,52062,51366,50676,49990,49296,48611,47932,47248,46574,45894,45223,44551,43890,43223,42490,41869,41672,41475,41053,40396,39752,39107,38472,37836,37205,36572
54431,53733,53037,52344,51650,50955,50272,49575,48890,48207,47527,46849,46175,45493,44817,44156,43489,42756,42130,41933,41738,41314,40658,40008,39366,38725,38091,37451,36822
54717,54015,53315,52627,51932,51243,50546,49854,49172,48484,47807,47124,46449,45769,45088,44423,43757,43023,42393,42194,42004,41575,40923,40265,39621,38979,38347,37705,37073
54998,54301,53598,52909,52219,51526,50825,50134,49451,48767,48086,47403,46724,46044,45359,44695,44027,43294,42659,42464,42270,41835,41184,40528,39880,39238,38599,37957,37324
55283,54587,53885,53191,52499,51804,51113,50417,49730,49048,48362,47677,46999,46315,45634,44969,44296,43565,42928,42735,42535,42098,41446,40793,40141,39496,38854,38211,37580
55572,54873,54172,53475,52779,52081,51396,50700,50010,49327,48639,47956,47274,46589,45910,45240,44563,43836,43198,43001,42801,42369,41711,41053,40402,39752,39109,38467,37831
55859,55159,54463,53762,53064,52367,51673,50978,50294,49605,48918,48236,47543,46864,46190,45516,44834,44104,43466,43267,43067,42638,41977,41316,40662,40011,39365,38723,38081
56143,55444,54743,54048,53349,52654,51956,51262,50575,49886,49196,48511,47817,47138,46465,45791,45106,44371,43734,43537,43337,42904,42243,41582,40923,40271,39621,38979,38332
56430,55729,55029,54333,53632,52941,52238,51544,50854,50167,49475,48785,48095,47418,46740,46065,45381,44642,44004,43802,43610,43170,42509,41847,41186,40532,39880,39234,38588
56719,56017,55314,54613,53918,53224,52524,51826,51138,50445,49756,49065,48379,47692,47014,46340,45656,44912,44277,44072,43880,43436,42773,42113,41452,40793,40141,39490,38843
57007,56306,55599,54899,54204,53508,52811,52113,51420,50724,50040,49349,48659,47971,47294,46614,45931,45183,44553,44348,44149,43707,43036,42379,41718,41057,40402,39750,39104
57292,56593,55887,55190,54490,53794,53094,52400,51703,51008,50321,49632,48942,48256,47573,46884,46206,45458,44826,44618,44416,43982,43307,42646,41981,41322,40662,40011,39365
57580,56877,56177,55475,54776,54080,53378,52683,51990,51290,50601,49916,49225,48535,47847,47160,46480,45733,45098,44888,44685,44252,43583,42914,42246,41591,40923,40271,39625
57863,57162,56463,55764,55061,54365,53664,52964,52271,51573,50884,50196,49501,48813,48126,47444,46756,46007,45373,45162,44957,44522,43857,43182,42514,41858,41187,40532,39881
58146,57450,56747,56050,55346,54646,53950,53249,52553,51860,51166,50474,49778,49092,48404,47723,47035,46282,45645,45437,45232,44792,44127,43452,42781,42120,41456,40797,40146
58432,57738,57032,56333,55630,54931,54235,53535,52839,52147,51449,50754,50062,49370,48683,48001,47314,46557,45917,45712,45508,45067,44397,43722,43054,42384,41727,41058,40412
58720,58022,57321,56620,55918,55216,54516,53821,53125,52429,51736,51036,50347,49652,48962,48280,47589,46836,46191,45986,45788,45342,44668,43992,43327,42652,41994,41327,40677
59007,58305,57609,56909,56207,55505,54802,54107,53411,52710,52018,51320,50630,49935,49245,48559,47867,47116,46467,46265,46068,45622,44943,44262,43595,42925,42258,41593,40938
59294,58590,57897,57196,56493,55794,55092,54392,53694,52995,52305,51607,50912,50217,49523,48838,48147,47400,46747,46540,46346,45896,45216,44533,43865,43198,42523,41858,41198
59580,58877,58181,57479,56779,56080,55376,54677,53977,53281,52586,51893,51196,50500,49805,49121,48430,47679,47024,46823,46620,46175,45486,44808,44140,43468,42792,42128,41463
59866,59164,58467,57762,57067,56364,55665,54963,54262,53567,52872,52175,51482,50782,50091,49399,48714,47957,47300,47103,46894,46449,45762,45082,44412,43737,43063,42398,41728
60156,59450,58751,58050,57355,56650,55954,55252,54547,53850,53158,52456,51763,51064,50376,49681,48997,48236,47578,47381,47168,46723,46041,45358,44683,44007,43332,42668,41998
60443,59737,59037,58337,57638,56938,56240,55536,54833,54135,53444,52742,52045,51347,50658,49963,49275,48509,47857,47660,47447,47002,46315,45636,44960,44279,43605,42937,42268
60728,60027,59327,58624,57921,57225,56526,55820,55122,54424,53726,53028,52332,51633,50940,50246,49557,48786,48135,47935,47726,47281,46594,45911,45238,44556,43880,43207,42538
61013,60317,59613,58911,58211,57508,56812,56108,55412,54708,54009,53309,52612,51915,51224,50528,49839,49069,48419,48211,48009,47560,46878,46191,45511,44833,44155,43481,42808
61299,60604,59898,59197,58503,57796,57096,56396,55696,54993,54294,53594,52898,52202,51509,50813,50122,49356,48702,48490,48287,47843,47157,46469,45787,45106,44427,43756,43078
61589,60890,60188,59483,58789,58088,57384,56685,55980,55282,54578,53882,53184,52488,51790,51097,50404,49640,48980,48770,48565,48122,47430,46748,46065,45377,44698,44030,43347
61873,61175,60475,59768,59071,58375,57677,56973,56267,55566,54863,54171,53465,52774,52073,51381,50690,49923,49262,49053,48848,48399,47713,47027,46339,45653,44975,44301,43621
62157,61459,60760,60058,59354,58659,57959,57260,56555,55850,55153,54459,53752,53059,52359,51666,50973,50201,49550,49335,49135,48681,47996,47305,46614,45932,45252,44574,43896
62441,61748,61045,60349,59645,58943,58245,57547,56843,56137,55442,54744,54045,53349,52645,51949,51255,50481,49833,49619,49419,48964,48275,47583,46898,46211,45528,44851,44171
62725,62029,61329,60636,59935,59231,58532,57834,57130,56426,55726,55029,54335,53635,52929,52234,51536,50765,50111,49906,49701,49246,48553,47866,47181,46489,45808,45131,44445
63008,62311,61619,60921,60221,59521,58817,58122,57417,56713,56009,55318,54618,53920,53220,52515,51819,51052,50391,50193,49980,49528,48834,48150,47454,46768,46086,45407,44719
63292,62595,61903,61205,60506,59806,59102,58408,57705,57003,56296,55606,54900,54205,53505,52806,52105,51340,50676,50474,50259,49811,49120,48428,47732,47047,46363,45683,44996
63574,62878,62187,61489,60793,60091,59391,58694,57992,57293,56584,55890,55188,54487,53790,53091,52392,51628,50963,50752,50544,50095,49401,48710,48020,47325,46638,45962,45272
63859,63162,62471,61773,61081,60376,59676,58980,58278,57575,56873,56174,55476,54770,54072,53376,52682,51910,51247,51038,50828,50380,49681,48992,48303,47608,46918,46238,45549
64146,63444,62754,62058,61365,60664,59961,59266,58568,57862,57164,56460,55760,55060,54354,53660,52967,52195,51531,51324,51109,50663,49965,49274,48586,47891,47200,46513,45825
64432,63730,63038,62341,61650,60951,60251,59552,58854,58153,57451,56747,56044,55352,54643,53945,53252,52475,51815,51610,51392,50949,50250,49557,48868,48173,47478,46794,46103
64714,64015,63320,62624,61934,61235,60541,59838,59137,58441,57739,57034,56335,55635,54935,54230,53537,52761,52096,51896,51678,51235,50533,49839,49146,48456,47756,47076,46386
64995,64297,63606,62908,62217,61520,60828,60123,59423,58724,58025,57322,56624,55923,55223,54517,53821,53046,52382,52178,51964,51521,50819,50120,49427,48738,48039,47353,46670
65276,64579,63888,63195,62501,61804,61112,60411,59708,59007,58311,57609,56908,56211,55511,54805,54109,53331,52672,52458,52249,51801,51105,50405,49712,49020,48322,47632,46951
65557,64865,64167,63478,62785,62087,61396,60698,59993,59294,58597,57895,57192,56496,55800,55094,54398,53619,52957,52743,52540,52087,51391,50695,49996,49303,48604,47915,47229
65833,65147,64449,63761,63072,62371,61675,60982,60277,59584,58883,58181,57480,56781,56083,55382,54685,53909,53242,53032,52825,52368,51677,50981,50280,49585,48891,48192,47507
66115,65428,64731,64043,63354,62655,61957,61266,60564,59869,59169,58467,57771,57066,56366,55670,54970,54196,53531,53320,53110,52652,51958,51267,50566,49866,49173,48474,47785
66396,65709,65012,64325,63637,62942,62243,61550,60852,60154,59454,58753,58058,57349,56651,55953,55257,54479,53816,53605,53394,52937,52238,51547,50852,50150,49454,48761,48068
66676,65991,65295,64607,63919,63229,62530,61833,61136,60441,59739,59039,58344,57636,56939,56236,55540,54764,54100,53890,53681,53221,52525,51827,51136,50436,49740,49048,48350
66957,66268,65580,64888,64201,63509,62812,62117,61420,60728,60029,59324,58626,57927,57226,56522,55823,55053,54387,54179,53968,53507,52815,52113,51417,50722,50026,49330,48631
67237,66545,65861,65167,64483,63789,63100,62400,61708,61012,60314,59610,58909,58214,57512,56809,56111,55341,54676,54467,54252,53797,53102,52402,51697,51008,50312,49612,48918
67518,66822,66141,65445,64764,64071,63383,62683,61993,61296,60598,59899,59196,58500,57798,57098,56394,55628,54963,54755,54537,54090,53386,52691,51983,51293,50596,49896,49206
67799,67099,66422,65727,65046,64353,63665,62966,62274,61580,60882,60188,59486,58786,58084,57388,56679,55915,55246,55044,54825,54379,53672,52978,52272,51574,50878,50182,49488
68079,67376,66703,66008,65327,64634,63947,63253,62553,61863,61166,60474,59770,59071,58370,57674,56966,56203,55533,55329,55113,54662,53961,53260,52562,51860,51164,50468,49773
68360,67652,66983,66289,65609,64916,64229,63536,62836,62146,61450,60759,60059,59356,58659,57955,57254,56490,55826,55612,55400,54949,54249,53543,52848,52149,51449,50754,50059
68640,67929,67264,66571,65890,65197,64510,63817,63119,62429,61737,61042,60344,59640,58947,58240,57545,56777,56114,55896,55692,55233,54537,53831,53130,52433,51730,51040,50345
68921,68206,67544,66852,66172,65478,64792,64098,63401,62712,62022,61326,60629,59929,59232,58530,57831,57063,56401,56183,55977,55519,54826,54119,53413,52722,52019,51325,50628
69202,68483,67825,67134,66453,65760,65073,64380,63683,62995,62303,61609,60914,60214,59517,58817,58117,57349,56685,56470,56262,55807,55110,54408,53703,53011,52309,51610,50910
69482,68759,68106,67415,66734,66041,65354,64661,63966,63277,62582,61892,61202,60502,59806,59102,58402,57635,56967,56762,56549,56094,55392,54696,53995,53297,52593,51895,51197
69763,69036,68386,67697,67016,66323,65636,64943,64248,63559,62860,62175,61485,60787,60091,59387,58687,57921,57251,57049,56835,56382,55678,54984,54278,53581,52881,52180,51485
70044,69313,68667,67978,67297,66604,65917,65224,64530,63842,63138,62459,61768,61066,60375,59676,58974,58210,57541,57332,57118,56668,55965,55269,54566,53865,53167,52463,51765
70324,69590,68947,68260,67579,66886,66199,65506,64813,64124,63417,62742,62049,61345,60659,59961,59264,58498,57832,57615,57408,56954,56252,55554,54855,54148,53451,52752,52050
70605,69866,69228,68541,67860,67167,66480,65787,65095,64406,63695,63025,62327,61625,60942,60245,59553,58782,58114,57901,57699,57240,56538,55839,55138,54437,53737,53041,52339
70885,70143,69509,68823,68142,67449,66762,66069,65377,64689,63973,63308,62605,61904,61221,60526,59837,59062,58399,58186,57985,57526,56830,56123,55424,54725,54025,53327,52629
71166,70420,69789,69104,68423,67730,67043,66350,65660,64971,64252,63592,62884,62183,61500,60807,60121,59347,58686,58477,58270,57814,57116,56414,55711,55008,54313,53613,52914
71447,70697,70070,69386,68705,68012,67325,66632,65942,65254,64530,63875,63162,62462,61780,61091,60405,59636,58974,58762,58556,58103,57399,56700,55998,55295,54596,53900,53197
71727,70974,70350,69667,68986,68293,67606,66913,66224,65536,64809,64158,63440,62741,62059,61375,60690,59922,59258,59044,58841,58388,57682,56987,56284,55582,54878,54183,53484
72008,71250,70631,69948,69268,68575,67888,67195,66507,65818,65087,64441,63719,63021,62338,61660,60974,60206,59542,59329,59126,58668,57969,57273,56571,55869,55165,54466,53770
72288,71527,70912,70230,69549,68856,68169,67476,66789,66101,65365,64725,63997,63300,62617,61944,61258,60490,59827,59616,59411,58952,58258,57558,56857,56156,55452,54754,54055
72569,71804,71192,70511,69831,69137,68451,67757,67071,66383,65644,65008,64276,63579,62896,62228,61542,60774,60111,59901,59696,59238,58544,57843,57143,56446,55742,55040,54347
72850,72081,71473,70793,70112,69419,68732,68039,67354,66665,65922,65291,64554,63858,63176,62512,61826,61059,60395,60185,59981,59523,58829,58129,57428,56727,56031,55331,54634
73130,72357,71754,71074,70393,69700,69013,68320,67636,66948,66200,65574,64832,64137,63455,62796,62110,61343,60679,60469,60267,59808,59114,58414,57716,57013,56317,55616,54922
73411,72634,72034,71356,70675,69982,69295,68602,67918,67230,66479,65858,65111,64417,63734,63081,62395,61627,60963,60753,60552,60093,59399,58699,58007,57303,56603,55901,55209
73692,72911,72315,71637,70956,70263,69576,68883,68201,67512,66757,66141,65389,64696,64013,63365,62679,61911,61248,61037,60837,60378,59684,58984,58297,57590,56890,56187,55496
73972,73188,72595,71919,71238,70545,69858,69165,68483,67795,67035,66424,65667,64975,64292,63649,62963,62195,61532,61322,61122,60663,59969,59269,58588,57875,57179,56474,55780
74253,73464,72876,72200,71519,70826,70139,69446,68765,68077,67314,66707,65946,65254,64572,63933,63247,62480,61816,61606,61407,60949,60255,59554,58878,58160,57466,56760,56064
74533,73741,73157,72482,71801,71108,70421,69728,69048,68359,67592,66991,66224,65533,64851,64217,63531,62764,62100,61890,61692,61234,60540,59840,59168,58445,57751,57046,56349
74814,74018,73437,72763,72082,71389,70702,70009,69330,68642,67871,67274,66502,65813,65130,64502,63816,63048,62384,62174,61977,61519,60825,60125,59459,58731,58037,57332,56630
75095,74295,73717,73044,72363,71670,70983,70290,69612,68925,68150,67557,66780,66093,65409,64787,64101,63332,62668,62458,62262,61804,61110,60410,59750,59017,58323,57618,56911
75376,74572,73997,73325,72644,71951,71264,70571,69894,69208,68429,67840,67058,66373,65688,65072,64386,63616,62952,62742,62547,62089,61395,60695,60041,59303,58609,57904,57192
75657,74849,74277,73606,72925,72232,71545,70852,70176,69491,68708,68123,67336,66653,65967,65357,64671,63900,63236,63026,62832,62374,61680,60980,60332,59589,58895,58190,57473
75938,75126,74557,73887,73206,72513,71826,71133,70458,69774,68987,68406,67614,66933,66246,65642,64956,64184,63520,63310,63117,62659,61965,61265,60623,59875,59181,58476,57754
76219,75403,74837,74168,73487,72794,72107,71414,70740,70057,69266,68689,67892,67213,66525,65927,65241,64468,63804,63594,63402,62944,62250,61550,60914,60161,59467,58762,58035
76500,75680,75117,74449,73768,73075,72388,71695,71022,70340,69545,68972,68170,67493,66804,66212,65526,64752,64088,63878,63687,63229,62535,61835,61205,60447,59753,59048,58316
76781,75957,75397,74730,74049,73356,72669,71976,71304,70623,69824,69255,68448,67773,67083,66497,65811,65036,64372,64162,63972,63514,62820,62120,61496,60733,60039,59334,58597
77062,76234,75677,75011,74330,73637,72950,72257,71586,70906,70103,69538,68726,68053,67362,66782,66096,65320,64656,64446,64257,63799,63105,62405,61787,61019,60325,59620,58878
77343,76511,75957,75292,74611,73918,73231,72538,71868,71189,70382,69821,69004,68333,67641,67067,66381,65604,64940,64730,64542,64084,63390,62690,62078,61305,60611,59906,59159
77624,76788,76237,75573,74892,74199,73512,72819,72150,71472,70661,70104,69282,68613,67920,67352,66666,65888,65224,65014,64827,64369,63675,62975,62369,61591,60897,60192,59440
77905,77065,76517,75854,75173,74480,73793,73100,72432,71755,70940,70387,69560,68893,68199,67637,66951,66172,65508,65298,65112,64654,63960,63260,62660,61877,61183,60478,59721
78186,77342,76797,76135,75454,74761,74074,73381,72714,72038,71219,70670,69838,69173,68478,67922,67236,66456,65792,65582,65397,64939,64245,63545,62951,62163,61469,60764,60002
78467,77619,77077,76416,75735,75042,74355,73662,72996,72321,71498,70953,70116,69453,68757,68207,67521,66740,66076,65866,65682,65224,64530,63830,63242,62449,61755,61050,60283
78748,77896,77357,76697,76016,75323,74636,73943,73278,72604,71777,71236,70394,69733,69036,68492,67806,67024,66360,66150,65967,65509,64815,64115,63533,62735,62041,61336,60564
79029,78173,77637,76978,76297,75604,74917,74224,73560,72887,72056,71519,70672,70013,69315,68777,68091,67308,66644,66434,66252,65794,65100,64400,63824,63021,62327,61622,60845
79310,78450,77917,77259,76578,75885,75198,74505,73842,73170,72335,71802,70950,70293,69594,69062,68376,67592,66928,66718,66537,66079,65385,64685,64115,63307,62613,61908,61126
79591,78727,78197,77540,76859,76166,75479,74786,74124,73453,72614,72085,71228,70573,69873,69347,68661,67876,67212,67002,66822,66364,65670,64970,64406,63593,62899,62194,61407
79872,79004,78477,77821,77140,76447,75760,75067,74406,73736,72893,72368,71506,70853,70152,69632,68946,68160,67496,67286,67107,66649,65955,65255,64697,63879,63185,62480,61688
80153,79281,78757,78102,77421,76728,76041,75348,74688,74019,73172,72651,71784,71133,70431,69917,69231,68444,67780,67570,67392,66934,66240,65540,64988,64165,63471,62766,61969
80434,79558,79037,78383,77702,77009,76322,75629,74970,74302,73451,72934,72062,71413,70710,70202,69516,68728,68064,67854,67677,67219,66525,65825,65279,64451,63757,63052,62250
80715,79835,79317,78664,77983,77290,76603,75910,75252,74585,73730,73217,72340,71693,70989,70487,69801,69012,68348,68138,67962,67504,66810,66110,65570,64737,64043,63338,62531
80996,80112,79597,78945,78264,77571,76884,76191,75534,74868,74009,73500,72618,71973,71268,70772,70086,69296,68632,68422,68247,67789,67095,66395,65861,65023,64329,63624,62812
81277,80389,79877,79226,78545,77852,77165,76472,75816,75151,74288,73783,72896,72253,71547,71057,70371,69580,68916,68706,68532,68074,67380,66680,66152,65309,64615,63910,63093
81558,80666,80157,79507,78826,78133,77446,76753,76098,75434,74567,74066,73174,72533,71826,71342,70656,69864,69200,68990,68817,68359,67665,66965,66443,65595,64901,64196,63374
81839,80943,80437,79788,79107,78414,77727,77034,76380,75717,74846,74349,73452,72813,72105,71627,70941,70148,69484,69274,69102,68644,67950,67250,66734,65881,65187,64482,63655
82120,81220,80717,80069,79388,78695,78008,77315,76662,76000,75125,74632,73730,73093,72384,71912,71226,70432,69768,69558,69387,68929,68235,67535,67025,66167,65473,64768,63936
82401,81497,80997,80350,79669,78976,78289,77596,76944,76283,75404,74915,74008,73373,72663,72197,71511,70716,70052,69842,69672,69214,68520,67820,67316,66453,65759,65054,64217
82682,81774,81277,80631,79950,79257,78570,77877,77226,76566,75683,75198,74286,73653,72942,72482,71796,71000,70336,70126,69957,69499,68805,68105,67607,66739,66045,65340,64498
82963,82051,81557,80912,80231,79538,78851,78158,77508,76849,75962,75481,74564,73933,73221,72767,72081,71284,70620,70410,70242,69784,69090,68390,67898,67025,66331,65626,64779
83244,82328,81837,81193,80512,79819,79132,78439,77790,77132,76241,75764,74842,74213,73500,73052,72366,71568,70904,70694,70527,70069,69375,68675,68189,67311,66617,65912,65060
83525,82605,82117,81474,80793,80100,79413,78720,78072,77415,76520,76047,75120,74493,73779,73337,72651,71852,71188,70978,70812,70354,69660,68960,68480,67597,66903,66198,65341
83806,82882,82397,81755,81074,80381,79694,79001,78354,77698,76799,76330,75398,74773,74058,73622,72936,72136,71472,71262,71097,70639,69945,69245,68771,67883,67189,66484,65622
84087,83159,82677,82036,81355,80662,79975,79282,78636,77981,77078,76613,75676,75053,74337,73907,73221,72420,71756,71546,71382,70924,70230,69530,69062,68169,67475,66770,65903
84368,83436,82957,82317,81636,80943,80256,79563,78918,78264,77357,76896,75954,75333,74616,74192,73506,72704,72040,71830,71667,71209,70515,69815,69353,68455,67761,67056,66184
84649,83713,83237,82598,81917,81224,80537,79844,79200,78547,77636,77179,76232,75613,74895,74477,73791,72988,72324,72114,71952,71494,70800,70100,69644,68741,68047,67342,66465
84930,83990,83517,82879,82198,81505,80818,80125,79482,78830,77915,77462,76510,75893,75174,74762,74076,73272,72608,72398,72237,71779,71085,70385,69935,69027,68333,67628,66746
85211,84267,83797,83160,82479,81786,81099,80406,79764,79113,78194,77745,76788,76173,75453,75047,74361,73556,72892,72682,72522,72064,71370,70670,70226,69313,68619,67914,67027
85492,84544,84077,83441,82760,82067,81380,80687,80046,79396,78473,78028,77066,76453,75732,75332,74646,73840,73176,72966,72807,72349,71655,70955,70517,69599,68905,68200,67308
85773,84821,84357,83722,83041,82348,81661,80968,80328,79679,78752,78311,77344,76733,76011,75617,74931,74124,73460,73250,73092,72634,71940,71240,70808,69885,69191,68486,67589
86054,85098,84637,84003,83322,82629,81942,81249,80610,79962,79031,78594,77622,77013,76290,75902,75216,74408,73744,73534,73377,72919,72225,71525,71099,70171,69477,68772,67870
86335,85375,84917,84284,83603,82910,82223,81530,80892,80245,79310,78877,77900,77293,76569,76187,75501,74692,74028,73818,73662,73204,72510,71810,71390,70457,69763,69058,68151
86616,85652,85197,84565,83884,83191,82504,81811,81174,80528,79589,79160,78178,77573,76848,76472,75786,74976,74312,74102,73947,73489,72795,72095,71681,70743,70049,69344,68432
86897,85929,85477,84846,84165,83472,82785,82092,81456,80811,79868,79443,78456,77853,77127,76757,76071,75260,74596,74386,74232,73774,73080,72380,71972,71029,70335,69630,68713
87178,86206,85757,85127,84446,83753,83066,82373,81738,81094,80147,79726,78734,78133,77406,77042,76356,75544,74880,74670,74517,74059,73365,72665,72263,71315,70621,69916,68994
87459,86483,86037,85408,84727,84034,83347,82654,82020,81377,80426,80009,79012,78413,77685,77327,76641,75828,75164,74954,74802,74344,73650,72950,72554,71601,70907,70202,69275
87740,86760,86317,85689,85008,84315,83628,82935,82302,81660,80705,80292,79290,78693,77964,77612,76926,76112,75448,75238,75087,74629,73935,73235,72845,71887,71193,70488,69556
88021,87037,86597,85970,85289,84596,83909,83216,82584,81943,80984,80575,79568,78973,78243,77897,77211,76396,75732,75522,75372,74914,74220,73520,73136,72173,71479,70774,69837
88302,87314,86877,86251,85570,84877,84190,83497,82866,82226,81263,80858,79846,79253,78522,78182,77496,76680,76016,75806,75657,75199,74505,73805,73427,72459,71765,71060,70118
88583,87591,87157,86532,85851,85158,84471,83778,83148,82509,81542,81141,80124,79533,78801,78467,77781,76964,76300,76090,75942,75484,74790,74090,73718,72745,72051,71346,70399
88864,87868,87437,86813,86132,85439,84752,84059,83430,82792,81821,81424,80402,79813,79080,78752,78066,77248,76584,76374,76227,75769,75075,74375,74009,73031,72337,71632,70680
89145,88145,87717,87094,86413,85720,85033,84340,83712,83075,82100,81707,80680,80093,79359,79037,78351,77532,76868,76658,76512,76054,75360,74660,74300,73317,72623,71918,70961
89426,88422,87997,87375,86694,86001,85314,84621,83994,83358,82379,81990,80958,80373,79638,79322,78636,77816,77152,76942,76797,76339,75645,74945,74591,73603,72909,72204,71242
89707,88699,88277,87656,86975,86282,85595,84902,84276,83641,82658,82273,81236,80653,79917,79607,78921,78100,77436,77226,77082,76624,75930,75230,74882,73889,73195,72490,71523
89988,88976,88557,87937,87256,86563,85876,85183,84558,83924,82937,82556,81514,80933,80196,79892,79206,78384,77720,77510,77367,76909,76215,75515,75173,74175,73481,72776,71804
90269,89253,88837,88218,87537,86844,86157,85464,84840,84207,83216,82839,81792,81213,80475,80177,79491,78668,78004,77794,77652,77194,76500,75800,75464,74461,73767,73062,72085
90550,89530,89117,88499,87818,87125,86438,85745,85122,84490,83495,83122,82070,81493,80754,80462,79776,78952,78288,78078,77937,77479,76785,76085,75755,74747,74053,73348,72366
90831,89807,89397,88780,88099,87406,86719,86026,85404,84773,83774,83405,82348,81773,81033,80747,80061,79236,78572,78362,78222,77764,77070,76370,76046,75033,74339,73634,72647
91112,90084,89677,89061,88380,87687,87000,86307,85686,85056,84053,83688,82626,82053,81312,81032,80346,79520,78856,78646,78507,78049,77355,76655,76337,75319,74625,73920,72928
91393,90361,89957,89342,88661,87968,87281,86588,85968,85339,84332,83971,82904,82333,81591,81317,80631,79804,79140,78930,78792,78334,77640,76940,76628,75605,74911,74206,73209
91674,90638,90237,89623,88942,88249,87562,86869,86250,85622,84611,84254,83182,82613,81870,81602,80916,80088,79424,79214,79077,78619,77925,77225,76919,75891,75197,74492,73490
91955,90915,90517,89904,89223,88530,87843,87150,86532,85905,84890,84537,83460,82893,82149,81887,81201,80372,79708,79498,79362,78904,78210,77510,77210,76177,75483,74778,73771
92236,91192,90797,90185,89504,88811,88124,87431,86814,86188,85169,84820,83738,83173,82428,82172,81486,80656,79992,79782,79647,79189,78495,77795,77501,76463,75769,75064,74052
92517,91469,91077,90466,89785,89092,88405,87712,87096,86471,85448,85103,84016,83453,82707,82457,81771,80940,80276,80066,79932,79474,78780,78080,77792,76749,76055,75350,74333
92798,91746,91357,90747,90066,89373,88686,87993,87378,86754,85727,85386,84294,83733,82986,82742,82056,81224,80560,80350,80217,79759,79065,78365,78083,77035,76341,75636,74614
93079,92023,91637,91028,90347,89654,88967,88274,87660,87037,86006,85669,84572,84013,83265,83027,82341,81508,80844,80634,80502,80044,79350,78650,78374,77321,76627,75922,74895
93360,92300,91917,91309,90628,89935,89248,88555,87942,87320,86285,85952,84850,84293,83544,83312,82626,81792,81128,80918,80787,80329,79635,78935,78665,77607,76913,76208,75176
93641,92577,92197,91590,90909,90216,89529,88836,88224,87603,86564,86235,85128,84573,83823,83597,82911,82076,81412,81202,81072,80614,79920,79220,78956,77893,77199,76494,75457
93922,92854,92477,91871,91190,90497,89810,89117,88506,87886,86843,86518,85406,84853,84102,83882,83196,82360,81696,81486,81357,80899,80205,79505,79247,78179,77485,76780,75738
94203,93131,92757,92152,91471,90778,90091,89398,88788,88169,87122,86801,85684,85133,84381,84167,83481,82644,81980,81770,81642,81184,80490,79790,79538,78465,77771,77066,76019
94484,93408,93037,92433,91752,91059,90372,89679,89070,88452,87401,87084,85962,85413,84660,84452,83766,82928,82264,82054,81927,81469,80775,80075,79829,78751,78057,77352,76300
94765,93685,93317,92714,92033,91340,90653,89960,89352,88735,87680,87367,86240,85693,84939,84737,84051,83212,82548,82338,82212,81754,81060,80360,80120,79037,78343,77638,76581
95046,93962,93597,92995,92314,91621,90934,90241,89634,89018,87959,87650,86518,85973,85218,85022,84336,83496,82832,82622,82497,82039,81345,80645,80411,79323,78629,77924,76862
95327,94239,93877,93276,92595,91902,91215,90522,89916,89301,88238,87933,86796,86253,85497,85307,84621,83780,83116,82906,82782,82324,81630,80930,80702,79609,78915,78210,77143
95608,94516,94157,93557,92876,92183,91496,90803,90198,89584,88517,88216,87074,86533,85776,85592,84906,84064,83400,83190,83067,82609,81915,81215,80993,79895,79201,78496,77424
95889,94793,94437,93838,93157,92464,91777,91084,90480,89867,88796,88499,87352,86813,86055,85877,85191,84348,83684,83474,83352,82894,82200,81500,81284,80181,79487,78782,77705
96170,95070,94717,94119,93438,92745,92058,91365,90762,90150,89075,88782,87630,87093,86334,86162,85476,84632,83968,83758,83637,83179,82485,81785,81575,80467,79773,79068,77986
96451,95347,94997,94400,93719,93026,92339,91646,91044,90433,89354,89065,87908,87373,86613,86447,85761,84916,84252,84042,83922,83464,82770,82070,81866,80753,80059,79354,78267
96732,95624,95277,94681,94000,93307,92620,91927,91326,90716,89633,89348,88186,87653,86892,86732,86046,85200,84536,84326,84207,83749,83055,82355,82157,81039,80345,79640,78548
97013,95901,95557,94962,94281,93588,92901,92208,91608,90999,89912,89631,88464,87933,87171,87017,86331,85484,84820,84610,84492,84034,83340,82640,82448,81325,80631,79926,78829
97294,96178,95837,95243,94562,93869,93182,92489,91890,91282,90191,89914,88742,88213,87450,87302,86616,85768,85104,84894,84777,84319,83625,82925,82739,81611,80917,80212,79110
97575,96455,96117,95524,94843,94150,93463,92770,92172,91565,90470,90197,89020,88493,87729,87587,86901,86052,85388,85178,85062,84604,83910,83210,83030,81897,81203,80498,79391
97856,96732,96397,95805,95124,94431,93744,93051,92454,91848,90749,90480,89298,88773,88008,87872,87186,86336,85672,85462,85347,84889,84195,83495,83321,82183,81489,80784,79672
98137,97009,96677,96086,95405,94712,94025,93332,92736,92131,91028,90763,89576,89053,88287,88157,87471,86620,85956,85746,85632,85174,84480,83780,83612,82469,81775,81070,79953
98418,97286,96957,96367,95686,94993,94306,93613,93018,92414,91307,91046,89854,89333,88566,88442,87756,86904,86240,86030,85917,85459,84765,84065,83903,82755,82061,81356,80234
98699,97563,97237,96648,95967,95274,94587,93894,93300,92697,91586,91329,90132,89613,88845,88727,88041,87188,86524,86314,86202,85744,85050,84350,84194,83041,82347,81642,80515
98980,97840,97517,96929,96248,95555,94868,94175,93582,92980,91865,91612,90410,89893,89124,89012,88326,87472,86808,86598,86487,86029,85335,84635,84485,83327,82633,81928,80796
99261,98117,97797,97210,96529,95836,95149,94456,93864,93263,92144,91895,90688,90173,89403,89297,88611,87756,87092,86882,86772,86314,85620,84920,84776,83613,82919,82214,81077
99542,98394,98077,97491,96810,96117,95430,94737,94146,93546,92423,92178,90966,90453,89682,89582,88896,88040,87376,87166,87057,86599,85905,85205,85067,83899,83205,82500,81358
99823,98671,98357,97772,97091,96398,95711,95018,94428,93829,92702,92461,91244,90733,89961,89867,89181,88324,87660,87450,87342,86884,86190,85490,85358,84185,83491,82786,81639
100104,98948,98637,98053,97372,96679,95992,95299,94710,94112,92981,92744,91522,91013,90240,90152,89466,88608,87944,87734,87627,87169,86475,85775,85649,84471,83777,83072,81920
100385,99225,98917,98334,97653,96960,96273,95580,94992,94395,93260,93027,91800,91293,90519,90437,89751,88892,88228,88018,87912,87454,86760,86060,85940,84757,84063,83358,82201
100666,99502,99197,98615,97934,97241,96554,95861,95274,94678,93539,93310,92078,91573,90798,90722,90036,89176,88512,88302,88197,87739,87045,86345,86231,85043,84349,83644,82482
100947,99779,99477,98896,98215,97522,96835,96142,95556,94961,93818,93593,92356,91853,91077,91007,90321,89460,88796,88586,88482,88024,87330,86630,86522,85329,84635,83930,82763
101228,100056,99757,99177,98496,97803,97116,96423,95838,95244,94097,93876,92634,92133,91356,91292,90606,89744,89080,88870,88767,88309,87615,86915,86813,85615,84921,84216,83044
101509,100333,100037,99458,98777,98084,97397,96704,96120,95527,94376,94159,92912,92413,91635,91577,90891,90028,89364,89154,89052,88594,87900,87200,87104,85901,85207,84502,83325
101790,100610,100317,99739,99058,98365,97678,96985,96402,95810,94655,94442,93190,92693,91914,91862,91176,90312,89648,89438,89337,88879,88185,87485,87395,86187,85493,84788,83606
102071,100887,100597,100020,99339,98646,97959,97266,96684,96093,94934,94725,93468,92973,92193,92147,91461,90596,89932,89722,89622,89164,88470,87770,87686,86473,85779,85074,83887
102352,101164,100877,100301,99620,98927,98240,97547,96966,96376,95213,95008,93746,93253,92472,92432,91746,90880,90216,90006,89907,89449,88755,88055,87977,86759,86065,85360,84168
102633,101441,101157,100582,99901,99208,98521,97828,97248,96659,95492,95291,94024,93533,92751,92717,92031,91164,90500,90290,90192,89734,89040,88340,88268,87045,86351,85646,84449
102914,101718,101437,100863,100182,99489,98802,98109,97530,96942,95771,95574,94302,93813,93030,93002,92316,91448,90784,90574,90477,90019,89325,88625,88559,87331,86637,85932,84730
103195,101995,101717,101144,100463,99770,99083,98390,97812,97225,96050,95857,94580,94093,93309,93287,92601,91732,91068,90858,90762,90304,89610,88910,88850,87617,86923,86218,85011
103476,102272,101997,101425,100744,100051,99364,98671,98094,97508,96329,96140,94858,94373,93588,93572,92886,92016,91352,91142,91047,90589,89895,89195,89141,87903,87209,86504,85292
103757,102549,102277,101706,101025,100332,99645,98952,98376,97791,96608,96423,95136,94653,93867,93857,93171,92300,91636,91426,91332,90874,90180,89480,89432,88189,87495,86790,85573
104038,102826,102557,101987,101306,100613,99926,99233,98658,98074,96887,96706,95414,94933,94146,94142,93456,92584,91920,91710,91617,91159,90465,89765,89723,88475,87781,87076,85854
104319,103103,102837,102268,101587,100894,100207,99514,98940,98357,97166,96989,95692,95213,94425,94427,93741,92868,92204,91994,91902,91444,90750,90050,90014,88761,88067,87362,86135
104600,103380,103117,102549,101868,101175,100488,99795,99222,98640,97445,97272,95970,95493,94704,94712,94026,93152,92488,92278,92187,91729,91035,90335,90305,89047,88353,87648,86416
104881,103657,103397,102830,102149,101456,100769,100076,99504,98923,97724,97555,96248,95773,94983,94997,94311,93436,92772,92562,92472,92014,91320,90620,90596,89333,88639,87934,86697
105162,103934,103677,103111,102430,101737,101050,100357,99786,99206,98003,97838,96526,96053,95262,95282,94596,93720,93056,92846,92757,92299,91605,90905,90887,89619,88925,88220,86978
105443,104211,103957,103392,102711,102018,101331,100638,100068,99489,98282,98121,96804,96333,95541,95567,94881,94004,93340,93130,93042,92584,91890,91190,91178,89905,89211,88506,87259
105724,104488,104237,103673,102992,102299,101612,100919,100350,99772,98561,98404,97082,96613,95820,95852,95166,94288,93624,93414,93327,92869,92175,91475,91469,90191,89497,88792,87540
106005,104765,104517,103954,103273,102580,101893,101200,100632,100055,98840,98687,97360,96893,96099,96137,95451,94572,93908,93698,93612,93154,92460,91760,91760,90477,89783,89078,87821
106286,105042,104797,104235,103554,102861,102174,101481,100914,100338,99119,98970,97638,97173,96378,96422,95736,94856,94192,93982,93897,93439,92745,92045,92051,90763,90069,89364,88102
106567,105319,105077,104516,103835,103142,102455,101762,101196,100621,99398,99253,97916,97453,96657,96707,96021,95140,94476,94266,94182,93724,93030,92330,92342,91049,90355,89650,88383
106848,105596,105357,104797,104116,103423,102736,102043,101478,100904,99677,99536,98194,97733,96936,96992,96306,95424,94760,94550,94467,94009,93315,92615,92633,91335,90641,89936,88664
107129,105873,105637,105078,104397,103704,103017,102324,101760,101187,99956,99819,98472,98013,97215,97277,96591,95708,95044,94834,94752,94294,93600,92900,92924,91621,90927,90222,88945
107410,106150,105917,105359,104678,103985,103298,102605,102042,101470,100235,100102,98750,98293,97494,97562,96876,95992,95328,95118,95037,94579,93885,93185,93215,91907,91213,90508,89226
