0.89894,0.90548,0.91339,0.91627,0.92219,0.92708,0.92907,0.93398,0.94395,0.94075,0.95291,0.9543,0.95986,0.96494,0.973,0.98147,0.984,0.98809,0.99224,0.99591,0.99769,1.0021,1.0052,1.0154,1.0233,1.029,1.0288,1.039,1.0051
0.90042,0.90646,0.91435,0.91723,0.92314,0.92804,0.93048,0.93492,0.94488,0.94354,0.95382,0.95657,0.96168,0.96585,0.97477,0.98012,0.984,0.98897,0.99311,0.99765,0.99856,1.003,1.0061,1.0162,1.022,1.0269,1.0296,1.0398,1.0153
0.9019,0.90745,0.91531,0.91819,0.92409,0.92899,0.93189,0.93585,0.94581,0.94632,0.95474,0.95883,0.96349,0.96676,0.97655,0.97878,0.984,0.98984,0.99398,0.99938,0.99943,1.0038,1.0069,1.0171,1.0207,1.0248,1.0304,1.0406,1.0256
0.90338,0.90886,0.91628,0.919,0.92504,0.92994,0.9333,0.93679,0.94526,0.94911,0.95434,0.9611,0.96465,0.96766,0.97633,0.97743,0.984,0.99072,0.99484,0.99944,1.0003,1.0047,1.0078,1.0179,1.0195,1.0231,1.0313,1.0406,1.0359
0.90457,0.91081,0.91676,0.919,0.926,0.92823,0.93471,0.93847,0.94433,0.95156,0.95342,0.96062,0.96556,0.96941,0.97544,0.97911,0.984,0.9916,0.99571,0.99858,1.0012,1.0056,1.0086,1.0173,1.0182,1.024,1.0321,1.0397,1.0418
0.90556,0.91162,0.91578,0.91908,0.926,0.92632,0.93575,0.94035,0.9446,0.95385,0.9535,0.95832,0.96647,0.97165,0.97546,0.98221,0.98452,0.99247,0.99717,0.99829,1.002,1.0064,1.009,1.0164,1.0198,1.0248,1.033,1.0388,1.0435
0.90654,0.91065,0.91519,0.92006,0.926,0.9268,0.9367,0.94192,0.94554,0.95454,0.95443,0.95739,0.96737,0.97336,0.97636,0.98362,0.98541,0.99265,0.99892,0.99917,1.0029,1.0066,1.009,1.0153,1.0219,1.0257,1.0338,1.0367,1.045
0.90753,0.91016,0.91617,0.921,0.926,0.92776,0.93765,0.94333,0.94647,0.95361,0.95535,0.95831,0.96772,0.97427,0.97675,0.98274,0.9863,0.99177,1.0003,1,1.0038,1.0053,1.0092,1.014,1.0234,1.0265,1.0334,1.0346,1.045
0.90877,0.91066,0.91686,0.921,0.926,0.92979,0.93859,0.94277,0.9474,0.9522,0.95627,0.95956,0.96681,0.975,0.97585,0.982,0.98718,0.99121,1.0012,1.0009,1.0034,1.004,1.0101,1.0134,1.0243,1.0274,1.0325,1.0352,1.045
0.91025,0.9113,0.91589,0.921,0.92681,0.93216,0.9374,0.94042,0.94766,0.94988,0.95681,0.96185,0.9661,0.975,0.97505,0.982,0.9881,0.99298,1.0019,1.0018,1.0025,1.0049,1.011,1.0156,1.0247,1.0282,1.0319,1.0369,1.0445
0.91051,0.91229,0.91509,0.92007,0.92777,0.93362,0.93455,0.93956,0.94673,0.94818,0.95588,0.96406,0.96701,0.975,0.97596,0.982,0.98943,0.99476,1.0011,1.0013,1.0016,1.0057,1.0118,1.0177,1.0226,1.0289,1.0314,1.0383,1.0436
0.90952,0.913,0.91608,0.9191,0.9291,0.93459,0.93344,0.94099,0.94621,0.94912,0.95505,0.96498,0.96793,0.97413,0.97686,0.98284,0.99076,0.99576,1.0002,1.0005,1.0008,1.006,1.0127,1.0187,1.0205,1.0281,1.031,1.0391,1.0434
0.90947,0.913,0.91709,0.92338,0.93054,0.935,0.9344,0.94255,0.94715,0.95014,0.95598,0.96589,0.96884,0.97322,0.97776,0.98374,0.98991,0.99663,1.0007,1.0004,1.0004,1.006,1.0125,1.0196,1.0213,1.0273,1.0318,1.0399,1.0451
0.91047,0.91325,0.91855,0.92825,0.92936,0.935,0.93626,0.94442,0.94791,0.95247,0.9569,0.96519,0.96975,0.973,0.97866,0.984,0.98858,0.99597,1.0016,1.0013,1.003,1.0065,1.0116,1.02,1.023,1.0267,1.0327,1.0392,1.0467
0.91169,0.91423,0.92001,0.92819,0.92695,0.93455,0.93959,0.94585,0.94697,0.95479,0.95783,0.96427,0.96934,0.973,0.97844,0.984,0.98876,0.9942,1.0015,1.0022,1.0056,1.0078,1.0113,1.02,1.0249,1.0263,1.0338,1.0384,1.0463
0.91317,0.91533,0.921,0.92722,0.92629,0.93359,0.94174,0.9449,0.94603,0.95415,0.95876,0.96335,0.96842,0.97351,0.97753,0.98443,0.99011,0.99358,1.0007,1.003,1.0053,1.009,1.0121,1.0197,1.0271,1.027,1.035,1.0389,1.0455
0.91444,0.91681,0.92198,0.92511,0.92678,0.93263,0.94079,0.944,0.94738,0.95321,0.96003,0.96242,0.96874,0.97443,0.97737,0.98532,0.9913,0.99535,1.0002,1.0039,1.0044,1.009,1.013,1.0185,1.0288,1.03,1.0357,1.0406,1.0454
0.91544,0.91819,0.92343,0.92264,0.92861,0.93167,0.93984,0.944,0.94881,0.953,0.96143,0.962,0.97012,0.975,0.97828,0.986,0.99219,0.99709,1.0011,1.0032,1.004,1.009,1.0139,1.0172,1.0267,1.033,1.0344,1.042,1.0462
0.91643,0.91918,0.9249,0.92452,0.93153,0.9313,0.93887,0.944,0.94981,0.953,0.96145,0.962,0.97067,0.975,0.97928,0.986,0.99293,0.99842,1.002,1.0023,1.004,1.0086,1.0147,1.017,1.0245,1.033,1.0332,1.042,1.047
0.91742,0.91983,0.92408,0.92793,0.933,0.93228,0.938,0.94309,0.95075,0.95361,0.96053,0.96237,0.96975,0.97485,0.98064,0.98599,0.99203,0.99975,1.0029,1.0014,1.0043,1.0082,1.0144,1.017,1.0246,1.033,1.0337,1.042,1.0479
0.91718,0.91885,0.9231,0.92833,0.933,0.93423,0.938,0.94214,0.9503,0.95455,0.95959,0.9633,0.96875,0.97393,0.982,0.98508,0.99113,0.9982,1.0037,1.0006,1.0051,1.0075,1.0135,1.0177,1.0255,1.033,1.0346,1.042,1.0487
0.91519,0.91821,0.923,0.92736,0.9332,0.93904,0.93803,0.94323,0.94935,0.95524,0.95865,0.96422,0.96736,0.97301,0.98109,0.98417,0.99024,0.99598,1.0018,1.0007,1.006,1.0067,1.0133,1.019,1.0256,1.033,1.0357,1.042,1.0485
0.91359,0.91971,0.923,0.92794,0.93369,0.94257,0.94044,0.94467,0.949,0.95571,0.958,0.96515,0.96604,0.973,0.98018,0.984,0.98934,0.995,0.99873,1.0024,1.0042,1.0063,1.0142,1.0202,1.0248,1.0328,1.0369,1.0417,1.0476
0.9126,0.9212,0.92386,0.92942,0.93364,0.94017,0.94285,0.94573,0.949,0.95637,0.958,0.96596,0.96743,0.973,0.98073,0.984,0.98956,0.995,0.9976,1.004,1.0024,1.0077,1.0149,1.0211,1.0239,1.0319,1.0378,1.0408,1.0472
0.91261,0.92268,0.92485,0.93059,0.93267,0.93795,0.9439,0.94668,0.9495,0.95732,0.95841,0.9655,0.96882,0.97413,0.98165,0.98455,0.99047,0.99544,0.99894,1.004,1.0027,1.009,1.014,1.022,1.0231,1.031,1.0365,1.04,1.0481
0.91413,0.92389,0.92458,0.93156,0.932,0.93746,0.94486,0.94636,0.95045,0.958,0.96076,0.96503,0.96981,0.97552,0.98256,0.98546,0.99137,0.99679,1.0002,1.004,1.0036,1.0099,1.0132,1.0212,1.0222,1.029,1.0352,1.04,1.0489
0.91649,0.92289,0.92409,0.93145,0.932,0.93705,0.945,0.94539,0.95201,0.958,0.96304,0.96675,0.97074,0.976,0.98347,0.98618,0.99227,0.998,1.0011,1.0051,1.0044,1.0108,1.013,1.0203,1.0227,1.0268,1.035,1.04,1.0479
0.91999,0.92211,0.92482,0.93047,0.93242,0.93802,0.945,0.94585,0.95439,0.95785,0.96398,0.96863,0.972,0.976,0.98286,0.98664,0.99283,0.998,1.002,1.0065,1.0053,1.0094,1.013,1.0186,1.0235,1.0273,1.035,1.0411,1.0466
0.92158,0.92311,0.92582,0.93078,0.93388,0.93899,0.94425,0.9473,0.95569,0.9569,0.96492,0.969,0.97339,0.97556,0.98011,0.98682,0.99193,0.998,1.0011,1.007,1.0058,1.0072,1.013,1.0164,1.0236,1.0295,1.0356,1.0428,1.0456
0.92058,0.924,0.92721,0.93226,0.93523,0.939,0.94329,0.94849,0.95474,0.95608,0.96328,0.969,0.97348,0.97463,0.97832,0.9859,0.99102,0.99722,1.0002,1.007,1.0049,1.0056,1.013,1.0155,1.0227,1.0313,1.0369,1.0437,1.0447
0.92,0.924,0.92869,0.933,0.93622,0.939,0.94266,0.94945,0.95358,0.95751,0.9614,0.96869,0.97255,0.9743,0.97972,0.985,0.98922,0.99633,1.0007,1.0062,1.004,1.0047,1.0128,1.0168,1.0224,1.0321,1.038,1.0429,1.0443
0.92,0.92416,0.92979,0.933,0.9373,0.94129,0.94217,0.95063,0.95165,0.95893,0.96175,0.96822,0.972,0.97523,0.981,0.985,0.98741,0.996,1.0015,1.004,1.0044,1.0045,1.0119,1.0181,1.0246,1.033,1.038,1.042,1.0464
0.92067,0.92565,0.93079,0.93254,0.93876,0.94373,0.94389,0.95207,0.9502,0.95674,0.9627,0.96751,0.972,0.97623,0.981,0.985,0.98878,0.996,1.0027,1.0019,1.0049,1.0067,1.011,1.0199,1.0268,1.0305,1.038,1.0412,1.0485
0.92216,0.9269,0.93216,0.93155,0.93985,0.94314,0.94682,0.95266,0.95165,0.95436,0.96396,0.96657,0.97226,0.97762,0.981,0.98577,0.99107,0.996,1.004,1.001,1.005,1.0089,1.0123,1.0216,1.027,1.0279,1.0373,1.0403,1.0483
0.92322,0.9259,0.93364,0.93166,0.93886,0.94216,0.94886,0.9517,0.95306,0.95522,0.96537,0.966,0.97319,0.97901,0.98017,0.98669,0.99254,0.996,1.0048,1.0001,1.005,1.0103,1.0137,1.0213,1.027,1.0276,1.0364,1.0405,1.0475
0.92373,0.925,0.93249,0.93316,0.938,0.942,0.9503,0.951,0.95402,0.95667,0.96494,0.966,0.97388,0.97994,0.97924,0.9879,0.99345,0.99631,1.0039,1.0012,1.0055,1.0116,1.0147,1.0204,1.0252,1.0285,1.0356,1.0414,1.0461
0.924,0.925,0.93049,0.93465,0.938,0.942,0.94949,0.951,0.95498,0.95883,0.96304,0.96668,0.97294,0.98087,0.98073,0.98928,0.99328,0.99767,1.0029,1.0026,1.0064,1.0104,1.0156,1.0191,1.0221,1.029,1.0347,1.0415,1.0439
0.924,0.92518,0.92924,0.93613,0.93795,0.94318,0.94657,0.95132,0.95642,0.96121,0.962,0.96903,0.972,0.97941,0.98305,0.98891,0.99145,0.99898,1.0007,1.003,1.0067,1.0081,1.0156,1.0173,1.0204,1.029,1.0338,1.0398,1.0421
0.924,0.92668,0.92825,0.93659,0.93746,0.94464,0.94569,0.95277,0.95786,0.96136,0.962,0.97085,0.97153,0.97755,0.984,0.98661,0.99019,0.99807,0.99839,1.003,1.0058,1.0066,1.0147,1.0162,1.0217,1.0289,1.033,1.0381,1.0434
0.924,0.92806,0.92914,0.93559,0.93707,0.94426,0.94717,0.95386,0.95887,0.9604,0.96271,0.9699,0.97106,0.97634,0.984,0.98514,0.99111,0.99717,0.99913,1.0026,1.0049,1.0057,1.0136,1.0171,1.023,1.0281,1.0321,1.0372,1.0447
0.92426,0.92857,0.93066,0.935,0.93807,0.94327,0.948,0.95288,0.95983,0.96,0.96461,0.969,0.97182,0.9754,0.9836,0.9856,0.99201,0.99513,1.0005,1.0017,1.0031,1.0054,1.0118,1.018,1.023,1.0272,1.0328,1.0363,1.0457
0.92476,0.929,0.93372,0.935,0.9391,0.943,0.948,0.95214,0.95841,0.96,0.96613,0.969,0.97277,0.97635,0.98267,0.9862,0.99247,0.99283,1.0024,1.0016,1.0012,1.0067,1.01,1.0184,1.023,1.0263,1.0336,1.0374,1.0465
0.92582,0.929,0.93721,0.93561,0.94058,0.943,0.94838,0.9536,0.95648,0.96,0.9666,0.969,0.97408,0.9787,0.98226,0.98759,0.99293,0.99346,1.0047,1.0038,1.003,1.008,1.0123,1.0189,1.023,1.0254,1.034,1.0396,1.0463
0.92736,0.929,0.93723,0.93711,0.94206,0.94403,0.94936,0.95496,0.95564,0.96,0.96692,0.97036,0.97548,0.98063,0.9832,0.98898,0.99142,0.99575,1.0052,1.006,1.0052,1.0089,1.0145,1.0177,1.023,1.0257,1.034,1.0403,1.0445
0.928,0.929,0.93623,0.93841,0.94356,0.94551,0.95052,0.95399,0.95515,0.96062,0.96644,0.97178,0.9754,0.98204,0.984,0.989,0.98956,0.99763,1.0034,1.0051,1.0066,1.0098,1.0157,1.0159,1.0237,1.027,1.0338,1.0381,1.043
0.928,0.92957,0.93444,0.9394,0.94504,0.94567,0.95198,0.95301,0.95568,0.96207,0.966,0.97119,0.97445,0.98226,0.984,0.989,0.99029,0.999,1.0018,1.0042,1.0075,1.0093,1.0166,1.015,1.025,1.0282,1.0329,1.036,1.043
0.92893,0.93261,0.93241,0.9398,0.94602,0.94518,0.9524,0.953,0.95665,0.96317,0.966,0.97024,0.974,0.97991,0.984,0.98823,0.99215,1,1.0009,1.0025,1.0072,1.0083,1.016,1.015,1.0254,1.0291,1.032,1.0351,1.043
0.93047,0.93479,0.93321,0.9393,0.94698,0.94564,0.95043,0.953,0.95794,0.96365,0.96601,0.96857,0.974,0.97764,0.98447,0.9873,0.99325,1,1,1.0006,1.0054,1.0069,1.0142,1.0156,1.0232,1.03,1.0324,1.0342,1.0423
0.93166,0.93377,0.93472,0.93961,0.94498,0.94664,0.94873,0.9544,0.9594,0.96387,0.96697,0.96664,0.97461,0.97574,0.98494,0.98636,0.99371,0.99991,1.0009,1,1.0038,1.0051,1.0127,1.0179,1.021,1.0291,1.0329,1.035,1.0414
0.93267,0.933,0.93583,0.94113,0.94299,0.94795,0.94774,0.95586,0.96086,0.96338,0.96793,0.96824,0.97603,0.97412,0.98459,0.98542,0.99366,0.99899,1.0019,1,1.0029,1.0046,1.0118,1.0199,1.0206,1.0282,1.0324,1.0363,1.041
0.93161,0.933,0.93684,0.942,0.94099,0.94943,0.94774,0.95511,0.96232,0.963,0.96755,0.97161,0.97669,0.97554,0.98412,0.98578,0.99272,0.99808,1.002,1.0011,1.0021,1.0059,1.0112,1.0191,1.0201,1.0274,1.0315,1.0374,1.041
0.92956,0.93343,0.937,0.942,0.93901,0.94877,0.95074,0.95412,0.96169,0.963,0.96707,0.9744,0.97574,0.97697,0.984,0.98719,0.992,0.99715,1.002,1.0034,1.0035,1.0075,1.0125,1.0182,1.0207,1.0265,1.031,1.0383,1.0413
0.93012,0.93495,0.937,0.94157,0.94154,0.94678,0.95348,0.954,0.95926,0.963,0.967,0.97677,0.97532,0.97933,0.984,0.988,0.992,0.99622,1.0023,1.0054,1.0048,1.0098,1.0139,1.018,1.0216,1.0258,1.031,1.0389,1.0426
0.93165,0.93537,0.93831,0.94056,0.9441,0.94692,0.95546,0.954,0.95872,0.963,0.967,0.9759,0.97676,0.98171,0.984,0.988,0.99211,0.99706,1.0028,1.0068,1.0062,1.0119,1.0119,1.018,1.0215,1.0253,1.0312,1.0385,1.0439
0.9316,0.93332,0.93983,0.94068,0.94759,0.94841,0.95657,0.95526,0.9602,0.96311,0.96777,0.97157,0.978,0.982,0.984,0.98841,0.99352,0.99846,1.0021,1.0077,1.0076,1.0101,1.0097,1.0174,1.0206,1.025,1.0321,1.038,1.0416
0.93109,0.93327,0.93955,0.94219,0.95095,0.94961,0.9546,0.95674,0.96167,0.96409,0.96873,0.969,0.978,0.982,0.98352,0.98982,0.99493,0.99843,1.0002,1.0054,1.0064,1.0083,1.0087,1.0165,1.0204,1.025,1.033,1.036,1.039
0.931,0.93686,0.93905,0.943,0.94895,0.95061,0.95281,0.95822,0.96313,0.96506,0.96865,0.969,0.97796,0.98163,0.98257,0.99085,0.99588,0.99751,0.999,1.0031,1.0041,1.0061,1.0082,1.0156,1.0218,1.025,1.0326,1.0338,1.0385
0.931,0.9388,0.9404,0.943,0.94699,0.9507,0.95181,0.9597,0.9632,0.96604,0.96816,0.97002,0.977,0.98116,0.98296,0.98991,0.99681,0.997,0.999,1.0026,1.0028,1.0038,1.0102,1.0147,1.023,1.0259,1.0321,1.0339,1.0394
0.93238,0.93829,0.94194,0.94375,0.94648,0.9502,0.95128,0.95922,0.96123,0.967,0.96898,0.97291,0.97604,0.98164,0.98534,0.98897,0.99401,0.997,0.99943,1.0021,1.0023,1.0049,1.0143,1.0147,1.023,1.0268,1.0304,1.0352,1.0405
0.93392,0.93711,0.942,0.94526,0.94607,0.95,0.95278,0.95823,0.95963,0.967,0.97044,0.97446,0.97554,0.98261,0.98643,0.98802,0.99025,0.99745,1.0018,1.0027,1.0023,1.0076,1.0164,1.0178,1.023,1.0281,1.0282,1.0364,1.0418
0.93498,0.93504,0.942,0.94574,0.94759,0.95,0.95428,0.95915,0.95864,0.967,0.9698,0.97252,0.97506,0.983,0.98453,0.98707,0.98995,0.99885,1.004,1.0037,1.0033,1.0095,1.0145,1.021,1.0222,1.0294,1.0276,1.0372,1.0429
0.936,0.93631,0.9415,0.94523,0.949,0.95094,0.95578,0.96065,0.95852,0.967,0.96785,0.971,0.975,0.983,0.98328,0.98833,0.99138,0.99992,1.0035,1.0049,1.004,1.0104,1.0127,1.0205,1.0213,1.029,1.029,1.0379,1.042
0.936,0.94092,0.94103,0.945,0.949,0.95244,0.95664,0.961,0.96002,0.967,0.96756,0.971,0.975,0.98183,0.98473,0.98975,0.99253,0.99945,1.0031,1.0063,1.004,1.0104,1.0109,1.0201,1.0207,1.0272,1.0305,1.0375,1.0412
0.93597,0.94187,0.94206,0.945,0.949,0.95268,0.95464,0.961,0.9622,0.96746,0.96854,0.97141,0.97699,0.97942,0.98617,0.99,0.99347,0.9989,1.003,1.0061,1.0041,1.0085,1.009,1.0182,1.0202,1.0261,1.0328,1.037,1.041
0.93545,0.93983,0.943,0.94559,0.949,0.95218,0.95327,0.95953,0.96565,0.96795,0.96978,0.97385,0.9794,0.9784,0.98759,0.99,0.99379,0.99655,1.003,1.0043,1.005,1.007,1.0113,1.0159,1.0196,1.0266,1.035,1.0362,1.041
0.93522,0.939,0.943,0.9466,0.94888,0.952,0.95479,0.95753,0.96737,0.96622,0.97124,0.97617,0.97854,0.97937,0.98897,0.99103,0.99332,0.9942,1.004,1.0027,1.0059,1.007,1.0136,1.0147,1.0187,1.0267,1.0332,1.0353,1.0405
0.93678,0.939,0.9432,0.94669,0.94787,0.952,0.9563,0.95663,0.9654,0.96425,0.97105,0.97763,0.97659,0.9812,0.98705,0.99246,0.99347,0.9953,1.0054,1.0018,1.0069,1.007,1.0132,1.0143,1.0184,1.0245,1.0314,1.0347,1.0396
0.938,0.94003,0.94473,0.94618,0.94743,0.95268,0.9578,0.95613,0.96385,0.964,0.96908,0.97888,0.976,0.98457,0.98512,0.99271,0.9949,0.99673,1.0043,1.0013,1.0078,1.0065,1.0123,1.0146,1.0198,1.0222,1.0296,1.0343,1.0389
0.938,0.94157,0.94591,0.946,0.9505,0.95369,0.9588,0.95785,0.96336,0.964,0.96867,0.97693,0.976,0.98647,0.9859,0.99223,0.996,0.99814,1.0015,1.0027,1.008,1.0061,1.012,1.016,1.021,1.0233,1.0278,1.034,1.0384
0.93845,0.94163,0.9454,0.946,0.953,0.954,0.95778,0.96038,0.96329,0.96658,0.97015,0.97498,0.97788,0.98454,0.98686,0.99076,0.996,0.99955,1,1.004,1.008,1.0064,1.012,1.017,1.021,1.0246,1.0283,1.034,1.0381
0.94001,0.94111,0.94453,0.94708,0.953,0.954,0.957,0.96251,0.96429,0.96954,0.97163,0.97301,0.9808,0.98261,0.98535,0.98835,0.99577,0.99935,1,1.004,1.0056,1.0069,1.012,1.017,1.021,1.026,1.0306,1.034,1.039
0.94081,0.94224,0.94246,0.94862,0.95257,0.95509,0.957,0.96451,0.965,0.97,0.97311,0.97104,0.982,0.98066,0.98342,0.98763,0.99387,0.9984,1.0005,1.004,1.0019,1.007,1.012,1.0169,1.0223,1.0274,1.0313,1.034,1.0399
0.94029,0.94379,0.94162,0.95016,0.95052,0.95661,0.957,0.96349,0.965,0.97,0.97361,0.97245,0.982,0.97921,0.98414,0.98908,0.99198,0.998,1.0019,1.0036,1.0007,1.007,1.0118,1.016,1.0236,1.027,1.0295,1.034,1.0385
0.94,0.944,0.9437,0.9517,0.9494,0.95663,0.957,0.9615,0.96486,0.97,0.97262,0.97393,0.98095,0.98067,0.9856,0.99052,0.99102,0.998,1.0028,1.0031,1.0021,1.007,1.0114,1.015,1.0223,1.0252,1.0277,1.0331,1.0367
0.94,0.944,0.94614,0.95036,0.95093,0.95612,0.95782,0.96062,0.96436,0.97,0.972,0.97541,0.979,0.98195,0.98705,0.99196,0.99006,0.99867,1.0018,1.0022,1.0034,1.007,1.0109,1.0163,1.02,1.0237,1.0259,1.0322,1.0357
0.94083,0.94547,0.94922,0.94831,0.95247,0.95561,0.96086,0.96011,0.964,0.97041,0.972,0.97689,0.97824,0.98147,0.98849,0.99246,0.99272,1.0001,1.001,1.0013,1.0043,1.0081,1.0104,1.0177,1.0187,1.0228,1.024,1.0324,1.0353
0.94239,0.94697,0.95078,0.94933,0.95401,0.9551,0.963,0.96118,0.964,0.97091,0.97255,0.97791,0.97873,0.98104,0.98868,0.99053,0.9956,1.0008,1.001,1.001,1.0049,1.0105,1.0101,1.0165,1.0183,1.0222,1.0262,1.0328,1.0354
0.94268,0.94489,0.95026,0.95088,0.95482,0.955,0.963,0.96269,0.96446,0.96938,0.97403,0.9789,0.979,0.98203,0.9882,0.9889,0.996,1.0003,1.001,1.001,1.0044,1.0113,1.011,1.0147,1.0186,1.0236,1.0285,1.033,1.0363
0.94215,0.943,0.95,0.95242,0.95431,0.955,0.96236,0.96421,0.96595,0.96738,0.97432,0.97723,0.979,0.98302,0.988,0.98841,0.996,0.99949,1.0025,1.0018,1.0042,1.0095,1.0119,1.0134,1.02,1.025,1.029,1.033,1.037
0.942,0.943,0.95,0.95396,0.954,0.95632,0.96034,0.96573,0.96685,0.967,0.97232,0.97525,0.979,0.98448,0.988,0.98815,0.996,0.99756,1.0039,1.0033,1.0057,1.0076,1.0133,1.0125,1.0205,1.025,1.029,1.033,1.037
0.942,0.94358,0.94882,0.95198,0.954,0.95786,0.95883,0.96434,0.96634,0.967,0.97151,0.975,0.979,0.98594,0.98694,0.98912,0.996,0.99627,1.0053,1.0047,1.007,1.0057,1.0147,1.0127,1.0187,1.025,1.0299,1.033,1.037
0.9403,0.9467,0.94674,0.95,0.954,0.9594,0.95831,0.96232,0.966,0.96949,0.97301,0.975,0.97959,0.98411,0.985,0.99,0.99566,0.99771,1.0067,1.0061,1.007,1.0042,1.0135,1.0141,1.0172,1.0242,1.0312,1.0332,1.0365
0.9382,0.9479,0.946,0.95,0.954,0.96093,0.9586,0.962,0.966,0.97249,0.97451,0.97757,0.98107,0.98213,0.98521,0.99,0.99518,0.999,1.0054,1.0068,1.007,1.0056,1.0116,1.0155,1.0196,1.0233,1.0316,1.0341,1.0361
0.93075,0.94369,0.946,0.95019,0.95482,0.95953,0.96013,0.962,0.96653,0.973,0.976,0.98053,0.98182,0.98338,0.98767,0.99007,0.99561,0.999,1.0035,1.0063,1.0052,1.007,1.0097,1.017,1.0219,1.0227,1.0307,1.035,1.0356
0.9227,0.93831,0.94562,0.95175,0.95638,0.958,0.96167,0.96335,0.96805,0.973,0.97633,0.98058,0.98132,0.98486,0.98967,0.99153,0.99659,0.99897,1.0027,1.0055,1.0033,1.0085,1.0078,1.0175,1.022,1.0222,1.0295,1.0327,1.0352
0.91283,0.93085,0.9451,0.9529,0.95669,0.95748,0.96321,0.96487,0.96881,0.973,0.97433,0.98008,0.98083,0.985,0.99114,0.99299,0.99672,0.99801,1.0022,1.0035,1.0026,1.0099,1.0078,1.0156,1.022,1.022,1.0277,1.0304,1.0356
0.90328,0.92307,0.94023,0.95238,0.95618,0.95697,0.964,0.96641,0.96831,0.973,0.97283,0.97874,0.98033,0.985,0.99119,0.99445,0.99624,0.99705,1.0026,1.002,1.0021,1.0091,1.0092,1.014,1.0205,1.022,1.026,1.0284,1.0365
0.89495,0.91496,0.93436,0.94988,0.95464,0.95645,0.964,0.96794,0.968,0.97257,0.97233,0.97724,0.98,0.98327,0.98922,0.99591,0.99502,0.99839,1.0036,1.002,1.0027,1.0082,1.0107,1.014,1.0186,1.0225,1.0255,1.0266,1.037
0.88559,0.90671,0.92499,0.94199,0.95253,0.9562,0.96291,0.968,0.968,0.97206,0.97272,0.97658,0.98,0.9813,0.988,0.99417,0.99305,0.99985,1.0029,1.0023,1.0037,1.0064,1.0121,1.0141,1.0186,1.0239,1.025,1.0279,1.037
0.87472,0.89838,0.91544,0.93343,0.94928,0.95776,0.96086,0.968,0.96867,0.97156,0.97474,0.97608,0.98051,0.98354,0.988,0.99222,0.99291,1.0013,1.001,1.0047,1.004,1.0045,1.0127,1.0169,1.0196,1.0249,1.025,1.0307,1.0365
0.86558,0.88994,0.90655,0.9237,0.94565,0.95827,0.9597,0.96547,0.97019,0.97105,0.97657,0.97727,0.98201,0.98654,0.9873,0.99025,0.99486,1.0027,1.0007,1.0069,1.004,1.0051,1.0117,1.0197,1.0187,1.0244,1.025,1.032,1.0347
0.85734,0.88137,0.89837,0.91588,0.93668,0.95463,0.95918,0.963,0.97076,0.971,0.97807,0.97878,0.983,0.987,0.98533,0.98828,0.9958,1.0014,1.0022,1.005,1.0049,1.0065,1.011,1.0162,1.0163,1.0238,1.0261,1.032,1.033
0.85241,0.87092,0.89217,0.90986,0.92655,0.9494,0.95764,0.963,0.97025,0.971,0.97805,0.979,0.983,0.987,0.98449,0.98927,0.99531,0.99945,1.0036,1.0031,1.0063,1.007,1.011,1.0119,1.0161,1.0219,1.0275,1.032,1.0325
0.84639,0.86098,0.88508,0.90339,0.9203,0.93993,0.95556,0.96278,0.96921,0.971,0.97552,0.979,0.98233,0.98536,0.98599,0.99075,0.99482,0.9975,1.0051,1.0011,1.0067,1.007,1.0113,1.011,1.0185,1.02,1.0274,1.032,1.032
0.83729,0.85201,0.87708,0.89672,0.91447,0.93077,0.94963,0.96073,0.96767,0.971,0.974,0.97857,0.98033,0.98337,0.98796,0.99223,0.99433,0.99556,1.0053,0.99916,1.0063,1.0078,1.0127,1.011,1.0197,1.0209,1.0264,1.0319,1.0333
0.8268,0.84577,0.86977,0.88886,0.91009,0.92212,0.94227,0.95801,0.96585,0.9705,0.974,0.97806,0.98002,0.98545,0.99092,0.99371,0.994,0.99606,1.0034,1.0035,1.0051,1.0093,1.014,1.013,1.0187,1.0219,1.026,1.0314,1.0347
0.81586,0.84093,0.8628,0.88133,0.9045,0.91567,0.9357,0.95169,0.9638,0.96997,0.974,0.97933,0.98305,0.98844,0.99241,0.9936,0.994,0.99754,1.002,1.0083,1.0032,1.0098,1.0135,1.0159,1.0179,1.0232,1.026,1.0309,1.0361
0.81263,0.83661,0.85802,0.87669,0.89604,0.91123,0.9293,0.9455,0.95919,0.96792,0.974,0.98085,0.985,0.98737,0.99041,0.99311,0.99445,0.999,1.002,1.0073,1.0026,1.0093,1.013,1.017,1.0174,1.0246,1.0258,1.03,1.0375
0.80875,0.83103,0.85186,0.87103,0.88867,0.90718,0.92326,0.93963,0.95296,0.96573,0.97376,0.981,0.985,0.98538,0.989,0.99145,0.99593,1.0005,1.0019,1.0054,1.0041,1.0082,1.0096,1.017,1.017,1.0236,1.0253,1.0291,1.0366
0.80423,0.82352,0.84336,0.86396,0.88229,0.90329,0.91722,0.93373,0.94808,0.96158,0.97325,0.981,0.98428,0.985,0.989,0.98945,0.99741,1.0007,1.0014,1.0034,1.0055,1.0062,1.0063,1.016,1.017,1.0217,1.0249,1.0303,1.0342
0.79701,0.81787,0.83557,0.85718,0.8773,0.89507,0.91111,0.92779,0.94381,0.95741,0.97087,0.97913,0.98226,0.985,0.98944,0.99054,0.99889,1.0002,1.0009,1.0015,1.007,1.0055,1.0074,1.0141,1.017,1.0207,1.0244,1.0317,1.0321
0.79053,0.81284,0.82868,0.85063,0.87251,0.88718,0.90552,0.9218,0.93955,0.95321,0.96677,0.97711,0.98081,0.98625,0.99093,0.99254,0.9995,1,1.0004,1.0021,1.008,1.007,1.0088,1.0128,1.017,1.0202,1.024,1.0305,1.0302
0.78508,0.80824,0.82614,0.8457,0.86593,0.88254,0.90101,0.91577,0.93528,0.94911,0.96171,0.97311,0.9803,0.98775,0.99142,0.99414,0.99753,1,1.0003,1.0036,1.008,1.008,1.0115,1.0123,1.017,1.02,1.024,1.0286,1.03
0.78296,0.80358,0.82249,0.84102,0.85907,0.87893,0.89647,0.91201,0.92783,0.94538,0.95593,0.96902,0.97918,0.98632,0.98943,0.99562,0.99555,1,1.0023,1.004,1.0075,1.008,1.0144,1.0127,1.0197,1.02,1.024,1.0267,1.0328
0.78048,0.79936,0.81796,0.83663,0.85179,0.87658,0.89189,0.90919,0.9207,0.94084,0.9526,0.96486,0.97713,0.98429,0.98843,0.99563,0.99355,1,1.0042,1.004,1.0056,1.0075,1.0135,1.0146,1.0226,1.02,1.024,1.0248,1.0346
0.77765,0.79664,0.8127,0.83382,0.84669,0.87104,0.88726,0.9048,0.91792,0.9349,0.95049,0.96085,0.97415,0.98357,0.98995,0.99513,0.99278,0.99973,1.0057,1.005,1.0039,1.0055,1.0115,1.0159,1.0197,1.02,1.024,1.0248,1.0327
0.77478,0.79229,0.80867,0.82998,0.84261,0.8646,0.88261,0.89999,0.9153,0.92975,0.94673,0.95875,0.97006,0.98306,0.99038,0.99463,0.99627,0.99923,1.0067,1.0065,1.0034,1.0039,1.0096,1.0154,1.0159,1.0198,1.0254,1.0262,1.031
0.774,0.789,0.806,0.82286,0.8401,0.85967,0.87783,0.89361,0.91305,0.92537,0.94247,0.95628,0.9659,0.9794,0.98838,0.99413,0.99933,0.99979,1.0027,1.0067,1.0033,1.0034,1.0076,1.0149,1.015,1.0193,1.0268,1.0277,1.031
0.77322,0.789,0.806,0.81903,0.83864,0.85587,0.87401,0.88974,0.90989,0.92362,0.9381,0.95201,0.96169,0.9753,0.98574,0.99251,1.0008,1.0013,0.99919,1.0062,1.0047,1.0033,1.008,1.0144,1.015,1.0194,1.0266,1.0291,1.031
0.77102,0.78641,0.80486,0.81749,0.83793,0.8534,0.87158,0.88916,0.90594,0.92306,0.93386,0.94837,0.96,0.97307,0.98164,0.99048,1.0015,1.0038,1.0027,1.006,1.0062,1.0047,1.0095,1.014,1.016,1.0209,1.0261,1.03,1.0324
0.77175,0.785,0.8025,0.81949,0.83341,0.85087,0.86777,0.88597,0.90147,0.919,0.93166,0.9462,0.96,0.971,0.97955,0.99116,0.99902,1.0073,1.0062,1.006,1.0077,1.0065,1.01,1.014,1.0175,1.0223,1.0245,1.03,1.0338
0.77353,0.7851,0.79756,0.81644,0.82972,0.84832,0.86342,0.88182,0.89689,0.91447,0.92895,0.94382,0.95814,0.96892,0.98108,0.99267,0.9969,1.0088,1.0091,1.0068,1.0092,1.01,1.01,1.0139,1.0177,1.0237,1.0226,1.0295,1.0336
0.77527,0.78583,0.7975,0.81241,0.82707,0.84578,0.85838,0.87701,0.89397,0.90986,0.92452,0.94111,0.95548,0.9668,0.98032,0.98983,0.9964,1.0083,1.012,1.0083,1.0106,1.0134,1.0109,1.0135,1.0172,1.0248,1.023,1.0276,1.0331
0.77592,0.786,0.7992,0.8103,0.82958,0.84317,0.85699,0.874,0.89119,0.90679,0.92098,0.9374,0.9514,0.96413,0.97617,0.98578,0.996,1.0061,1.01,1.0106,1.012,1.0163,1.0124,1.0132,1.017,1.0228,1.0244,1.0259,1.0316
0.77355,0.786,0.79992,0.81235,0.82872,0.84066,0.8589,0.874,0.8888,0.90621,0.91869,0.93293,0.94712,0.96158,0.97301,0.98207,0.996,1.0021,1.008,1.0136,1.012,1.019,1.0159,1.0167,1.017,1.0209,1.0259,1.0254,1.0297
0.77785,0.78608,0.79798,0.81313,0.82398,0.83868,0.85719,0.87021,0.88636,0.90451,0.91761,0.93021,0.947,0.95944,0.9709,0.97843,0.99552,1,1.0095,1.0147,1.0121,1.019,1.0207,1.0201,1.0189,1.019,1.0273,1.0251,1.029
0.78298,0.78686,0.79867,0.81094,0.82189,0.83667,0.85502,0.866,0.88396,0.90214,0.91703,0.928,0.94668,0.95729,0.9697,0.97891,0.9935,1,1.011,1.0143,1.0136,1.019,1.0238,1.0235,1.0223,1.017,1.027,1.0266,1.029
0.78542,0.79019,0.80116,0.80802,0.821,0.835,0.85239,0.866,0.88211,0.8958,0.91317,0.928,0.94449,0.95512,0.96917,0.97995,0.99133,1.0007,1.0091,1.0123,1.015,1.0185,1.0252,1.0268,1.0254,1.0218,1.0251,1.028,1.0306
0.78302,0.79241,0.8019,0.8089,0.82141,0.835,0.85032,0.866,0.88002,0.8905,0.90947,0.92745,0.94155,0.95374,0.96715,0.9795,0.98873,1.0023,1.0071,1.0088,1.0145,1.018,1.0258,1.0279,1.0283,1.0267,1.0247,1.0295,1.0334
0.78708,0.79462,0.80266,0.81203,0.82427,0.835,0.84809,0.86594,0.87751,0.88865,0.90708,0.92517,0.93704,0.95319,0.96446,0.979,0.987,1.0017,1.0065,1.0077,1.014,1.0175,1.0253,1.0289,1.0306,1.0315,1.0261,1.0309,1.0341
0.7931,0.80093,0.80481,0.81577,0.82718,0.83576,0.84537,0.86397,0.877,0.8908,0.90567,0.92285,0.93469,0.95008,0.964,0.979,0.987,0.99918,1.006,1.0093,1.0135,1.017,1.025,1.0303,1.032,1.0363,1.0297,1.0341,1.0322
0.7983,0.805,0.80785,0.81877,0.82848,0.83857,0.84735,0.862,0.877,0.895,0.90508,0.92048,0.93412,0.94566,0.964,0.97835,0.98678,0.99772,1.009,1.0105,1.013,1.017,1.025,1.0318,1.034,1.0382,1.0364,1.0375,1.0323
0.80159,0.80659,0.81096,0.82045,0.82702,0.84139,0.85011,0.86003,0.877,0.895,0.905,0.92,0.934,0.945,0.96186,0.97408,0.98626,0.9972,1.012,1.0115,1.0146,1.017,1.0248,1.032,1.0369,1.0397,1.0419,1.0408,1.0357
0.80468,0.80783,0.81256,0.82058,0.827,0.84237,0.85286,0.86,0.877,0.8932,0.905,0.91976,0.93389,0.945,0.95991,0.97085,0.98573,0.99795,1.012,1.011,1.016,1.018,1.0243,1.032,1.0394,1.0411,1.0447,1.0441,1.0399
0.81583,0.80925,0.81585,0.81902,0.8314,0.84092,0.85105,0.86246,0.87673,0.88874,0.905,0.91737,0.93156,0.945,0.95936,0.9703,0.98521,0.9995,1.0119,1.0089,1.0139,1.019,1.0251,1.0316,1.0409,1.0426,1.0473,1.0471,1.0461
0.8374,0.81126,0.81996,0.82289,0.83623,0.83873,0.85035,0.86694,0.87476,0.888,0.90388,0.916,0.92922,0.94483,0.959,0.97,0.98371,0.99859,1.0093,1.0088,1.012,1.0205,1.0281,1.0311,1.0423,1.045,1.0488,1.05,1.0517
0.85701,0.82385,0.82319,0.82853,0.83699,0.84044,0.8514,0.86558,0.87274,0.888,0.902,0.916,0.92683,0.94425,0.959,0.97,0.98158,0.99651,1.0068,1.0104,1.0109,1.022,1.0305,1.0333,1.0438,1.0479,1.0505,1.0529,1.055
0.87639,0.84587,0.82419,0.83378,0.83471,0.84395,0.855,0.86378,0.8718,0.888,0.902,0.916,0.92756,0.944,0.95644,0.96966,0.9806,0.99439,1.0047,1.0107,1.0101,1.0215,1.032,1.0362,1.0451,1.0499,1.0538,1.0557,1.0581
0.8964,0.86605,0.83406,0.83671,0.83662,0.84694,0.85652,0.86289,0.87724,0.88649,0.90117,0.9157,0.92995,0.944,0.95189,0.9691,0.98005,0.99226,1.0033,1.0102,1.0117,1.021,1.0322,1.0381,1.0461,1.0513,1.057,1.0588,1.0595
0.91753,0.88459,0.85184,0.8351,0.84182,0.84849,0.85801,0.86853,0.87946,0.88583,0.89926,0.91381,0.93,0.94251,0.951,0.969,0.98,0.99341,1.0048,1.0097,1.013,1.0205,1.0296,1.0396,1.047,1.0528,1.058,1.0621,1.061
0.93883,0.9032,0.87064,0.84119,0.84779,0.85161,0.86094,0.87052,0.87956,0.88918,0.899,0.91157,0.92938,0.941,0.95132,0.969,0.98013,0.995,1.0059,1.0091,1.013,1.02,1.028,1.0396,1.047,1.0543,1.059,1.0644,1.0657
0.95764,0.92135,0.8898,0.8568,0.84622,0.85517,0.86247,0.86949,0.87745,0.89204,0.90013,0.90903,0.92753,0.941,0.95538,0.969,0.98178,0.99445,1.0053,1.009,1.0134,1.02,1.028,1.0391,1.047,1.0557,1.0604,1.0654,1.0704
0.97405,0.94026,0.9091,0.87728,0.85167,0.85788,0.86204,0.86511,0.87977,0.89343,0.90342,0.91217,0.92569,0.93979,0.95738,0.969,0.983,0.994,1.0042,1.009,1.015,1.0197,1.0292,1.0401,1.0465,1.0572,1.0618,1.067,1.0734
0.98985,0.95872,0.92962,0.89913,0.86777,0.85634,0.8622,0.86861,0.88226,0.89139,0.90454,0.91517,0.92429,0.93734,0.95561,0.969,0.983,0.994,1.0021,1.0085,1.0153,1.0177,1.0323,1.0416,1.0461,1.0584,1.0645,1.0698,1.0763
1.0081,0.9783,0.94867,0.92044,0.88698,0.86224,0.86602,0.87416,0.88298,0.89214,0.90522,0.91774,0.92684,0.93753,0.95216,0.96684,0.9811,0.99456,1.0018,1.008,1.0132,1.0163,1.0338,1.0431,1.0491,1.0594,1.0674,1.0728,1.0791
1.0299,0.99804,0.96523,0.93522,0.90312,0.87585,0.86679,0.87922,0.88656,0.8941,0.9059,0.91446,0.92835,0.93906,0.94802,0.9627,0.97709,0.99623,1.0034,1.0096,1.0118,1.0179,1.0333,1.0446,1.0521,1.0606,1.0703,1.0762,1.0819
1.0485,1.0159,0.98155,0.95086,0.92206,0.894,0.87393,0.87998,0.88844,0.89692,0.90659,0.91303,0.92898,0.94345,0.95043,0.962,0.976,0.99613,1.0054,1.0108,1.0112,1.0202,1.032,1.0446,1.0535,1.062,1.0732,1.0791,1.0851
1.0642,1.0317,0.99976,0.96927,0.94084,0.91212,0.88669,0.88074,0.88935,0.8956,0.907,0.91575,0.92708,0.94421,0.95222,0.96233,0.97602,0.99446,1.0076,1.0092,1.011,1.0239,1.0299,1.0441,1.0551,1.0635,1.0737,1.0801,1.0884
1.0788,1.0489,1.0194,0.98945,0.95821,0.92751,0.90257,0.8846,0.89084,0.89711,0.907,0.919,0.92718,0.94283,0.95284,0.96477,0.97834,0.994,1.008,1.008,1.011,1.025,1.0302,1.0436,1.0566,1.065,1.0732,1.0812,1.0905
1.0988,1.0683,1.036,1.0044,0.97555,0.94549,0.91757,0.89341,0.88965,0.90076,0.90837,0.92042,0.92982,0.93898,0.95483,0.9663,0.98,0.994,1.008,1.008,1.011,1.0229,1.0323,1.0431,1.0581,1.0665,1.073,1.0846,1.0914
1.1169,1.0836,1.0511,1.0188,0.99347,0.96434,0.93753,0.90856,0.89162,0.90442,0.90977,0.91905,0.93123,0.93831,0.95709,0.9669,0.98,0.99178,1.0057,1.008,1.011,1.0207,1.0326,1.0447,1.0596,1.068,1.073,1.088,1.0931
1.1332,1.0984,1.0674,1.0356,1.0096,0.98353,0.95356,0.92525,0.89993,0.89931,0.91123,0.92241,0.9323,0.94094,0.95771,0.96545,0.97892,0.99014,1.004,1.008,1.0131,1.0185,1.0321,1.0468,1.0607,1.0688,1.0761,1.0875,1.096
1.1473,1.1148,1.0861,1.055,1.0256,0.99838,0.96769,0.94136,0.91781,0.89977,0.91269,0.92439,0.93298,0.94422,0.95591,0.96414,0.97711,0.99073,1.004,1.008,1.0148,1.0196,1.0338,1.047,1.0572,1.0683,1.0811,1.087,1.0979
1.1655,1.1341,1.1036,1.0704,1.0417,1.0115,0.98514,0.95833,0.93452,0.91002,0.91359,0.92482,0.93165,0.94507,0.952,0.96477,0.97758,0.99131,1.0043,1.008,1.0131,1.0219,1.0359,1.047,1.054,1.0685,1.0827,1.0865,1.0974
1.1846,1.1531,1.1204,1.0877,1.0563,1.0263,1.0003,0.97594,0.94866,0.92975,0.91467,0.92339,0.93137,0.94307,0.95266,0.9654,0.97818,0.9919,1.0049,1.0101,1.012,1.022,1.036,1.047,1.054,1.07,1.0822,1.0861,1.0974
1.2018,1.1695,1.1373,1.106,1.0735,1.0444,1.0152,0.99006,0.96298,0.94465,0.91752,0.92193,0.93235,0.94431,0.95332,0.96616,0.9788,0.992,1.0037,1.0117,1.012,1.0217,1.0356,1.047,1.0548,1.071,1.082,1.0908,1.0993
1.2174,1.1832,1.1532,1.1248,1.0907,1.0634,1.0314,1.007,0.98118,0.958,0.9327,0.9226,0.93588,0.94569,0.95397,0.96937,0.97943,0.99256,1.0021,1.01,1.0124,1.02,1.0318,1.047,1.0585,1.071,1.082,1.0962,1.1012
1.2324,1.197,1.1687,1.1392,1.1078,1.079,1.0519,1.0236,0.99798,0.97088,0.94898,0.92731,0.93451,0.94703,0.95531,0.97133,0.98009,0.99558,1.0051,1.0085,1.0129,1.0192,1.0297,1.047,1.0615,1.071,1.082,1.0966,1.1027
1.247,1.2142,1.1842,1.1533,1.1222,1.0943,1.0671,1.0382,1.0123,0.985,0.96345,0.94137,0.93331,0.94774,0.95633,0.97197,0.98137,0.996,1.0079,1.0073,1.0135,1.0198,1.0319,1.047,1.0631,1.071,1.082,1.0961,1.1042
1.2634,1.2329,1.1992,1.1675,1.1378,1.1116,1.0822,1.0521,1.026,0.99951,0.97608,0.95641,0.93775,0.94712,0.95707,0.97071,0.98104,0.99415,1.0103,1.0089,1.0141,1.0204,1.0345,1.047,1.0633,1.0721,1.082,1.0947,1.1056
1.2813,1.2499,1.2142,1.1828,1.1542,1.1259,1.0979,1.0681,1.0428,1.0145,0.99165,0.97147,0.9511,0.94585,0.96055,0.96937,0.97909,0.99286,1.0067,1.0111,1.0147,1.021,1.0373,1.047,1.0617,1.0742,1.082,1.0932,1.107
1.3004,1.2655,1.2291,1.1991,1.1708,1.1393,1.112,1.0847,1.0566,1.0301,1.0077,0.98554,0.96582,0.94512,0.96004,0.96804,0.97774,0.9922,1.0011,1.0117,1.0141,1.0216,1.0354,1.0463,1.0601,1.074,1.0835,1.096,1.107
1.314,1.2807,1.2473,1.216,1.1872,1.1525,1.1266,1.099,1.0716,1.0476,1.0231,0.99976,0.98087,0.95666,0.9569,0.96935,0.97848,0.99284,1.0023,1.0106,1.0122,1.0222,1.032,1.0452,1.0584,1.0724,1.0855,1.0996,1.1071
1.3293,1.2984,1.2654,1.2323,1.2027,1.1708,1.1422,1.1131,1.087,1.0629,1.0375,1.0148,0.99475,0.97097,0.95617,0.9689,0.9818,0.99399,1.0033,1.0075,1.0109,1.0228,1.032,1.0455,1.0584,1.072,1.086,1.0982,1.1086
1.3481,1.3145,1.2831,1.2482,1.2163,1.1873,1.1598,1.1279,1.1013,1.077,1.0526,1.0297,1.0059,0.9859,0.96622,0.96716,0.98327,0.99473,1.0039,1.0054,1.0102,1.0207,1.0322,1.0461,1.059,1.072,1.086,1.0962,1.1102
1.3652,1.3301,1.299,1.2648,1.2325,1.2028,1.173,1.1436,1.1166,1.0914,1.0658,1.0434,1.0175,0.99759,0.98064,0.96928,0.98119,0.99342,1.0051,1.0048,1.0108,1.0171,1.0328,1.0466,1.0595,1.0725,1.0879,1.0965,1.1122
1.3812,1.3451,1.3137,1.2829,1.2485,1.2178,1.187,1.1619,1.1324,1.1049,1.0788,1.0554,1.0298,1.0125,0.99561,0.97625,0.97501,0.99393,1.007,1.008,1.0118,1.0176,1.0326,1.0463,1.0601,1.0728,1.09,1.0971,1.1138
1.3938,1.3609,1.3265,1.2989,1.2638,1.2347,1.2033,1.1753,1.149,1.1186,1.0946,1.0676,1.047,1.0275,1.0064,0.98579,0.97922,0.99385,1.0102,1.0099,1.0131,1.0191,1.032,1.0446,1.0607,1.0695,1.0867,1.0991,1.1123
1.4097,1.3779,1.3432,1.3129,1.2795,1.2513,1.2197,1.1874,1.1613,1.1327,1.109,1.081,1.0622,1.0388,1.0188,0.99658,0.98753,0.98773,1.008,1.0108,1.0137,1.0223,1.0344,1.0448,1.0603,1.0677,1.0838,1.1008,1.111
1.4275,1.3931,1.3606,1.3238,1.2956,1.2644,1.2344,1.204,1.1757,1.1466,1.1223,1.0993,1.0758,1.051,1.0325,1.0127,0.99847,0.98701,1.0036,1.0095,1.0147,1.0206,1.0356,1.046,1.0585,1.0706,1.0821,1.0992,1.111
1.4436,1.4087,1.3776,1.3392,1.3121,1.2776,1.2479,1.2219,1.1929,1.1621,1.135,1.1151,1.0878,1.0651,1.048,1.0274,1.0076,0.992,0.99753,1.0053,1.016,1.0183,1.0343,1.046,1.0559,1.072,1.0818,1.0981,1.1111
1.4537,1.4253,1.3914,1.3566,1.3263,1.292,1.2645,1.2372,1.2079,1.179,1.1514,1.1286,1.1015,1.0809,1.0583,1.0393,1.0199,1.0051,0.99756,1.0002,1.0081,1.0196,1.0316,1.0464,1.053,1.072,1.084,1.0987,1.1117
1.4555,1.4405,1.4044,1.3758,1.3418,1.3095,1.2802,1.2459,1.2221,1.196,1.1667,1.139,1.1153,1.0927,1.0685,1.0499,1.0329,1.0152,1.0022,1.0016,1.0047,1.0173,1.0296,1.0476,1.0536,1.0698,1.0844,1.0983,1.1116
1.4569,1.4534,1.421,1.3925,1.359,1.3263,1.2947,1.2616,1.2355,1.2099,1.1804,1.1521,1.1284,1.1046,1.0826,1.0627,1.0446,1.0256,1.0133,1.0095,1.0066,1.0136,1.0328,1.0462,1.0551,1.0671,1.0833,1.0967,1.1106
1.4594,1.4564,1.439,1.4056,1.3722,1.342,1.3078,1.2792,1.2516,1.2229,1.1954,1.1664,1.1434,1.1174,1.097,1.077,1.0565,1.0369,1.0251,1.0202,1.0175,1.0109,1.0304,1.0435,1.0581,1.0701,1.0825,1.0953,1.11
1.4744,1.4601,1.4577,1.4191,1.3859,1.356,1.3219,1.2948,1.266,1.2363,1.2094,1.1827,1.1567,1.1326,1.1102,1.089,1.0689,1.0506,1.0363,1.0298,1.0274,1.0175,1.0246,1.0396,1.0581,1.0716,1.082,1.0942,1.11
1.4888,1.4643,1.46,1.4339,1.4029,1.3715,1.3381,1.3085,1.2792,1.2495,1.2227,1.1969,1.168,1.1476,1.1215,1.1012,1.0821,1.0628,1.0466,1.0423,1.0365,1.0293,1.0191,1.0358,1.0569,1.0704,1.082,1.095,1.1104
1.502,1.475,1.4598,1.4527,1.4211,1.3885,1.3547,1.3225,1.2923,1.2636,1.2342,1.2103,1.1829,1.1621,1.1351,1.1137,1.0938,1.0732,1.0555,1.0548,1.0474,1.0429,1.0249,1.032,1.0563,1.0692,1.0816,1.0959,1.1109
1.5142,1.4869,1.4585,1.4619,1.4397,1.4034,1.3714,1.3397,1.3062,1.2787,1.2491,1.2237,1.1987,1.176,1.1478,1.126,1.1054,1.0847,1.0673,1.0664,1.0587,1.0523,1.0375,1.034,1.0519,1.0679,1.0804,1.0941,1.1072
1.5261,1.4989,1.4686,1.4648,1.4518,1.4184,1.3883,1.356,1.3212,1.294,1.2672,1.237,1.2142,1.1865,1.1598,1.1377,1.1166,1.0963,1.0815,1.0758,1.0703,1.0607,1.0489,1.0393,1.0435,1.0667,1.0796,1.0926,1.103
1.5419,1.5121,1.4873,1.465,1.46,1.4338,1.4019,1.3718,1.3365,1.3099,1.2832,1.2504,1.2263,1.1974,1.1748,1.1508,1.1295,1.1085,1.0931,1.0852,1.0805,1.0695,1.0569,1.0473,1.0424,1.0626,1.079,1.0914,1.1036
1.5581,1.5269,1.5014,1.4696,1.46,1.4479,1.4146,1.3855,1.352,1.3261,1.2979,1.2636,1.2389,1.2097,1.1907,1.1658,1.1438,1.1221,1.1027,1.0954,1.0917,1.0806,1.0643,1.0552,1.0466,1.055,1.0778,1.0918,1.105
1.5747,1.5423,1.5144,1.4852,1.4636,1.4602,1.4312,1.3993,1.3679,1.3398,1.3111,1.2794,1.2524,1.2263,1.2055,1.1782,1.158,1.1343,1.1121,1.1069,1.1033,1.0922,1.0779,1.065,1.0573,1.0534,1.0749,1.093,1.1079
1.5894,1.5575,1.5262,1.4989,1.4693,1.4632,1.4476,1.4128,1.3848,1.3525,1.3251,1.2949,1.2656,1.2422,1.2149,1.191,1.1689,1.1457,1.1277,1.1194,1.1149,1.1037,1.0898,1.0764,1.066,1.0557,1.0692,1.0918,1.1056
1.6027,1.573,1.5406,1.5111,1.4842,1.4673,1.4638,1.4276,1.4008,1.3652,1.338,1.3078,1.2803,1.2554,1.2266,1.2053,1.1809,1.1566,1.1389,1.133,1.1259,1.1165,1.1007,1.0851,1.0735,1.0636,1.066,1.0877,1.1004
1.6155,1.5876,1.5574,1.5249,1.4985,1.4727,1.466,1.443,1.4144,1.3784,1.3494,1.3225,1.2959,1.2685,1.2398,1.2208,1.1937,1.168,1.1479,1.1443,1.137,1.1284,1.1088,1.0953,1.0795,1.0721,1.0659,1.0778,1.0972
1.6285,1.6008,1.5724,1.5399,1.5117,1.4817,1.4653,1.4582,1.4272,1.3923,1.3631,1.3379,1.3101,1.2817,1.2562,1.2335,1.2057,1.1798,1.1595,1.1559,1.1483,1.1392,1.1207,1.1066,1.088,1.0804,1.0738,1.0731,1.0934
1.6449,1.6144,1.5869,1.5567,1.5246,1.4924,1.4677,1.467,1.4392,1.4088,1.3779,1.3519,1.3236,1.2946,1.2705,1.2434,1.2188,1.1934,1.174,1.1675,1.1598,1.1488,1.1338,1.1179,1.0984,1.0883,1.0822,1.0723,1.0879
1.6614,1.6288,1.6007,1.5712,1.5373,1.5085,1.4768,1.4705,1.4555,1.4253,1.3945,1.3663,1.3363,1.3073,1.2836,1.2551,1.232,1.2067,1.1891,1.1808,1.1729,1.1599,1.1452,1.1274,1.111,1.0972,1.09,1.08,1.0856
1.6783,1.6448,1.6149,1.5834,1.5507,1.5246,1.4929,1.4736,1.4677,1.4417,1.4099,1.3805,1.3521,1.3212,1.2965,1.2675,1.2451,1.2192,1.1998,1.1929,1.1882,1.1735,1.1546,1.1355,1.1223,1.1071,1.096,1.0883,1.0855
1.6946,1.6612,1.6304,1.5975,1.565,1.5414,1.5081,1.4784,1.4701,1.4568,1.4247,1.3953,1.3673,1.3371,1.3096,1.2806,1.2583,1.2306,1.21,1.2036,1.1999,1.1841,1.1631,1.1442,1.1326,1.1184,1.1036,1.0967,1.0912
1.7108,1.6775,1.6466,1.6126,1.583,1.5551,1.5227,1.4903,1.4736,1.471,1.44,1.4091,1.381,1.3508,1.3225,1.2946,1.2714,1.2445,1.2207,1.2161,1.2101,1.1951,1.1718,1.1557,1.1412,1.1286,1.1125,1.1056,1.0983
1.7294,1.6944,1.6632,1.6295,1.601,1.5673,1.5381,1.5039,1.4778,1.474,1.4544,1.4214,1.3936,1.3636,1.3365,1.3096,1.2843,1.2586,1.2352,1.2282,1.2188,1.2064,1.1839,1.1688,1.1521,1.1381,1.1237,1.1142,1.1067
1.7481,1.7122,1.6787,1.6462,1.6191,1.5808,1.5534,1.5185,1.4904,1.476,1.4677,1.4368,1.406,1.3773,1.3497,1.3255,1.2971,1.2715,1.2474,1.2401,1.2314,1.2194,1.1974,1.18,1.1637,1.1467,1.1333,1.1221,1.1144
1.764,1.7284,1.6939,1.6626,1.633,1.5953,1.5689,1.5364,1.5036,1.476,1.471,1.4527,1.4183,1.3921,1.3623,1.3389,1.3104,1.2833,1.2585,1.2532,1.2446,1.2326,1.2106,1.1899,1.1757,1.1571,1.1419,1.1304,1.1215
1.7798,1.7432,1.7087,1.6795,1.6454,1.6124,1.5841,1.554,1.5171,1.4855,1.4713,1.4647,1.4329,1.4075,1.3777,1.3516,1.3257,1.2954,1.269,1.2664,1.2577,1.2457,1.2237,1.1988,1.1834,1.1678,1.1518,1.1401,1.128
1.7951,1.7609,1.7246,1.6967,1.6594,1.6298,1.5997,1.5696,1.5333,1.4999,1.4768,1.4724,1.4492,1.4201,1.3923,1.3642,1.3383,1.3084,1.2817,1.2792,1.2705,1.2568,1.2364,1.214,1.1921,1.1763,1.1624,1.1513,1.1385
1.8116,1.7797,1.7432,1.7125,1.6745,1.6473,1.6149,1.5843,1.5513,1.5189,1.4864,1.4754,1.4653,1.4327,1.4046,1.3768,1.3485,1.3211,1.2962,1.289,1.2837,1.2678,1.2475,1.227,1.2033,1.1867,1.1732,1.1598,1.148
1.8303,1.7979,1.7615,1.7279,1.6944,1.6637,1.6305,1.598,1.5683,1.5366,1.5023,1.4803,1.4777,1.446,1.4178,1.3892,1.3608,1.3338,1.3121,1.3013,1.2966,1.2783,1.2567,1.2379,1.2162,1.1982,1.1798,1.1681,1.1545
1.8489,1.8164,1.779,1.7437,1.713,1.6799,1.6456,1.6119,1.5845,1.5522,1.5176,1.4867,1.4766,1.4612,1.4314,1.4027,1.3742,1.3465,1.3264,1.3172,1.3093,1.2906,1.2663,1.2464,1.2281,1.2113,1.1897,1.176,1.1625
1.8672,1.8317,1.7971,1.7601,1.7289,1.6968,1.6606,1.626,1.5989,1.5667,1.5322,1.4998,1.4772,1.4774,1.4475,1.4168,1.3893,1.3597,1.3392,1.3289,1.3221,1.3042,1.2812,1.2569,1.2379,1.2197,1.2028,1.1861,1.1714
1.8864,1.8476,1.8158,1.7783,1.7445,1.713,1.6756,1.642,1.6134,1.5805,1.5478,1.5141,1.4797,1.4809,1.4622,1.432,1.4033,1.3735,1.3487,1.3396,1.3348,1.3197,1.2943,1.27,1.2493,1.2261,1.2156,1.1958,1.1811
1.9066,1.8659,1.834,1.7967,1.7599,1.7261,1.6913,1.6587,1.6286,1.5945,1.5629,1.5298,1.4962,1.4836,1.4742,1.4452,1.4167,1.386,1.3599,1.3497,1.3473,1.3313,1.3064,1.2828,1.2606,1.2373,1.2266,1.2042,1.1899
1.9278,1.8855,1.8525,1.8142,1.7776,1.7406,1.7081,1.6785,1.6442,1.6091,1.5766,1.5463,1.5147,1.486,1.4788,1.4576,1.4294,1.3984,1.3743,1.3647,1.3599,1.3415,1.3178,1.2946,1.2717,1.2507,1.2351,1.2144,1.1989
1.9486,1.9066,1.8684,1.8316,1.7962,1.7593,1.7259,1.6969,1.6604,1.6243,1.5927,1.5631,1.5301,1.4955,1.48,1.4737,1.4438,1.4107,1.3884,1.3811,1.3726,1.3543,1.3299,1.3041,1.2838,1.2653,1.2434,1.2255,1.2117
1.9657,1.9271,1.8844,1.8489,1.812,1.7777,1.7439,1.7106,1.6767,1.641,1.6111,1.5787,1.5454,1.5104,1.4853,1.484,1.4595,1.4255,1.4016,1.3947,1.3849,1.3675,1.3426,1.3188,1.2971,1.2762,1.2536,1.2365,1.222
1.9834,1.9474,1.9052,1.8661,1.8282,1.796,1.7605,1.7253,1.6927,1.6611,1.6288,1.5936,1.5608,1.5285,1.4948,1.4864,1.4722,1.442,1.4124,1.4077,1.3972,1.381,1.357,1.3339,1.3118,1.2879,1.2665,1.2488,1.2302
2.0063,1.9676,1.9258,1.8832,1.8495,1.8128,1.7773,1.7412,1.7091,1.6789,1.6458,1.6077,1.5772,1.5459,1.5119,1.4887,1.483,1.454,1.4247,1.4198,1.4096,1.3923,1.3706,1.3464,1.3227,1.3009,1.2756,1.2612,1.2367
2.0283,1.9879,1.9455,1.9038,1.8697,1.8279,1.7969,1.7588,1.7254,1.6948,1.6607,1.624,1.5936,1.5613,1.528,1.4918,1.483,1.4662,1.438,1.4307,1.422,1.4045,1.383,1.3563,1.3308,1.311,1.2849,1.2694,1.2464
2.0491,2.0078,1.9653,1.9259,1.8878,1.8471,1.8156,1.7771,1.7413,1.7099,1.6764,1.6426,1.6116,1.5762,1.5436,1.5079,1.4861,1.4787,1.4537,1.4422,1.4353,1.4193,1.394,1.3646,1.3434,1.3214,1.2978,1.279,1.2592
2.0699,2.0275,1.985,1.9477,1.9056,1.8674,1.8326,1.7948,1.758,1.7247,1.6943,1.6608,1.6288,1.5899,1.5579,1.5231,1.4925,1.4846,1.4697,1.4555,1.4496,1.4337,1.4046,1.3791,1.356,1.3323,1.3104,1.2893,1.2719
2.0907,2.0472,2.0058,1.9696,1.9227,1.8881,1.8497,1.8119,1.7763,1.7428,1.7115,1.6784,1.6428,1.6065,1.5727,1.5376,1.507,1.4869,1.4827,1.4704,1.4645,1.4475,1.4169,1.3923,1.3683,1.3442,1.3227,1.3017,1.2837
2.1136,2.0669,2.0282,1.987,1.9426,1.9089,1.8669,1.8299,1.7949,1.7614,1.7282,1.6935,1.6574,1.6246,1.5891,1.5543,1.524,1.4922,1.4884,1.4862,1.478,1.4606,1.4301,1.4045,1.3807,1.3565,1.331,1.3125,1.2939
2.1383,2.0904,2.0497,2.0047,1.9661,1.9271,1.8868,1.8487,1.8133,1.7785,1.7438,1.7086,1.6735,1.6406,1.6062,1.5723,1.5379,1.5006,1.4872,1.49,1.489,1.4733,1.444,1.4168,1.3933,1.3664,1.3423,1.3208,1.3046
2.1618,2.1137,2.0705,2.0244,1.9874,1.9451,1.9087,1.8684,1.8314,1.7961,1.7584,1.7271,1.6902,1.6571,1.6237,1.5878,1.5525,1.5166,1.4889,1.4914,1.489,1.4851,1.4573,1.4298,1.4055,1.3785,1.3568,1.3329,1.3153
2.1848,2.136,2.091,2.0445,2.0068,1.9626,1.926,1.8879,1.8495,1.8143,1.7759,1.7445,1.7072,1.6745,1.6397,1.6033,1.5681,1.5322,1.494,1.4944,1.4908,1.4898,1.4703,1.4459,1.4163,1.3921,1.3693,1.3453,1.3267
2.2069,2.1579,2.1109,2.0668,2.0245,1.9804,1.9414,1.9067,1.8676,1.8324,1.7941,1.7591,1.7234,1.6912,1.6546,1.6208,1.586,1.5479,1.5165,1.5038,1.495,1.491,1.4821,1.4591,1.4262,1.4073,1.3817,1.3578,1.3362
2.2291,2.1803,2.1326,2.0888,2.0416,2.0001,1.9593,1.9254,1.8858,1.8505,1.8122,1.775,1.7398,1.7073,1.6727,1.6391,1.6052,1.5651,1.5358,1.5208,1.5098,1.4939,1.4902,1.4692,1.4412,1.4202,1.394,1.3685,1.3443
2.2537,2.2038,2.1549,2.1112,2.0638,2.0211,1.9784,1.943,1.9062,1.868,1.8304,1.7933,1.7598,1.7235,1.6912,1.6588,1.6215,1.583,1.5512,1.5381,1.5281,1.5011,1.4932,1.4799,1.4561,1.4281,1.4061,1.3786,1.3554
2.2788,2.2295,2.1777,2.1329,2.0867,2.0447,2.0008,1.9608,1.9265,1.8848,1.8485,1.8123,1.7802,1.7394,1.7071,1.6759,1.6379,1.6005,1.566,1.556,1.5449,1.5182,1.4977,1.4898,1.4686,1.4388,1.4183,1.3934,1.3683
2.3048,2.2539,2.2011,2.1535,2.1092,2.0677,2.0237,1.9787,1.9462,1.9033,1.8666,1.8314,1.7957,1.7574,1.7233,1.6907,1.6541,1.6174,1.5801,1.5724,1.5622,1.5375,1.5032,1.495,1.4808,1.4509,1.4291,1.407,1.384
2.3303,2.2765,2.223,2.1753,2.131,2.0895,2.044,1.9995,1.9653,1.923,1.8847,1.8496,1.8117,1.7766,1.7404,1.7067,1.671,1.6335,1.6,1.5896,1.5802,1.5579,1.5187,1.5003,1.4925,1.4646,1.4411,1.4192,1.3952
2.3552,2.3003,2.2457,2.1984,2.1523,2.1099,2.0643,2.0226,1.9823,1.942,1.9027,1.8676,1.8298,1.7942,1.7582,1.7231,1.6907,1.6508,1.6192,1.6076,1.5973,1.5753,1.5347,1.5057,1.496,1.4781,1.4545,1.4287,1.4054
2.3785,2.325,2.2738,2.2222,2.1734,2.1288,2.0862,2.0444,1.9996,1.9611,1.9223,1.8866,1.8488,1.8112,1.7763,1.7396,1.7088,1.6685,1.6326,1.6246,1.6136,1.5915,1.5529,1.5167,1.4985,1.4911,1.4648,1.4376,1.4139
2.3955,2.3513,2.3019,2.2466,2.1978,2.1505,2.1085,2.0657,2.0203,1.9803,1.942,1.9062,1.8694,1.8292,1.7944,1.7567,1.7245,1.6853,1.6474,1.6408,1.63,1.6067,1.5703,1.5296,1.5014,1.4985,1.4744,1.4509,1.4256
2.4101,2.3788,2.3263,2.271,2.2223,2.1735,2.1303,2.0859,2.0405,1.9995,1.9626,1.9232,1.8874,1.8474,1.8126,1.7758,1.7405,1.7022,1.6651,1.6579,1.6459,1.6225,1.5869,1.5482,1.5118,1.5026,1.4864,1.4643,1.4401
2.4186,2.3964,2.3501,2.2951,2.2472,2.1956,2.1518,2.106,2.0608,2.0208,1.9814,1.9402,1.9021,1.8693,1.8304,1.7949,1.7566,1.7172,1.6841,1.675,1.6633,1.6397,1.6052,1.5673,1.53,1.5051,1.4963,1.4772,1.4524
2.4272,2.4107,2.3718,2.3207,2.2709,2.2174,2.1719,2.1263,2.0816,2.0431,1.998,1.9604,1.9196,1.89,1.8484,1.8129,1.775,1.732,1.7035,1.692,1.6804,1.6572,1.6238,1.5876,1.5494,1.5107,1.5027,1.489,1.4639
2.4358,2.4202,2.3917,2.3462,2.2927,2.2396,2.1926,2.1465,2.1034,2.0636,2.0175,1.981,1.9396,1.9066,1.8662,1.8304,1.7942,1.7544,1.7223,1.7095,1.6978,1.6747,1.6413,1.6049,1.5685,1.5275,1.5084,1.5001,1.4734
2.4452,2.4287,2.4086,2.3686,2.3147,2.2625,2.2155,2.1681,2.1252,2.0838,2.0407,1.9986,1.9596,1.9232,1.8841,1.8473,1.8124,1.7749,1.7405,1.7253,1.7153,1.6923,1.6582,1.6195,1.5848,1.5447,1.5137,1.5019,1.4849
2.455,2.438,2.4219,2.3904,2.3373,2.2872,2.2389,2.1899,2.147,2.1041,2.0623,2.0166,1.9799,1.9399,1.9035,1.8645,1.8301,1.7901,1.7564,1.7414,1.7336,1.7103,1.673,1.6364,1.6015,1.5625,1.5287,1.5039,1.4978
2.463,2.4467,2.431,2.4074,2.362,2.3121,2.2633,2.2142,2.1688,2.1244,2.0823,2.0369,1.9994,1.9582,1.9233,1.8824,1.8482,1.8063,1.7718,1.7606,1.7525,1.7288,1.6898,1.6539,1.6189,1.5813,1.5448,1.5062,1.5024
2.4701,2.4532,2.4398,2.4243,2.389,2.337,2.2865,2.2385,2.1906,2.1456,2.1014,2.0577,2.0186,1.9795,1.9425,1.9012,1.8659,1.8244,1.7899,1.7795,1.7717,1.747,1.7095,1.6725,1.6362,1.6005,1.5624,1.5205,1.5055
2.4763,2.4607,2.4483,2.4352,2.4106,2.3619,2.3083,2.2603,2.213,2.1673,2.1201,2.0811,2.0386,2,1.9618,1.9215,1.8835,1.8439,1.8082,1.7975,1.7883,1.7641,1.7274,1.6911,1.6532,1.618,1.5796,1.5402,1.5108
2.4825,2.4707,2.457,2.4457,2.4268,2.3863,2.3315,2.2825,2.2358,2.1881,2.1412,2.1039,2.0589,2.019,1.9795,1.9412,1.9013,1.8652,1.8273,1.8149,1.8036,1.7811,1.7439,1.7099,1.6712,1.6357,1.596,1.5604,1.5212
2.4893,2.4791,2.4657,2.4516,2.4373,2.4097,2.3559,2.3079,2.2583,2.2093,2.1635,2.1237,2.0787,2.038,1.9972,1.9604,1.92,1.8829,1.8457,1.8317,1.8207,1.7983,1.7616,1.7282,1.6899,1.6544,1.6131,1.5801,1.5392
2.4964,2.4856,2.4731,2.458,2.4441,2.4253,2.3823,2.3333,2.2803,2.2321,2.1858,2.1436,2.0988,2.0572,2.0164,1.9786,1.939,1.8969,1.8634,1.8502,1.8387,1.8159,1.7797,1.7442,1.709,1.6718,1.6306,1.5992,1.5569
2.5043,2.4923,2.4801,2.465,2.4521,2.4396,2.4098,2.3581,2.3031,2.2556,2.2085,2.1636,2.1205,2.0766,2.0352,1.9963,1.9593,1.9144,1.8813,1.8701,1.8581,1.8337,1.7983,1.761,1.7286,1.6875,1.6516,1.617,1.5748
2.5125,2.4991,2.4846,2.4716,2.4606,2.4481,2.4278,2.3817,2.3265,2.2809,2.2317,2.1849,2.1418,2.0966,2.0571,2.0154,1.9795,1.9347,1.9,1.8892,1.8779,1.852,1.8174,1.7791,1.7452,1.7048,1.6726,1.6328,1.5938
2.5206,2.5059,2.4897,2.4776,2.4674,2.4561,2.4419,2.403,2.3515,2.3046,2.2555,2.2089,2.1635,2.1174,2.0788,2.0354,1.9996,1.9549,1.9185,1.9079,1.898,1.8707,1.8352,1.7976,1.7618,1.7231,1.6895,1.649,1.6127
2.5287,2.5126,2.497,2.4844,2.4739,2.4631,2.4496,2.4227,2.3769,2.3257,2.2776,2.2322,2.1848,2.139,2.1,2.0572,2.0182,1.9748,1.9367,1.9263,1.9183,1.8896,1.8528,1.8165,1.7788,1.742,1.7064,1.665,1.6296
2.5368,2.5194,2.5041,2.4916,2.48,2.47,2.4553,2.4388,2.3992,2.3477,2.2994,2.2537,2.206,2.1614,2.1204,2.0791,2.0345,1.9921,1.956,1.9441,1.9356,1.9086,1.872,1.8348,1.7958,1.7611,1.7245,1.6831,1.6472
2.545,2.5261,2.5112,2.4987,2.4866,2.477,2.4635,2.4521,2.4215,2.3721,2.3216,2.2752,2.2279,2.1838,2.1391,2.0989,2.0523,2.0086,1.9765,1.964,1.9532,1.928,1.8912,1.8524,1.8145,1.7782,1.7425,1.7013,1.6658
2.5531,2.5329,2.5183,2.5058,2.4966,2.4834,2.472,2.4605,2.4387,2.3962,2.3444,2.2968,2.2501,2.2055,2.1584,2.1181,2.0722,2.0294,1.996,1.9851,1.9698,1.9482,1.9099,1.8715,1.8338,1.7944,1.7601,1.7205,1.685
2.5612,2.5397,2.5255,2.5129,2.5067,2.4894,2.4791,2.4682,2.4553,2.4203,2.3682,2.3183,2.2719,2.2267,2.1801,2.1369,2.0943,2.052,2.0147,2.0056,1.9864,1.9682,1.9284,1.8912,1.8544,1.8142,1.7774,1.7398,1.7044
2.5693,2.5464,2.5326,2.5201,2.5169,2.4954,2.4859,2.4752,2.464,2.4397,2.3926,2.3403,2.2936,2.25,2.202,2.156,2.1191,2.0732,2.0337,2.0254,2.0092,1.9879,1.9456,1.9098,1.8729,1.8344,1.7942,1.7599,1.7211
2.5775,2.5532,2.5397,2.5272,2.527,2.5014,2.4918,2.4802,2.4722,2.4537,2.4174,2.3635,2.3154,2.274,2.2257,2.1795,2.1412,2.094,2.0526,2.0431,2.0312,2.006,1.9634,1.9284,1.8888,1.8522,1.8114,1.7794,1.7366
2.5856,2.56,2.5468,2.5343,2.5372,2.5075,2.4978,2.4839,2.4781,2.4637,2.4411,2.3876,2.3402,2.296,2.249,2.2038,2.1599,2.1135,2.0719,2.0603,2.0509,2.0224,1.9846,1.9471,1.9066,1.8699,1.8291,1.7974,1.755
2.5937,2.5667,2.554,2.5414,2.5473,2.5135,2.5038,2.4877,2.4839,2.4705,2.4566,2.4136,2.3654,2.3172,2.2706,2.225,2.1794,2.1331,2.0916,2.0788,2.0705,2.0406,2.0051,1.9658,1.9266,1.8896,1.8481,1.8153,1.7742
2.6018,2.5735,2.5611,2.5486,2.5574,2.5195,2.5099,2.4914,2.4898,2.4779,2.4707,2.4401,2.3892,2.3381,2.2915,2.2457,2.1996,2.1537,2.1122,2.0975,2.0892,2.0604,2.0249,1.9849,1.9464,1.9089,1.8679,1.834,1.7953
2.6099,2.5803,2.5682,2.5557,2.5676,2.5256,2.5159,2.4951,2.4957,2.4858,2.4765,2.4581,2.4123,2.3592,2.3118,2.2674,2.2208,2.1745,2.1335,2.1184,2.1083,2.0813,2.0438,2.0037,1.9661,1.9286,1.8887,1.8523,1.8166
2.6181,2.587,2.5753,2.5628,2.5777,2.5316,2.5219,2.4989,2.5015,2.4938,2.4822,2.472,2.4332,2.3837,2.3329,2.2887,2.2434,2.1952,2.1553,2.1396,2.1296,2.1031,2.0599,2.022,1.9851,1.9485,1.9096,1.8698,1.8343
2.6262,2.5938,2.5824,2.5699,2.5879,2.5376,2.5279,2.5026,2.5074,2.5018,2.488,2.4786,2.4531,2.4087,2.3556,2.3109,2.2659,2.2164,2.1776,2.1618,2.1505,2.1232,2.0777,2.0402,2.0033,1.9657,1.9295,1.8866,1.8519
2.6343,2.6005,2.5896,2.5771,2.598,2.5436,2.534,2.5063,2.5133,2.5098,2.4937,2.4822,2.4694,2.4309,2.3799,2.3332,2.2878,2.2367,2.1973,2.184,2.1703,2.1421,2.0999,2.0589,2.0217,1.9831,1.9493,1.903,1.8695
2.6424,2.6073,2.5967,2.5842,2.6082,2.5497,2.54,2.5101,2.5191,2.5178,2.4994,2.4859,2.486,2.4527,2.4067,2.3549,2.3104,2.2569,2.2159,2.2049,2.1902,2.1621,2.122,2.0771,2.0405,2.0018,1.9661,1.9227,1.887
2.6506,2.6141,2.6038,2.5913,2.6183,2.5557,2.546,2.5138,2.525,2.5258,2.5051,2.4895,2.5027,2.4689,2.4311,2.3767,2.3336,2.2781,2.2362,2.2261,2.211,2.1829,2.1439,2.0999,2.0597,2.0207,1.9823,1.9457,1.9067
2.6587,2.6208,2.6109,2.5984,2.6285,2.5617,2.5521,2.5175,2.5309,2.5338,2.5108,2.4931,2.5193,2.4844,2.4528,2.4004,2.3544,2.2993,2.2574,2.2473,2.2323,2.2039,2.1649,2.1232,2.0795,2.0405,2.001,1.9667,1.9257
2.6668,2.6276,2.6181,2.6056,2.6386,2.5677,2.5581,2.5213,2.5367,2.5418,2.5165,2.4968,2.5359,2.5,2.4746,2.4242,2.3731,2.3238,2.2803,2.2686,2.2535,2.2255,2.1825,2.1432,2.1006,2.0601,2.0203,1.9862,1.9439
2.6749,2.6344,2.6252,2.6127,2.6488,2.5738,2.5641,2.525,2.5426,2.5498,2.5222,2.5004,2.5525,2.5155,2.4963,2.448,2.395,2.3486,2.3037,2.2898,2.275,2.2469,2.2008,2.1624,2.1225,2.0794,2.0399,2.0041,1.9624
2.6831,2.6411,2.6323,2.6198,2.6589,2.5798,2.5701,2.5287,2.5484,2.5578,2.5279,2.504,2.5691,2.5311,2.5181,2.4718,2.4193,2.3696,2.3259,2.3106,2.2971,2.2681,2.2221,2.1812,2.1426,2.0988,2.0592,2.0203,1.982
2.6912,2.6479,2.6394,2.6269,2.669,2.5858,2.5762,2.5325,2.5543,2.5658,2.5336,2.5077,2.5857,2.5467,2.5398,2.4955,2.4448,2.3908,2.3477,2.3322,2.3189,2.2897,2.2436,2.2004,2.161,2.1172,2.0776,2.0386,2.0015
2.6993,2.6547,2.6466,2.634,2.6792,2.5919,2.5822,2.5362,2.5602,2.5738,2.5394,2.5113,2.6023,2.5623,2.5616,2.5193,2.4711,2.4139,2.3691,2.354,2.3412,2.3118,2.2657,2.2228,2.1798,2.1365,2.0962,2.0591,2.0222
2.7074,2.6614,2.6537,2.6412,2.6893,2.5979,2.5882,2.5399,2.566,2.5818,2.5451,2.5149,2.619,2.5778,2.5833,2.5431,2.4974,2.4372,2.39,2.378,2.3638,2.3346,2.2871,2.246,2.1993,2.1581,2.118,2.0785,2.0421
2.7155,2.6682,2.6608,2.6483,2.6995,2.6039,2.5942,2.5437,2.5719,2.5898,2.5508,2.5186,2.6356,2.5934,2.6051,2.5669,2.5237,2.4605,2.4127,2.4028,2.3855,2.3582,2.308,2.2684,2.2196,2.1794,2.1397,2.0968,2.0604
2.7237,2.6749,2.6679,2.6554,2.7096,2.6099,2.6003,2.5474,2.5778,2.5978,2.5565,2.5222,2.6522,2.609,2.6268,2.5906,2.55,2.4837,2.4365,2.4276,2.4073,2.382,2.3301,2.2901,2.2403,2.2011,2.1606,2.1165,2.0793
2.7318,2.6817,2.6751,2.6625,2.7198,2.616,2.6063,2.5511,2.5836,2.6058,2.5622,2.5258,2.6688,2.6246,2.6486,2.6144,2.5763,2.507,2.4603,2.4524,2.429,2.4054,2.3544,2.3091,2.2627,2.2226,2.1813,2.1375,2.0989
2.7399,2.6885,2.6822,2.6697,2.7299,2.622,2.6123,2.5549,2.5895,2.6138,2.5679,2.5295,2.6854,2.6401,2.6703,2.6382,2.6026,2.5303,2.484,2.4772,2.4508,2.4285,2.3787,2.3278,2.2861,2.2428,2.2,2.1585,2.1181
2.748,2.6952,2.6893,2.6768,2.7401,2.628,2.6184,2.5586,2.5954,2.6218,2.5736,2.5331,2.702,2.6557,2.6921,2.662,2.6289,2.5535,2.5078,2.5019,2.4725,2.4517,2.4019,2.3496,2.308,2.2632,2.2186,2.1797,2.1374
2.7562,2.702,2.6964,2.6839,2.7502,2.6341,2.6244,2.5623,2.6012,2.6298,2.5793,2.5367,2.7186,2.6713,2.7138,2.6857,2.6552,2.5768,2.5316,2.5267,2.4943,2.4749,2.4251,2.3723,2.3287,2.2843,2.2398,2.2006,2.1568
2.7643,2.7088,2.7036,2.691,2.7604,2.6401,2.6304,2.5661,2.6071,2.6378,2.585,2.5404,2.7352,2.6868,2.7356,2.7095,2.6815,2.6001,2.5554,2.5515,2.516,2.4981,2.4483,2.3951,2.3497,2.3052,2.2615,2.2214,2.1775
2.7724,2.7155,2.7107,2.6982,2.7705,2.6461,2.6364,2.5698,2.613,2.6458,2.5907,2.544,2.7519,2.7024,2.7573,2.7333,2.7078,2.6233,2.5791,2.5763,2.5378,2.5213,2.4714,2.4178,2.3711,2.3269,2.2844,2.2412,2.1983
2.7805,2.7223,2.7178,2.7053,2.7806,2.6521,2.6425,2.5735,2.6188,2.6538,2.5965,2.5476,2.7685,2.718,2.7791,2.7571,2.7342,2.6466,2.6029,2.6011,2.5595,2.5444,2.4946,2.4406,2.3929,2.3486,2.3076,2.2599,2.22
2.7887,2.7291,2.7249,2.7124,2.7908,2.6582,2.6485,2.5772,2.6247,2.6618,2.6022,2.5513,2.7851,2.7336,2.8008,2.7808,2.7605,2.6699,2.6267,2.6259,2.5813,2.5676,2.5178,2.4634,2.4146,2.3703,2.327,2.2795,2.2414
2.7968,2.7358,2.732,2.7195,2.8009,2.6642,2.6545,2.581,2.6306,2.6698,2.6079,2.5549,2.8017,2.7491,2.8226,2.8046,2.7868,2.6931,2.6505,2.6507,2.603,2.5908,2.541,2.4861,2.4364,2.392,2.3452,2.3002,2.2593
2.8049,2.7426,2.7392,2.7267,2.8111,2.6702,2.6606,2.5847,2.6364,2.6777,2.6136,2.5585,2.8183,2.7647,2.8443,2.8284,2.8131,2.7164,2.6742,2.6754,2.6248,2.614,2.5642,2.5089,2.4581,2.4137,2.3635,2.3209,2.2775
2.813,2.7494,2.7463,2.7338,2.8212,2.6762,2.6666,2.5884,2.6423,2.6857,2.6193,2.5622,2.8349,2.7803,2.8661,2.8521,2.8394,2.7397,2.698,2.7002,2.6465,2.6372,2.5873,2.5317,2.4799,2.4354,2.3817,2.3416,2.2973
2.8211,2.7561,2.7534,2.7409,2.8314,2.6823,2.6726,2.5922,2.6481,2.6937,2.625,2.5658,2.8515,2.7959,2.8878,2.8759,2.8657,2.7629,2.7218,2.725,2.6683,2.6603,2.6105,2.5544,2.5016,2.4571,2.4,2.3624,2.317
2.8292,2.7628,2.7605,2.748,2.8416,2.6884,2.6786,2.596,2.6539,2.7017,2.6307,2.5694,2.8681,2.8115,2.9095,2.8997,2.892,2.7861,2.7456,2.7498,2.6901,2.6834,2.6337,2.5771,2.5233,2.4788,2.4183,2.3832,2.3367
2.8373,2.7695,2.7676,2.7551,2.8518,2.6945,2.6846,2.5998,2.6597,2.7097,2.6364,2.573,2.8847,2.8271,2.9312,2.9235,2.9183,2.8093,2.7694,2.7746,2.7119,2.7065,2.6569,2.5998,2.545,2.5005,2.4366,2.404,2.3564
2.8454,2.7762,2.7747,2.7622,2.862,2.7006,2.6906,2.6036,2.6655,2.7177,2.6421,2.5766,2.9013,2.8427,2.9529,2.9473,2.9446,2.8325,2.7932,2.7994,2.7337,2.7296,2.6801,2.6225,2.5667,2.5222,2.4549,2.4248,2.3761
2.8535,2.7829,2.7818,2.7693,2.8722,2.7067,2.6966,2.6074,2.6713,2.7257,2.6478,2.5802,2.9179,2.8583,2.9746,2.9711,2.9709,2.8557,2.817,2.8242,2.7555,2.7527,2.7033,2.6452,2.5884,2.5439,2.4732,2.4456,2.3958
2.8616,2.7896,2.7889,2.7764,2.8824,2.7128,2.7026,2.6112,2.6771,2.7337,2.6535,2.5838,2.9345,2.8739,2.9963,2.9949,2.9972,2.8789,2.8408,2.849,2.7773,2.7758,2.7265,2.6679,2.6101,2.5656,2.4915,2.4664,2.4155
2.8697,2.7963,2.796,2.7835,2.8926,2.7189,2.7086,2.615,2.6829,2.7417,2.6592,2.5874,2.9511,2.8895,3.018,3.0187,3.0235,2.9021,2.8646,2.8738,2.7991,2.7989,2.7497,2.6906,2.6318,2.5873,2.5098,2.4872,2.4352
2.8778,2.803,2.8031,2.7906,2.9028,2.725,2.7146,2.6188,2.6887,2.7497,2.6649,2.591,2.9677,2.9051,3.0397,3.0425,3.0498,2.9253,2.8884,2.8986,2.8209,2.822,2.7729,2.7133,2.6535,2.609,2.5281,2.508,2.4549
2.8859,2.8097,2.8102,2.7977,2.913,2.7311,2.7206,2.6226,2.6945,2.7577,2.6706,2.5946,2.9843,2.9207,3.0614,3.0663,3.0761,2.9485,2.9122,2.9234,2.8427,2.8451,2.7961,2.736,2.6752,2.6307,2.5464,2.5288,2.4746
2.894,2.8164,2.8173,2.8048,2.9232,2.7372,2.7266,2.6264,2.7003,2.7657,2.6763,2.5982,3.0009,2.9363,3.0831,3.0901,3.1024,2.9717,2.936,2.9482,2.8645,2.8682,2.8193,2.7587,2.6969,2.6524,2.5647,2.5496,2.4943
2.9021,2.8231,2.8244,2.8119,2.9334,2.7433,2.73260000000001,2.6302,2.7061,2.7737,2.682,2.6018,3.0175,2.9519,3.1048,3.1139,3.1287,2.9949,2.9598,2.973,2.8863,2.8913,2.8425,2.7814,2.7186,2.6741,2.583,2.5704,2.514
2.9102,2.8298,2.8315,2.819,2.9436,2.7494,2.73860000000001,2.634,2.7119,2.7817,2.6877,2.6054,3.0341,2.9675,3.1265,3.1377,3.155,3.0181,2.9836,2.9978,2.9081,2.9144,2.8657,2.8041,2.74029999999999,2.6958,2.6013,2.5912,2.5337
2.9183,2.8365,2.8386,2.8261,2.9538,2.7555,2.7446,2.6378,2.7177,2.7897,2.6934,2.609,3.05070000000001,2.9831,3.1482,3.1615,3.1813,3.0413,3.0074,3.0226,2.9299,2.9375,2.8889,2.8268,2.76199999999999,2.7175,2.6196,2.612,2.5534
2.92639999999999,2.8432,2.8457,2.8332,2.964,2.76159999999999,2.75060000000001,2.6416,2.7235,2.7977,2.6991,2.6126,3.0673,2.9987,3.16990000000001,3.1853,3.2076,3.0645,3.0312,3.0474,2.9517,2.9606,2.9121,2.8495,2.7837,2.7392,2.6379,2.6328,2.5731
2.93449999999999,2.8499,2.8528,2.8403,2.9742,2.7677,2.7566,2.6454,2.72929999999999,2.8057,2.7048,2.6162,3.0839,3.0143,3.1916,3.2091,3.23390000000001,3.0877,3.055,3.0722,2.97349999999999,2.9837,2.9353,2.8722,2.8054,2.76090000000001,2.6562,2.6536,2.5928
2.9426,2.8566,2.8599,2.8474,2.98439999999999,2.7738,2.76260000000001,2.6492,2.7351,2.8137,2.7105,2.6198,3.1005,3.0299,3.2133,3.2329,3.2602,3.1109,3.0788,3.097,2.9953,3.0068,2.9585,2.8949,2.82709999999999,2.7826,2.6745,2.6744,2.6125
2.9507,2.8633,2.867,2.85449999999999,2.9946,2.7799,2.76860000000001,2.653,2.7409,2.8217,2.7162,2.6234,3.1171,3.0455,3.235,3.2567,3.2865,3.1341,3.1026,3.1218,3.0171,3.0299,2.9817,2.9176,2.84879999999999,2.8043,2.6928,2.6952,2.6322
2.9588,2.87,2.8741,2.8616,3.0048,2.786,2.7746,2.6568,2.7467,2.8297,2.7219,2.627,3.1337,3.0611,3.2567,3.2805,3.3128,3.15730000000001,3.1264,3.1466,3.03889999999999,3.053,3.00490000000001,2.9403,2.87049999999999,2.826,2.71109999999999,2.716,2.6519
2.9669,2.87669999999999,2.88119999999999,2.8687,3.01499999999999,2.7921,2.78060000000001,2.6606,2.7525,2.8377,2.7276,2.6306,3.15029999999999,3.0767,3.2784,3.3043,3.33909999999999,3.1805,3.1502,3.1714,3.0607,3.0761,3.0281,2.96299999999999,2.8922,2.8477,2.72940000000001,2.7368,2.67160000000001
2.97499999999999,2.8834,2.88829999999999,2.8758,3.0252,2.7982,2.7866,2.6644,2.75829999999999,2.8457,2.7333,2.6342,3.1669,3.0923,3.3001,3.3281,3.3654,3.2037,3.174,3.1962,3.0825,3.0992,3.0513,2.98569999999999,2.91389999999999,2.86940000000001,2.7477,2.7576,2.69130000000001
2.98309999999999,2.8901,2.8954,2.88289999999999,3.03539999999999,2.8043,2.79260000000001,2.6682,2.76409999999999,2.8537,2.739,2.6378,3.1835,3.1079,3.3218,3.3519,3.3917,3.22690000000001,3.1978,3.221,3.10429999999999,3.1223,3.07450000000001,3.00839999999999,2.93559999999999,2.8911,2.766,2.7784,2.71100000000001
2.9912,2.8968,2.9025,2.89,3.04559999999999,2.8104,2.79860000000001,2.672,2.76989999999999,2.8617,2.7447,2.6414,3.2001,3.1235,3.3435,3.3757,3.418,3.2501,3.2216,3.2458,3.12609999999999,3.1454,3.0977,3.0311,2.95729999999999,2.9128,2.7843,2.7992,2.73070000000001
2.9993,2.90349999999999,2.9096,2.8971,3.05579999999999,2.8165,2.8046,2.6758,2.77569999999999,2.86969999999999,2.7504,2.645,3.2167,3.1391,3.3652,3.3995,3.44430000000001,3.2733,3.2454,3.2706,3.1479,3.16849999999999,3.1209,3.0538,2.97899999999999,2.9345,2.8026,2.82,2.75040000000001
3.0074,2.9102,2.91670000000001,2.9042,3.06599999999999,2.8226,2.81060000000002,2.6796,2.7815,2.8777,2.7561,2.6486,3.2333,3.15470000000001,3.3869,3.42330000000001,3.47059999999999,3.2965,3.2692,3.2954,3.16969999999999,3.1916,3.1441,3.0765,3.00069999999999,2.9562,2.82089999999999,2.8408,2.77010000000001
3.0155,2.9169,2.9238,2.9113,3.0762,2.8287,2.8166,2.68340000000001,2.7873,2.8857,2.7618,2.6522,3.24990000000001,3.17030000000001,3.40859999999999,3.44710000000001,3.4969,3.3197,3.29300000000001,3.3202,3.19149999999999,3.21469999999999,3.1673,3.0992,3.02239999999999,2.9779,2.83920000000001,2.8616,2.78980000000001
3.0236,2.92360000000001,2.93090000000001,2.91839999999999,3.0864,2.8348,2.82260000000001,2.68719999999999,2.7931,2.89370000000001,2.7675,2.6558,3.26650000000001,3.1859,3.43029999999999,3.4709,3.5232,3.3429,3.3168,3.345,3.21329999999999,3.23779999999999,3.1905,3.1219,3.04409999999999,2.9996,2.8575,2.8824,2.80950000000001
3.03169999999999,2.93029999999999,2.938,2.9255,3.0966,2.84089999999999,2.82860000000001,2.691,2.7989,2.90169999999999,2.7732,2.65940000000001,3.28309999999999,3.2015,3.45200000000001,3.49469999999999,3.54949999999999,3.3661,3.34060000000001,3.3698,3.2351,3.26089999999999,3.2137,3.1446,3.0658,3.0213,2.8758,2.9032,2.82920000000001
3.03979999999999,2.937,2.9451,2.93259999999999,3.10679999999999,2.84699999999999,2.83460000000001,2.69480000000001,2.8047,2.9097,2.77890000000001,2.663,3.29969999999999,3.2171,3.47370000000001,3.5185,3.5758,3.38929999999999,3.36439999999999,3.3946,3.2569,3.28400000000001,3.23689999999999,3.1673,3.08749999999999,3.04300000000001,2.89410000000001,2.92399999999999,2.84890000000001
3.04789999999998,2.94370000000001,2.9522,2.93969999999999,3.11699999999999,2.85310000000001,2.84060000000001,2.6986,2.81049999999999,2.9177,2.7846,2.6666,3.3163,3.23270000000001,3.4954,3.5423,3.60210000000001,3.41249999999999,3.3882,3.4194,3.27869999999999,3.30709999999999,3.26009999999999,3.19,3.10919999999999,3.0647,2.91239999999999,2.9448,2.86860000000001
3.056,2.95039999999999,2.9593,2.94680000000001,3.12719999999999,2.8592,2.8466,2.7024,2.8163,2.92570000000001,2.7903,2.67019999999999,3.3329,3.2483,3.5171,3.56609999999999,3.6284,3.4357,3.41199999999999,3.4442,3.30049999999999,3.33019999999999,3.2833,3.2127,3.1309,3.08640000000001,2.9307,2.96559999999999,2.8883
3.0641,2.9571,2.96639999999999,2.9539,3.13739999999999,2.8653,2.85260000000001,2.7062,2.82209999999999,2.93369999999999,2.79600000000001,2.6738,3.34949999999999,3.26389999999999,3.53880000000001,3.5899,3.65469999999999,3.4589,3.4358,3.46900000000001,3.3223,3.35329999999999,3.3065,3.2354,3.15259999999999,3.10810000000001,2.949,2.9864,2.908
3.0722,2.96379999999999,2.9735,2.961,3.1476,2.87139999999999,2.85860000000001,2.71000000000001,2.8279,2.9417,2.8017,2.67740000000001,3.3661,3.2795,3.5605,3.61370000000001,3.681,3.4821,3.45959999999999,3.49379999999999,3.3441,3.3764,3.3297,3.2581,3.17429999999999,3.1298,2.96729999999999,3.0072,2.92770000000002
3.08029999999999,2.9705,2.9806,2.96809999999999,3.15779999999999,2.8775,2.86460000000001,2.71380000000001,2.83369999999999,2.94970000000001,2.8074,2.681,3.3827,3.29510000000001,3.5822,3.6375,3.7073,3.50530000000001,3.4834,3.51859999999999,3.3659,3.3995,3.35290000000001,3.2808,3.19599999999998,3.1515,2.98560000000001,3.02799999999999,2.94740000000002
3.08839999999999,2.97720000000001,2.98769999999999,2.97519999999999,3.16799999999999,2.8836,2.87060000000001,2.71759999999999,2.83949999999999,2.9577,2.81310000000001,2.6846,3.3993,3.31070000000001,3.6039,3.6613,3.7336,3.52850000000001,3.50720000000001,3.54340000000001,3.3877,3.42259999999999,3.37610000000001,3.3035,3.21769999999998,3.17319999999999,3.0039,3.0488,2.9671
3.09649999999999,2.98389999999999,2.9948,2.9823,3.1782,2.88969999999999,2.8766,2.7214,2.84529999999999,2.96570000000001,2.8188,2.68820000000001,3.41590000000001,3.3263,3.62559999999999,3.68510000000001,3.7599,3.55170000000001,3.53100000000001,3.56819999999999,3.40949999999999,3.4457,3.39930000000001,3.3262,3.23939999999999,3.1949,3.0222,3.06959999999999,2.9868
3.10459999999999,2.9906,3.00189999999999,2.98939999999999,3.18839999999999,2.89580000000001,2.88260000000001,2.7252,2.85109999999999,2.97369999999999,2.8245,2.6918,3.4325,3.3419,3.6473,3.70890000000001,3.78620000000001,3.57490000000001,3.55480000000001,3.593,3.43129999999999,3.4688,3.42250000000001,3.3489,3.26109999999998,3.2166,3.04049999999999,3.0904,3.00650000000002
3.1127,2.9973,3.00899999999999,2.9965,3.19859999999998,2.9019,2.88860000000001,2.729,2.8569,2.9817,2.8302,2.69539999999999,3.4491,3.3575,3.669,3.73270000000001,3.8125,3.5981,3.57859999999999,3.6178,3.45309999999999,3.4919,3.4457,3.3716,3.28279999999998,3.2383,3.05880000000001,3.1112,3.02620000000002
3.12079999999999,3.00399999999999,3.01609999999999,3.00360000000001,3.2088,2.908,2.89460000000001,2.7328,2.86269999999999,2.9897,2.8359,2.69900000000001,3.4657,3.37310000000001,3.69070000000001,3.75649999999999,3.83879999999999,3.62130000000001,3.6024,3.64259999999999,3.47489999999999,3.51499999999999,3.4689,3.39429999999999,3.30449999999999,3.25999999999999,3.0771,3.13200000000001,3.0459
3.12889999999999,3.0107,3.02319999999999,3.0107,3.21899999999999,2.9141,2.90060000000001,2.7366,2.86849999999998,2.99770000000001,2.8416,2.7026,3.4823,3.3887,3.7124,3.7803,3.8651,3.64450000000001,3.6262,3.6674,3.49669999999999,3.5381,3.49210000000001,3.41699999999999,3.32619999999999,3.28170000000001,3.0954,3.1528,3.0656
3.13699999999999,3.01739999999999,3.03029999999998,3.01779999999999,3.22919999999999,2.92019999999999,2.9066,2.74040000000001,2.87429999999999,3.00569999999999,2.8473,2.7062,3.49889999999999,3.40429999999999,3.73410000000001,3.80410000000001,3.8914,3.66770000000001,3.65000000000001,3.6922,3.5185,3.5612,3.51530000000001,3.43969999999999,3.34789999999998,3.30340000000001,3.11370000000001,3.17360000000001,3.08530000000002
3.14509999999999,3.0241,3.03740000000001,3.02489999999999,3.23939999999999,2.9263,2.91260000000001,2.74420000000001,2.88009999999998,3.0137,2.85300000000001,2.7098,3.51549999999999,3.4199,3.75580000000001,3.8279,3.9177,3.69090000000001,3.6738,3.717,3.5403,3.5843,3.53850000000001,3.46239999999999,3.36959999999998,3.32510000000001,3.13199999999999,3.1944,3.10500000000002
3.15319999999998,3.0308,3.0445,3.03199999999998,3.24959999999999,2.9324,2.91860000000001,2.74799999999999,2.88589999999999,3.0217,2.8587,2.71340000000001,3.5321,3.4355,3.7775,3.85169999999999,3.944,3.7141,3.69760000000001,3.7418,3.56209999999999,3.60739999999998,3.5617,3.4851,3.39129999999997,3.3468,3.1503,3.2152,3.1247
3.1613,3.03749999999999,3.05159999999999,3.0391,3.25979999999998,2.9385,2.92460000000001,2.7518,2.89169999999999,3.02970000000001,2.8644,2.717,3.5487,3.45110000000001,3.7992,3.8755,3.97029999999999,3.7373,3.7214,3.7666,3.58389999999999,3.6305,3.5849,3.5078,3.41299999999998,3.3685,3.16860000000001,3.236,3.1444
3.1694,3.0442,3.0587,3.0462,3.26999999999998,2.94460000000001,2.93060000000001,2.75560000000002,2.89749999999998,3.0377,2.87010000000001,2.72059999999999,3.56529999999999,3.4667,3.82089999999999,3.89930000000001,3.9966,3.76049999999999,3.7452,3.7914,3.60569999999998,3.6536,3.60809999999999,3.5305,3.43469999999998,3.39020000000001,3.18689999999999,3.2568,3.16410000000002
3.17749999999999,3.0509,3.0658,3.05329999999999,3.28019999999999,2.9507,2.93660000000001,2.7594,2.90329999999999,3.0457,2.8758,2.72420000000001,3.58189999999999,3.4823,3.8426,3.92310000000001,4.02290000000001,3.7837,3.76899999999999,3.81619999999999,3.6275,3.6767,3.6313,3.5532,3.45639999999997,3.4119,3.2052,3.27760000000001,3.18380000000002
3.18559999999999,3.05759999999999,3.07289999999999,3.0604,3.29039999999998,2.9568,2.9426,2.7632,2.90909999999998,3.05369999999999,2.8815,2.7278,3.5985,3.4979,3.86429999999999,3.9469,4.04920000000001,3.8069,3.7928,3.84100000000001,3.6493,3.69979999999998,3.6545,3.5759,3.47809999999998,3.4336,3.2235,3.2984,3.20350000000001
3.19370000000001,3.06429999999999,3.07999999999998,3.06749999999998,3.30059999999997,2.96289999999999,2.94860000000001,2.767,2.91489999999999,3.0617,2.88720000000001,2.73139999999999,3.61509999999998,3.51349999999999,3.886,3.97070000000002,4.07549999999998,3.8301,3.81659999999999,3.86580000000001,3.6711,3.7229,3.6777,3.5986,3.49979999999998,3.45529999999999,3.2418,3.31920000000001,3.22320000000001
3.20179999999999,3.071,3.08710000000002,3.0746,3.31079999999997,2.96900000000001,2.95460000000003,2.77080000000001,2.9207,3.06970000000001,2.8929,2.73500000000001,3.6317,3.5291,3.90770000000001,3.99450000000002,4.1018,3.85330000000002,3.8404,3.89060000000001,3.69289999999998,3.74600000000001,3.7009,3.62130000000001,3.52149999999997,3.47699999999999,3.26009999999999,3.34,3.24290000000002
3.2099,3.07769999999999,3.0942,3.08170000000001,3.321,2.9751,2.96060000000001,2.77460000000001,2.9265,3.07770000000002,2.8986,2.73860000000001,3.64830000000001,3.54470000000001,3.92939999999999,4.01830000000001,4.12809999999999,3.87649999999999,3.86420000000001,3.91540000000001,3.71469999999999,3.76910000000001,3.72410000000001,3.64399999999999,3.54319999999998,3.4987,3.2784,3.36079999999998,3.26260000000002
3.21799999999999,3.08440000000002,3.10130000000001,3.08879999999999,3.3312,2.9812,2.9666,2.7784,2.9323,3.0857,2.90430000000001,2.7422,3.66490000000002,3.56030000000001,3.9511,4.0421,4.15440000000001,3.8997,3.88800000000001,3.9402,3.73649999999998,3.79219999999998,3.74730000000001,3.66669999999999,3.56489999999998,3.52040000000001,3.2967,3.38159999999999,3.28230000000001
3.2261,3.09110000000001,3.10840000000002,3.0959,3.34139999999999,2.9873,2.97260000000003,2.78219999999999,2.93809999999999,3.09370000000001,2.91,2.7458,3.6815,3.57590000000002,3.97279999999998,4.0659,4.1807,3.9229,3.9118,3.96499999999997,3.75829999999999,3.81529999999998,3.7705,3.68939999999999,3.58659999999999,3.5421,3.315,3.40239999999999,3.30200000000001
3.23419999999999,3.09780000000001,3.1155,3.10299999999998,3.35159999999999,2.99340000000001,2.9786,2.786,2.94389999999999,3.10169999999999,2.91570000000002,2.74939999999998,3.69810000000001,3.5915,3.99449999999999,4.08970000000002,4.20700000000002,3.9461,3.93560000000002,3.9898,3.7801,3.83840000000001,3.7937,3.71210000000002,3.60829999999997,3.5638,3.33329999999999,3.42319999999999,3.32170000000002
3.2423,3.10449999999997,3.12260000000001,3.11009999999999,3.36179999999999,2.99949999999998,2.98460000000003,2.78980000000001,2.94970000000001,3.1097,2.92140000000001,2.75299999999999,3.71469999999999,3.6071,4.0162,4.11350000000002,4.23330000000001,3.9693,3.95940000000002,4.0146,3.80189999999999,3.86150000000001,3.8169,3.73480000000001,3.63,3.58550000000001,3.35159999999999,3.44399999999999,3.34140000000002
3.25039999999998,3.1112,3.12970000000001,3.1172,3.37199999999999,3.00559999999999,2.9906,2.7936,2.9555,3.11769999999999,2.9271,2.75660000000002,3.73129999999998,3.62270000000001,4.03790000000001,4.13729999999998,4.25959999999998,3.99250000000001,3.98320000000001,4.0394,3.8237,3.88459999999998,3.84010000000001,3.75749999999999,3.65169999999998,3.60720000000001,3.3699,3.4648,3.36110000000001
3.25849999999997,3.11789999999999,3.13679999999999,3.12429999999998,3.38219999999998,3.01169999999999,2.9966,2.79740000000001,2.96129999999999,3.12569999999999,2.93280000000001,2.7602,3.74789999999999,3.63829999999999,4.05960000000002,4.1611,4.2859,4.01570000000001,4.00700000000001,4.0642,3.84549999999999,3.90770000000001,3.86330000000001,3.78020000000001,3.67339999999999,3.62890000000002,3.38820000000001,3.48560000000001,3.38080000000001
3.26659999999998,3.12459999999999,3.1439,3.13139999999999,3.39240000000001,3.01779999999999,3.00260000000003,2.80120000000002,2.96709999999999,3.1337,2.9385,2.7638,3.7645,3.65389999999999,4.08130000000003,4.1849,4.31219999999999,4.03889999999998,4.0308,4.089,3.8673,3.9308,3.88649999999998,3.80289999999999,3.69509999999997,3.6506,3.40650000000002,3.50639999999999,3.40050000000002
3.27469999999997,3.13130000000001,3.15100000000001,3.13849999999999,3.40260000000001,3.0239,3.0086,2.80500000000001,2.97289999999998,3.14170000000001,2.9442,2.76740000000001,3.78110000000001,3.6695,4.10300000000001,4.20869999999999,4.33850000000001,4.06209999999999,4.05459999999999,4.1138,3.88909999999998,3.9539,3.90969999999999,3.82560000000001,3.71679999999998,3.67230000000001,3.42479999999998,3.52719999999999,3.42020000000002
3.28279999999998,3.13800000000001,3.15809999999999,3.14559999999997,3.41279999999998,3.03,3.01460000000003,2.80879999999999,2.9787,3.1497,2.94990000000001,2.77099999999999,3.79769999999999,3.68510000000001,4.12470000000002,4.23249999999999,4.3648,4.08529999999999,4.07839999999999,4.1386,3.91089999999997,3.97699999999998,3.93289999999999,3.84829999999999,3.73849999999996,3.69399999999999,3.44309999999999,3.548,3.43990000000002
3.29089999999999,3.1447,3.1652,3.15270000000001,3.42299999999997,3.0361,3.0206,2.81259999999997,2.9845,3.15770000000001,2.9556,2.77459999999999,3.8143,3.70070000000001,4.1464,4.25629999999998,4.39109999999999,4.10849999999999,4.10219999999998,4.1634,3.93269999999998,4.00009999999997,3.95609999999999,3.87100000000001,3.76019999999997,3.7157,3.4614,3.56879999999998,3.45959999999999
3.29899999999998,3.1514,3.17230000000001,3.15980000000002,3.43319999999997,3.04220000000001,3.0266,2.81640000000002,2.99029999999999,3.16570000000002,2.96129999999999,2.7782,3.83089999999999,3.71629999999999,4.16810000000001,4.2801,4.41740000000001,4.1317,4.126,4.18819999999999,3.95449999999997,4.0232,3.97929999999999,3.8937,3.78189999999998,3.73740000000001,3.47970000000001,3.58959999999999,3.47930000000002
3.30709999999999,3.15809999999999,3.17939999999999,3.1669,3.44339999999997,3.04830000000001,3.03260000000003,2.8202,2.99609999999998,3.1737,2.96700000000001,2.7818,3.8475,3.7319,4.18980000000002,4.3039,4.44369999999998,4.1549,4.1498,4.21299999999999,3.97630000000001,4.0463,4.0025,3.91640000000001,3.80359999999999,3.75910000000002,3.49800000000002,3.6104,3.49900000000002
3.31519999999998,3.16479999999999,3.1865,3.17400000000001,3.45359999999999,3.05440000000002,3.0386,2.82399999999998,3.00189999999998,3.18169999999998,2.9727,2.78540000000001,3.86410000000001,3.7475,4.2115,4.32769999999999,4.47,4.1781,4.17359999999999,4.23780000000002,3.99809999999999,4.06939999999997,4.0257,3.9391,3.82529999999997,3.7808,3.5163,3.63120000000001,3.5187
3.32329999999999,3.17149999999998,3.1936,3.18109999999999,3.46379999999999,3.06049999999999,3.04460000000003,2.82780000000002,3.0077,3.18969999999999,2.97839999999999,2.78900000000002,3.88070000000002,3.76310000000001,4.23320000000001,4.35150000000002,4.49629999999999,4.2013,4.19739999999999,4.26259999999999,4.01990000000001,4.0925,4.0489,3.96180000000001,3.84699999999998,3.80250000000001,3.53459999999998,3.65199999999999,3.53840000000002
3.33139999999997,3.1782,3.20069999999998,3.18819999999999,3.47399999999999,3.06659999999999,3.0506,2.83160000000001,3.01349999999999,3.1977,2.98410000000001,2.79259999999999,3.8973,3.77870000000001,4.25489999999999,4.37530000000001,4.52260000000001,4.22450000000001,4.22120000000001,4.28739999999999,4.04169999999999,4.1156,4.07210000000001,3.9845,3.86869999999996,3.82419999999999,3.55289999999999,3.6728,3.55810000000002
3.33949999999999,3.1849,3.20779999999999,3.1953,3.48419999999999,3.0727,3.0566,2.83539999999999,3.01929999999999,3.20570000000001,2.9898,2.7962,3.91389999999998,3.79429999999999,4.2766,4.3991,4.5489,4.24770000000001,4.245,4.31219999999999,4.06349999999998,4.1387,4.09530000000001,4.00719999999998,3.89039999999997,3.8459,3.5712,3.6936,3.57780000000002
3.3476,3.19159999999999,3.2149,3.20239999999998,3.49439999999998,3.0788,3.06260000000003,2.83920000000001,3.02509999999998,3.21370000000002,2.99549999999999,2.7998,3.93049999999999,3.8099,4.29830000000001,4.4229,4.5752,4.27090000000001,4.2688,4.33699999999999,4.08529999999999,4.1618,4.11850000000001,4.0299,3.91209999999998,3.86760000000001,3.58950000000002,3.71439999999998,3.59750000000003
3.35569999999998,3.19830000000002,3.22199999999998,3.20949999999999,3.50459999999998,3.0849,3.0686,2.84299999999999,3.03089999999997,3.2217,3.00120000000001,2.80339999999998,3.94709999999998,3.82550000000001,4.31999999999999,4.44669999999999,4.60150000000002,4.29410000000001,4.29260000000002,4.36180000000002,4.10709999999997,4.18489999999997,4.14170000000001,4.05259999999998,3.93379999999996,3.88929999999999,3.6078,3.73519999999999,3.6172
3.3638,3.20500000000001,3.22909999999999,3.21659999999997,3.51479999999998,3.09099999999998,3.07460000000003,2.8468,3.0367,3.22970000000001,3.0069,2.80700000000002,3.96369999999999,3.84110000000001,4.3417,4.47050000000002,4.62779999999998,4.31730000000002,4.31640000000002,4.38659999999999,4.12889999999999,4.208,4.16490000000002,4.0753,3.95549999999997,3.911,3.62609999999998,3.756,3.63690000000003
3.37189999999998,3.21169999999998,3.2362,3.22369999999998,3.52500000000001,3.09709999999998,3.0806,2.85060000000001,3.04249999999999,3.23770000000002,3.01259999999999,2.81060000000002,3.9803,3.85670000000002,4.36339999999998,4.49430000000001,4.6541,4.34050000000002,4.34020000000001,4.41139999999999,4.15069999999997,4.2311,4.18810000000002,4.09799999999998,3.97719999999998,3.93270000000001,3.64439999999999,3.77680000000001,3.65660000000003
3.38,3.21839999999997,3.24329999999998,3.23079999999999,3.5352,3.10319999999999,3.0866,2.8544,3.04829999999998,3.2457,3.01830000000001,2.8142,3.99690000000001,3.8723,4.38509999999999,4.5181,4.68039999999999,4.36370000000002,4.364,4.43619999999999,4.17250000000001,4.2542,4.21130000000002,4.1207,3.99889999999999,3.95440000000002,3.6627,3.79759999999999,3.6763
3.38809999999998,3.2251,3.25039999999998,3.23789999999997,3.54539999999997,3.10930000000002,3.09260000000003,2.85820000000001,3.05409999999998,3.25369999999998,3.024,2.81780000000001,4.01349999999999,3.8879,4.4068,4.54190000000003,4.70670000000001,4.38690000000003,4.38780000000003,4.46099999999998,4.1943,4.2773,4.23450000000003,4.14339999999999,4.02059999999997,3.9761,3.68100000000001,3.8184,3.69600000000003
3.39619999999999,3.23179999999999,3.25749999999999,3.245,3.55559999999997,3.11540000000002,3.0986,2.86199999999999,3.05989999999997,3.26169999999999,3.02969999999999,2.82140000000001,4.0301,3.90350000000001,4.42849999999999,4.56570000000002,4.733,4.41010000000003,4.41160000000002,4.48580000000001,4.21609999999998,4.3004,4.25770000000003,4.1661,4.04229999999998,3.99780000000001,3.69929999999999,3.83920000000001,3.71570000000003
3.40430000000001,3.23849999999999,3.26459999999997,3.25210000000001,3.56579999999997,3.1215,3.10460000000003,2.86580000000001,3.06569999999999,3.2697,3.03540000000001,2.82499999999999,4.04669999999999,3.91910000000001,4.4502,4.58950000000002,4.7593,4.4333,4.43539999999999,4.51060000000001,4.2379,4.3235,4.2809,4.18879999999999,4.06399999999996,4.01949999999999,3.7176,3.85999999999999,3.73540000000003
3.41239999999999,3.24520000000001,3.27169999999998,3.25919999999999,3.57599999999996,3.1276,3.11060000000001,2.86959999999999,3.07149999999999,3.27770000000001,3.0411,2.82859999999999,4.0633,3.93470000000002,4.47189999999998,4.61330000000001,4.78560000000002,4.45650000000001,4.45919999999998,4.53539999999998,4.25969999999998,4.3466,4.30410000000001,4.2115,4.08569999999997,4.0412,3.73589999999999,3.88079999999999,3.75510000000003
3.42049999999998,3.25190000000001,3.27879999999999,3.2663,3.58619999999999,3.1337,3.11660000000001,2.87339999999998,3.07729999999998,3.28569999999999,3.04679999999999,2.83220000000003,4.07990000000001,3.9503,4.49360000000001,4.63709999999998,4.81189999999998,4.47970000000001,4.483,4.56019999999998,4.28149999999999,4.36969999999997,4.32730000000001,4.23419999999999,4.10739999999996,4.06289999999998,3.7542,3.9016,3.7748
3.42859999999996,3.25859999999997,3.28589999999997,3.27340000000001,3.59639999999999,3.13980000000001,3.12260000000003,2.87720000000002,3.08309999999997,3.2937,3.05250000000001,2.83580000000001,4.09649999999999,3.9659,4.51530000000002,4.6609,4.8382,4.50290000000001,4.5068,4.58499999999998,4.30329999999998,4.39279999999999,4.35050000000001,4.25689999999997,4.12909999999999,4.08459999999999,3.77250000000001,3.92240000000001,3.79450000000003
3.43669999999997,3.2653,3.29299999999998,3.28049999999999,3.60659999999999,3.14590000000001,3.12860000000001,2.881,3.08889999999997,3.30170000000001,3.0582,2.83940000000001,4.1131,3.98150000000001,4.53700000000001,4.68469999999999,4.86449999999999,4.52610000000001,4.53059999999999,4.60980000000001,4.32509999999996,4.41589999999999,4.37370000000001,4.27959999999999,4.15079999999998,4.1063,3.79079999999999,3.94319999999999,3.81420000000003
3.44479999999999,3.27199999999999,3.30009999999999,3.2876,3.61679999999998,3.15199999999999,3.13460000000003,2.88479999999998,3.09469999999999,3.30970000000002,3.06389999999999,2.84300000000002,4.12969999999999,3.99709999999999,4.55870000000002,4.70849999999999,4.89079999999998,4.54930000000002,4.55439999999999,4.63460000000001,4.34689999999998,4.43899999999999,4.39690000000002,4.30229999999997,4.17249999999999,4.12800000000001,3.8091,3.964,3.8339
3.45289999999997,3.27869999999999,3.30719999999997,3.29469999999998,3.62699999999998,3.15809999999999,3.14060000000001,2.88860000000003,3.10049999999998,3.31769999999997,3.06960000000001,2.8466,4.1463,4.0127,4.58040000000003,4.73230000000001,4.9171,4.57250000000002,4.57820000000001,4.65940000000001,4.36869999999999,4.46209999999999,4.42010000000002,4.32499999999999,4.19419999999997,4.14970000000002,3.82740000000001,3.98480000000001,3.85360000000003
3.46099999999998,3.28539999999998,3.31429999999997,3.30179999999999,3.63719999999998,3.16419999999999,3.14660000000001,2.89240000000001,3.10629999999998,3.32569999999998,3.0753,2.8502,4.16289999999998,4.0283,4.60210000000001,4.7561,4.9434,4.59570000000002,4.602,4.68419999999998,4.3905,4.48519999999999,4.44330000000002,4.34769999999997,4.21589999999998,4.17140000000001,3.84569999999999,4.00560000000002,3.87330000000003
3.46909999999997,3.2921,3.32140000000001,3.30889999999999,3.64739999999998,3.1703,3.15260000000004,2.89619999999999,3.11209999999997,3.33369999999999,3.08100000000002,2.85379999999998,4.17949999999999,4.04390000000001,4.62380000000002,4.7799,4.96970000000002,4.61890000000002,4.6258,4.70899999999997,4.41229999999999,4.50829999999999,4.46650000000002,4.37039999999999,4.23759999999996,4.19310000000002,3.864,4.0264,3.89300000000003
3.47719999999998,3.2988,3.32849999999999,3.31599999999997,3.6576,3.1764,3.15860000000001,2.90000000000001,3.11789999999996,3.3417,3.08670000000001,2.85740000000001,4.1961,4.05950000000001,4.6455,4.80369999999999,4.99599999999998,4.6421,4.64960000000002,4.7338,4.4341,4.53139999999999,4.4897,4.3931,4.25929999999997,4.2148,3.88229999999999,4.0472,3.91270000000003
3.48529999999997,3.30549999999999,3.3356,3.32309999999998,3.6678,3.18249999999998,3.16460000000004,2.90379999999999,3.12369999999999,3.34970000000001,3.0924,2.86100000000002,4.21270000000001,4.07509999999999,4.66720000000001,4.82749999999999,5.0223,4.6653,4.67340000000002,4.7586,4.45589999999999,4.55449999999999,4.5129,4.41580000000002,4.28099999999995,4.23650000000001,3.9006,4.06800000000001,3.9324
3.49339999999998,3.31220000000002,3.34270000000001,3.33019999999996,3.67799999999997,3.18860000000001,3.17060000000001,2.9076,3.12949999999998,3.35769999999999,3.09810000000002,2.8646,4.22929999999999,4.0907,4.68890000000002,4.85130000000001,5.04859999999999,4.6885,4.69720000000001,4.7834,4.47769999999997,4.57759999999999,4.5361,4.4385,4.30269999999996,4.25819999999999,3.91890000000001,4.08879999999999,3.95210000000003
3.50149999999999,3.31889999999999,3.34979999999999,3.3373,3.68819999999997,3.19470000000001,3.17660000000004,2.91140000000001,3.13529999999997,3.3657,3.10380000000001,2.8682,4.24590000000001,4.1063,4.7106,4.8751,5.07489999999999,4.71170000000001,4.721,4.8082,4.49949999999998,4.60069999999999,4.55930000000001,4.46120000000002,4.32439999999997,4.2799,3.93720000000002,4.1096,3.97180000000003
3.50959999999998,3.32559999999998,3.3569,3.34440000000001,3.69839999999996,3.20080000000002,3.18260000000001,2.9152,3.14109999999997,3.37370000000001,3.1095,2.87180000000001,4.26249999999999,4.12190000000001,4.73230000000001,4.8989,5.10120000000001,4.73490000000001,4.74480000000003,4.83299999999997,4.52129999999997,4.62379999999999,4.58250000000001,4.48390000000001,4.34609999999998,4.30159999999998,3.9555,4.13040000000001,3.9915
3.51769999999999,3.3323,3.364,3.35149999999999,3.70859999999996,3.20690000000002,3.18860000000001,2.91900000000001,3.14689999999996,3.38170000000002,3.11520000000002,2.87539999999998,4.27909999999997,4.13750000000002,4.75399999999999,4.92270000000002,5.1275,4.75810000000001,4.76860000000002,4.8578,4.54309999999998,4.64690000000002,4.60570000000001,4.50659999999999,4.36779999999996,4.32330000000002,3.97379999999998,4.15120000000002,4.01120000000003
3.52579999999998,3.339,3.37109999999998,3.3586,3.71879999999999,3.21299999999999,3.19460000000004,2.92280000000002,3.15269999999998,3.38969999999998,3.12090000000001,2.87899999999999,4.29570000000001,4.15309999999999,4.7757,4.94650000000001,5.15380000000002,4.78129999999999,4.79239999999999,4.8826,4.56489999999999,4.66999999999999,4.62889999999999,4.52930000000001,4.38949999999997,4.34500000000003,3.99209999999999,4.172,4.03090000000003
3.53389999999999,3.34569999999999,3.37819999999999,3.3657,3.72899999999998,3.2191,3.20060000000001,2.92660000000001,3.15849999999998,3.39769999999999,3.1266,2.88260000000002,4.31229999999999,4.1687,4.79740000000004,4.97030000000001,5.18009999999998,4.80449999999999,4.81619999999998,4.9074,4.58670000000001,4.69309999999999,4.65209999999999,4.55199999999999,4.41119999999995,4.36670000000001,4.0104,4.19280000000001,4.05060000000003
3.54199999999997,3.35239999999999,3.3853,3.37279999999998,3.73919999999998,3.2252,3.20660000000004,2.93039999999999,3.16429999999997,3.4057,3.13230000000001,2.8862,4.32889999999998,4.18430000000001,4.81909999999999,4.9941,5.20640000000003,4.82769999999999,4.84,4.93219999999999,4.60849999999999,4.71619999999999,4.67529999999999,4.57470000000001,4.43289999999996,4.38840000000002,4.02870000000001,4.21360000000001,4.07030000000003
3.55009999999999,3.35910000000001,3.39239999999998,3.37989999999999,3.74939999999998,3.2313,3.21260000000001,2.93419999999998,3.17009999999996,3.41370000000001,3.13800000000001,2.88980000000001,4.34550000000002,4.19990000000001,4.8408,5.0179,5.23270000000002,4.8509,4.8638,4.95699999999999,4.63029999999998,4.73929999999999,4.6985,4.59739999999999,4.45459999999994,4.4101,4.04700000000003,4.23439999999999,4.09
3.5582,3.36579999999998,3.39949999999999,3.387,3.75959999999998,3.23740000000001,3.21860000000001,2.93800000000002,3.17589999999996,3.42169999999999,3.1437,2.89340000000001,4.3621,4.21550000000002,4.86250000000001,5.04169999999999,5.25900000000001,4.8741,4.88759999999999,4.98179999999999,4.65209999999999,4.76239999999999,4.7217,4.62010000000001,4.47629999999998,4.43180000000001,4.06529999999998,4.2552,4.10970000000003
3.56630000000001,3.37249999999997,3.40659999999997,3.39409999999998,3.76979999999998,3.24349999999998,3.22460000000004,2.9418,3.18169999999998,3.4297,3.14940000000001,2.89699999999999,4.37869999999998,4.23110000000003,4.88420000000002,5.06550000000004,5.28529999999995,4.8973,4.91139999999999,5.00659999999999,4.67389999999997,4.78549999999998,4.7449,4.64279999999999,4.49799999999996,4.45349999999999,4.08359999999999,4.27600000000001,4.12940000000003
3.57439999999997,3.3792,3.41369999999995,3.40119999999996,3.77999999999997,3.24959999999999,3.23060000000001,2.94559999999998,3.18749999999997,3.43770000000001,3.1551,2.9006,4.39529999999996,4.24669999999998,4.90589999999997,5.08930000000004,5.3116,4.9205,4.93520000000001,5.03140000000002,4.69569999999999,4.80859999999998,4.7681,4.66550000000001,4.51969999999997,4.4752,4.1019,4.29680000000002,4.1491
3.58249999999998,3.38589999999999,3.42079999999999,3.4083,3.79019999999997,3.25569999999999,3.23660000000004,2.94940000000003,3.19329999999997,3.44570000000002,3.16079999999999,2.9042,4.4119,4.26229999999998,4.92760000000004,5.11310000000003,5.33789999999999,4.94370000000004,4.95900000000003,5.05619999999999,4.71749999999997,4.83170000000001,4.79130000000001,4.68819999999999,4.54139999999995,4.49689999999998,4.12020000000001,4.3176,4.16880000000003
3.59059999999999,3.39260000000002,3.42790000000002,3.41539999999998,3.80039999999997,3.26180000000002,3.24260000000004,2.95320000000001,3.19909999999999,3.45370000000003,3.16650000000001,2.90780000000001,4.42849999999999,4.27790000000005,4.94929999999999,5.13690000000003,5.36419999999998,4.96690000000001,4.9828,5.08100000000002,4.73929999999996,4.85480000000001,4.81450000000001,4.71090000000001,4.56309999999996,4.51859999999999,4.13849999999999,4.33840000000001,4.18850000000003
3.59870000000001,3.39929999999998,3.435,3.42250000000001,3.81060000000002,3.2679,3.24860000000004,2.95699999999999,3.20490000000001,3.46170000000001,3.1722,2.91140000000001,4.44510000000002,4.29349999999999,4.971,5.16070000000002,5.39049999999997,4.99009999999998,5.00659999999999,5.10579999999999,4.76109999999994,4.87790000000001,4.83770000000001,4.7336,4.58479999999997,4.5403,4.1568,4.35919999999999,4.20820000000003
3.60680000000002,3.40600000000001,3.44210000000004,3.42959999999999,3.82079999999996,3.274,3.25460000000004,2.96080000000001,3.21069999999997,3.46970000000005,3.17789999999999,2.91500000000002,4.46170000000001,4.3091,4.99270000000001,5.18450000000001,5.41679999999997,5.01330000000002,5.03039999999999,5.13060000000002,4.78289999999998,4.90100000000001,4.86090000000002,4.75629999999998,4.60649999999995,4.56200000000001,4.17509999999999,4.37999999999997,4.22790000000003
3.61489999999998,3.41270000000003,3.44920000000002,3.43669999999997,3.83100000000002,3.2801,3.26060000000001,2.96459999999996,3.2165,3.47770000000003,3.18360000000001,2.9186,4.47829999999999,4.32470000000001,5.01440000000002,5.20830000000001,5.44310000000002,5.03649999999999,5.05419999999998,5.15540000000004,4.80469999999997,4.92409999999995,4.88410000000002,4.779,4.62819999999996,4.58370000000002,4.1934,4.40079999999998,4.24760000000001
3.62299999999999,3.4194,3.4563,3.44379999999995,3.84119999999996,3.28620000000001,3.26659999999998,2.96840000000003,3.22230000000002,3.48570000000001,3.1893,2.9222,4.49490000000003,4.34030000000001,5.03609999999998,5.2321,5.46940000000001,5.05970000000002,5.07800000000003,5.18019999999996,4.82649999999995,4.94719999999995,4.90730000000002,4.80169999999998,4.64989999999995,4.6054,4.21170000000001,4.42159999999998,4.26730000000003
3.6311,3.42610000000002,3.46340000000004,3.45089999999999,3.85140000000001,3.29230000000001,3.27260000000007,2.97219999999999,3.22809999999998,3.49370000000005,3.19499999999999,2.92580000000004,4.51150000000001,4.35590000000002,5.05779999999999,5.2559,5.4957,5.0829,5.10179999999997,5.20499999999998,4.84829999999994,4.97029999999995,4.93049999999999,4.8244,4.67159999999998,4.62710000000001,4.22999999999999,4.44239999999999,4.28700000000003
3.63920000000002,3.43279999999999,3.47050000000002,3.45799999999997,3.86159999999995,3.29840000000002,3.27860000000004,2.976,3.23390000000001,3.50169999999997,3.20069999999998,2.92939999999999,4.52809999999999,4.37150000000003,5.0795,5.27970000000005,5.52199999999999,5.10610000000003,5.12560000000002,5.22979999999995,4.87010000000004,4.99340000000001,4.95370000000003,4.84709999999998,4.69329999999997,4.64879999999999,4.2483,4.46319999999997,4.30670000000001
3.64729999999997,3.43950000000001,3.4776,3.46510000000001,3.87179999999995,3.30450000000002,3.28460000000001,2.97980000000001,3.23969999999997,3.50969999999995,3.20640000000003,2.93299999999999,4.54469999999998,4.38710000000003,5.10120000000001,5.30350000000004,5.54830000000004,5.1293,5.14940000000001,5.25459999999998,4.89190000000002,5.01650000000001,4.9769,4.8698,4.71499999999995,4.6705,4.26659999999998,4.48399999999998,4.32640000000004
3.65539999999999,3.44620000000003,3.48470000000003,3.47219999999999,3.88200000000001,3.31060000000002,3.29060000000004,2.98359999999997,3.24549999999999,3.51769999999999,3.21210000000002,2.9366,4.56130000000002,4.40269999999998,5.12289999999996,5.32730000000004,5.57460000000003,5.15250000000003,5.17320000000001,5.27940000000001,4.91370000000001,5.03960000000001,5.00010000000003,4.89250000000004,4.73669999999993,4.69219999999999,4.28489999999999,4.50479999999999,4.34610000000004
3.6635,3.45289999999994,3.49180000000001,3.47929999999997,3.89219999999995,3.31669999999997,3.29660000000001,2.98739999999998,3.25130000000001,3.52569999999997,3.21780000000001,2.9402,4.5779,4.41829999999999,5.14460000000003,5.35110000000003,5.60090000000002,5.17570000000001,5.197,5.30419999999998,4.93549999999999,5.06270000000001,5.02330000000001,4.91520000000003,4.75839999999999,4.7139,4.3032,4.52559999999997,4.36580000000004
3.67160000000001,3.45959999999997,3.49889999999999,3.4864,3.9024,3.32279999999997,3.30260000000004,2.99120000000005,3.25709999999998,3.53370000000001,3.2235,2.94379999999995,4.59449999999998,4.43390000000005,5.16629999999998,5.37490000000003,5.62720000000002,5.19890000000004,5.2208,5.32900000000001,4.95729999999998,5.08580000000001,5.04650000000004,4.93790000000001,4.7801,4.73560000000001,4.32149999999999,4.54639999999998,4.38550000000004
3.67969999999997,3.46629999999999,3.50600000000003,3.49349999999998,3.91259999999994,3.32889999999998,3.30860000000001,2.995,3.2629,3.54169999999999,3.22919999999999,2.94740000000002,4.61109999999996,4.4495,5.18799999999999,5.39869999999996,5.65349999999995,5.22210000000001,5.24459999999999,5.35379999999998,4.97910000000002,5.10889999999995,5.06970000000001,4.9606,4.80179999999996,4.75729999999999,4.33980000000003,4.56719999999999,4.40520000000001
3.68779999999992,3.47299999999996,3.51310000000001,3.50060000000002,3.9228,3.33499999999998,3.31460000000004,2.99880000000002,3.26869999999997,3.54969999999997,3.23489999999998,2.95100000000002,4.62769999999995,4.46510000000001,5.20970000000005,5.42249999999996,5.6798,5.24530000000004,5.26840000000004,5.37860000000001,5.0009,5.13199999999995,5.09290000000004,4.98329999999999,4.82349999999997,4.779,4.35810000000001,4.58799999999999,4.42490000000004
