0.57577,0.57932,0.60298,0.61961,0.65045,0.68702,0.72367,0.75445,0.79456,0.82609,0.85771,0.88225,0.90339,0.92887,0.94202,0.96687,0.98466,0.9927,0.99578,0.99839,0.99994,1.0067,1.0112,1.0211,1.03,1.042,1.048,1.058,1.056
0.58711,0.58939,0.60503,0.62153,0.64985,0.68424,0.71694,0.74806,0.78627,0.81861,0.85044,0.87651,0.89951,0.92358,0.93981,0.96219,0.98075,0.99133,0.99612,0.99805,1.0006,1.0061,1.0118,1.0218,1.0293,1.0413,1.0474,1.058,1.0573
0.59846,0.59946,0.60709,0.62346,0.64925,0.68145,0.71021,0.74167,0.77797,0.81112,0.84318,0.87078,0.89563,0.91828,0.9376,0.95751,0.97684,0.98995,0.99646,0.99771,1.0013,1.0054,1.0125,1.0224,1.0287,1.0407,1.0467,1.058,1.0585
0.6098,0.60928,0.61212,0.62538,0.64864,0.67866,0.70349,0.73528,0.76968,0.80364,0.83591,0.86504,0.89175,0.91299,0.93539,0.95284,0.97294,0.98858,0.9968,0.99737,1.002,1.0047,1.0132,1.0231,1.028,1.0401,1.0461,1.058,1.0598
0.61869,0.61771,0.61932,0.62904,0.64804,0.67583,0.70115,0.73104,0.76405,0.79728,0.82864,0.85931,0.88781,0.91013,0.93318,0.94816,0.96903,0.98721,0.99602,0.99703,1.0027,1.004,1.0138,1.0237,1.0274,1.0394,1.0455,1.058,1.061
0.631,0.62419,0.62412,0.63354,0.64972,0.67297,0.70006,0.72799,0.7597,0.79102,0.82138,0.85424,0.88223,0.90783,0.93096,0.94695,0.96512,0.98546,0.99362,0.997,1.0023,1.0034,1.0143,1.0244,1.0277,1.0388,1.0454,1.058,1.0623
0.64459,0.63174,0.63242,0.63813,0.65234,0.67008,0.69948,0.7263,0.75623,0.78583,0.81641,0.85009,0.87665,0.90521,0.92834,0.94585,0.96156,0.9809,0.99122,0.997,1.001,1.0035,1.0146,1.0249,1.0294,1.0381,1.0467,1.058,1.0639
0.65639,0.6428,0.6424,0.64437,0.65673,0.67013,0.69867,0.72526,0.75333,0.78115,0.81156,0.8459,0.87185,0.90133,0.92573,0.94419,0.9594,0.97633,0.99017,0.997,0.99962,1.0045,1.0149,1.0236,1.031,1.0375,1.0479,1.0576,1.0655
0.66345,0.6543,0.64994,0.65174,0.66112,0.67194,0.69589,0.723,0.75035,0.77746,0.80816,0.83992,0.86775,0.89745,0.92219,0.9405,0.95725,0.9731,0.99052,0.99666,0.99844,1.0055,1.0145,1.0223,1.0321,1.0368,1.0491,1.0569,1.067
0.67357,0.66424,0.6566,0.65912,0.6653,0.67607,0.69456,0.72032,0.7473,0.7746,0.80543,0.83394,0.86362,0.89251,0.91683,0.93682,0.95554,0.97345,0.99086,0.99632,0.99741,1.0062,1.0138,1.021,1.0325,1.0362,1.0494,1.0563,1.067
0.6843,0.67371,0.66441,0.66526,0.66787,0.68031,0.69629,0.72144,0.74451,0.77257,0.80269,0.82902,0.85905,0.88693,0.91146,0.93366,0.95445,0.97381,0.99037,0.99591,0.99639,1.0065,1.0131,1.0214,1.0328,1.0379,1.0497,1.0557,1.067
0.69186,0.68522,0.67565,0.67104,0.67302,0.68461,0.69944,0.72305,0.74193,0.77158,0.79993,0.82462,0.85448,0.88162,0.90714,0.93101,0.95335,0.97351,0.98933,0.99452,0.99578,1.0069,1.0143,1.0217,1.0328,1.0405,1.05,1.055,1.067
0.70495,0.69386,0.68523,0.67996,0.68032,0.69057,0.70357,0.72415,0.74202,0.7708,0.79771,0.82145,0.85124,0.87834,0.90321,0.92836,0.95225,0.97245,0.98828,0.99313,0.99544,1.0062,1.016,1.0221,1.0321,1.0431,1.0493,1.0544,1.0662
0.71791,0.70244,0.69423,0.68978,0.69015,0.69725,0.7077,0.7245,0.7436,0.7703,0.79676,0.82009,0.84864,0.87506,0.89971,0.928,0.95115,0.97138,0.98645,0.99181,0.99509,1.0048,1.0177,1.0231,1.0314,1.044,1.0487,1.0546,1.0652
0.72888,0.7121,0.70286,0.69924,0.69799,0.70227,0.71185,0.72224,0.74639,0.76979,0.79551,0.81919,0.84652,0.87229,0.89811,0.928,0.95004,0.9703,0.98432,0.99075,0.99526,1.0035,1.0177,1.0241,1.0316,1.044,1.048,1.0562,1.0643
0.73664,0.72463,0.71149,0.70542,0.70389,0.70734,0.71606,0.7239,0.74961,0.76929,0.7931,0.82011,0.84522,0.86976,0.89652,0.92732,0.94856,0.96921,0.98219,0.9897,0.99561,1.003,1.0174,1.0252,1.0332,1.044,1.0496,1.0578,1.0636
0.7444,0.73314,0.72115,0.7117,0.71189,0.71247,0.71963,0.73026,0.75,0.76877,0.79067,0.82093,0.84394,0.86774,0.89517,0.9246,0.94707,0.96811,0.9833,0.989,0.99596,1.003,1.017,1.0279,1.0349,1.0452,1.0512,1.0597,1.0629
0.75296,0.7407,0.7313,0.71959,0.72026,0.71989,0.72264,0.73536,0.75008,0.76826,0.78817,0.81859,0.84303,0.86689,0.89394,0.92188,0.9448,0.968,0.98472,0.989,0.99631,1.003,1.0182,1.0306,1.0376,1.0472,1.0528,1.0623,1.0623
0.76259,0.74868,0.74162,0.73083,0.72898,0.72694,0.72907,0.73999,0.75175,0.76881,0.7862,0.81624,0.84213,0.86603,0.89271,0.91831,0.94058,0.968,0.986,0.989,0.99667,1.0041,1.0196,1.0333,1.0426,1.0491,1.0558,1.0648,1.0637
0.77205,0.75877,0.74768,0.74081,0.73242,0.73271,0.73558,0.7424,0.75414,0.77042,0.78773,0.81383,0.84161,0.86516,0.89146,0.91432,0.93637,0.96755,0.986,0.989,0.99693,1.0055,1.0209,1.0367,1.0475,1.0522,1.0591,1.0673,1.0665
0.77925,0.76864,0.75493,0.74939,0.73918,0.73869,0.74111,0.74638,0.75868,0.77341,0.78986,0.81142,0.84116,0.8643,0.89022,0.9108,0.93527,0.96457,0.986,0.989,0.99551,1.0069,1.0223,1.04,1.052,1.0561,1.0623,1.0696,1.0694
0.78722,0.77645,0.76366,0.75659,0.74892,0.74524,0.7468,0.75346,0.76326,0.77716,0.79504,0.81344,0.84038,0.86341,0.88823,0.90957,0.93566,0.96158,0.98554,0.989,0.99409,1.007,1.0237,1.0432,1.0553,1.0601,1.0661,1.0718,1.0737
0.79663,0.78335,0.77425,0.76378,0.76015,0.75311,0.75301,0.75915,0.76789,0.77973,0.79948,0.81639,0.83945,0.86252,0.88609,0.90834,0.93605,0.96018,0.98408,0.989,0.99291,1.007,1.025,1.0445,1.0585,1.0636,1.07,1.0741,1.0798
0.80373,0.7921,0.78413,0.7711,0.76671,0.7606,0.76327,0.76407,0.77076,0.78195,0.80155,0.817,0.83875,0.86238,0.88542,0.9086,0.93645,0.96056,0.98262,0.989,0.99255,1.007,1.025,1.0458,1.061,1.0669,1.0739,1.0783,1.0858
0.80898,0.79927,0.79121,0.77922,0.77101,0.76765,0.76973,0.76961,0.77316,0.78636,0.803,0.817,0.83828,0.86329,0.88629,0.90943,0.93684,0.96095,0.982,0.989,0.99219,1.007,1.025,1.0468,1.061,1.0701,1.0784,1.0825,1.0918
0.81513,0.80463,0.79588,0.7888,0.77604,0.77383,0.77293,0.77445,0.77858,0.79083,0.803,0.81823,0.838,0.8639,0.88716,0.90973,0.93557,0.96133,0.982,0.99047,0.99218,1.007,1.0254,1.0455,1.061,1.073,1.0832,1.0866,1.0978
0.82271,0.81362,0.79899,0.79622,0.7869,0.78055,0.77749,0.77822,0.78467,0.79537,0.80491,0.81978,0.838,0.86343,0.88804,0.90889,0.93315,0.96171,0.982,0.99194,0.99255,1.0071,1.0278,1.0441,1.061,1.0753,1.088,1.0931,1.1037
0.82868,0.82347,0.80773,0.80089,0.79702,0.78747,0.78395,0.78357,0.79189,0.79946,0.80928,0.82534,0.83935,0.863,0.88892,0.90805,0.93105,0.9617,0.98234,0.99268,0.99292,1.0075,1.0303,1.0432,1.061,1.0776,1.0921,1.0997,1.1095
0.83942,0.82516,0.81769,0.80557,0.80415,0.79449,0.79267,0.79054,0.79656,0.80293,0.81269,0.83155,0.84285,0.863,0.88859,0.90882,0.93146,0.96052,0.98272,0.99156,0.99329,1.0078,1.0317,1.0442,1.061,1.0798,1.0956,1.1064,1.1135
0.85082,0.82769,0.82572,0.81413,0.80932,0.80347,0.79945,0.80144,0.80018,0.80726,0.81547,0.83249,0.84578,0.863,0.88813,0.90969,0.93188,0.95935,0.9831,0.99044,0.99366,1.008,1.0306,1.0453,1.0618,1.0821,1.0991,1.1106,1.1175
0.86003,0.83761,0.83038,0.82422,0.81398,0.81083,0.80526,0.80759,0.80394,0.81198,0.82013,0.83306,0.84782,0.86631,0.88767,0.91084,0.93289,0.95843,0.98348,0.98954,0.99404,1.008,1.0296,1.0468,1.0652,1.0844,1.1015,1.1141,1.1216
0.86598,0.84507,0.83207,0.82869,0.81892,0.81635,0.81005,0.81123,0.80884,0.81552,0.82513,0.83525,0.84922,0.8697,0.88721,0.91217,0.93416,0.95762,0.98386,0.98877,0.99441,1.008,1.029,1.0496,1.0686,1.0867,1.1024,1.1175,1.1251
0.86991,0.85412,0.83781,0.83209,0.82497,0.82078,0.81427,0.81324,0.81512,0.81911,0.82797,0.83765,0.84973,0.87,0.88726,0.91284,0.93486,0.9569,0.98425,0.988,0.99479,1.0083,1.029,1.0524,1.0718,1.0891,1.1034,1.1195,1.1285
0.87685,0.86466,0.84367,0.83701,0.83041,0.82773,0.81972,0.81817,0.82096,0.82279,0.831,0.84093,0.85231,0.87,0.88773,0.91239,0.93443,0.9565,0.98464,0.98839,0.99518,1.0087,1.029,1.054,1.0745,1.0914,1.1052,1.1205,1.132
0.88836,0.87143,0.85059,0.84259,0.83694,0.83376,0.82673,0.8249,0.82692,0.82814,0.83454,0.84404,0.85705,0.87223,0.88884,0.91224,0.934,0.95609,0.98485,0.98877,0.99556,1.009,1.0303,1.054,1.0772,1.0934,1.1084,1.1214,1.1354
0.89373,0.87409,0.85994,0.8468,0.84457,0.83608,0.83727,0.83175,0.83334,0.83417,0.83912,0.84688,0.86184,0.87477,0.89078,0.91408,0.93531,0.957,0.98325,0.98883,0.99595,1.0094,1.0321,1.054,1.079,1.0947,1.1117,1.1233,1.1388
0.89689,0.8819,0.87037,0.85336,0.85158,0.84289,0.84213,0.83677,0.8384,0.83794,0.84443,0.85109,0.86666,0.87916,0.89272,0.91593,0.93663,0.95826,0.98166,0.98843,0.99669,1.0098,1.0339,1.0542,1.079,1.096,1.1148,1.1265,1.1422
0.9001,0.88971,0.87635,0.86083,0.8484,0.84865,0.84555,0.84106,0.84258,0.8429,0.84876,0.85619,0.8684,0.88374,0.89469,0.91645,0.937,0.96007,0.9798,0.98804,0.99748,1.0104,1.0333,1.0546,1.079,1.0973,1.1174,1.1298,1.146
0.9041,0.8969,0.88416,0.86777,0.84944,0.854,0.84997,0.84597,0.84526,0.84931,0.85228,0.85992,0.86894,0.88301,0.89683,0.91692,0.937,0.96264,0.97775,0.98763,0.99746,1.0112,1.0325,1.0549,1.0785,1.0983,1.12,1.1331,1.1501
0.90982,0.90198,0.89177,0.87386,0.85966,0.85924,0.85513,0.85144,0.84898,0.85343,0.85351,0.86327,0.87198,0.88212,0.89933,0.9174,0.93722,0.965,0.97619,0.98722,0.99585,1.012,1.0322,1.0556,1.0775,1.0993,1.1219,1.1366,1.1541
0.91662,0.90589,0.89584,0.88144,0.87121,0.86235,0.85893,0.85662,0.85382,0.85665,0.85665,0.86563,0.87516,0.8848,0.90134,0.91788,0.93768,0.965,0.97745,0.98758,0.99423,1.0105,1.033,1.0563,1.0764,1.1001,1.1216,1.1401,1.158
0.919,0.90976,0.89844,0.88824,0.87753,0.8617,0.86272,0.86105,0.86068,0.85862,0.86107,0.86777,0.87686,0.8873,0.90238,0.91986,0.93815,0.965,0.97871,0.9888,0.994,1.0089,1.0337,1.057,1.0764,1.1005,1.1213,1.1434,1.1615
0.91912,0.91258,0.90322,0.89128,0.87998,0.86509,0.86804,0.86609,0.86427,0.86333,0.86748,0.86961,0.87859,0.88893,0.90342,0.92232,0.93862,0.96293,0.98032,0.99,0.994,1.008,1.0337,1.0578,1.0771,1.1008,1.1213,1.1457,1.1649
0.92359,0.91632,0.91022,0.89709,0.88586,0.87259,0.8696,0.86988,0.86766,0.8683,0.87216,0.87583,0.88036,0.89119,0.90448,0.92228,0.93909,0.96024,0.98203,0.99,0.994,1.008,1.0334,1.0585,1.0779,1.1013,1.123,1.1479,1.1681
0.92651,0.92347,0.91423,0.90351,0.89312,0.88072,0.87118,0.87403,0.87197,0.87241,0.87472,0.8823,0.88438,0.89459,0.90662,0.92128,0.93957,0.95925,0.98319,0.99,0.994,1.008,1.033,1.0589,1.0786,1.102,1.1247,1.15,1.1691
0.9308,0.924,0.91605,0.90722,0.89966,0.88831,0.87471,0.88084,0.877,0.87712,0.87679,0.88414,0.88969,0.898,0.90983,0.92175,0.94033,0.95971,0.98363,0.9903,0.994,1.008,1.0326,1.0585,1.0793,1.1027,1.1262,1.1504,1.17
0.93472,0.924,0.92051,0.91178,0.90413,0.8957,0.88032,0.881,0.88078,0.88112,0.88041,0.88534,0.8917,0.9014,0.91309,0.92278,0.94328,0.96034,0.98407,0.99073,0.994,1.008,1.0322,1.0581,1.08,1.1034,1.1268,1.1507,1.171
0.93901,0.92932,0.921,0.91785,0.90722,0.89974,0.88608,0.87891,0.88431,0.88393,0.88645,0.88598,0.89352,0.90295,0.91637,0.9255,0.94592,0.96128,0.98452,0.99066,0.994,1.0072,1.0313,1.0577,1.0796,1.1041,1.1275,1.151,1.1713
0.941,0.93435,0.92652,0.92236,0.91145,0.90269,0.89427,0.87987,0.8896,0.88681,0.89187,0.8924,0.89536,0.90428,0.91835,0.92866,0.94492,0.96222,0.98497,0.98976,0.9957,1.006,1.0301,1.0573,1.0792,1.1048,1.1281,1.1513,1.1716
0.94234,0.936,0.93141,0.923,0.91492,0.90712,0.90053,0.88739,0.8886,0.89059,0.895,0.89659,0.89928,0.90723,0.91999,0.92996,0.94412,0.96319,0.98585,0.98887,0.9979,1.0055,1.029,1.0568,1.0789,1.1047,1.1285,1.1517,1.172
0.95008,0.93815,0.933,0.92363,0.91923,0.91322,0.90396,0.89696,0.888,0.89553,0.895,0.8979,0.90412,0.90974,0.91943,0.93106,0.94567,0.9644,0.98677,0.98794,0.99786,1.0077,1.0295,1.0556,1.0785,1.1044,1.1288,1.152,1.1726
0.96498,0.94276,0.93424,0.92886,0.92214,0.91496,0.90661,0.90311,0.88975,0.90216,0.89918,0.90048,0.90604,0.91158,0.91944,0.93324,0.94715,0.96686,0.98629,0.98702,0.99559,1.0099,1.0299,1.0544,1.0781,1.104,1.1284,1.1513,1.1732
0.97896,0.946,0.936,0.9339,0.9248,0.91923,0.91082,0.905,0.89543,0.90042,0.90305,0.90438,0.9093,0.91674,0.92121,0.93578,0.94821,0.96894,0.98536,0.98928,0.99428,1.0091,1.0303,1.0532,1.0783,1.1036,1.1269,1.1506,1.1739
0.99259,0.94874,0.93729,0.93602,0.92797,0.92357,0.91505,0.90758,0.90261,0.89659,0.90626,0.90986,0.91389,0.92227,0.9246,0.93975,0.949,0.96844,0.9835,0.99162,0.99521,1.0082,1.0307,1.052,1.0787,1.1032,1.1255,1.15,1.1743
1.0105,0.96235,0.9419,0.93873,0.93193,0.92674,0.92095,0.91335,0.90593,0.89538,0.90774,0.91137,0.91592,0.92415,0.92932,0.94151,0.949,0.9682,0.98109,0.9928,0.99615,1.0063,1.0301,1.0508,1.0788,1.1026,1.1241,1.15,1.1746
1.0293,0.98061,0.94641,0.941,0.9364,0.92985,0.92414,0.919,0.91016,0.90574,0.90557,0.912,0.917,0.925,0.93158,0.94037,0.94985,0.96975,0.98165,0.99375,0.99711,1.004,1.0279,1.05,1.0776,1.1015,1.1226,1.15,1.1749
1.0444,0.99491,0.95035,0.94143,0.93965,0.932,0.92732,0.919,0.9159,0.90827,0.90472,0.91247,0.917,0.925,0.93286,0.9404,0.95208,0.971,0.98465,0.99255,0.99785,1.0035,1.0261,1.0491,1.0764,1.1003,1.1211,1.1499,1.1747
1.0601,1.0076,0.96418,0.946,0.93821,0.93266,0.93124,0.92116,0.921,0.91012,0.90694,0.91616,0.92176,0.92435,0.93224,0.94098,0.954,0.971,0.98572,0.99058,0.9954,1.0045,1.027,1.0483,1.0743,1.0983,1.1224,1.1495,1.1744
1.0764,1.0251,0.978,0.946,0.94098,0.93534,0.93337,0.92606,0.921,0.91434,0.91224,0.91814,0.9255,0.92525,0.93354,0.94276,0.9557,0.97035,0.98522,0.98964,0.99304,1.0064,1.0279,1.0474,1.0719,1.0959,1.1239,1.1492,1.174
1.0923,1.0429,0.99224,0.9494,0.94648,0.93804,0.93257,0.93124,0.92478,0.92052,0.913,0.91837,0.92816,0.92793,0.93611,0.94438,0.95743,0.96817,0.985,0.98913,0.99454,1.0093,1.0271,1.0475,1.0698,1.0941,1.1243,1.1478,1.1727
1.1077,1.0584,1.0098,0.96237,0.947,0.94265,0.93541,0.934,0.92896,0.92298,0.91731,0.91721,0.9296,0.93268,0.93867,0.94561,0.95895,0.96881,0.985,0.99014,0.996,1.0102,1.0262,1.0483,1.0689,1.0945,1.1217,1.1452,1.1713
1.1241,1.0737,1.0245,0.97543,0.94627,0.9463,0.93988,0.93492,0.931,0.92544,0.92283,0.91948,0.92793,0.935,0.93968,0.94937,0.95836,0.97271,0.9874,0.9917,0.996,1.0083,1.0246,1.0484,1.0681,1.0949,1.119,1.1426,1.1698
1.1413,1.0906,1.0377,0.98936,0.95183,0.947,0.94435,0.93915,0.93253,0.93055,0.92523,0.92239,0.925,0.93517,0.93901,0.95389,0.95872,0.97514,0.99109,0.992,0.99581,1.0062,1.0227,1.0462,1.0676,1.0944,1.1165,1.1414,1.1677
1.1576,1.1041,1.0549,1.006,0.96297,0.947,0.94806,0.94175,0.93707,0.93546,0.92769,0.92515,0.92204,0.93805,0.94365,0.95196,0.96052,0.97684,0.98912,0.992,0.9937,1.0042,1.023,1.044,1.0672,1.0936,1.1141,1.1407,1.1655
1.1739,1.1205,1.0766,1.0237,0.9744,0.94866,0.94768,0.94443,0.94298,0.938,0.93443,0.92791,0.92733,0.93804,0.94737,0.951,0.96281,0.97648,0.9853,0.992,0.99242,1.0034,1.0244,1.044,1.0675,1.0921,1.1119,1.1399,1.164
1.1903,1.1401,1.0926,1.0401,0.98641,0.95238,0.947,0.945,0.94211,0.93853,0.9386,0.93189,0.93006,0.93618,0.94994,0.951,0.965,0.97569,0.98657,0.99196,0.99461,1.0045,1.0247,1.044,1.0684,1.0887,1.1115,1.1387,1.164
1.2058,1.1562,1.102,1.0545,1.0034,0.96056,0.94938,0.945,0.942,0.94104,0.93927,0.93355,0.93192,0.93323,0.94854,0.95491,0.965,0.97392,0.98827,0.9914,0.99661,1.0045,1.0242,1.0436,1.0677,1.0853,1.1111,1.1375,1.164
1.2221,1.1702,1.1169,1.0663,1.0239,0.9741,0.95314,0.94844,0.94461,0.94278,0.93882,0.93577,0.93417,0.9344,0.94627,0.957,0.96533,0.97389,0.98997,0.991,0.99828,1.0034,1.0231,1.0431,1.0641,1.0846,1.1107,1.1359,1.1628
1.2381,1.1869,1.1356,1.0882,1.0377,0.9892,0.955,0.952,0.94761,0.943,0.94215,0.93986,0.93577,0.93636,0.94372,0.957,0.96597,0.97573,0.98936,0.991,0.99739,1.0041,1.0215,1.0414,1.0607,1.0842,1.1103,1.1339,1.1609
1.2552,1.2024,1.1548,1.1072,1.0498,1.0053,0.95747,0.952,0.949,0.94487,0.94467,0.94353,0.93804,0.93908,0.94224,0.96048,0.966,0.9781,0.98523,0.9913,0.99456,1.0057,1.021,1.0394,1.0588,1.0837,1.1094,1.1319,1.1591
1.2738,1.2185,1.1712,1.1192,1.0675,1.0218,0.96898,0.95263,0.94997,0.94853,0.94349,0.942,0.94244,0.94296,0.94327,0.95922,0.96724,0.97956,0.98527,0.99189,0.99446,1.0055,1.021,1.039,1.057,1.0833,1.1073,1.1286,1.1556
1.2886,1.2361,1.1839,1.1299,1.0853,1.0344,0.98768,0.95592,0.95312,0.951,0.94612,0.942,0.946,0.94458,0.94322,0.95439,0.96993,0.97764,0.9871,0.99299,0.99518,1.005,1.0206,1.039,1.057,1.082,1.1051,1.1253,1.152
1.3039,1.2545,1.199,1.1475,1.1025,1.0526,1.0047,0.96246,0.957,0.95179,0.95045,0.94962,0.94574,0.945,0.94245,0.95007,0.97065,0.97787,0.98956,0.994,0.99759,1.0056,1.02,1.0373,1.057,1.0797,1.1016,1.1237,1.1498
1.3207,1.2704,1.2171,1.1674,1.1186,1.0677,1.0184,0.9705,0.957,0.95478,0.95228,0.95382,0.9441,0.94615,0.94478,0.949,0.96864,0.97928,0.991,0.994,0.99776,1.0054,1.02,1.0352,1.055,1.0771,1.0981,1.1233,1.1494
1.3401,1.2853,1.2359,1.1846,1.1334,1.0825,1.0321,0.98311,0.957,0.9589,0.95216,0.95408,0.95033,0.94856,0.94991,0.9503,0.96363,0.98124,0.991,0.99306,0.99475,1.0037,1.0198,1.0331,1.053,1.0737,1.0957,1.1229,1.149
1.3544,1.3011,1.2511,1.2006,1.1485,1.0988,1.0477,1.001,0.96127,0.95711,0.95649,0.953,0.95453,0.95101,0.95347,0.95324,0.95716,0.98076,0.991,0.99118,0.99447,1.0026,1.0181,1.031,1.053,1.0707,1.0939,1.1225,1.147
1.3707,1.3182,1.2669,1.2163,1.1648,1.1151,1.0651,1.0191,0.9674,0.957,0.95996,0.95261,0.95552,0.95347,0.955,0.95551,0.95549,0.97848,0.99015,0.991,0.995,1.002,1.0164,1.0316,1.0529,1.0693,1.0923,1.122,1.1449
1.389,1.3357,1.2821,1.2326,1.1817,1.1282,1.0834,1.0345,0.98493,0.957,0.95912,0.95133,0.95434,0.95532,0.95517,0.95478,0.95764,0.97426,0.98687,0.991,0.995,1.0032,1.0146,1.0319,1.0492,1.068,1.0909,1.1156,1.1414
1.4075,1.3536,1.2974,1.2477,1.1963,1.1444,1.1011,1.0484,1.0036,0.95903,0.95745,0.9558,0.95378,0.956,0.95677,0.9567,0.96294,0.96947,0.98846,0.991,0.99578,1.0035,1.0148,1.0313,1.0458,1.068,1.0889,1.1089,1.1367
1.4236,1.3708,1.3144,1.2636,1.2077,1.1619,1.1142,1.0634,1.0163,0.96958,0.957,0.95931,0.95732,0.956,0.9577,0.96117,0.96151,0.96669,0.99015,0.9932,0.997,1.0023,1.016,1.0302,1.0442,1.0673,1.086,1.106,1.1323
1.4385,1.3858,1.3319,1.2794,1.224,1.1788,1.1258,1.0803,1.0282,0.98638,0.96004,0.96212,0.96165,0.95659,0.958,0.96196,0.96203,0.96883,0.98672,0.99303,0.997,1.002,1.016,1.0285,1.0435,1.0631,1.0837,1.1046,1.1287
1.4548,1.3993,1.3498,1.2957,1.2459,1.1937,1.1407,1.0979,1.0464,1.0014,0.96351,0.96238,0.9604,0.9591,0.9591,0.96044,0.96388,0.969,0.97774,0.98683,0.99277,1.002,1.0154,1.0284,1.0451,1.0601,1.0827,1.104,1.1251
1.4805,1.4145,1.3674,1.3135,1.2647,1.2097,1.16,1.1113,1.0641,1.0148,0.96969,0.962,0.96,0.9617,0.96061,0.96,0.96585,0.96734,0.971,0.98051,0.98575,1.002,1.0135,1.029,1.0452,1.0607,1.0817,1.104,1.125
1.5114,1.4329,1.3826,1.3296,1.2802,1.2261,1.1796,1.1262,1.0767,1.0292,0.98296,0.962,0.96281,0.962,0.95944,0.9621,0.96426,0.96556,0.97102,0.97731,0.98294,0.99848,1.013,1.0302,1.0435,1.0602,1.0807,1.1031,1.125
1.5538,1.4539,1.399,1.3446,1.2927,1.2418,1.1943,1.1421,1.0923,1.0449,0.99959,0.96333,0.96363,0.96073,0.96534,0.96548,0.96597,0.96789,0.9747,0.97784,0.98004,0.99264,1.013,1.0295,1.0408,1.058,1.0789,1.1011,1.1239
1.5964,1.4768,1.4169,1.3587,1.31,1.2573,1.2073,1.1576,1.1068,1.0608,1.0139,0.96982,0.962,0.96267,0.96826,0.96694,0.96605,0.97096,0.97696,0.97489,0.97719,0.98351,1.013,1.0251,1.038,1.0554,1.0757,1.0984,1.1225
1.637,1.5038,1.4337,1.3762,1.3266,1.2771,1.2229,1.1703,1.1225,1.0781,1.0278,0.98402,0.96362,0.965,0.96354,0.96609,0.965,0.97355,0.97823,0.97508,0.97424,0.98318,1.0081,1.0221,1.038,1.0526,1.0732,1.0949,1.1199
1.6777,1.5414,1.4481,1.3948,1.3415,1.2935,1.2383,1.187,1.1403,1.0924,1.0443,0.99649,0.96845,0.96443,0.96252,0.96452,0.9658,0.97376,0.97898,0.97739,0.97537,0.98433,1.0007,1.02,1.0374,1.0529,1.0716,1.0914,1.1165
1.7169,1.5826,1.4649,1.4131,1.3556,1.3088,1.2531,1.2065,1.1568,1.105,1.0586,1.009,0.97145,0.96353,0.96685,0.96582,0.97154,0.9708,0.97749,0.98083,0.97832,0.98483,0.99294,1.02,1.0355,1.054,1.07,1.0877,1.1122
1.7568,1.6264,1.4962,1.43,1.3739,1.324,1.2729,1.2244,1.1719,1.1186,1.0747,1.0231,0.97975,0.96633,0.96881,0.967,0.97046,0.96916,0.97594,0.97779,0.9812,0.98179,0.9899,1.0171,1.035,1.0521,1.0683,1.0848,1.1072
1.7984,1.6695,1.536,1.4452,1.3941,1.3427,1.2899,1.2397,1.1876,1.1369,1.0915,1.0413,0.9938,0.97094,0.96568,0.967,0.97,0.969,0.97439,0.97872,0.98196,0.981,0.9898,1.0122,1.035,1.0502,1.0648,1.0827,1.1038
1.8436,1.7127,1.5778,1.4586,1.4099,1.3575,1.3053,1.2503,1.2026,1.1576,1.1078,1.0592,1.0121,0.971,0.97,0.96763,0.97134,0.97179,0.97334,0.97926,0.98049,0.98196,0.99194,1.006,1.035,1.0477,1.0609,1.0809,1.1018
1.8856,1.7539,1.6174,1.4899,1.4238,1.3718,1.3198,1.2681,1.218,1.1702,1.1202,1.0746,1.0272,0.9782,0.9709,0.97,0.97238,0.97513,0.97573,0.97769,0.98,0.984,0.992,1.0021,1.0293,1.0449,1.0592,1.0793,1.1007
1.925,1.7947,1.6567,1.5266,1.4392,1.3865,1.3386,1.2863,1.2368,1.1845,1.1333,1.0877,1.04,0.99588,0.96692,0.97,0.971,0.97617,0.97817,0.97605,0.98,0.984,0.99105,0.99929,1.0197,1.042,1.058,1.0776,1.1001
1.9652,1.8326,1.6976,1.5697,1.4606,1.4047,1.3544,1.3022,1.2513,1.2005,1.1493,1.1054,1.0544,1.0111,0.97094,0.97336,0.97095,0.973,0.97791,0.97906,0.97987,0.98271,0.98957,0.99642,1.0121,1.042,1.058,1.0759,1.0972
2.0055,1.8713,1.7406,1.6101,1.4886,1.4229,1.3685,1.3165,1.267,1.2176,1.1674,1.1218,1.071,1.0245,0.98168,0.97326,0.97009,0.973,0.97623,0.97824,0.97905,0.982,0.98805,0.99349,1.009,1.0382,1.058,1.0748,1.0935
2.0475,1.9135,1.7836,1.6503,1.5202,1.4403,1.3833,1.334,1.2827,1.2333,1.1844,1.1339,1.0864,1.0398,0.99424,0.97178,0.97,0.973,0.975,0.977,0.979,0.98152,0.9865,0.99309,1.0083,1.0311,1.058,1.0734,1.0902
2.0927,1.9561,1.8254,1.6916,1.5589,1.4542,1.4012,1.3518,1.2989,1.2485,1.1968,1.1475,1.1019,1.0555,1.0072,0.97367,0.97271,0.97486,0.97529,0.97776,0.97783,0.97997,0.98494,0.99553,1.004,1.0237,1.058,1.0716,1.0869
2.1377,2.0003,1.867,1.7332,1.5981,1.4762,1.4191,1.3672,1.3133,1.2631,1.2139,1.1626,1.1185,1.0677,1.0226,0.98071,0.97573,0.976,0.9795,0.97985,0.97821,0.97915,0.98496,0.99856,1.0019,1.0186,1.0527,1.0681,1.0857
2.1791,2.0437,1.9096,1.7744,1.6356,1.5061,1.4365,1.3845,1.3299,1.2791,1.2297,1.1787,1.1325,1.0812,1.0394,0.99253,0.97523,0.97529,0.97853,0.97811,0.97947,0.98034,0.98734,0.9952,1.001,1.0158,1.0411,1.064,1.084
2.2194,2.0829,1.9524,1.8145,1.6786,1.5489,1.4539,1.3996,1.3484,1.2954,1.2453,1.1978,1.1466,1.1014,1.0533,1.0061,0.97408,0.97467,0.97679,0.978,0.978,0.98246,0.98973,0.99136,1.0009,1.013,1.0306,1.0628,1.081
2.2597,2.1221,1.99,1.8535,1.7207,1.59,1.4732,1.4126,1.3638,1.3105,1.2604,1.2151,1.1627,1.1169,1.0668,1.0188,0.97952,0.977,0.97836,0.97995,0.978,0.98258,0.98493,0.98956,0.99794,1.011,1.0244,1.0591,1.0784
2.3001,2.1636,2.0288,1.8952,1.7633,1.631,1.5001,1.431,1.3802,1.3262,1.2808,1.2294,1.1802,1.13,1.0822,1.0367,0.99225,0.97694,0.98032,0.97842,0.9821,0.97961,0.98191,0.99196,0.99862,1.0096,1.023,1.0521,1.076
2.3414,2.2052,2.0704,1.9379,1.8062,1.6729,1.5372,1.449,1.3976,1.3448,1.296,1.2418,1.1928,1.1439,1.0986,1.0543,1.0042,0.97337,0.979,0.976,0.98164,0.97809,0.98215,0.99044,1,1.0081,1.0195,1.0425,1.0718
2.3832,2.2472,2.1111,1.9814,1.8486,1.7163,1.577,1.4674,1.4147,1.363,1.3094,1.2563,1.2073,1.1607,1.114,1.0677,1.0216,0.97624,0.979,0.97675,0.97991,0.98069,0.984,0.9888,0.99944,1.0052,1.0172,1.0342,1.0665
2.4248,2.2901,2.1549,2.0241,1.8908,1.7573,1.6219,1.4946,1.4295,1.3795,1.3219,1.2766,1.2242,1.1766,1.1271,1.0815,1.0381,0.98733,0.979,0.97938,0.979,0.981,0.98428,0.99009,0.99478,1.0031,1.0155,1.0295,1.0594
2.466,2.3324,2.1996,2.0661,1.9327,1.7978,1.6644,1.53,1.4433,1.3937,1.3401,1.2933,1.2438,1.1929,1.1404,1.0969,1.0493,1.0011,0.97728,0.982,0.979,0.981,0.98849,0.99253,0.994,1.0026,1.0126,1.0266,1.0511
2.5081,2.3734,2.2418,2.1072,1.974,1.8357,1.7058,1.5722,1.4567,1.408,1.3585,1.3077,1.2582,1.2089,1.1604,1.1127,1.0635,1.0169,0.98083,0.982,0.97862,0.9825,0.9875,0.99061,0.99353,1.0049,1.0097,1.0253,1.0437
2.5248,2.4143,2.2822,2.1475,2.0153,1.8748,1.7461,1.6144,1.4852,1.424,1.3755,1.3232,1.2739,1.2245,1.178,1.1243,1.0806,1.0327,0.98841,0.982,0.97737,0.98326,0.98338,0.98472,0.993,1.0035,1.008,1.0257,1.039
2.5304,2.4558,2.3234,2.1878,2.0556,1.917,1.7872,1.6553,1.5208,1.4409,1.3905,1.3386,1.29,1.2404,1.1923,1.1415,1.0961,1.0453,1.0004,0.98888,0.98185,0.98059,0.981,0.98775,0.99345,0.99802,1.0081,1.0192,1.0358
2.5358,2.4964,2.3643,2.2283,2.0948,1.9598,1.8288,1.6967,1.5626,1.459,1.4052,1.3531,1.3043,1.2554,1.2054,1.1579,1.1088,1.0592,1.016,1.001,0.99415,0.97781,0.98202,0.9878,0.99672,0.994,1.0089,1.016,1.0335
2.523,2.5225,2.4053,2.2693,2.1346,2.004,1.8705,1.7373,1.6039,1.4844,1.4205,1.3666,1.3198,1.2709,1.221,1.1717,1.1235,1.0727,1.0321,1.0169,1.008,0.98288,0.98359,0.98656,0.9925,0.99479,1.0077,1.0158,1.0321
2.5102,2.5304,2.4458,2.3093,2.1757,2.0476,1.9132,1.7781,1.6437,1.515,1.4379,1.3842,1.3352,1.2863,1.2366,1.1857,1.1394,1.0855,1.0446,1.0327,1.0221,0.99538,0.982,0.986,0.98861,0.99879,1.0053,1.018,1.0293
2.5039,2.5384,2.4867,2.3523,2.2169,2.089,1.9557,1.8196,1.6871,1.5543,1.4553,1.402,1.3502,1.301,1.2525,1.202,1.155,1.1013,1.0584,1.0453,1.035,1.0095,0.982,0.98565,0.98921,0.99589,1.0022,1.0111,1.0248
2.5058,2.5286,2.5203,2.3953,2.2599,2.1303,1.9957,1.8612,1.7285,1.5941,1.4754,1.4202,1.3635,1.3162,1.2675,1.2175,1.1702,1.1177,1.0719,1.0594,1.0479,1.0235,0.98645,0.98422,0.99046,0.9944,0.99904,1.009,1.0197
2.5077,2.5142,2.5264,2.4379,2.3028,2.1697,2.037,1.9017,1.7684,1.6348,1.5023,1.435,1.3814,1.3313,1.2829,1.233,1.187,1.1334,1.0884,1.0762,1.0624,1.0374,0.99573,0.98869,0.98685,0.994,1.0015,1.0099,1.0182
2.5117,2.5035,2.5324,2.4805,2.3449,2.209,2.0765,1.9419,1.8097,1.6778,1.5431,1.451,1.3995,1.3463,1.2977,1.2506,1.2026,1.1499,1.1054,1.09,1.0791,1.0508,1.0086,0.98496,0.98604,0.994,1.002,1.0113,1.0167
2.516,2.5058,2.5278,2.524,2.3866,2.2507,2.1148,1.983,1.852,1.7198,1.5845,1.4697,1.4163,1.3638,1.3125,1.269,1.2157,1.1667,1.12,1.1033,1.0926,1.0643,1.0214,0.98612,0.98865,0.99371,0.9987,1.0049,1.0152
2.5197,2.5082,2.5154,2.53,2.4286,2.2936,2.1567,2.0232,1.8943,1.7607,1.6253,1.4967,1.4311,1.3802,1.3279,1.2845,1.23,1.1803,1.1326,1.1201,1.1058,1.0804,1.0355,0.99508,0.989,0.99203,0.99469,1.0026,1.0136
2.522,2.5114,2.503,2.5361,2.4708,2.3366,2.1991,2.0654,1.9362,1.8016,1.6672,1.5325,1.447,1.3961,1.343,1.2969,1.2455,1.1927,1.149,1.1381,1.1233,1.0964,1.0512,1.0065,0.989,0.9903,0.99444,1.002,1.0121
2.5243,2.5152,2.5073,2.5352,2.5119,2.3792,2.2414,2.1092,1.9775,1.8421,1.7103,1.5757,1.4645,1.4142,1.3605,1.3092,1.2606,1.2069,1.1658,1.1492,1.1396,1.1117,1.0649,1.0179,0.99063,0.98928,0.99696,1.002,1.0105
2.5263,2.5191,2.5115,2.5216,2.5254,2.4216,2.2841,2.1523,2.0188,1.8824,1.7517,1.6208,1.4931,1.4309,1.3785,1.3245,1.2792,1.2263,1.1793,1.1623,1.1523,1.1251,1.0775,1.0327,0.99652,0.989,0.997,1.0025,1.0088
2.5282,2.521,2.515,2.508,2.531,2.4604,2.3268,2.1948,2.0589,1.9221,1.7926,1.6627,1.5273,1.4459,1.3964,1.3422,1.2962,1.2422,1.1944,1.1817,1.1667,1.1387,1.0952,1.05,1.0058,0.99094,0.99346,1.005,1.0076
2.5303,2.5229,2.5172,2.5062,2.5347,2.5,2.3677,2.2367,2.098,1.9625,1.8332,1.7012,1.5676,1.4559,1.4107,1.3589,1.3106,1.2555,1.211,1.1975,1.1853,1.1542,1.1092,1.0677,1.0159,0.99263,0.99367,0.99834,1.0066
2.5344,2.5251,2.5196,2.5077,2.5219,2.5222,2.4087,2.2776,2.138,2.0043,1.874,1.7406,1.6079,1.4818,1.4244,1.3741,1.3221,1.2694,1.2253,1.2096,1.1991,1.1708,1.1241,1.0801,1.0344,0.99473,0.99415,0.997,1.005
2.5387,2.5274,2.52,2.5093,2.5091,2.5282,2.4491,2.3177,2.1791,2.0468,1.9167,1.7815,1.6482,1.5155,1.4385,1.3885,1.3381,1.2893,1.2379,1.2259,1.2134,1.1875,1.1408,1.0929,1.0513,1.0052,0.99124,0.997,1.0033
2.5419,2.5296,2.52,2.5113,2.505,2.5343,2.4901,2.3587,2.2205,2.0905,1.959,1.8231,1.6903,1.5604,1.4565,1.4052,1.3567,1.303,1.2539,1.2416,1.2307,1.2015,1.1569,1.1063,1.0608,1.0182,0.98814,0.99621,1.003
2.5438,2.5336,2.5208,2.5132,2.5089,2.5241,2.5208,2.3996,2.2634,2.134,1.9991,1.8647,1.7316,1.6024,1.4802,1.4221,1.3757,1.3158,1.2716,1.2551,1.2451,1.2163,1.168,1.1205,1.077,1.0312,0.99386,0.99447,1.0002
2.5456,2.5378,2.5247,2.5165,2.5128,2.5117,2.5269,2.4409,2.3064,2.1755,2.0403,1.905,1.7728,1.643,1.5104,1.4395,1.3873,1.3291,1.2876,1.2685,1.2598,1.2316,1.1807,1.1369,1.0941,1.048,1.0025,0.993,0.99763
2.5476,2.5414,2.5285,2.5206,2.5152,2.5037,2.5329,2.482,2.3483,2.2171,2.0809,1.9452,1.8139,1.6824,1.5479,1.455,1.4009,1.3481,1.3003,1.2877,1.2753,1.246,1.1958,1.1536,1.1078,1.0624,1.0181,0.99314,0.9977
2.5495,2.5433,2.5322,2.5249,2.5175,2.506,2.5268,2.5195,2.3901,2.2583,2.1228,1.9864,1.8555,1.723,1.5878,1.4728,1.4183,1.3659,1.3153,1.3027,1.2903,1.2612,1.2133,1.1655,1.1168,1.075,1.0339,0.99747,0.9998
2.5515,2.5452,2.536,2.5288,2.5199,2.5084,2.5144,2.5255,2.4321,2.2986,2.1631,2.0265,1.8979,1.7629,1.6287,1.4997,1.4364,1.3822,1.3323,1.3183,1.3013,1.2764,1.2323,1.1805,1.1324,1.0874,1.044,1.002,0.99806
2.5537,2.5471,2.5399,2.5326,2.5222,2.5104,2.5033,2.5316,2.4742,2.3392,2.2033,2.0689,1.9406,1.8033,1.6706,1.5386,1.4524,1.3967,1.3503,1.3337,1.3191,1.2917,1.244,1.197,1.1501,1.1017,1.0569,1.0162,0.99367
2.556,2.549,2.5423,2.5357,2.5245,2.5123,2.5076,2.5299,2.5153,2.3802,2.2442,2.1129,1.9826,1.8455,1.7139,1.5842,1.466,1.4107,1.3639,1.3485,1.3378,1.3065,1.2575,1.2138,1.1644,1.1197,1.0745,1.0304,0.99666
2.5589,2.551,2.5446,2.5377,2.5264,2.5144,2.5119,2.5183,2.5275,2.421,2.2848,2.1558,2.0235,1.8878,1.7551,1.6261,1.4957,1.4244,1.3765,1.3627,1.356,1.3253,1.2729,1.2258,1.178,1.1349,1.0905,1.0433,1.0037
2.5623,2.5551,2.5467,2.5395,2.5283,2.5183,2.5151,2.5066,2.535,2.4614,2.3259,2.1983,2.0643,1.9297,1.796,1.6659,1.5302,1.4385,1.391,1.3779,1.3696,1.3409,1.2884,1.2399,1.1933,1.1477,1.1031,1.0582,1.015
2.5657,2.5592,2.5486,2.5417,2.5303,2.5222,2.5174,2.5063,2.5383,2.5027,2.3689,2.2401,2.1053,1.9718,1.8365,1.7044,1.5701,1.4564,1.4104,1.3958,1.3841,1.3522,1.3032,1.2557,1.2103,1.1622,1.1154,1.0755,1.0307
2.5698,2.5625,2.5505,2.544,2.5327,2.5263,2.5198,2.5078,2.5236,2.5227,2.4119,2.2809,2.1455,2.0131,1.8775,1.7449,1.6108,1.4802,1.4289,1.4099,1.3994,1.3655,1.3205,1.2742,1.2253,1.1793,1.1312,1.0881,1.0466
2.574,2.564,2.5535,2.5463,2.535,2.5305,2.5217,2.51,2.5088,2.5287,2.4543,2.3211,2.1849,2.0535,1.9203,1.7851,1.653,1.5103,1.4437,1.4253,1.4142,1.3822,1.3384,1.286,1.2401,1.1956,1.148,1.1012,1.0563
2.5775,2.5655,2.557,2.5486,2.538,2.5347,2.5236,2.5139,2.5044,2.5348,2.4973,2.3621,2.2246,2.0926,1.9623,1.8265,1.6944,1.5479,1.4574,1.4428,1.4277,1.4004,1.3497,1.2999,1.2558,1.2069,1.1637,1.1131,1.0723
2.5794,2.5678,2.5603,2.5509,2.5418,2.5371,2.5256,2.5177,2.5067,2.5231,2.5263,2.403,2.266,2.1324,2.0025,1.8681,1.7358,1.5885,1.4774,1.4608,1.4409,1.4152,1.3631,1.3163,1.272,1.2212,1.1757,1.1274,1.0846
2.5812,2.5705,2.5634,2.553,2.5456,2.5394,2.5275,2.5205,2.5091,2.5106,2.5324,2.4443,2.3085,2.174,2.0437,1.9108,1.7763,1.63,1.5077,1.4828,1.4577,1.4308,1.3787,1.3359,1.2837,1.2374,1.1882,1.1446,1.0974
2.5831,2.5732,2.5664,2.5548,2.5491,2.5416,2.5294,2.5228,2.5129,2.5046,2.5384,2.4853,2.3526,2.2155,2.0844,1.9535,1.8173,1.6712,1.5472,1.5097,1.4836,1.4473,1.3964,1.3507,1.2967,1.2542,1.2049,1.1612,1.1134
2.585,2.5772,2.5689,2.5567,2.5526,2.5435,2.5313,2.5251,2.5167,2.5089,2.5299,2.5201,2.3959,2.2589,2.1262,1.9935,1.8589,1.7126,1.5867,1.5465,1.5171,1.4654,1.4134,1.365,1.3121,1.2689,1.2222,1.1772,1.1297
2.5869,2.5814,2.5707,2.5599,2.5558,2.5454,2.5332,2.527,2.5198,2.5132,2.5163,2.5265,2.438,2.3012,2.1687,2.0347,1.9014,1.7565,1.6268,1.587,1.5588,1.4896,1.4297,1.3791,1.3315,1.2813,1.2372,1.1904,1.1427
2.5891,2.5847,2.5726,2.5633,2.5584,2.5473,2.5353,2.5289,2.5218,2.5156,2.5053,2.5329,2.4788,2.3426,2.2112,2.0731,1.9441,1.799,1.6703,1.6286,1.6003,1.518,1.4444,1.3934,1.3474,1.2934,1.247,1.2021,1.1579
2.5914,2.5865,2.5757,2.5664,2.561,2.5492,2.5395,2.5318,2.5237,2.5175,2.5068,2.5299,2.5188,2.3835,2.2526,2.1124,1.9861,1.8406,1.715,1.6698,1.6404,1.5566,1.4584,1.4073,1.3619,1.3082,1.2613,1.214,1.1734
2.5941,2.5884,2.5791,2.5683,2.563,2.5511,2.5437,2.5356,2.5259,2.519,2.5083,2.5181,2.5264,2.4244,2.2931,2.1543,2.0268,1.882,1.7556,1.7112,1.6809,1.5978,1.4788,1.4222,1.376,1.3275,1.278,1.2303,1.1877
2.5983,2.59,2.5823,2.5702,2.5645,2.5534,2.5475,2.5394,2.5282,2.519,2.5101,2.5061,2.5319,2.4647,2.3335,2.1968,2.0677,1.9221,1.7955,1.7536,1.7203,1.639,1.5092,1.4403,1.3905,1.3442,1.2962,1.2467,1.2007
2.6023,2.5915,2.5846,2.5734,2.566,2.5557,2.5509,2.5419,2.531,2.519,2.512,2.5078,2.5326,2.5061,2.3745,2.2391,2.1087,1.9623,1.8345,1.7976,1.7612,1.6803,1.5502,1.455,1.4043,1.3588,1.3112,1.2624,1.2154
2.6062,2.593,2.5868,2.5775,2.5686,2.5584,2.5543,2.5442,2.5351,2.5221,2.514,2.5109,2.5198,2.5245,2.4155,2.2817,2.15,2.0025,1.8751,1.8392,1.8021,1.722,1.5929,1.4723,1.4182,1.3729,1.3252,1.2773,1.2309
2.6099,2.5968,2.5897,2.5817,2.5713,2.5618,2.5571,2.5465,2.5394,2.5271,2.5182,2.5138,2.507,2.5324,2.4569,2.3245,2.1916,2.0436,1.9165,1.8806,1.8426,1.7659,1.6344,1.5024,1.4363,1.3869,1.3392,1.2928,1.2454
2.6135,2.6005,2.5934,2.5859,2.5735,2.5652,2.5598,2.5488,2.5422,2.532,2.5224,2.5161,2.5046,2.5394,2.4976,2.3655,2.2324,2.0843,1.9591,1.9208,1.884,1.8082,1.6743,1.5425,1.4537,1.4024,1.3537,1.3082,1.2592
2.614,2.6038,2.5972,2.59,2.575,2.5692,2.5624,2.5511,2.5441,2.5354,2.5264,2.5184,2.5069,2.525,2.5218,2.4064,2.2717,2.1261,2.0004,1.9612,1.9267,1.8498,1.7128,1.5846,1.4709,1.4195,1.3691,1.3226,1.2739
2.614,2.606,2.5995,2.593,2.5765,2.5734,2.5646,2.5531,2.546,2.5388,2.5302,2.5207,2.5092,2.5106,2.5279,2.4497,2.3121,2.1663,2.0417,2.0022,1.9683,1.8908,1.7539,1.6217,1.498,1.4347,1.3858,1.3362,1.2894
2.6144,2.6082,2.6013,2.593,2.5795,2.5773,2.5669,2.555,2.5479,2.5414,2.5341,2.523,2.5111,2.5041,2.5339,2.4929,2.355,2.2066,2.0831,2.0422,2.0087,1.931,1.794,1.6612,1.5327,1.4492,1.4044,1.3519,1.3049
2.6166,2.6114,2.6033,2.593,2.5833,2.5799,2.5686,2.5569,2.5498,2.5426,2.5364,2.5253,2.513,2.5064,2.5254,2.5265,2.397,2.2466,2.1246,2.0829,2.0502,1.971,1.8356,1.7034,1.5757,1.4629,1.4185,1.3685,1.3195
2.6189,2.6151,2.6055,2.5945,2.5871,2.5825,2.5697,2.5602,2.5525,2.5437,2.5383,2.5272,2.5159,2.5087,2.5138,2.5324,2.4384,2.2874,2.1641,2.1247,2.0917,2.0115,1.8774,1.7456,1.6161,1.4893,1.4318,1.3854,1.3331
2.6218,2.6188,2.6077,2.5971,2.5913,2.5847,2.5709,2.5636,2.5567,2.546,2.5401,2.5291,2.5198,2.5125,2.5054,2.5384,2.4796,2.3294,2.2034,2.165,2.1326,2.0525,1.9201,1.7882,1.6559,1.5233,1.4448,1.4002,1.3508
2.6255,2.6204,2.61,2.5997,2.5954,2.5861,2.573,2.5671,2.5608,2.5487,2.5404,2.531,2.5237,2.5163,2.5069,2.5326,2.5207,2.3724,2.2456,2.2052,2.1751,2.0935,1.9626,1.83,1.695,1.5651,1.4629,1.4122,1.3686
2.6292,2.6219,2.6122,2.603,2.5988,2.5877,2.5753,2.5709,2.5631,2.5513,2.5408,2.5329,2.5278,2.5195,2.5085,2.5179,2.5263,2.4154,2.2883,2.2461,2.2175,2.1349,2.0041,1.873,1.7355,1.6065,1.4859,1.4251,1.3841
2.6331,2.6238,2.6144,2.6063,2.6011,2.5894,2.578,2.5747,2.5646,2.5536,2.5432,2.5349,2.5321,2.5215,2.5115,2.5031,2.5316,2.4593,2.3306,2.2866,2.2577,2.1752,2.0447,1.9119,1.7764,1.6464,1.5128,1.4412,1.3936
2.6372,2.6267,2.6177,2.6097,2.6033,2.5913,2.5821,2.5775,2.5662,2.5559,2.5474,2.5388,2.5357,2.5234,2.5154,2.5049,2.5307,2.5023,2.3732,2.3279,2.2986,2.2154,2.0857,1.952,1.8171,1.6869,1.5521,1.4589,1.4073
2.6411,2.6297,2.6213,2.6133,2.6052,2.5932,2.5862,2.5798,2.5689,2.5591,2.5515,2.5431,2.5381,2.5262,2.5191,2.5069,2.5183,2.5278,2.4158,2.3709,2.3397,2.2575,2.1267,1.9933,1.8577,1.7269,1.5932,1.4799,1.4247
2.6433,2.633,2.625,2.6171,2.6071,2.5951,2.5901,2.582,2.5715,2.5632,2.5554,2.5467,2.5403,2.5293,2.5215,2.509,2.5058,2.5337,2.4559,2.4139,2.3807,2.3007,2.1683,2.0346,1.8998,1.7701,1.6376,1.5069,1.4428
2.6455,2.6367,2.6269,2.6201,2.6089,2.5969,2.5938,2.5842,2.5736,2.5674,2.5591,2.549,2.5423,2.5321,2.5238,2.5113,2.5063,2.5397,2.495,2.4578,2.4215,2.3436,2.2098,2.0761,1.9425,1.8124,1.6796,1.5462,1.4562
2.6481,2.6403,2.6287,2.6223,2.6108,2.5997,2.5975,2.5865,2.5751,2.5709,2.5624,2.5513,2.5442,2.5337,2.5259,2.5136,2.5106,2.5294,2.5213,2.5008,2.4619,2.3862,2.2502,2.1175,1.9857,1.8535,1.721,1.5873,1.4684
2.6517,2.6422,2.6304,2.6245,2.6126,2.6039,2.5996,2.5886,2.5766,2.5743,2.5639,2.5545,2.5461,2.5352,2.5277,2.5175,2.5144,2.5146,2.5274,2.5276,2.5032,2.4282,2.2909,2.1591,2.0279,1.8941,1.7595,1.6285,1.4988
2.6554,2.6437,2.6319,2.6265,2.6151,2.6079,2.6015,2.5905,2.5799,2.5773,2.5654,2.5583,2.548,2.5374,2.5297,2.5217,2.5163,2.5034,2.5334,2.5335,2.523,2.4685,2.332,2.2006,2.0684,1.9343,1.7974,1.669,1.5354
2.6578,2.6452,2.6334,2.6283,2.6192,2.6117,2.6034,2.5923,2.5836,2.5792,2.5671,2.562,2.5499,2.5404,2.5333,2.5254,2.5182,2.5054,2.5258,2.5395,2.5294,2.5077,2.373,2.242,2.1076,1.9743,1.839,1.7075,1.5791
2.6593,2.6478,2.6374,2.6303,2.6232,2.6154,2.6056,2.5947,2.5875,2.5811,2.569,2.5636,2.552,2.5435,2.5371,2.5274,2.519,2.5073,2.5134,2.5299,2.5358,2.524,2.414,2.2828,2.1472,2.0149,1.8809,1.7491,1.6194
2.6607,2.6504,2.6433,2.6344,2.6269,2.619,2.6079,2.5974,2.5916,2.5832,2.5709,2.5651,2.5543,2.5476,2.5405,2.5293,2.519,2.5095,2.5034,2.5151,2.5243,2.53,2.4543,2.323,2.1874,2.0559,1.9237,1.7931,1.6599
2.6625,2.6532,2.6492,2.6384,2.6302,2.6205,2.6101,2.5999,2.5957,2.5855,2.575,2.5667,2.5566,2.5518,2.5429,2.5312,2.519,2.5118,2.5057,2.5033,2.5125,2.5359,2.4954,2.3639,2.2282,2.097,1.9669,1.8353,1.7019
2.6643,2.6565,2.6522,2.6415,2.6335,2.622,2.6124,2.6032,2.599,2.5877,2.5791,2.5686,2.5597,2.5556,2.5451,2.5331,2.5232,2.5142,2.508,2.5053,2.5054,2.5231,2.5224,2.4049,2.2705,2.139,2.0107,1.8773,1.7424
2.6663,2.6597,2.6547,2.643,2.6346,2.624,2.6146,2.6066,2.6012,2.5896,2.5827,2.5705,2.5631,2.5583,2.5474,2.535,2.5274,2.5184,2.5106,2.5072,2.5066,2.5103,2.5304,2.4462,2.3139,2.1815,2.0525,1.9157,1.7806
2.6703,2.6621,2.657,2.6445,2.6354,2.627,2.618,2.61,2.6034,2.5914,2.5849,2.5741,2.5664,2.5609,2.5497,2.5393,2.5317,2.5226,2.5133,2.5094,2.5078,2.5038,2.5383,2.4872,2.3549,2.2237,2.0912,1.9554,1.8205
2.6743,2.6639,2.6566,2.6461,2.6366,2.6299,2.6217,2.6137,2.6054,2.5937,2.5872,2.5782,2.5691,2.5633,2.5519,2.5435,2.536,2.5258,2.5159,2.5117,2.5114,2.5058,2.5287,2.5203,2.3959,2.2637,2.13,1.9967,1.8611
2.6777,2.6657,2.6562,2.648,2.6405,2.6333,2.6253,2.6174,2.6072,2.5975,2.5892,2.5822,2.5717,2.5656,2.5538,2.5477,2.5401,2.5277,2.5189,2.5141,2.5156,2.5077,2.5143,2.5263,2.4375,2.3048,2.1693,2.038,1.9033
2.6799,2.6678,2.6577,2.6498,2.6446,2.6369,2.6286,2.6203,2.6091,2.6012,2.591,2.5845,2.5747,2.5679,2.5557,2.5518,2.5425,2.5297,2.522,2.5184,2.5195,2.51,2.5035,2.5324,2.4801,2.3459,2.2086,2.0795,1.9461
2.682,2.67,2.6621,2.6542,2.6484,2.6406,2.6319,2.6225,2.611,2.6041,2.5929,2.5867,2.578,2.5697,2.5581,2.556,2.5444,2.5332,2.5255,2.5226,2.5218,2.5123,2.5058,2.528,2.5236,2.3868,2.2521,2.121,1.9881
2.684,2.6724,2.6664,2.659,2.652,2.6423,2.634,2.6247,2.6128,2.6063,2.5966,2.5888,2.5814,2.5716,2.5615,2.5584,2.5463,2.537,2.5298,2.5258,2.5241,2.5152,2.5081,2.5155,2.53,2.4281,2.2972,2.1625,2.031
2.6858,2.6764,2.6701,2.6633,2.6557,2.6438,2.634,2.6266,2.6155,2.6086,2.6003,2.5906,2.5836,2.5734,2.5649,2.5603,2.5482,2.5405,2.5341,2.5277,2.5262,2.5195,2.5115,2.5031,2.536,2.4698,2.3402,2.2041,2.0736
2.6876,2.6803,2.6733,2.6651,2.6568,2.6455,2.634,2.6284,2.6195,2.6105,2.6036,2.5925,2.5855,2.5749,2.5686,2.5622,2.5501,2.5429,2.5368,2.5296,2.5281,2.5236,2.5153,2.5053,2.5346,2.5106,2.3808,2.2454,2.115
2.6908,2.6842,2.6765,2.6669,2.6564,2.648,2.6367,2.6306,2.6236,2.6124,2.6058,2.596,2.5874,2.5764,2.5724,2.5637,2.5522,2.5451,2.5391,2.5333,2.53,2.5275,2.519,2.5076,2.5191,2.5247,2.4212,2.2861,2.1541
2.6944,2.6878,2.6785,2.6686,2.656,2.6506,2.6408,2.6347,2.6272,2.6144,2.6081,2.6001,2.5897,2.5795,2.5761,2.5652,2.5545,2.5474,2.541,2.5376,2.5337,2.5313,2.521,2.5101,2.5036,2.5306,2.46,2.3264,2.1921
2.698,2.6914,2.6804,2.67,2.6593,2.6534,2.6448,2.6388,2.6305,2.6178,2.6114,2.6042,2.5919,2.5836,2.5784,2.5669,2.5567,2.5497,2.541,2.5414,2.5376,2.5351,2.5229,2.5128,2.5026,2.5348,2.4997,2.3673,2.2322
2.7019,2.694,2.6822,2.6715,2.6629,2.6567,2.6488,2.6417,2.6338,2.6211,2.6155,2.6079,2.5951,2.5877,2.5806,2.5688,2.56,2.5519,2.541,2.5433,2.5409,2.537,2.525,2.5155,2.5061,2.522,2.5221,2.4083,2.2753
2.7059,2.6958,2.6844,2.6743,2.6666,2.66,2.6528,2.6431,2.6347,2.6243,2.6195,2.6116,2.5992,2.5915,2.583,2.5707,2.5634,2.5557,2.543,2.5451,2.5432,2.5389,2.5273,2.5187,2.5096,2.5092,2.5282,2.4497,2.3174
2.709,2.6976,2.6865,2.6779,2.6707,2.6622,2.656,2.6446,2.6354,2.6272,2.6216,2.614,2.6033,2.5953,2.5856,2.5729,2.567,2.5595,2.5468,2.547,2.5455,2.5402,2.5296,2.5222,2.5135,2.504,2.5342,2.4905,2.36
2.709,2.6997,2.6893,2.6815,2.6747,2.664,2.656,2.6463,2.6369,2.6302,2.6235,2.614,2.6055,2.5985,2.5883,2.5751,2.5712,2.5625,2.5506,2.5489,2.5477,2.5406,2.5319,2.5257,2.5174,2.5059,2.5242,2.5208,2.4026
2.709,2.7018,2.6933,2.6848,2.6779,2.6659,2.656,2.6481,2.6409,2.6336,2.6253,2.614,2.6074,2.6004,2.5901,2.5778,2.5753,2.564,2.554,2.5509,2.55,2.5409,2.5342,2.5296,2.5204,2.5079,2.5118,2.5268,2.4429
2.7103,2.704,2.6972,2.6881,2.68,2.6697,2.658,2.65,2.6449,2.6372,2.6272,2.6155,2.6095,2.6022,2.5915,2.5823,2.5781,2.5655,2.5575,2.5549,2.5522,2.5445,2.5369,2.5334,2.5227,2.512,2.5037,2.5329,2.482
2.7135,2.7079,2.701,2.6913,2.6822,2.6737,2.6625,2.6546,2.6486,2.6409,2.629,2.6177,2.6133,2.6043,2.5931,2.5868,2.58,2.5678,2.5608,2.5591,2.5541,2.5486,2.5406,2.5361,2.5249,2.5163,2.506,2.5269,2.5194
2.7168,2.7118,2.7046,2.6942,2.6841,2.6774,2.6668,2.6594,2.6518,2.6424,2.6307,2.6199,2.617,2.6065,2.595,2.5906,2.5818,2.5705,2.5639,2.5624,2.556,2.5527,2.5444,2.5381,2.5269,2.5198,2.5083,2.5145,2.5255
2.7209,2.7153,2.7081,2.6971,2.6859,2.6796,2.6703,2.6634,2.6551,2.6439,2.6322,2.6235,2.62,2.6088,2.5968,2.594,2.5837,2.5731,2.5669,2.564,2.5586,2.5565,2.5471,2.5399,2.5288,2.5222,2.5104,2.5033,2.5315
2.7255,2.7171,2.709,2.6996,2.6877,2.6817,2.6736,2.6652,2.6573,2.6457,2.6336,2.6272,2.6222,2.6107,2.5995,2.5974,2.5856,2.5745,2.5692,2.5655,2.562,2.5603,2.549,2.5422,2.5307,2.5244,2.5123,2.5076,2.53
2.7301,2.7189,2.709,2.7014,2.6911,2.6839,2.6768,2.667,2.6591,2.6482,2.637,2.631,2.6244,2.6125,2.6035,2.5998,2.5876,2.576,2.571,2.5677,2.5654,2.5628,2.5509,2.5445,2.5326,2.5264,2.5144,2.5118,2.5184
2.7324,2.7206,2.709,2.7031,2.6947,2.686,2.68,2.6688,2.661,2.6508,2.6411,2.635,2.6264,2.6144,2.6077,2.602,2.5898,2.5784,2.5729,2.5704,2.5692,2.5643,2.555,2.5467,2.5345,2.5283,2.5183,2.5152,2.5067
2.7342,2.7224,2.709,2.7049,2.6983,2.6882,2.6833,2.6706,2.6628,2.6533,2.6452,2.6391,2.6282,2.6163,2.6118,2.6043,2.5921,2.5821,2.5744,2.573,2.5729,2.5659,2.5592,2.5486,2.5382,2.5306,2.5222,2.5175,2.5063
2.7359,2.7242,2.709,2.7067,2.7019,2.6904,2.6865,2.6724,2.6647,2.6558,2.6492,2.6418,2.6301,2.6181,2.6158,2.6061,2.5945,2.5859,2.576,2.5745,2.5764,2.5684,2.5625,2.5505,2.5424,2.5347,2.5252,2.5197,2.5079
2.7373,2.726,2.709,2.7084,2.7055,2.6925,2.6897,2.6742,2.6665,2.6583,2.6532,2.6432,2.6341,2.6213,2.6199,2.6079,2.5971,2.5899,2.5783,2.576,2.5787,2.571,2.564,2.5521,2.5466,2.539,2.5275,2.5217,2.5095
2.7388,2.7278,2.709,2.7102,2.7091,2.6947,2.693,2.676,2.6684,2.6608,2.6572,2.6447,2.6382,2.6257,2.6218,2.6098,2.5998,2.594,2.5823,2.5782,2.581,2.5734,2.5655,2.5536,2.5507,2.542,2.5298,2.5236,2.5114
2.7402,2.7296,2.709,2.7119,2.7126,2.6968,2.6962,2.6778,2.6702,2.6634,2.6611,2.6461,2.6423,2.6301,2.6236,2.6116,2.603,2.5981,2.5865,2.582,2.5832,2.5749,2.5678,2.5555,2.5549,2.5439,2.5321,2.5255,2.5133
2.7416,2.7314,2.709,2.7137,2.7162,2.699,2.6995,2.6796,2.672,2.6659,2.6651,2.6476,2.6463,2.6345,2.6255,2.6135,2.6064,2.6003,2.5904,2.5858,2.5855,2.5764,2.5705,2.5604,2.5579,2.5458,2.5344,2.5275,2.5168
2.7431,2.7332,2.709,2.7154,2.7198,2.7012,2.7027,2.6814,2.6739,2.6684,2.669,2.649,2.6504,2.639,2.6273,2.617,2.6098,2.6025,2.5941,2.5898,2.5877,2.5792,2.5731,2.5653,2.5598,2.5477,2.5372,2.5294,2.5211
2.7445,2.735,2.709,2.7172,2.7234,2.7033,2.7059,2.6832,2.6757,2.6709,2.673,2.6504,2.6544,2.6434,2.6292,2.6211,2.6136,2.6047,2.5978,2.5939,2.5896,2.583,2.5764,2.5688,2.5617,2.5496,2.5409,2.5313,2.5252
2.746,2.7368,2.709,2.7189,2.727,2.7055,2.7092,2.685,2.6776,2.6734,2.6769,2.6519,2.6585,2.6478,2.631,2.6251,2.6173,2.6065,2.5998,2.598,2.5915,2.5868,2.5798,2.5707,2.562,2.5516,2.5447,2.5332,2.5291
2.7474,2.7386,2.709,2.7207,2.7306,2.7076,2.7124,2.6868,2.6794,2.676,2.6809,2.6533,2.6625,2.6522,2.6328,2.6292,2.6202,2.6083,2.6017,2.6002,2.5934,2.5908,2.5827,2.5726,2.562,2.5539,2.5483,2.5352,2.5329
2.7488,2.7404,2.709,2.7225,2.7342,2.7098,2.7156,2.6886,2.6813,2.6785,2.6849,2.6548,2.6666,2.6567,2.6347,2.6333,2.6224,2.6102,2.6036,2.6025,2.5952,2.5949,2.5846,2.5757,2.5627,2.5562,2.5517,2.5394,2.5358
2.7503,2.7422,2.709,2.7242,2.7378,2.7119,2.7189,2.6904,2.6831,2.681,2.6888,2.6562,2.6706,2.6611,2.6365,2.6373,2.6246,2.612,2.6058,2.6046,2.5971,2.5986,2.5865,2.5791,2.5661,2.5591,2.5551,2.5436,2.5377
2.7517,2.744,2.709,2.726,2.7414,2.7141,2.7221,2.6922,2.6849,2.6835,2.6928,2.6576,2.6747,2.6655,2.6384,2.6414,2.6268,2.6139,2.6081,2.6064,2.6001,2.6008,2.5886,2.5823,2.5695,2.5625,2.5578,2.5468,2.5397
2.7531,2.7458,2.709,2.7277,2.745,2.7163,2.7254,2.694,2.6868,2.686,2.6967,2.6591,2.6788,2.6699,2.6402,2.6454,2.629,2.6158,2.6104,2.6083,2.6041,2.603,2.5908,2.5845,2.5733,2.5659,2.5604,2.5487,2.5403
2.7546,2.7476,2.709,2.7295,2.7486,2.7184,2.7286,2.6958,2.6886,2.6885,2.7007,2.6605,2.6828,2.6744,2.6421,2.6495,2.6312,2.6177,2.6126,2.6101,2.6083,2.6051,2.5931,2.5868,2.5775,2.5686,2.5626,2.5506,2.5407
2.756,2.7494,2.709,2.7312,2.7522,2.7206,2.7318,2.6976,2.6905,2.6911,2.7046,2.662,2.6869,2.6788,2.6439,2.6535,2.6334,2.6196,2.6149,2.612,2.6125,2.6069,2.5957,2.5889,2.5817,2.5713,2.5641,2.5522,2.5419
2.7575,2.7512,2.709,2.733,2.7558,2.7227,2.7351,2.6994,2.6923,2.6936,2.7086,2.6634,2.6909,2.6832,2.6458,2.6576,2.6357,2.6215,2.6172,2.6138,2.6166,2.6088,2.5983,2.5908,2.5844,2.5741,2.5656,2.5537,2.5461
2.7589,2.753,2.709,2.7347,2.7594,2.7249,2.7383,2.7012,2.6942,2.6961,2.7125,2.6648,2.695,2.6876,2.6476,2.6617,2.6379,2.6234,2.6194,2.6157,2.6208,2.6106,2.6009,2.5926,2.587,2.5774,2.568,2.5559,2.5502
2.7603,2.7548,2.709,2.7365,2.763,2.7271,2.7415,2.703,2.696,2.6986,2.7165,2.6663,2.699,2.6921,2.6494,2.6657,2.6401,2.6253,2.6217,2.6175,2.6249,2.6124,2.6036,2.596,2.5894,2.5809,2.5707,2.5608,2.5542
2.7618,2.7566,2.709,2.7383,2.7666,2.7292,2.7448,2.7048,2.6978,2.7011,2.7205,2.6677,2.7031,2.6965,2.6513,2.6698,2.6423,2.6272,2.624,2.6193,2.6291,2.6143,2.6062,2.5997,2.5909,2.5833,2.5732,2.5658,2.558
2.7632,2.7584,2.709,2.74,2.7702,2.7314,2.748,2.7066,2.6997,2.7036,2.7244,2.6691,2.7071,2.7009,2.6531,2.6738,2.6445,2.6291,2.6262,2.6212,2.6333,2.6161,2.6089,2.6034,2.5924,2.5851,2.5747,2.5699,2.5617
2.7647,2.7602,2.709,2.7418,2.7738,2.7335,2.7513,2.7084,2.7015,2.7062,2.7284,2.6706,2.7112,2.7053,2.655,2.6779,2.6467,2.631,2.6285,2.623,2.6374,2.618,2.6115,2.6071,2.5938,2.587,2.5762,2.5732,2.5634
2.7661,2.762,2.709,2.7435,2.7774,2.7357,2.7545,2.7102,2.7034,2.7087,2.7323,2.672,2.7153,2.7098,2.6568,2.6819,2.6489,2.6328,2.6308,2.6249,2.6416,2.6198,2.6142,2.6108,2.5953,2.5893,2.5787,2.5766,2.5649
2.7675,2.7638,2.709,2.7453,2.781,2.7378,2.7577,2.712,2.7052,2.7112,2.7363,2.6735,2.7193,2.7142,2.6587,2.686,2.6511,2.6347,2.633,2.6267,2.6457,2.6217,2.6168,2.6144,2.5968,2.5915,2.5825,2.5786,2.5665
2.769,2.7655,2.709,2.747,2.7846,2.74,2.761,2.7138,2.7071,2.7137,2.7402,2.6749,2.7234,2.7186,2.6605,2.69,2.6534,2.6366,2.6353,2.6286,2.6499,2.6235,2.6195,2.6181,2.5983,2.5938,2.5862,2.5805,2.5684
2.7704,2.7673,2.709,2.7488,2.7882,2.7422,2.7642,2.7156,2.7089,2.7162,2.7442,2.6763,2.7274,2.723,2.6623,2.6941,2.6556,2.6385,2.6376,2.6304,2.6541,2.6253,2.6221,2.6218,2.5997,2.596,2.59,2.5824,2.5703
2.7719,2.7691,2.709,2.7505,2.7918,2.7443,2.7674,2.7174,2.7108,2.7188,2.7482,2.6778,2.7315,2.7275,2.6642,2.6982,2.6578,2.6404,2.6398,2.6323,2.6582,2.6272,2.6248,2.6255,2.6012,2.5983,2.5938,2.5843,2.5725
2.7733,2.7709,2.709,2.7523,2.7954,2.7465,2.7707,2.7192,2.7126,2.7213,2.7521,2.6792,2.7355,2.7319,2.666,2.7022,2.66,2.6423,2.6421,2.6341,2.6624,2.629,2.6274,2.6292,2.6027,2.6006,2.5976,2.5862,2.5747
2.7747,2.7727,2.709,2.7541,2.799,2.7486,2.7739,2.721,2.7144,2.7238,2.7561,2.6807,2.7396,2.7363,2.6679,2.7063,2.6622,2.6442,2.6444,2.6359,2.6665,2.6309,2.6301,2.6329,2.6041,2.6028,2.6014,2.5881,2.577
2.7761,2.7745,2.709,2.7559,2.8026,2.7507,2.7771,2.7228,2.7162,2.7263,2.7601,2.6822,2.7437,2.7407,2.6698,2.7104,2.6644,2.6461,2.6467,2.6377,2.6706,2.6328,2.6328,2.6366,2.6055,2.605,2.6052,2.59,2.5793
2.7775,2.7763,2.709,2.7577,2.8062,2.7528,2.7803,2.7246,2.718,2.7288,2.7641,2.6837,2.7478,2.7451,2.6717,2.7145,2.6666,2.648,2.649,2.6395,2.6747,2.6347,2.6355,2.6403,2.6069,2.6072,2.609,2.5919,2.5816
2.7789,2.7781,2.709,2.7595,2.8098,2.7549,2.7835,2.7264,2.7198,2.7313,2.7681,2.6852,2.7519,2.7495,2.6736,2.7186,2.6688,2.6499,2.6513,2.6413,2.6788,2.6366,2.6382,2.644,2.6083,2.6094,2.6128,2.5938,2.5839
2.7803,2.7799,2.709,2.7613,2.8134,2.757,2.7867,2.7282,2.7216,2.7338,2.7721,2.6867,2.756,2.7539,2.6755,2.7227,2.671,2.6518,2.6536,2.6431,2.6829,2.6385,2.6409,2.6477,2.6097,2.6116,2.6166,2.5957,2.5862
2.7817,2.7817,2.709,2.7631,2.817,2.7591,2.7899,2.73,2.7234,2.7363,2.7761,2.6882,2.7601,2.7583,2.6774,2.7268,2.6732,2.6537,2.6559,2.6449,2.687,2.6404,2.6436,2.6514,2.6111,2.6138,2.6204,2.5976,2.5885
2.7831,2.7835,2.709,2.7649,2.8206,2.7612,2.7931,2.7318,2.7252,2.7388,2.7801,2.6897,2.7642,2.7627,2.6793,2.7309,2.6754,2.6556,2.6582,2.6467,2.6911,2.6423,2.6463,2.6551,2.6125,2.616,2.6242,2.5995,2.5908
2.7845,2.7853,2.709,2.7667,2.8242,2.7633,2.7963,2.7336,2.727,2.7413,2.7841,2.6912,2.7683,2.7671,2.6812,2.735,2.6776,2.6575,2.6605,2.6485,2.6952,2.6442,2.649,2.6588,2.6139,2.6182,2.628,2.6014,2.5931
2.7859,2.7871,2.709,2.7685,2.8278,2.7654,2.7995,2.7354,2.7288,2.7438,2.7881,2.6927,2.7724,2.7715,2.6831,2.7391,2.6798,2.6594,2.6628,2.6503,2.6993,2.6461,2.6517,2.6625,2.6153,2.6204,2.6318,2.6033,2.5954
2.7873,2.7889,2.709,2.77030000000001,2.8314,2.7675,2.80269999999999,2.7372,2.7306,2.74630000000001,2.7921,2.6942,2.7765,2.7759,2.685,2.7432,2.682,2.6613,2.6651,2.6521,2.7034,2.648,2.6544,2.6662,2.6167,2.6226,2.6356,2.6052,2.5977
2.78870000000001,2.7907,2.709,2.7721,2.835,2.7696,2.8059,2.739,2.7324,2.74880000000001,2.7961,2.6957,2.7806,2.7803,2.6869,2.7473,2.6842,2.6632,2.6674,2.6539,2.7075,2.6499,2.6571,2.66989999999999,2.6181,2.6248,2.6394,2.6071,2.6
2.79010000000001,2.7925,2.709,2.7739,2.8386,2.7717,2.8091,2.7408,2.7342,2.7513,2.8001,2.6972,2.7847,2.7847,2.6888,2.7514,2.6864,2.6651,2.6697,2.6557,2.7116,2.6518,2.6598,2.6736,2.6195,2.627,2.6432,2.609,2.6023
2.7915,2.7943,2.709,2.7757,2.84220000000001,2.7738,2.81229999999999,2.74260000000001,2.736,2.75380000000001,2.80410000000001,2.6987,2.78879999999999,2.7891,2.6907,2.7555,2.68859999999999,2.667,2.672,2.6575,2.71570000000001,2.6537,2.66249999999999,2.6773,2.6209,2.6292,2.647,2.6109,2.6046
2.7929,2.7961,2.709,2.7775,2.8458,2.7759,2.81549999999999,2.74440000000001,2.73779999999999,2.7563,2.8081,2.7002,2.7929,2.7935,2.6926,2.75960000000001,2.6908,2.6689,2.6743,2.65929999999999,2.71980000000001,2.6556,2.6652,2.681,2.6223,2.6314,2.6508,2.6128,2.6069
2.7943,2.7979,2.709,2.7793,2.8494,2.778,2.8187,2.7462,2.7396,2.75880000000001,2.81209999999999,2.7017,2.797,2.7979,2.6945,2.76370000000001,2.693,2.6708,2.6766,2.6611,2.7239,2.65750000000001,2.6679,2.6847,2.62369999999999,2.63359999999999,2.6546,2.6147,2.6092
2.7957,2.79969999999999,2.709,2.7811,2.853,2.7801,2.82189999999999,2.748,2.7414,2.76130000000001,2.8161,2.7032,2.8011,2.8023,2.6964,2.7678,2.69519999999999,2.6727,2.6789,2.6629,2.728,2.6594,2.6706,2.68839999999999,2.6251,2.6358,2.6584,2.6166,2.6115
2.79710000000001,2.8015,2.709,2.78290000000001,2.8566,2.7822,2.82509999999999,2.74980000000001,2.74319999999999,2.7638,2.8201,2.7047,2.8052,2.8067,2.6983,2.7719,2.69739999999999,2.6746,2.6812,2.6647,2.7321,2.6613,2.6733,2.6921,2.6265,2.638,2.6622,2.6185,2.6138
2.7985,2.8033,2.709,2.78470000000001,2.8602,2.7843,2.8283,2.7516,2.745,2.76630000000001,2.8241,2.7062,2.80929999999999,2.8111,2.7002,2.776,2.6996,2.6765,2.6835,2.66649999999999,2.7362,2.6632,2.67599999999999,2.6958,2.6279,2.64019999999999,2.666,2.6204,2.6161
2.79990000000001,2.8051,2.709,2.78650000000001,2.8638,2.7864,2.83149999999999,2.7534,2.74679999999999,2.76880000000001,2.8281,2.7077,2.81339999999999,2.8155,2.7021,2.7801,2.7018,2.6784,2.6858,2.6683,2.7403,2.6651,2.6787,2.69949999999999,2.6293,2.64239999999999,2.6698,2.6223,2.6184
2.8013,2.8069,2.709,2.78830000000001,2.8674,2.7885,2.83469999999999,2.7552,2.7486,2.77130000000001,2.8321,2.7092,2.8175,2.8199,2.704,2.78420000000001,2.70399999999999,2.6803,2.68810000000001,2.6701,2.7444,2.667,2.6814,2.7032,2.63069999999999,2.6446,2.6736,2.6242,2.6207
2.80270000000001,2.80869999999999,2.709,2.7901,2.871,2.7906,2.8379,2.75700000000001,2.7504,2.77380000000001,2.8361,2.7107,2.8216,2.8243,2.7059,2.78830000000001,2.7062,2.6822,2.6904,2.67189999999999,2.74850000000001,2.6689,2.6841,2.70689999999999,2.63209999999999,2.64679999999999,2.6774,2.6261,2.623
2.80410000000001,2.8105,2.709,2.79190000000001,2.8746,2.7927,2.84109999999999,2.75880000000001,2.75219999999999,2.77630000000001,2.8401,2.7122,2.82569999999999,2.8287,2.7078,2.7924,2.7084,2.6841,2.69269999999999,2.67369999999999,2.75260000000001,2.6708,2.6868,2.71059999999999,2.6335,2.64899999999999,2.6812,2.628,2.6253
2.8055,2.8123,2.709,2.7937,2.8782,2.7948,2.84429999999999,2.7606,2.754,2.77880000000001,2.8441,2.7137,2.8298,2.8331,2.7097,2.7965,2.71059999999999,2.686,2.695,2.67549999999999,2.7567,2.6727,2.6895,2.71429999999999,2.63489999999999,2.6512,2.685,2.6299,2.6276
2.80690000000001,2.81409999999999,2.709,2.7955,2.8818,2.7969,2.8475,2.76240000000001,2.7558,2.78130000000001,2.8481,2.7152,2.8339,2.8375,2.7116,2.8006,2.71279999999999,2.68790000000001,2.6973,2.6773,2.7608,2.6746,2.69219999999999,2.718,2.6363,2.65339999999999,2.6888,2.6318,2.6299
2.8083,2.8159,2.709,2.79730000000001,2.8854,2.79900000000001,2.85069999999999,2.76420000000002,2.7576,2.7838,2.85210000000001,2.7167,2.83799999999999,2.8419,2.71350000000001,2.8047,2.71499999999999,2.68980000000001,2.6996,2.67909999999999,2.76490000000001,2.67649999999999,2.69489999999999,2.72169999999999,2.6377,2.65559999999999,2.6926,2.6337,2.6322
2.80970000000001,2.81769999999999,2.709,2.7991,2.88900000000001,2.80109999999999,2.8539,2.76600000000002,2.7594,2.78630000000001,2.85610000000001,2.71820000000001,2.84209999999999,2.8463,2.7154,2.80880000000001,2.71719999999999,2.6917,2.70189999999999,2.68089999999999,2.76900000000001,2.67840000000001,2.69759999999999,2.72539999999999,2.6391,2.65779999999999,2.6964,2.6356,2.63449999999999
2.8111,2.81949999999999,2.709,2.80090000000001,2.8926,2.8032,2.85709999999999,2.76780000000001,2.76119999999999,2.78880000000001,2.8601,2.7197,2.8462,2.8507,2.71729999999999,2.81290000000001,2.71940000000001,2.6936,2.7042,2.68269999999998,2.77310000000001,2.6803,2.7003,2.72909999999999,2.6405,2.66,2.7002,2.6375,2.63679999999999
2.81250000000001,2.82129999999999,2.709,2.8027,2.89620000000001,2.8053,2.86029999999998,2.76960000000001,2.76299999999999,2.79130000000001,2.86409999999999,2.7212,2.85029999999999,2.85509999999999,2.7192,2.81700000000001,2.7216,2.6955,2.70649999999999,2.6845,2.77720000000001,2.68219999999999,2.703,2.7328,2.64189999999999,2.6622,2.70400000000001,2.63939999999999,2.63910000000001
2.8139,2.8231,2.709,2.8045,2.8998,2.8074,2.8635,2.77140000000001,2.76480000000001,2.7938,2.8681,2.7227,2.8544,2.8595,2.72110000000001,2.82110000000002,2.7238,2.6974,2.7088,2.68629999999999,2.7813,2.6841,2.70570000000001,2.73649999999999,2.6433,2.66439999999999,2.70780000000001,2.64129999999999,2.6414
2.81530000000001,2.8249,2.709,2.80630000000001,2.9034,2.8095,2.86669999999999,2.7732,2.7666,2.79630000000002,2.87209999999999,2.7242,2.85849999999999,2.8639,2.723,2.82520000000001,2.726,2.69930000000001,2.7111,2.68809999999999,2.78540000000001,2.68600000000001,2.7084,2.7402,2.64469999999999,2.66659999999999,2.7116,2.64320000000001,2.6437
2.81670000000001,2.82669999999999,2.709,2.80810000000001,2.907,2.8116,2.86989999999999,2.77500000000001,2.7684,2.79880000000001,2.87609999999999,2.7257,2.8626,2.8683,2.72489999999999,2.8293,2.72819999999999,2.7012,2.71339999999999,2.68989999999999,2.7895,2.6879,2.7111,2.74389999999998,2.64609999999999,2.66879999999999,2.7154,2.6451,2.646
2.81810000000002,2.82849999999999,2.709,2.80990000000001,2.9106,2.8137,2.87309999999999,2.77680000000001,2.77019999999999,2.80130000000001,2.8801,2.7272,2.86669999999999,2.87269999999999,2.7268,2.83340000000001,2.73039999999999,2.70310000000001,2.7157,2.6917,2.79360000000001,2.68980000000001,2.71379999999999,2.74759999999999,2.64749999999999,2.67099999999999,2.7192,2.64700000000001,2.64830000000001
2.81950000000001,2.83029999999999,2.709,2.8117,2.91420000000001,2.8158,2.87629999999999,2.77860000000001,2.77199999999999,2.80380000000001,2.8841,2.7287,2.87079999999999,2.8771,2.7287,2.83750000000001,2.73259999999999,2.705,2.718,2.6935,2.79770000000001,2.6917,2.7165,2.7513,2.6489,2.67319999999999,2.723,2.6489,2.6506
2.82090000000001,2.8321,2.709,2.8135,2.9178,2.81790000000001,2.87949999999998,2.78040000000001,2.77379999999999,2.80630000000001,2.88810000000001,2.73020000000001,2.8749,2.8815,2.73060000000001,2.8416,2.73479999999999,2.70689999999999,2.72029999999999,2.69529999999999,2.8018,2.69359999999999,2.7192,2.755,2.6503,2.6754,2.7268,2.65079999999999,2.65289999999999
2.82230000000001,2.8339,2.709,2.81530000000001,2.92140000000001,2.82000000000001,2.88269999999999,2.7822,2.77559999999998,2.80880000000002,2.8921,2.7317,2.87899999999999,2.88589999999999,2.7325,2.84570000000001,2.73699999999999,2.7088,2.7226,2.69709999999999,2.80590000000001,2.69550000000001,2.72189999999999,2.7587,2.65169999999999,2.6776,2.7306,2.65270000000001,2.65519999999999
2.8237,2.83569999999999,2.709,2.81710000000001,2.925,2.82209999999999,2.88589999999999,2.78400000000001,2.7774,2.81130000000002,2.8961,2.73320000000001,2.88309999999998,2.8903,2.73439999999999,2.8498,2.73919999999998,2.7107,2.72490000000001,2.69889999999999,2.81,2.6974,2.7246,2.76239999999999,2.65309999999999,2.67979999999999,2.73439999999999,2.6546,2.6575
2.82510000000002,2.83749999999999,2.709,2.81890000000001,2.9286,2.82419999999999,2.88909999999998,2.78580000000001,2.77919999999999,2.81380000000001,2.90010000000001,2.73469999999999,2.88719999999998,2.8947,2.7363,2.8539,2.74139999999998,2.71260000000001,2.7272,2.7007,2.81410000000001,2.69929999999999,2.72729999999999,2.76609999999999,2.6545,2.68199999999999,2.73820000000001,2.65650000000001,2.6598
2.82650000000001,2.83929999999999,2.709,2.82070000000002,2.93219999999999,2.8263,2.89229999999999,2.7876,2.78099999999999,2.81630000000001,2.9041,2.7362,2.8913,2.8991,2.73820000000001,2.85800000000002,2.7436,2.7145,2.7295,2.70249999999999,2.8182,2.7012,2.73,2.76979999999999,2.6559,2.68419999999999,2.742,2.6584,2.6621
2.82790000000001,2.8411,2.709,2.82250000000001,2.9358,2.8284,2.89549999999998,2.7894,2.78279999999999,2.81880000000002,2.90809999999999,2.7377,2.8954,2.90349999999999,2.7401,2.86210000000001,2.74579999999999,2.71639999999999,2.73180000000001,2.7043,2.8223,2.70310000000001,2.73270000000001,2.7735,2.65729999999999,2.68639999999999,2.7458,2.66029999999999,2.6644
2.8293,2.8429,2.709,2.82430000000002,2.93939999999999,2.8305,2.89869999999998,2.7912,2.78459999999998,2.82130000000002,2.9121,2.7392,2.89949999999999,2.9079,2.74199999999999,2.86620000000001,2.74799999999999,2.7183,2.73410000000001,2.70609999999999,2.82640000000001,2.705,2.7354,2.77719999999999,2.65869999999998,2.68859999999999,2.7496,2.66220000000001,2.66670000000001
2.83070000000002,2.84469999999999,2.709,2.82610000000001,2.943,2.8326,2.90189999999998,2.79300000000001,2.78639999999999,2.82380000000002,2.9161,2.7407,2.9036,2.9123,2.7439,2.87030000000001,2.75019999999999,2.72019999999999,2.7364,2.7079,2.83050000000001,2.7069,2.7381,2.78089999999999,2.66009999999999,2.6908,2.7534,2.6641,2.669
2.83210000000001,2.84649999999999,2.709,2.8279,2.9466,2.8347,2.90509999999999,2.79480000000002,2.7882,2.82630000000002,2.92010000000001,2.74220000000001,2.90769999999999,2.91669999999999,2.7458,2.87440000000001,2.75239999999999,2.72210000000001,2.73869999999999,2.70969999999998,2.83460000000001,2.7088,2.74079999999999,2.78459999999998,2.66149999999999,2.69299999999998,2.7572,2.666,2.67129999999999
2.8335,2.84829999999999,2.709,2.82970000000002,2.95020000000001,2.8368,2.90829999999998,2.79660000000001,2.78999999999999,2.82880000000002,2.9241,2.7437,2.91179999999999,2.9211,2.74770000000001,2.8785,2.7546,2.724,2.741,2.71149999999999,2.83870000000002,2.71069999999999,2.7435,2.78829999999999,2.66289999999999,2.69519999999999,2.761,2.6679,2.67359999999999
2.83490000000002,2.8501,2.709,2.83150000000001,2.9538,2.8389,2.91149999999999,2.79840000000002,2.79179999999999,2.83130000000003,2.9281,2.7452,2.91589999999998,2.9255,2.7496,2.88260000000001,2.75679999999998,2.7259,2.74329999999999,2.71329999999999,2.84280000000001,2.71260000000001,2.7462,2.79199999999999,2.6643,2.69739999999999,2.76480000000001,2.6698,2.67590000000001
2.83630000000001,2.8519,2.709,2.83330000000001,2.95740000000001,2.84100000000001,2.91469999999998,2.80020000000002,2.7936,2.83380000000002,2.93210000000001,2.7467,2.92,2.9299,2.75149999999999,2.8867,2.75899999999999,2.7278,2.7456,2.71509999999999,2.84690000000001,2.7145,2.74889999999999,2.7957,2.6657,2.69959999999999,2.76860000000001,2.67169999999999,2.6782
2.83770000000001,2.8537,2.709,2.83510000000001,2.961,2.84310000000001,2.91789999999997,2.80200000000001,2.79539999999999,2.83630000000002,2.9361,2.7482,2.9241,2.93429999999999,2.7534,2.8908,2.76119999999999,2.72969999999999,2.7479,2.71689999999998,2.85100000000001,2.71639999999999,2.7516,2.79939999999999,2.66709999999999,2.70179999999999,2.7724,2.67360000000001,2.68049999999999
2.8391,2.85549999999999,2.709,2.8369,2.96459999999999,2.84519999999999,2.9211,2.80380000000001,2.79719999999999,2.83880000000003,2.9401,2.7497,2.9282,2.9387,2.75530000000001,2.89490000000001,2.76339999999998,2.7316,2.75019999999999,2.7187,2.85510000000001,2.7183,2.75429999999999,2.80309999999999,2.66849999999999,2.70399999999999,2.7762,2.6755,2.6828
2.84050000000002,2.85729999999998,2.709,2.83869999999999,2.9682,2.84730000000002,2.92429999999999,2.80560000000001,2.79899999999999,2.84130000000002,2.94409999999999,2.7512,2.9323,2.94309999999999,2.75720000000001,2.899,2.76559999999998,2.73350000000001,2.7525,2.7205,2.85920000000002,2.72019999999999,2.75699999999999,2.8068,2.6699,2.70619999999998,2.78,2.67740000000001,2.68510000000001
2.84190000000001,2.85910000000001,2.709,2.84050000000002,2.97180000000003,2.8494,2.92749999999998,2.80740000000003,2.80079999999998,2.84380000000002,2.94810000000001,2.7527,2.93639999999999,2.94749999999999,2.75910000000002,2.90309999999999,2.76779999999999,2.7354,2.7548,2.72229999999999,2.86330000000001,2.72209999999998,2.75969999999998,2.8105,2.6713,2.70839999999998,2.7838,2.6793,2.6874
2.84330000000003,2.86089999999999,2.709,2.84230000000002,2.97540000000001,2.85149999999999,2.93069999999997,2.80920000000003,2.80259999999998,2.84630000000001,2.9521,2.7542,2.94049999999999,2.95189999999999,2.76100000000002,2.90719999999999,2.76999999999998,2.7373,2.75709999999998,2.72409999999999,2.86740000000003,2.72399999999999,2.76239999999999,2.81419999999997,2.67269999999998,2.71059999999999,2.7876,2.6812,2.68969999999999
2.84470000000002,2.86269999999999,2.709,2.8441,2.97900000000001,2.8536,2.93389999999999,2.81100000000004,2.80439999999999,2.84880000000001,2.95610000000002,2.75570000000002,2.94459999999998,2.9563,2.7629,2.91130000000001,2.7722,2.73919999999998,2.7594,2.7259,2.8715,2.72590000000002,2.76509999999999,2.81789999999998,2.67410000000001,2.71279999999999,2.79140000000001,2.6831,2.69199999999998
2.84610000000001,2.86449999999999,2.709,2.8459,2.98260000000002,2.85569999999998,2.93709999999999,2.81280000000004,2.80619999999999,2.85130000000004,2.96010000000001,2.75720000000001,2.94869999999997,2.9607,2.76479999999998,2.91540000000001,2.77439999999999,2.74109999999999,2.76169999999999,2.7277,2.87560000000002,2.7278,2.76779999999999,2.82159999999999,2.6755,2.71499999999997,2.79519999999999,2.685,2.6943
2.8475,2.8663,2.709,2.84770000000003,2.98620000000003,2.8578,2.94029999999998,2.81460000000001,2.80799999999999,2.85380000000001,2.9641,2.7587,2.95279999999997,2.96510000000001,2.76669999999999,2.9195,2.7766,2.74300000000002,2.76399999999998,2.72949999999997,2.87970000000001,2.72970000000001,2.77049999999997,2.8253,2.67690000000002,2.71719999999999,2.79900000000001,2.68690000000001,2.69659999999999
2.84890000000001,2.8681,2.709,2.84950000000001,2.9898,2.85990000000001,2.94349999999997,2.81640000000002,2.8098,2.85630000000003,2.96809999999999,2.76020000000003,2.95689999999999,2.96950000000001,2.76859999999999,2.92360000000002,2.77879999999999,2.7449,2.7663,2.73129999999998,2.88380000000001,2.73160000000001,2.7732,2.82899999999998,2.67830000000001,2.71940000000001,2.80279999999999,2.68879999999999,2.69889999999998
2.85030000000003,2.8699,2.709,2.85130000000001,2.99340000000001,2.86199999999999,2.94669999999996,2.81820000000002,2.8116,2.85880000000003,2.97209999999998,2.76170000000002,2.96099999999998,2.97389999999999,2.7705,2.92770000000002,2.78099999999998,2.74680000000001,2.76859999999999,2.73310000000001,2.8879,2.73349999999999,2.77590000000001,2.83269999999999,2.67969999999997,2.7216,2.8066,2.69069999999999,2.7012
2.85170000000002,2.87169999999998,2.709,2.85310000000001,2.99700000000001,2.86410000000001,2.94989999999996,2.82000000000002,2.81339999999997,2.86130000000003,2.9761,2.76319999999998,2.96509999999998,2.97829999999999,2.7724,2.93180000000001,2.78319999999999,2.74869999999999,2.77089999999998,2.73489999999998,2.89200000000002,2.7354,2.77860000000001,2.8364,2.68109999999999,2.72379999999998,2.81040000000002,2.6926,2.70350000000002
2.85310000000001,2.87350000000001,2.709,2.85489999999999,3.00060000000002,2.86620000000002,2.95309999999998,2.82180000000002,2.8152,2.86380000000003,2.98009999999999,2.7647,2.9692,2.98269999999999,2.77430000000001,2.93590000000003,2.78539999999998,2.75059999999999,2.7732,2.73669999999998,2.89609999999999,2.7373,2.78130000000002,2.84010000000001,2.68249999999998,2.726,2.8142,2.69449999999998,2.70580000000001
2.8545,2.87529999999998,2.709,2.85670000000002,3.0042,2.8683,2.9563,2.82360000000003,2.81700000000001,2.86630000000002,2.98410000000001,2.7662,2.97329999999999,2.9871,2.77620000000002,2.94000000000003,2.7876,2.75250000000003,2.77549999999999,2.73849999999999,2.90020000000001,2.73919999999998,2.78399999999999,2.84379999999999,2.68389999999999,2.72819999999999,2.81800000000001,2.69639999999998,2.7081
2.85590000000002,2.87710000000001,2.709,2.85850000000002,3.0078,2.87040000000002,2.95949999999999,2.82540000000003,2.81879999999998,2.86880000000002,2.9881,2.76769999999999,2.97739999999999,2.9915,2.77810000000002,2.94410000000002,2.78979999999999,2.7544,2.77779999999998,2.74029999999999,2.90430000000001,2.74109999999999,2.7867,2.8475,2.68529999999998,2.73039999999997,2.8218,2.69830000000002,2.71039999999999
2.85730000000001,2.87889999999999,2.709,2.86030000000002,3.01140000000001,2.87249999999997,2.96269999999998,2.8272,2.82059999999998,2.87130000000005,2.99209999999999,2.76919999999998,2.98149999999998,2.99590000000001,2.78,2.94820000000001,2.792,2.75630000000001,2.7801,2.74209999999999,2.90840000000003,2.74300000000002,2.7894,2.85119999999998,2.68669999999997,2.73259999999996,2.82560000000001,2.70020000000002,2.71270000000001
2.85870000000003,2.88069999999999,2.709,2.8621,3.01500000000001,2.87459999999999,2.96589999999998,2.82900000000001,2.82239999999999,2.87380000000002,2.99609999999998,2.77070000000001,2.98560000000001,3.00030000000001,2.78189999999998,2.95230000000001,2.79419999999996,2.75819999999999,2.7824,2.7439,2.91249999999999,2.7449,2.7921,2.85489999999999,2.68809999999999,2.73479999999998,2.82939999999999,2.7021,2.715
2.86010000000002,2.88249999999999,2.709,2.86390000000003,3.01859999999999,2.8767,2.96909999999997,2.83080000000001,2.82419999999999,2.87630000000004,3.0001,2.7722,2.9897,3.00469999999999,2.78379999999999,2.9564,2.79639999999998,2.76009999999999,2.78469999999999,2.74569999999997,2.91660000000002,2.74680000000001,2.79480000000001,2.85859999999997,2.68949999999998,2.73699999999999,2.83320000000001,2.70400000000001,2.71729999999999
2.86150000000004,2.8843,2.709,2.86570000000003,3.0222,2.87879999999998,2.97229999999999,2.83260000000001,2.82599999999996,2.87880000000001,3.00409999999999,2.77369999999999,2.99379999999999,3.00909999999999,2.78569999999999,2.96050000000002,2.79859999999996,2.762,2.78700000000001,2.7475,2.92070000000001,2.74870000000001,2.79749999999999,2.86229999999998,2.6909,2.73919999999998,2.83699999999999,2.70590000000001,2.71960000000001
2.86290000000002,2.8861,2.709,2.86750000000001,3.0258,2.8809,2.97549999999998,2.83440000000002,2.8278,2.88130000000004,3.00810000000001,2.77520000000001,2.99789999999999,3.01349999999999,2.7876,2.96460000000002,2.80079999999998,2.76390000000001,2.7893,2.74929999999998,2.9248,2.75059999999999,2.80019999999999,2.86599999999999,2.69229999999999,2.74139999999997,2.8408,2.70779999999999,2.72190000000001
2.86430000000001,2.88789999999997,2.709,2.86930000000001,3.02940000000001,2.88300000000001,2.97869999999998,2.83620000000002,2.8296,2.88380000000004,3.0121,2.77670000000001,3.00199999999998,3.0179,2.7895,2.96870000000001,2.803,2.76580000000001,2.79159999999999,2.75109999999998,2.92890000000003,2.7525,2.80289999999999,2.86969999999999,2.69369999999998,2.74359999999999,2.84460000000001,2.7097,2.7242
2.8657,2.88969999999998,2.709,2.87110000000001,3.03300000000002,2.88509999999999,2.98189999999997,2.83800000000002,2.83139999999997,2.88630000000001,3.01609999999999,2.7782,3.00609999999998,3.0223,2.79140000000001,2.97280000000001,2.80519999999999,2.76769999999999,2.79390000000001,2.75290000000001,2.93300000000002,2.7544,2.8056,2.8734,2.6951,2.7458,2.8484,2.7116,2.72649999999999
2.86709999999999,2.89149999999998,2.709,2.87290000000002,3.03659999999999,2.88720000000001,2.98509999999996,2.83980000000003,2.83320000000001,2.88880000000003,3.02010000000001,2.77970000000002,3.01019999999997,3.02670000000001,2.79330000000002,2.9769,2.8074,2.7696,2.7962,2.75469999999999,2.93710000000002,2.75629999999998,2.8083,2.87709999999998,2.69649999999999,2.74799999999999,2.85220000000001,2.71349999999998,2.72879999999998
2.86850000000004,2.89329999999998,2.709,2.87470000000002,3.0402,2.88930000000002,2.98829999999998,2.84160000000003,2.83499999999998,2.8913,3.0241,2.78120000000001,3.01429999999999,3.03110000000001,2.79520000000002,2.98100000000002,2.80959999999999,2.7715,2.79849999999999,2.75649999999999,2.94120000000001,2.75819999999999,2.81099999999998,2.88079999999999,2.6979,2.75019999999998,2.85599999999999,2.71539999999999,2.7311
2.86990000000003,2.89509999999999,2.709,2.87650000000002,3.0438,2.8914,2.99149999999997,2.8434,2.83679999999998,2.89380000000003,3.02809999999999,2.78270000000001,3.01839999999999,3.03549999999998,2.7971,2.98510000000002,2.81180000000001,2.77340000000001,2.80080000000001,2.75829999999996,2.94530000000003,2.76010000000002,2.81369999999998,2.8845,2.69929999999999,2.75239999999999,2.85980000000001,2.71729999999999,2.73339999999999
2.87130000000002,2.89689999999999,2.709,2.8783,3.04740000000001,2.89350000000002,2.99469999999997,2.84520000000001,2.83859999999999,2.89630000000002,3.03209999999999,2.78420000000003,3.02249999999998,3.03989999999999,2.79899999999998,2.98920000000001,2.81399999999996,2.77529999999999,2.8031,2.76009999999999,2.9494,2.762,2.81639999999999,2.88820000000001,2.70069999999998,2.75460000000001,2.86359999999999,2.7192,2.73569999999998
2.87270000000001,2.89869999999996,2.709,2.88010000000003,3.05099999999999,2.89559999999997,2.99789999999999,2.84700000000001,2.84039999999999,2.89880000000002,3.0361,2.78570000000002,3.02659999999997,3.04429999999999,2.80089999999998,2.9933,2.81619999999998,2.77719999999999,2.80539999999999,2.7619,2.95350000000002,2.76390000000001,2.81909999999999,2.89189999999996,2.7021,2.75679999999997,2.8674,2.72110000000001,2.738
2.87410000000003,2.90049999999999,2.709,2.88190000000003,3.05459999999999,2.89769999999999,3.00109999999998,2.84880000000001,2.84219999999999,2.90130000000002,3.0401,2.78720000000001,3.03069999999997,3.0487,2.80279999999999,2.9974,2.81839999999997,2.7791,2.80770000000001,2.76369999999997,2.95760000000001,2.76580000000001,2.8218,2.89559999999997,2.70349999999999,2.75899999999996,2.87119999999999,2.72300000000001,2.74029999999999
2.87550000000002,2.90229999999997,2.709,2.88370000000003,3.0582,2.8998,3.00429999999997,2.85060000000001,2.84399999999997,2.90380000000002,3.04410000000001,2.78869999999998,3.03479999999996,3.0531,2.8047,3.00149999999999,2.82059999999998,2.78100000000001,2.81,2.76549999999997,2.96170000000004,2.76769999999999,2.82449999999997,2.89929999999998,2.70490000000001,2.76119999999997,2.875,2.72490000000002,2.74260000000001
2.87690000000003,2.9041,2.709,2.88550000000001,3.06180000000001,2.90189999999998,3.00749999999999,2.85240000000002,2.8458,2.90630000000002,3.04810000000001,2.7902,3.03889999999998,3.0575,2.8066,3.00560000000002,2.82279999999997,2.78290000000001,2.81229999999999,2.76730000000001,2.9658,2.7696,2.82719999999998,2.90299999999999,2.7063,2.76339999999999,2.87880000000001,2.7268,2.7449
2.87830000000002,2.90589999999997,2.709,2.88730000000001,3.06539999999998,2.904,3.01069999999999,2.85420000000002,2.84759999999997,2.90880000000004,3.05210000000002,2.79169999999999,3.04300000000001,3.06190000000001,2.80850000000001,3.00970000000004,2.82499999999999,2.78479999999999,2.81460000000001,2.76909999999998,2.96990000000002,2.7715,2.82990000000001,2.90669999999997,2.70769999999999,2.76559999999998,2.8826,2.7287,2.74719999999999
2.87970000000001,2.90769999999998,2.709,2.88910000000004,3.06899999999999,2.90610000000001,3.01389999999998,2.85599999999999,2.84939999999997,2.91130000000001,3.05609999999999,2.79319999999998,3.0471,3.06629999999998,2.81040000000002,3.01380000000003,2.8272,2.7867,2.8169,2.77089999999998,2.97400000000002,2.77339999999998,2.83260000000001,2.91039999999998,2.70909999999998,2.76779999999997,2.88640000000001,2.73060000000001,2.74950000000001
2.88110000000003,2.90949999999998,2.709,2.89090000000002,3.07259999999999,2.90819999999999,3.01709999999997,2.8578,2.85120000000001,2.91380000000004,3.06009999999998,2.79470000000001,3.05119999999999,3.07069999999999,2.81230000000002,3.01790000000003,2.82939999999996,2.7886,2.8192,2.77269999999999,2.97810000000001,2.77529999999999,2.83530000000002,2.91409999999999,2.71049999999997,2.76999999999998,2.89019999999999,2.73249999999999,2.7518
2.88250000000002,2.91129999999998,2.709,2.89270000000002,3.0762,2.91030000000001,3.02029999999996,2.8596,2.85299999999998,2.91630000000004,3.0641,2.7962,3.05529999999999,3.07509999999999,2.8142,3.02200000000002,2.83159999999998,2.79050000000001,2.82150000000001,2.77449999999999,2.98220000000001,2.77720000000002,2.83799999999999,2.9178,2.71189999999999,2.7722,2.89400000000001,2.73439999999999,2.75409999999999
2.88390000000001,2.91309999999999,2.709,2.89450000000002,3.07979999999998,2.91240000000002,3.02349999999996,2.8614,2.85479999999998,2.91880000000003,3.06809999999999,2.79769999999999,3.05939999999998,3.0795,2.81609999999998,3.02610000000001,2.83379999999997,2.79240000000001,2.82380000000001,2.77629999999999,2.98630000000003,2.7791,2.8407,2.92149999999998,2.71329999999998,2.77439999999999,2.89779999999999,2.7363,2.75640000000001
2.8853,2.91489999999999,2.709,2.89630000000002,3.08339999999998,2.9145,3.02669999999998,2.86320000000001,2.85659999999999,2.92130000000003,3.07210000000001,2.79920000000001,3.06349999999998,3.0839,2.81799999999998,3.03020000000004,2.83599999999998,2.79429999999999,2.82610000000003,2.77809999999997,2.99039999999999,2.78100000000001,2.8434,2.92519999999999,2.71469999999997,2.77659999999997,2.9016,2.73820000000001,2.7587
2.88670000000005,2.91669999999996,2.709,2.89810000000003,3.08699999999999,2.91659999999999,3.02989999999997,2.86500000000001,2.85839999999999,2.92380000000003,3.0761,2.80070000000001,3.06759999999997,3.0883,2.81989999999999,3.03430000000003,2.83819999999997,2.7962,2.82840000000002,2.7799,2.99450000000002,2.78290000000001,2.84610000000001,2.92889999999997,2.71609999999998,2.77879999999999,2.90540000000001,2.74010000000001,2.761
2.88810000000004,2.91849999999999,2.709,2.89990000000003,3.09060000000002,2.9187,3.03309999999996,2.86680000000004,2.86019999999996,2.92630000000003,3.08010000000002,2.8022,3.07169999999999,3.09270000000001,2.8218,3.03840000000002,2.84039999999999,2.79809999999998,2.83069999999998,2.7817,2.99860000000004,2.78479999999999,2.84880000000001,2.93259999999998,2.71749999999997,2.78100000000001,2.9092,2.74200000000002,2.76329999999999
2.88950000000003,2.92029999999997,2.709,2.90170000000001,3.09420000000003,2.92079999999999,3.03629999999995,2.86860000000004,2.86199999999999,2.92880000000005,3.08410000000001,2.80370000000002,3.07579999999999,3.09709999999998,2.8237,3.04250000000002,2.84259999999998,2.80000000000001,2.833,2.78349999999998,3.0027,2.7867,2.85149999999999,2.93629999999999,2.71889999999999,2.78319999999999,2.91300000000001,2.7439,2.76559999999998
2.89090000000002,2.9221,2.709,2.90350000000001,3.09780000000001,2.9229,3.03949999999998,2.87040000000005,2.8638,2.93130000000002,3.08810000000003,2.80520000000001,3.07989999999998,3.10149999999999,2.82560000000001,3.04660000000001,2.84479999999999,2.80190000000002,2.83529999999999,2.78529999999998,3.00680000000003,2.7886,2.85419999999999,2.93999999999997,2.72029999999998,2.78539999999995,2.91679999999999,2.7458,2.7679
2.89230000000001,2.92389999999997,2.709,2.90530000000004,3.10140000000001,2.92499999999998,3.04269999999997,2.87220000000002,2.86559999999997,2.93380000000005,3.09209999999999,2.80670000000001,3.08399999999997,3.10589999999999,2.82750000000001,3.05070000000001,2.84699999999998,2.8038,2.83759999999998,2.78709999999998,3.01090000000002,2.79049999999998,2.8569,2.94369999999998,2.7217,2.78759999999997,2.92060000000001,2.74770000000001,2.77019999999999
2.89370000000002,2.92570000000001,2.709,2.90710000000001,3.10500000000002,2.9271,3.04589999999999,2.87400000000002,2.8674,2.93630000000002,3.09610000000001,2.80820000000003,3.08809999999997,3.1103,2.82940000000002,3.05480000000003,2.84919999999997,2.8057,2.8399,2.78889999999998,3.01500000000001,2.79239999999999,2.8596,2.94739999999999,2.72309999999999,2.78979999999999,2.92439999999999,2.74959999999999,2.77249999999998
2.89510000000004,2.92749999999998,2.709,2.90890000000002,3.10860000000002,2.92920000000001,3.04909999999998,2.87580000000003,2.86919999999998,2.93880000000004,3.1001,2.80970000000002,3.09219999999996,3.1147,2.8313,3.05890000000002,2.85139999999998,2.80759999999998,2.84219999999999,2.79069999999999,3.01910000000001,2.79430000000002,2.8623,2.9511,2.72449999999998,2.79199999999997,2.9282,2.75149999999999,2.7748
2.89650000000003,2.92929999999998,2.709,2.91070000000002,3.1122,2.93129999999999,3.05229999999997,2.87760000000003,2.87099999999998,2.94130000000004,3.10409999999999,2.81119999999999,3.09629999999996,3.1191,2.83319999999998,3.06300000000002,2.85359999999997,2.80950000000001,2.84449999999998,2.79249999999996,3.02320000000003,2.7962,2.86499999999998,2.95479999999998,2.7259,2.79419999999996,2.93200000000002,2.7534,2.77710000000002
2.89790000000002,2.93109999999999,2.709,2.91249999999999,3.11580000000001,2.93340000000001,3.05549999999997,2.87940000000003,2.87279999999998,2.94380000000004,3.10810000000001,2.81270000000001,3.10040000000001,3.12350000000001,2.83509999999998,3.06710000000001,2.85579999999999,2.81139999999999,2.8468,2.79429999999999,3.0273,2.79810000000001,2.86769999999999,2.95849999999999,2.72729999999999,2.79639999999998,2.9358,2.75529999999998,2.77940000000001
2.89930000000001,2.93289999999999,2.709,2.91430000000003,3.11940000000001,2.93550000000002,3.05869999999996,2.88120000000004,2.87459999999999,2.94630000000004,3.1121,2.8142,3.1045,3.12789999999998,2.83699999999999,3.0712,2.85799999999998,2.8133,2.84909999999999,2.7961,3.03140000000002,2.80000000000001,2.87039999999999,2.9622,2.7287,2.79859999999999,2.93960000000001,2.75719999999998,2.7817
2.90070000000003,2.93469999999999,2.709,2.91610000000003,3.12300000000002,2.9376,3.06189999999995,2.88300000000004,2.87639999999999,2.94880000000003,3.11610000000002,2.81569999999999,3.1086,3.13229999999999,2.8389,3.0753,2.86019999999999,2.8152,2.85139999999998,2.79789999999997,3.03550000000001,2.80189999999999,2.87309999999999,2.9659,2.73009999999999,2.80079999999998,2.9434,2.75910000000002,2.78399999999999
2.90210000000002,2.9365,2.709,2.91790000000003,3.1266,2.93969999999999,3.06509999999997,2.88480000000001,2.87819999999996,2.95130000000003,3.12009999999998,2.81719999999999,3.11269999999999,3.13669999999999,2.8408,3.07940000000002,2.86239999999998,2.81709999999998,2.8537,2.79969999999997,3.03960000000004,2.8038,2.8758,2.96959999999996,2.73149999999998,2.80299999999997,2.94720000000001,2.76100000000002,2.78630000000001
2.90350000000001,2.9383,2.709,2.91970000000001,3.1302,2.9418,3.06829999999997,2.88660000000002,2.88,2.95380000000006,3.1241,2.81870000000001,3.11679999999998,3.14109999999999,2.84270000000001,3.08350000000002,2.86459999999997,2.81900000000002,2.85599999999999,2.8015,3.0437,2.8057,2.87849999999997,2.97329999999997,2.7329,2.80519999999999,2.95099999999999,2.7629,2.7886
2.9049,2.94009999999997,2.709,2.92150000000001,3.13380000000001,2.94389999999999,3.07149999999996,2.88840000000002,2.88179999999997,2.95630000000006,3.12809999999999,2.8202,3.12090000000001,3.1455,2.84460000000001,3.08760000000001,2.86679999999996,2.82089999999999,2.85829999999999,2.80329999999998,3.04780000000002,2.80759999999998,2.88119999999998,2.97699999999998,2.73429999999999,2.8074,2.95480000000001,2.76480000000001,2.79089999999999
2.90629999999999,2.94189999999998,2.709,2.92329999999998,3.13739999999996,2.94600000000003,3.07469999999995,2.89020000000002,2.88359999999997,2.95880000000005,3.13209999999998,2.82169999999999,3.125,3.14989999999995,2.84650000000002,3.0917,2.86899999999997,2.8228,2.86060000000001,2.80509999999998,3.05190000000002,2.80949999999999,2.88389999999998,2.98069999999998,2.73570000000001,2.80959999999999,2.95859999999999,2.76670000000001,2.79320000000001
2.90770000000003,2.94369999999998,2.709,2.92509999999999,3.14100000000002,2.94810000000001,3.0779,2.892,2.8854,2.96130000000005,3.1361,2.82320000000001,3.12909999999999,3.15429999999998,2.84840000000003,3.0958,2.87119999999996,2.82470000000001,2.8629,2.80689999999998,3.05600000000001,2.81139999999999,2.88659999999999,2.98439999999999,2.7371,2.81179999999995,2.9624,2.76859999999999,2.7955
2.90910000000002,2.94549999999998,2.709,2.92690000000005,3.14460000000003,2.95020000000005,3.08109999999994,2.89380000000006,2.88720000000001,2.96380000000005,3.14010000000002,2.82470000000001,3.13319999999999,3.15870000000001,2.8503,3.09989999999999,2.8734,2.82660000000004,2.86519999999999,2.80869999999999,3.06010000000003,2.8133,2.88929999999999,2.98809999999997,2.73849999999999,2.81399999999996,2.96620000000001,2.7705,2.7978
2.91050000000007,2.94729999999998,2.709,2.92870000000005,3.14820000000003,2.95229999999998,3.08429999999998,2.89560000000006,2.88899999999995,2.96630000000005,3.14409999999998,2.82620000000003,3.13729999999998,3.16309999999999,2.85220000000004,3.10399999999998,2.87559999999996,2.82849999999996,2.86750000000001,2.81049999999999,3.06420000000003,2.81519999999998,2.89199999999997,2.99180000000001,2.73989999999998,2.81619999999998,2.97,2.7724,2.80009999999999
2.91190000000006,2.94909999999999,2.709,2.93050000000005,3.15180000000004,2.95439999999996,3.08749999999992,2.89740000000006,2.89079999999996,2.96880000000004,3.1481,2.82769999999999,3.14139999999998,3.16749999999996,2.85410000000002,3.10809999999998,2.87779999999998,2.8304,2.8698,2.81229999999999,3.06830000000002,2.81709999999998,2.8947,2.99549999999994,2.7413,2.81839999999997,2.97379999999998,2.77430000000001,2.80239999999998
2.91330000000005,2.95089999999999,2.709,2.93230000000005,3.15539999999999,2.95650000000001,3.09069999999997,2.89920000000006,2.89259999999996,2.97129999999999,3.15210000000002,2.82920000000001,3.14549999999997,3.17189999999999,2.85600000000005,3.11220000000003,2.87999999999994,2.83230000000003,2.87209999999999,2.81409999999994,3.07240000000007,2.81899999999996,2.89739999999995,2.99919999999997,2.74269999999996,2.82059999999996,2.9776,2.77620000000002,2.8047
2.91470000000004,2.95269999999994,2.709,2.9341,3.15900000000005,2.95859999999999,3.09389999999996,2.90100000000007,2.89440000000002,2.97380000000004,3.15610000000004,2.83070000000004,3.14959999999996,3.17630000000003,2.85790000000003,3.11630000000002,2.88220000000001,2.83420000000001,2.87439999999998,2.81589999999994,3.07650000000001,2.82090000000005,2.90010000000001,3.00289999999995,2.7441,2.82279999999997,2.98140000000001,2.77809999999999,2.80699999999996
2.91610000000003,2.9545,2.709,2.9359,3.1626,2.96070000000003,3.09709999999995,2.90280000000007,2.89619999999996,2.97630000000004,3.1601,2.8322,3.15369999999996,3.1807,2.85979999999995,3.12040000000002,2.88439999999997,2.83609999999999,2.87670000000003,2.8177,3.0806,2.82280000000003,2.90279999999996,3.00659999999999,2.74549999999999,2.82499999999999,2.98520000000002,2.78000000000003,2.80930000000001
2.91750000000002,2.9563,2.709,2.93770000000001,3.1662,2.96279999999996,3.1003,2.90460000000007,2.89799999999997,2.97880000000004,3.16410000000002,2.83370000000002,3.15779999999995,3.18509999999998,2.86169999999998,3.12450000000001,2.88659999999999,2.83799999999997,2.87899999999996,2.81950000000001,3.0847,2.82470000000001,2.90550000000002,3.01029999999997,2.74689999999998,2.82719999999995,2.98899999999998,2.78190000000001,2.8116
2.91890000000001,2.95809999999994,2.709,2.93950000000001,3.16980000000001,2.9649,3.10349999999994,2.90640000000008,2.89979999999997,2.98130000000003,3.16810000000004,2.83520000000004,3.16189999999995,3.18950000000001,2.86359999999996,3.12860000000001,2.88879999999995,2.8399,2.88130000000001,2.82130000000001,3.08880000000005,2.82660000000004,2.90819999999997,3.01400000000001,2.74829999999997,2.82939999999996,2.99279999999999,2.78379999999999,2.81389999999999
2.9203,2.95989999999995,2.709,2.94130000000001,3.17340000000002,2.96699999999998,3.10669999999999,2.90820000000002,2.90159999999997,2.98380000000003,3.1721,2.83670000000001,3.16599999999994,3.19390000000004,2.8655,3.1327,2.89100000000002,2.84180000000003,2.8836,2.82309999999995,3.09290000000004,2.82850000000002,2.91089999999997,3.01769999999999,2.74970000000002,2.83159999999998,2.9966,2.78570000000002,2.81619999999998
2.92169999999999,2.96170000000001,2.709,2.94310000000007,3.17700000000002,2.96910000000003,3.10989999999998,2.91000000000003,2.90339999999998,2.98630000000003,3.17609999999996,2.83820000000003,3.17009999999993,3.19830000000002,2.86739999999998,3.13679999999999,2.89319999999998,2.84370000000001,2.88589999999999,2.82489999999996,3.09700000000004,2.8304,2.91359999999997,3.02140000000003,2.75110000000001,2.8338,3.00040000000001,2.7876,2.81849999999997
2.92310000000003,2.96350000000001,2.709,2.94490000000002,3.18060000000003,2.97120000000001,3.11309999999997,2.91180000000003,2.90519999999998,2.98880000000008,3.18009999999998,2.83970000000005,3.17419999999998,3.20269999999999,2.86930000000001,3.14090000000004,2.89539999999994,2.84559999999999,2.88819999999998,2.82669999999996,3.10109999999997,2.83230000000003,2.91629999999998,3.02509999999995,2.7525,2.83600000000001,3.00420000000003,2.78949999999998,2.82079999999996
2.92450000000002,2.96529999999996,2.709,2.94670000000002,3.18419999999998,2.97329999999999,3.11629999999997,2.91360000000003,2.90699999999998,2.99130000000002,3.1841,2.84120000000001,3.17829999999998,3.20709999999997,2.87119999999999,3.14500000000004,2.89760000000001,2.84749999999997,2.89050000000003,2.82849999999996,3.10520000000002,2.83420000000001,2.91900000000004,3.02879999999993,2.75389999999999,2.83819999999997,3.00799999999998,2.79140000000001,2.82309999999995
2.92590000000007,2.96709999999996,2.709,2.94850000000002,3.18780000000004,2.97539999999998,3.11949999999996,2.91540000000003,2.90879999999999,2.99380000000002,3.18809999999996,2.84270000000004,3.18239999999997,3.2115,2.87310000000002,3.14910000000003,2.89979999999997,2.8494,2.89279999999997,2.83029999999997,3.10930000000002,2.83609999999999,2.92169999999999,3.03249999999997,2.75529999999998,2.84039999999999,3.01179999999999,2.79329999999999,2.8254
2.92730000000006,2.96890000000002,2.709,2.95030000000003,3.19139999999999,2.97749999999996,3.12269999999995,2.91720000000004,2.91059999999999,2.99630000000008,3.19209999999998,2.84420000000006,3.18649999999997,3.21589999999998,2.875,3.15320000000003,2.90199999999999,2.85130000000004,2.89510000000001,2.83210000000003,3.11340000000001,2.83800000000002,2.92439999999999,3.03619999999995,2.75669999999997,2.8426,3.01560000000001,2.79519999999997,2.82769999999999
2.92870000000005,2.97069999999997,2.709,2.95210000000003,3.19499999999999,2.9796,3.12589999999994,2.91900000000004,2.91239999999999,2.99880000000007,3.1961,2.84570000000002,3.19059999999996,3.22029999999995,2.87689999999998,3.15730000000002,2.90419999999995,2.85320000000002,2.8974,2.83389999999997,3.11750000000001,2.8399,2.9271,3.03989999999999,2.75809999999996,2.84479999999996,3.01940000000002,2.7971,2.82999999999998
2.93010000000004,2.97249999999997,2.709,2.95390000000003,3.1986,2.98169999999999,3.12909999999994,2.92080000000004,2.91419999999994,3.00130000000001,3.20010000000002,2.84719999999999,3.19469999999995,3.22469999999998,2.87880000000001,3.16140000000007,2.90640000000002,2.85509999999999,2.8997,2.83569999999997,3.12160000000006,2.84179999999998,2.9298,3.04359999999997,2.7595,2.84699999999998,3.02320000000003,2.79899999999998,2.83230000000003
2.93150000000003,2.97429999999997,2.709,2.95569999999998,3.2022,2.98380000000003,3.13229999999999,2.92260000000005,2.916,3.00380000000001,3.20409999999998,2.84870000000001,3.19880000000001,3.22910000000002,2.88069999999999,3.16550000000007,2.90859999999998,2.85699999999997,2.90199999999999,2.83749999999998,3.12569999999999,2.84370000000001,2.9325,3.04730000000001,2.76089999999994,2.8492,3.02699999999999,2.80089999999996,2.83460000000002
2.93290000000002,2.97609999999997,2.709,2.95749999999998,3.20580000000001,2.98590000000002,3.13549999999992,2.92440000000005,2.9178,3.00630000000007,3.2081,2.85019999999997,3.2029,3.23349999999999,2.88260000000002,3.16960000000006,2.91079999999994,2.85890000000001,2.90430000000003,2.83929999999998,3.12979999999999,2.84559999999999,2.93520000000001,3.05099999999999,2.76229999999998,2.85140000000001,3.0308,2.80279999999999,2.83690000000001
2.93430000000001,2.97789999999998,2.709,2.95930000000004,3.20940000000002,2.988,3.13869999999997,2.92620000000005,2.9196,3.00880000000006,3.21210000000002,2.85169999999999,3.20699999999999,3.23789999999997,2.8845,3.17370000000005,2.91299999999995,2.86080000000004,2.90659999999997,2.84109999999998,3.13390000000004,2.84749999999997,2.93789999999996,3.05470000000003,2.76369999999997,2.85360000000003,3.03460000000001,2.80469999999997,2.83920000000001
2.93570000000005,2.97969999999998,2.709,2.96110000000004,3.21299999999997,2.99009999999998,3.14189999999996,2.92800000000005,2.92140000000001,3.01130000000001,3.21610000000004,2.85319999999996,3.21109999999999,3.2423,2.88640000000004,3.17780000000005,2.91519999999997,2.86270000000002,2.90890000000002,2.84289999999993,3.13800000000003,2.8494,2.94060000000002,3.05839999999995,2.76510000000002,2.85579999999993,3.03840000000002,2.8066,2.8415
2.93710000000004,2.98149999999998,2.709,2.96290000000005,3.21660000000003,2.99220000000003,3.14509999999996,2.92980000000006,2.92319999999995,3.01380000000006,3.2201,2.85469999999998,3.21519999999998,3.24670000000003,2.88830000000002,3.18190000000004,2.91739999999999,2.8646,2.91120000000001,2.84469999999999,3.14210000000003,2.85129999999998,2.94329999999997,3.06209999999999,2.76649999999995,2.85799999999995,3.04219999999998,2.80849999999998,2.84379999999999
2.93850000000003,2.98329999999999,2.709,2.96470000000005,3.22019999999998,2.99430000000001,3.14830000000001,2.93160000000006,2.92499999999995,3.01630000000006,3.22410000000002,2.8562,3.21929999999998,3.25110000000001,2.89020000000005,3.18600000000004,2.91959999999995,2.86649999999997,2.9135,2.84649999999999,3.14620000000002,2.85319999999996,2.94600000000003,3.06579999999997,2.7679,2.86019999999996,3.04599999999999,2.81040000000002,2.84610000000004
2.93990000000002,2.98509999999999,2.709,2.96650000000005,3.22380000000004,2.99639999999999,3.15149999999994,2.93340000000006,2.92679999999996,3.01880000000006,3.22810000000004,2.85769999999997,3.22339999999997,3.25549999999998,2.89210000000003,3.19010000000003,2.92180000000002,2.86840000000001,2.91579999999999,2.84829999999999,3.15030000000007,2.85510000000005,2.94869999999997,3.06949999999995,2.76929999999999,2.86239999999992,3.0498,2.81230000000005,2.84840000000003
2.94130000000001,2.98689999999999,2.709,2.9683,3.22739999999999,2.99849999999998,3.15469999999999,2.93520000000001,2.92860000000002,3.02130000000005,3.23209999999995,2.85919999999999,3.22749999999996,3.25990000000002,2.89399999999995,3.19420000000002,2.92399999999998,2.87030000000004,2.91810000000004,2.8501,3.15440000000001,2.85700000000003,2.95139999999998,3.07319999999999,2.77069999999998,2.86459999999994,3.05360000000002,2.81420000000003,2.85070000000002
2.9427,2.98869999999994,2.709,2.9701,3.23099999999999,3.00059999999996,3.15789999999993,2.93700000000001,2.93039999999996,3.02380000000005,3.23609999999996,2.86070000000001,3.23160000000001,3.26430000000005,2.89589999999998,3.19830000000002,2.92619999999994,2.87219999999996,2.92039999999997,2.8519,3.1585,2.85890000000001,2.95409999999998,3.07689999999997,2.77209999999997,2.86679999999996,3.05740000000003,2.81610000000001,2.85300000000001
2.94410000000005,2.9905,2.709,2.97190000000001,3.2346,3.0027,3.16109999999998,2.93880000000001,2.93219999999997,3.02630000000005,3.24009999999998,2.86219999999997,3.23570000000001,3.26869999999997,2.89779999999996,3.20240000000001,2.92839999999995,2.8741,2.92270000000002,2.85369999999995,3.1626,2.86080000000004,2.95679999999999,3.0806,2.77350000000001,2.86899999999997,3.06119999999999,2.81800000000004,2.8553
2.94550000000004,2.9923,2.709,2.97370000000001,3.23820000000001,3.00479999999999,3.16429999999991,2.94060000000002,2.93399999999997,3.02880000000005,3.2441,2.86369999999999,3.2398,3.27309999999994,2.8997,3.20650000000001,2.93059999999997,2.87599999999998,2.92500000000001,2.85549999999995,3.16670000000005,2.86270000000002,2.95949999999999,3.08429999999998,2.77489999999995,2.87119999999999,3.065,2.81990000000002,2.85759999999999
