-46.49,-45.079,-43.727,-42.395,-41.101,-39.84,-38.62,-37.39,-36.186,-34.989,-33.787,-32.609,-31.456,-30.282,-29.128,-27.973,-26.79,-25.543,-24.463,-24.119,-23.826,-23.133,-22.004,-20.858,-19.73,-18.595,-17.47,-16.34,-15.215
-46.838,-45.395,-44.015,-42.665,-41.354,-40.08,-38.837,-37.602,-36.389,-35.187,-33.983,-32.801,-31.639,-30.463,-29.305,-28.146,-26.968,-25.714,-24.629,-24.285,-23.995,-23.303,-22.168,-21.022,-19.891,-18.756,-17.627,-16.494,-15.369
-47.186,-45.712,-44.303,-42.934,-41.607,-40.319,-39.055,-37.813,-36.592,-35.385,-34.18,-32.994,-31.821,-30.645,-29.482,-28.319,-27.145,-25.886,-24.795,-24.451,-24.165,-23.472,-22.332,-21.186,-20.052,-18.916,-17.784,-16.648,-15.523
-47.534,-46.028,-44.591,-43.203,-41.86,-40.559,-39.272,-38.025,-36.795,-35.583,-34.377,-33.186,-32.004,-30.826,-29.659,-28.491,-27.323,-26.057,-24.961,-24.617,-24.334,-23.642,-22.497,-21.349,-20.212,-19.076,-17.941,-16.801,-15.676
-47.881,-46.344,-44.881,-43.477,-42.113,-40.803,-39.507,-38.244,-37.007,-35.784,-34.573,-33.379,-32.186,-31.01,-29.836,-28.664,-27.501,-26.229,-25.13,-24.783,-24.504,-23.811,-22.661,-21.513,-20.373,-19.237,-18.098,-16.959,-15.83
-48.242,-46.676,-45.189,-43.755,-42.382,-41.05,-39.748,-38.468,-37.225,-35.985,-34.77,-33.573,-32.378,-31.193,-30.013,-28.842,-27.678,-26.401,-25.301,-24.954,-24.673,-23.981,-22.826,-21.677,-20.535,-19.397,-18.256,-17.118,-15.984
-48.617,-47.022,-45.511,-44.05,-42.656,-41.305,-39.993,-38.698,-37.443,-36.196,-34.972,-33.768,-32.569,-31.379,-30.196,-29.021,-27.856,-26.576,-25.473,-25.125,-24.843,-24.15,-22.992,-21.841,-20.699,-19.557,-18.416,-17.276,-16.141
-49,-47.383,-45.842,-44.357,-42.938,-41.57,-40.239,-38.931,-37.66,-36.411,-35.175,-33.963,-32.763,-31.569,-30.379,-29.2,-28.032,-26.752,-25.645,-25.297,-25.012,-24.32,-23.158,-22.007,-20.863,-19.72,-18.577,-17.437,-16.298
-49.4,-47.75,-46.178,-44.673,-43.23,-41.84,-40.49,-39.178,-37.889,-36.631,-35.387,-34.168,-32.96,-31.759,-30.565,-29.385,-28.208,-26.928,-25.819,-25.472,-25.183,-24.489,-23.329,-22.172,-21.028,-19.884,-18.738,-17.599,-16.455
-49.81,-48.131,-46.525,-45.001,-43.526,-42.123,-40.747,-39.43,-38.128,-36.855,-35.605,-34.374,-33.157,-31.952,-30.756,-29.569,-28.388,-27.106,-25.992,-25.647,-25.354,-24.661,-23.502,-22.339,-21.195,-20.048,-18.901,-17.76,-16.615
-50.231,-48.522,-46.881,-45.334,-43.834,-42.41,-41.019,-39.686,-38.373,-37.084,-35.825,-34.583,-33.361,-32.148,-30.948,-29.756,-28.574,-27.283,-26.17,-25.822,-25.526,-24.834,-23.675,-22.513,-21.362,-20.213,-19.065,-17.923,-16.775
-50.662,-48.91,-47.246,-45.672,-44.153,-42.705,-41.301,-39.943,-38.621,-37.32,-36.046,-34.794,-33.564,-32.344,-31.143,-29.945,-28.76,-27.464,-26.35,-25.999,-25.703,-25.006,-23.846,-22.687,-21.531,-20.378,-19.228,-18.086,-16.935
-51.112,-49.325,-47.638,-46.028,-44.481,-43.008,-41.59,-40.211,-38.872,-37.561,-36.272,-35.012,-33.777,-32.549,-31.34,-30.134,-28.947,-27.649,-26.531,-26.176,-25.883,-25.182,-24.017,-22.862,-21.703,-20.544,-19.397,-18.25,-17.099
-51.57,-49.755,-48.037,-46.394,-44.822,-43.316,-41.884,-40.482,-39.125,-37.811,-36.51,-35.239,-33.994,-32.754,-31.538,-30.332,-29.135,-27.834,-26.714,-26.354,-26.064,-25.361,-24.188,-23.036,-21.876,-20.714,-19.565,-18.415,-17.264
-52.038,-50.194,-48.442,-46.767,-45.169,-43.642,-42.183,-40.766,-39.393,-38.063,-36.75,-35.467,-34.212,-32.968,-31.741,-30.531,-29.323,-28.022,-26.899,-26.54,-26.248,-25.539,-24.366,-23.21,-22.048,-20.888,-19.734,-18.581,-17.429
-52.521,-50.637,-48.859,-47.151,-45.523,-43.978,-42.496,-41.054,-39.667,-38.317,-36.996,-35.702,-34.433,-33.187,-31.944,-30.732,-29.521,-28.211,-27.084,-26.727,-26.435,-25.721,-24.546,-23.385,-22.22,-21.062,-19.902,-18.748,-17.598
-53.018,-51.1,-49.281,-47.548,-45.892,-44.324,-42.812,-41.349,-39.95,-38.578,-37.245,-35.938,-34.656,-33.407,-32.157,-30.938,-29.719,-28.4,-27.272,-26.913,-26.621,-25.905,-24.725,-23.562,-22.393,-21.236,-20.071,-18.916,-17.768
-53.532,-51.573,-49.716,-47.952,-46.27,-44.676,-43.131,-41.657,-40.234,-38.847,-37.505,-36.186,-34.896,-33.63,-32.374,-31.143,-29.919,-28.596,-27.46,-27.102,-26.81,-26.089,-24.91,-23.74,-22.567,-21.409,-20.24,-19.086,-17.938
-54.058,-52.054,-50.173,-48.367,-46.659,-45.033,-43.473,-41.969,-40.529,-39.124,-37.766,-36.434,-35.137,-33.852,-32.593,-31.355,-30.126,-28.793,-27.65,-27.29,-26.999,-26.28,-25.095,-23.918,-22.746,-21.583,-20.414,-19.256,-18.107
-54.595,-52.559,-50.638,-48.794,-47.064,-45.398,-43.82,-42.3,-40.828,-39.408,-38.035,-36.69,-35.381,-34.086,-32.817,-31.571,-30.333,-28.991,-27.847,-27.485,-27.189,-26.473,-25.28,-24.103,-22.925,-21.76,-20.589,-19.426,-18.277
-55.137,-53.059,-51.107,-49.234,-47.472,-45.787,-44.17,-42.631,-41.14,-39.699,-38.307,-36.946,-35.626,-34.32,-33.041,-31.788,-30.546,-29.196,-28.045,-27.687,-27.385,-26.666,-25.472,-24.287,-23.105,-21.941,-20.764,-19.603,-18.447
-55.687,-53.574,-51.585,-49.688,-47.886,-46.182,-44.535,-42.961,-41.461,-39.994,-38.592,-37.214,-35.879,-34.562,-33.278,-32.013,-30.762,-29.401,-28.245,-27.888,-27.58,-26.863,-25.664,-24.472,-23.289,-22.121,-20.944,-19.779,-18.619
-56.262,-54.107,-52.085,-50.148,-48.329,-46.575,-44.908,-43.312,-41.791,-40.306,-38.879,-37.484,-36.137,-34.808,-33.517,-32.238,-30.98,-29.613,-28.449,-28.091,-27.779,-27.059,-25.856,-24.663,-23.473,-22.302,-21.126,-19.955,-18.794
-56.848,-54.658,-52.598,-50.627,-48.769,-46.986,-45.3,-43.675,-42.125,-40.624,-39.174,-37.766,-36.402,-35.059,-33.759,-32.472,-31.204,-29.831,-28.653,-28.295,-27.986,-27.257,-26.054,-24.854,-23.658,-22.483,-21.307,-20.135,-18.968
-57.446,-55.224,-53.117,-51.116,-49.213,-47.407,-45.694,-44.044,-42.461,-40.946,-39.474,-38.051,-36.673,-35.317,-34.001,-32.709,-31.428,-30.05,-28.864,-28.499,-28.194,-27.466,-26.252,-25.046,-23.85,-22.665,-21.489,-20.315,-19.144
-58.063,-55.79,-53.645,-51.61,-49.681,-47.846,-46.092,-44.42,-42.822,-41.272,-39.785,-38.348,-36.95,-35.58,-34.247,-32.948,-31.658,-30.271,-29.081,-28.717,-28.406,-27.674,-26.451,-25.243,-24.043,-22.851,-21.672,-20.494,-19.323
-58.686,-56.372,-54.188,-52.118,-50.16,-48.291,-46.504,-44.809,-43.188,-41.613,-40.103,-38.648,-37.235,-35.856,-34.507,-33.192,-31.893,-30.493,-29.297,-28.934,-28.624,-27.884,-26.658,-25.439,-24.236,-23.045,-21.855,-20.678,-19.502
-59.318,-56.975,-54.754,-52.64,-50.648,-48.746,-46.928,-45.21,-43.561,-41.961,-40.431,-38.957,-37.526,-36.133,-34.767,-33.437,-32.129,-30.719,-29.523,-29.154,-28.841,-28.096,-26.865,-25.638,-24.434,-23.238,-22.043,-20.862,-19.681
-59.971,-57.59,-55.332,-53.176,-51.145,-49.216,-47.363,-45.617,-43.938,-42.319,-40.769,-39.268,-37.826,-36.418,-35.038,-33.696,-32.378,-30.955,-29.75,-29.378,-29.064,-28.308,-27.074,-25.846,-24.632,-23.433,-22.236,-21.046,-19.864
-60.629,-58.213,-55.917,-53.727,-51.662,-49.693,-47.812,-46.034,-44.319,-42.687,-41.114,-39.593,-38.132,-36.704,-35.31,-33.956,-32.627,-31.191,-29.978,-29.602,-29.288,-28.527,-27.289,-26.054,-24.832,-23.629,-22.428,-21.235,-20.047
-61.299,-58.852,-56.513,-54.294,-52.183,-50.178,-48.269,-46.459,-44.727,-43.058,-41.469,-39.92,-38.447,-36.999,-35.592,-34.225,-32.885,-31.437,-30.212,-29.834,-29.513,-28.752,-27.503,-26.265,-25.038,-23.826,-22.622,-21.427,-20.231
-61.987,-59.498,-57.128,-54.866,-52.713,-50.672,-48.736,-46.892,-45.138,-43.442,-41.827,-40.264,-38.767,-37.294,-35.878,-34.498,-33.146,-31.688,-30.446,-30.071,-29.747,-28.977,-27.722,-26.48,-25.245,-24.026,-22.818,-21.618,-20.424
-62.681,-60.161,-57.742,-55.447,-53.257,-51.195,-49.228,-47.348,-45.552,-43.832,-42.196,-40.611,-39.093,-37.606,-36.171,-34.774,-33.41,-31.94,-30.691,-30.309,-29.982,-29.21,-27.948,-26.695,-25.455,-24.235,-23.013,-21.812,-20.618
-63.375,-60.837,-58.384,-56.04,-53.832,-51.715,-49.719,-47.808,-45.985,-44.237,-42.57,-40.966,-39.424,-37.921,-36.471,-35.055,-33.679,-32.198,-30.943,-30.553,-30.222,-29.445,-28.174,-26.914,-25.672,-24.444,-23.214,-22.009,-20.813
-64.107,-61.514,-59.033,-56.646,-54.406,-52.247,-50.213,-48.274,-46.423,-44.651,-42.96,-41.328,-39.761,-38.245,-36.777,-35.339,-33.949,-32.456,-31.195,-30.798,-30.471,-29.682,-28.407,-27.139,-25.889,-24.654,-23.423,-22.206,-21.008
-64.829,-62.208,-59.689,-57.267,-54.987,-52.807,-50.719,-48.761,-46.865,-45.07,-43.356,-41.702,-40.111,-38.571,-37.091,-35.639,-34.235,-32.727,-31.454,-31.05,-30.719,-29.931,-28.644,-27.364,-26.108,-24.866,-23.633,-22.407,-21.204
-65.564,-62.911,-60.356,-57.914,-55.58,-53.366,-51.244,-49.252,-47.325,-45.503,-43.757,-42.083,-40.471,-38.91,-37.409,-35.938,-34.521,-33.001,-31.713,-31.313,-30.977,-30.18,-28.881,-27.596,-26.331,-25.078,-23.844,-22.616,-21.399
-66.311,-63.621,-61.032,-58.562,-56.194,-53.936,-51.781,-49.75,-47.794,-45.946,-44.171,-42.469,-40.839,-39.251,-37.734,-36.251,-34.817,-33.28,-31.979,-31.576,-31.237,-30.435,-29.127,-27.833,-26.554,-25.294,-24.058,-22.824,-21.601
-67.062,-64.339,-61.735,-59.212,-56.815,-54.517,-52.327,-50.263,-48.276,-46.401,-44.591,-42.866,-41.21,-39.608,-38.063,-36.565,-35.116,-33.566,-32.249,-31.85,-31.502,-30.695,-29.373,-28.07,-26.784,-25.521,-24.272,-23.034,-21.808
-67.816,-65.076,-62.427,-59.886,-57.449,-55.108,-52.887,-50.781,-48.772,-46.862,-45.027,-43.267,-41.593,-39.967,-38.403,-36.891,-35.422,-33.854,-32.522,-32.124,-31.776,-30.955,-29.625,-28.316,-27.023,-25.748,-24.488,-23.249,-22.015
-68.578,-65.817,-63.138,-60.56,-58.095,-55.713,-53.457,-51.316,-49.275,-47.329,-45.469,-43.686,-41.979,-40.337,-38.751,-37.22,-35.736,-34.153,-32.809,-32.401,-32.051,-31.229,-29.889,-28.563,-27.261,-25.979,-24.714,-23.464,-22.225
-69.349,-66.554,-63.858,-61.25,-58.75,-56.345,-54.041,-51.876,-49.782,-47.808,-45.915,-44.115,-42.381,-40.71,-39.113,-37.56,-36.054,-34.452,-33.095,-32.679,-32.336,-31.504,-30.153,-28.812,-27.506,-26.215,-24.939,-23.681,-22.441
-70.141,-67.314,-64.591,-61.956,-59.406,-56.974,-54.647,-52.423,-50.311,-48.301,-46.39,-44.557,-42.791,-41.098,-39.48,-37.904,-36.381,-34.762,-33.391,-32.958,-32.623,-31.785,-30.422,-29.073,-27.754,-26.452,-25.167,-23.908,-22.658
-70.91,-68.074,-65.338,-62.673,-60.088,-57.607,-55.252,-52.996,-50.85,-48.805,-46.864,-45.005,-43.216,-41.493,-39.854,-38.256,-36.712,-35.075,-33.691,-33.262,-32.915,-32.071,-30.694,-29.334,-28.002,-26.694,-25.408,-24.135,-22.875
-71.709,-68.843,-66.078,-63.396,-60.778,-58.265,-55.876,-53.586,-51.396,-49.326,-47.339,-45.455,-43.645,-41.901,-40.234,-38.611,-37.055,-35.395,-33.998,-33.565,-33.214,-32.358,-30.967,-29.6,-28.262,-26.943,-25.649,-24.362,-23.1
-72.511,-69.642,-66.838,-64.125,-61.474,-58.948,-56.505,-54.176,-51.957,-49.847,-47.844,-45.916,-44.075,-42.316,-40.62,-38.979,-37.4,-35.723,-34.315,-33.875,-33.514,-32.657,-31.254,-29.872,-28.524,-27.193,-25.89,-24.598,-23.326
-73.319,-70.416,-67.607,-64.855,-62.186,-59.62,-57.143,-54.781,-52.527,-50.379,-48.354,-46.388,-44.525,-42.736,-41.018,-39.352,-37.759,-36.055,-34.633,-34.187,-33.827,-32.956,-31.541,-30.144,-28.787,-27.448,-26.135,-24.834,-23.551
-74.131,-71.209,-68.375,-65.592,-62.915,-60.311,-57.807,-55.402,-53.11,-50.927,-48.863,-46.868,-44.98,-43.162,-41.422,-39.738,-38.119,-36.397,-34.959,-34.507,-34.139,-33.263,-31.833,-30.425,-29.059,-27.707,-26.379,-25.071,-23.79
-74.947,-72.017,-69.144,-66.36,-63.645,-61.011,-58.47,-56.035,-53.715,-51.488,-49.385,-47.373,-45.44,-43.592,-41.837,-40.128,-38.489,-36.742,-35.286,-34.837,-34.462,-33.575,-32.128,-30.708,-29.332,-27.967,-26.628,-25.319,-24.03
-75.763,-72.828,-69.94,-67.11,-64.382,-61.713,-59.147,-56.674,-54.32,-52.066,-49.921,-47.88,-45.916,-44.041,-42.254,-40.528,-38.86,-37.1,-35.63,-35.17,-34.787,-33.892,-32.425,-30.994,-29.608,-28.236,-26.892,-25.567,-24.27
-76.592,-73.639,-70.732,-67.872,-65.119,-62.424,-59.838,-57.319,-54.934,-52.656,-50.476,-48.391,-46.4,-44.499,-42.685,-40.931,-39.248,-37.461,-35.975,-35.516,-35.123,-34.222,-32.741,-31.297,-29.892,-28.509,-27.155,-25.816,-24.515
-77.433,-74.454,-71.525,-68.66,-65.864,-63.162,-60.541,-57.996,-55.563,-53.245,-51.031,-48.913,-46.9,-44.972,-43.122,-41.346,-39.639,-37.834,-36.329,-35.861,-35.468,-34.552,-33.057,-31.6,-30.176,-28.783,-27.423,-26.08,-24.761
-78.257,-75.274,-72.336,-69.454,-66.625,-63.899,-61.248,-58.676,-56.209,-53.848,-51.601,-49.448,-47.409,-45.45,-43.576,-41.767,-40.044,-38.209,-36.685,-36.217,-35.816,-34.896,-33.383,-31.908,-30.474,-29.07,-27.697,-26.344,-25.006
-79.112,-76.094,-73.147,-70.237,-67.399,-64.644,-61.956,-59.356,-56.863,-54.461,-52.187,-49.996,-47.927,-45.933,-44.034,-42.209,-40.452,-38.594,-37.051,-36.573,-36.172,-35.24,-33.712,-32.219,-30.776,-29.358,-27.97,-26.61,-25.265
-79.952,-76.918,-73.96,-71.026,-68.176,-65.39,-62.673,-60.044,-57.523,-55.09,-52.784,-50.565,-48.451,-46.435,-44.494,-42.654,-40.865,-38.981,-37.423,-36.942,-36.531,-35.592,-34.047,-32.535,-31.082,-29.65,-28.253,-26.883,-25.527
-80.819,-77.765,-74.781,-71.845,-68.957,-66.152,-63.414,-60.761,-58.195,-55.744,-53.387,-51.134,-48.99,-46.943,-44.981,-43.102,-41.288,-39.385,-37.805,-37.313,-36.906,-35.947,-34.39,-32.868,-31.396,-29.953,-28.541,-27.157,-25.788
-81.671,-78.597,-75.601,-72.657,-69.743,-66.921,-64.16,-61.477,-58.88,-56.388,-54.003,-51.707,-49.545,-47.456,-45.473,-43.562,-41.727,-39.792,-38.195,-37.696,-37.283,-36.313,-34.736,-33.201,-31.711,-30.255,-28.828,-27.434,-26.06
-82.516,-79.444,-76.431,-73.477,-70.532,-67.681,-64.91,-62.193,-59.579,-57.057,-54.632,-52.312,-50.101,-47.986,-45.964,-44.028,-42.175,-40.214,-38.59,-38.085,-37.671,-36.689,-35.094,-33.542,-32.032,-30.567,-29.126,-27.719,-26.335
-83.382,-80.301,-77.278,-74.297,-71.343,-68.46,-65.665,-62.929,-60.295,-57.732,-55.259,-52.922,-50.671,-48.523,-46.472,-44.515,-42.629,-40.64,-38.99,-38.486,-38.06,-37.07,-35.453,-33.884,-32.356,-30.881,-29.425,-28.003,-26.609
-84.264,-81.159,-78.111,-75.118,-72.163,-69.247,-66.424,-63.68,-60.993,-58.407,-55.916,-53.54,-51.256,-49.066,-46.992,-45.006,-43.095,-41.077,-39.402,-38.893,-38.46,-37.457,-35.825,-34.234,-32.686,-31.198,-29.727,-28.296,-26.896
-85.136,-82.023,-78.956,-75.946,-72.961,-70.058,-67.203,-64.435,-61.709,-59.104,-56.583,-54.168,-51.853,-49.635,-47.518,-45.504,-43.565,-41.52,-39.823,-39.309,-38.861,-37.85,-36.198,-34.591,-33.037,-31.525,-30.041,-28.598,-27.184
-85.997,-82.887,-79.8,-76.77,-73.776,-70.854,-67.989,-65.189,-62.45,-59.8,-57.255,-54.796,-52.455,-50.204,-48.058,-46.006,-44.049,-41.971,-40.252,-39.728,-39.285,-38.253,-36.58,-34.951,-33.387,-31.853,-30.355,-28.901,-27.473
-86.882,-83.75,-80.658,-77.614,-74.596,-71.67,-68.776,-65.945,-63.194,-60.518,-57.934,-55.442,-53.067,-50.775,-48.615,-46.512,-44.536,-42.435,-40.683,-40.157,-39.71,-38.664,-36.966,-35.323,-33.742,-32.189,-30.68,-29.212,-27.771
-87.754,-84.626,-81.522,-78.453,-75.428,-72.472,-69.57,-66.708,-63.925,-61.248,-58.631,-56.107,-53.695,-51.38,-49.171,-47.05,-45.03,-42.906,-41.132,-40.589,-40.142,-39.089,-37.366,-35.696,-34.098,-32.529,-31.011,-29.526,-28.07
-88.636,-85.487,-82.369,-79.294,-76.272,-73.283,-70.366,-67.492,-64.689,-61.981,-59.334,-56.784,-54.33,-51.989,-49.741,-47.591,-45.54,-43.385,-41.585,-41.041,-40.578,-39.515,-37.774,-36.085,-34.465,-32.874,-31.343,-29.842,-28.374
-89.524,-86.366,-83.237,-80.159,-77.112,-74.108,-71.177,-68.286,-65.452,-62.714,-60.044,-57.462,-54.982,-52.602,-50.325,-48.135,-46.057,-43.868,-42.054,-41.495,-41.031,-39.945,-38.189,-36.473,-34.841,-33.233,-31.682,-30.171,-28.691
-90.401,-87.247,-84.113,-81.016,-77.949,-74.937,-71.984,-69.076,-66.236,-63.448,-60.766,-58.147,-55.642,-53.222,-50.921,-48.705,-46.585,-44.363,-42.527,-41.963,-41.492,-40.385,-38.609,-36.882,-35.22,-33.592,-32.022,-30.501,-29.009
-91.301,-88.126,-84.977,-81.859,-78.799,-75.777,-72.793,-69.867,-67.005,-64.212,-61.499,-58.847,-56.304,-53.863,-51.518,-49.274,-47.121,-44.869,-43.009,-42.433,-41.965,-40.835,-39.034,-37.293,-35.606,-33.965,-32.376,-30.838,-29.333
-92.191,-89.011,-85.851,-82.741,-79.649,-76.627,-73.623,-70.677,-67.787,-64.975,-62.233,-59.555,-56.99,-54.506,-52.121,-49.844,-47.666,-45.385,-43.499,-42.909,-42.443,-41.3,-39.461,-37.71,-35.994,-34.339,-32.738,-31.181,-29.662
-93.084,-89.896,-86.733,-83.607,-80.499,-77.458,-74.452,-71.495,-68.583,-65.739,-62.974,-60.276,-57.676,-55.155,-52.748,-50.448,-48.241,-45.911,-44,-43.401,-42.925,-41.773,-39.91,-38.128,-36.399,-34.727,-33.103,-31.524,-29.991
-93.992,-90.787,-87.611,-84.471,-81.373,-78.291,-75.281,-72.298,-69.378,-66.52,-63.735,-61.017,-58.378,-55.823,-53.394,-51.056,-48.818,-46.445,-44.509,-43.909,-43.415,-42.251,-40.371,-38.561,-36.804,-35.122,-33.475,-31.881,-30.333
-94.891,-91.679,-88.504,-85.343,-82.237,-79.158,-76.104,-73.128,-70.182,-67.305,-64.498,-61.75,-59.093,-56.516,-54.045,-51.667,-49.394,-46.997,-45.021,-44.424,-43.909,-42.73,-40.833,-38.999,-37.225,-35.519,-33.847,-32.237,-30.675
-95.801,-92.574,-89.384,-86.219,-83.11,-80.018,-76.944,-73.956,-71.008,-68.084,-65.267,-62.491,-59.813,-57.21,-54.699,-52.278,-49.977,-47.561,-45.556,-44.943,-44.433,-43.227,-41.294,-39.447,-37.645,-35.92,-34.239,-32.606,-31.025
-96.713,-93.482,-90.274,-87.096,-83.989,-80.871,-77.801,-74.77,-71.813,-68.881,-66.039,-63.239,-60.526,-57.903,-55.366,-52.925,-50.574,-48.131,-46.095,-45.467,-44.956,-43.732,-41.776,-39.897,-38.08,-36.326,-34.632,-32.982,-31.384
-97.619,-94.383,-91.172,-87.987,-84.856,-81.727,-78.645,-75.616,-72.643,-69.686,-66.817,-64,-61.266,-58.603,-56.041,-53.579,-51.185,-48.701,-46.641,-46.002,-45.48,-44.251,-42.262,-40.362,-38.515,-36.745,-35.03,-33.362,-31.744
-98.525,-95.289,-92.065,-88.875,-85.717,-82.595,-79.498,-76.457,-73.448,-70.49,-67.61,-64.772,-62.014,-59.324,-56.732,-54.231,-51.811,-49.283,-47.202,-46.548,-46.02,-44.779,-42.761,-40.829,-38.963,-37.166,-35.429,-33.752,-32.117
-99.435,-96.2,-92.971,-89.765,-86.615,-83.477,-80.366,-77.31,-74.281,-71.318,-68.391,-65.544,-62.764,-60.045,-57.434,-54.897,-52.443,-49.877,-47.77,-47.11,-46.57,-45.314,-43.268,-41.31,-39.411,-37.598,-35.843,-34.142,-32.491
-100.35,-97.085,-93.874,-90.665,-87.494,-84.346,-81.239,-78.163,-75.127,-72.126,-69.195,-66.318,-63.522,-60.789,-58.135,-55.57,-53.087,-50.495,-48.347,-47.679,-47.141,-45.861,-43.787,-41.795,-39.879,-38.035,-36.271,-34.544,-32.873
-101.27,-98,-94.777,-91.558,-88.37,-85.23,-82.106,-79.018,-75.959,-72.949,-70,-67.114,-64.294,-61.539,-58.837,-56.249,-53.752,-51.123,-48.933,-48.255,-47.715,-46.409,-44.317,-42.3,-40.35,-38.492,-36.702,-34.946,-33.262
-102.18,-98.925,-95.692,-92.475,-89.255,-86.096,-82.966,-79.882,-76.815,-73.785,-70.823,-67.895,-65.067,-62.28,-59.562,-56.942,-54.418,-51.759,-49.533,-48.848,-48.294,-46.962,-44.853,-42.805,-40.836,-38.953,-37.137,-35.357,-33.655
-103.08,-99.82,-96.579,-93.365,-90.148,-86.982,-83.834,-80.73,-77.652,-74.633,-71.647,-68.687,-65.848,-63.044,-60.292,-57.648,-55.095,-52.381,-50.15,-49.447,-48.889,-47.553,-45.381,-43.31,-41.324,-39.423,-37.575,-35.781,-34.061
-103.98,-100.74,-97.496,-94.264,-91.052,-87.854,-84.714,-81.597,-78.5,-75.447,-72.459,-69.516,-66.628,-63.79,-61.045,-58.376,-55.781,-53.034,-50.765,-50.067,-49.492,-48.134,-45.93,-43.833,-41.823,-39.889,-38.017,-36.214,-34.468
-104.91,-101.65,-98.412,-95.149,-91.933,-88.765,-85.607,-82.456,-79.364,-76.319,-73.298,-70.328,-67.419,-64.571,-61.786,-59.105,-56.475,-53.686,-51.394,-50.687,-50.096,-48.718,-46.496,-44.382,-42.336,-40.375,-38.472,-36.652,-34.892
-105.82,-102.57,-99.316,-96.049,-92.857,-89.638,-86.472,-83.322,-80.215,-77.167,-74.144,-71.162,-68.216,-65.352,-62.566,-59.834,-57.186,-54.367,-52.043,-51.308,-50.721,-49.338,-47.073,-44.922,-42.852,-40.86,-38.951,-37.097,-35.304
-106.73,-103.49,-100.21,-96.972,-93.756,-90.547,-87.349,-84.203,-81.076,-78.015,-74.963,-71.969,-69.026,-66.133,-63.317,-60.566,-57.884,-55.058,-52.699,-51.956,-51.367,-49.952,-47.656,-45.481,-43.384,-41.362,-39.425,-37.549,-35.729
-107.67,-104.38,-101.13,-97.871,-94.662,-91.424,-88.264,-85.098,-81.975,-78.847,-75.816,-72.79,-69.833,-66.94,-64.086,-61.306,-58.618,-55.749,-53.356,-52.613,-52.001,-50.577,-48.255,-46.041,-43.92,-41.872,-39.909,-38.01,-36.167
-108.59,-105.31,-102.04,-98.788,-95.561,-92.336,-89.157,-85.968,-82.84,-79.729,-76.649,-73.624,-70.665,-67.725,-64.856,-62.065,-59.353,-56.445,-54.024,-53.291,-52.657,-51.206,-48.856,-46.618,-44.457,-42.388,-40.402,-38.476,-36.612
-109.52,-106.22,-102.96,-99.714,-96.464,-93.245,-90.018,-86.856,-83.716,-80.584,-77.499,-74.453,-71.467,-68.526,-65.663,-62.815,-60.083,-57.158,-54.7,-53.95,-53.322,-51.865,-49.47,-47.201,-45.004,-42.909,-40.895,-38.948,-37.068
-110.43,-107.14,-103.88,-100.62,-97.363,-94.156,-90.921,-87.748,-84.577,-81.461,-78.364,-75.303,-72.286,-69.33,-66.448,-63.596,-60.82,-57.87,-55.398,-54.638,-54.017,-52.508,-50.102,-47.785,-45.569,-43.432,-41.393,-39.438,-37.53
-111.34,-108.06,-104.8,-101.53,-98.275,-95.044,-91.833,-88.623,-85.45,-82.328,-79.232,-76.153,-73.134,-70.14,-67.237,-64.381,-61.579,-58.608,-56.096,-55.322,-54.682,-53.192,-50.755,-48.389,-46.135,-43.999,-41.915,-39.927,-38.001
-112.26,-108.98,-105.73,-102.45,-99.199,-95.957,-92.734,-89.523,-86.339,-83.199,-80.072,-77.01,-73.962,-70.979,-68.052,-65.167,-62.355,-59.345,-56.795,-56.015,-55.367,-53.858,-51.399,-49.008,-46.723,-44.547,-42.442,-40.417,-38.489
-113.19,-109.92,-106.65,-103.37,-100.12,-96.86,-93.628,-90.415,-87.243,-84.069,-80.955,-77.842,-74.819,-71.798,-68.833,-65.95,-63.097,-60.082,-57.522,-56.738,-56.085,-54.557,-52.041,-49.635,-47.319,-45.108,-42.97,-40.922,-38.973
-114.1,-110.83,-107.57,-104.3,-101.02,-97.772,-94.527,-91.305,-88.132,-84.937,-81.817,-78.718,-75.656,-72.638,-69.658,-66.739,-63.884,-60.824,-58.239,-57.45,-56.798,-55.232,-52.71,-50.265,-47.931,-45.679,-43.519,-41.45,-39.465
-115.01,-111.74,-108.48,-105.22,-101.93,-98.692,-95.45,-92.224,-89.005,-85.852,-82.694,-79.561,-76.503,-73.469,-70.492,-67.554,-64.673,-61.58,-58.979,-58.187,-57.499,-55.938,-53.403,-50.911,-48.534,-46.27,-44.078,-41.984,-39.966
-115.94,-112.66,-109.38,-106.13,-102.86,-99.593,-96.35,-93.125,-89.893,-86.73,-83.548,-80.436,-77.36,-74.307,-71.302,-68.345,-65.462,-62.342,-59.725,-58.907,-58.236,-56.669,-54.075,-51.564,-49.163,-46.849,-44.643,-42.5,-40.48
-116.87,-113.58,-110.31,-107.03,-103.77,-100.52,-97.258,-94.015,-90.821,-87.621,-84.418,-81.305,-78.219,-75.167,-72.14,-69.169,-66.252,-63.132,-60.49,-59.653,-58.981,-57.375,-54.768,-52.231,-49.794,-47.462,-45.213,-43.061,-40.983
-117.79,-114.5,-111.23,-107.94,-104.67,-101.43,-98.178,-94.915,-91.714,-88.493,-85.332,-82.18,-79.084,-76.014,-72.976,-69.967,-67.057,-63.907,-61.253,-60.42,-59.727,-58.117,-55.474,-52.902,-50.445,-48.071,-45.793,-43.621,-41.5
-118.71,-115.42,-112.15,-108.86,-105.59,-102.34,-99.107,-95.84,-92.621,-89.407,-86.222,-83.067,-79.928,-76.84,-73.795,-70.811,-67.857,-64.684,-62.012,-61.169,-60.473,-58.837,-56.181,-53.603,-51.108,-48.688,-46.395,-44.181,-42.04
-119.65,-116.36,-113.07,-109.79,-106.53,-103.25,-100,-96.746,-93.504,-90.287,-87.107,-83.944,-80.806,-77.717,-74.653,-71.634,-68.679,-65.478,-62.778,-61.919,-61.218,-59.583,-56.902,-54.298,-51.751,-49.323,-46.99,-44.757,-42.601
-120.56,-117.29,-113.99,-110.72,-107.44,-104.16,-100.92,-97.655,-94.406,-91.203,-87.98,-84.808,-81.667,-78.57,-75.497,-72.485,-69.478,-66.273,-63.548,-62.718,-62.005,-60.328,-57.624,-54.983,-52.424,-49.975,-47.599,-45.321,-43.153
-121.47,-118.2,-114.92,-111.65,-108.38,-105.09,-101.84,-98.564,-95.33,-92.11,-88.892,-85.708,-82.55,-79.447,-76.356,-73.311,-70.319,-67.064,-64.34,-63.492,-62.775,-61.079,-58.357,-55.693,-53.103,-50.621,-48.242,-45.91,-43.72
-122.4,-119.11,-115.82,-112.56,-109.28,-106,-102.73,-99.473,-96.236,-93.021,-89.773,-86.598,-83.447,-80.31,-77.203,-74.137,-71.134,-67.897,-65.134,-64.277,-63.565,-61.876,-59.106,-56.401,-53.793,-51.293,-48.879,-46.522,-44.301
-123.34,-120.03,-116.75,-113.49,-110.19,-106.92,-103.65,-100.39,-97.122,-93.913,-90.688,-87.5,-84.328,-81.183,-78.046,-75.006,-71.993,-68.715,-65.932,-65.075,-64.345,-62.645,-59.854,-57.138,-54.507,-51.977,-49.51,-47.137,-44.871
-124.27,-120.95,-117.68,-114.4,-111.12,-107.84,-104.59,-101.31,-98.035,-94.821,-91.569,-88.367,-85.204,-82.052,-78.912,-75.837,-72.827,-69.535,-66.743,-65.869,-65.134,-63.408,-60.623,-57.867,-55.225,-52.635,-50.163,-47.765,-45.461
-125.19,-121.87,-118.6,-115.33,-112.05,-108.78,-105.49,-102.23,-98.956,-95.726,-92.483,-89.265,-86.086,-82.926,-79.799,-76.709,-73.651,-70.357,-67.556,-66.661,-65.932,-64.206,-61.383,-58.62,-55.946,-53.34,-50.816,-48.406,-46.06
-126.11,-122.79,-119.53,-116.25,-112.97,-109.68,-106.42,-103.15,-99.873,-96.643,-93.401,-90.188,-86.963,-83.804,-80.669,-77.588,-74.499,-71.17,-68.354,-67.466,-66.73,-65.004,-62.162,-59.374,-56.66,-54.022,-51.491,-49.047,-46.676
-127.01,-123.72,-120.45,-117.18,-113.88,-110.6,-107.33,-104.07,-100.79,-97.536,-94.286,-91.09,-87.858,-84.69,-81.546,-78.431,-75.356,-72.028,-69.172,-68.285,-67.555,-65.803,-62.936,-60.13,-57.398,-54.734,-52.16,-49.675,-47.307
-127.95,-124.64,-121.36,-118.1,-114.8,-111.52,-108.23,-104.99,-101.71,-98.441,-95.221,-91.97,-88.763,-85.574,-82.42,-79.287,-76.191,-72.853,-70.004,-69.114,-68.363,-66.601,-63.728,-60.892,-58.14,-55.456,-52.849,-50.332,-47.921
-128.87,-125.57,-122.28,-119.02,-115.73,-112.44,-109.14,-105.92,-102.62,-99.362,-96.136,-92.891,-89.653,-86.469,-83.313,-80.156,-77.048,-73.692,-70.816,-69.945,-69.178,-67.403,-64.515,-61.666,-58.899,-56.178,-53.571,-51.014,-48.552
-129.78,-126.5,-123.22,-119.94,-116.65,-113.36,-110.09,-106.83,-103.54,-100.27,-97.032,-93.787,-90.58,-87.354,-84.187,-81.032,-77.935,-74.544,-71.676,-70.76,-70.002,-68.249,-65.313,-62.45,-59.654,-56.924,-54.263,-51.685,-49.211
-130.71,-127.42,-124.14,-120.87,-117.57,-114.28,-111,-107.73,-104.45,-101.2,-97.957,-94.685,-91.456,-88.236,-85.067,-81.92,-78.805,-75.405,-72.5,-71.617,-70.837,-69.059,-66.112,-63.236,-60.416,-57.66,-54.966,-52.397,-49.875
-131.63,-128.34,-125.06,-121.79,-118.48,-115.21,-111.92,-108.65,-105.37,-102.12,-98.858,-95.591,-92.378,-89.144,-85.96,-82.778,-79.673,-76.256,-73.338,-72.442,-71.673,-69.888,-66.912,-64.016,-61.178,-58.407,-55.701,-53.085,-50.535
-132.55,-129.27,-125.97,-122.7,-119.4,-116.14,-112.85,-109.58,-106.29,-103.02,-99.763,-96.511,-93.28,-90.039,-86.836,-83.673,-80.538,-77.119,-74.19,-73.282,-72.517,-70.719,-67.751,-64.817,-61.96,-59.151,-56.444,-53.778,-51.209
-133.48,-130.19,-126.9,-123.62,-120.32,-117.05,-113.77,-110.5,-107.22,-103.95,-100.68,-97.418,-94.175,-90.945,-87.754,-84.55,-81.409,-77.967,-75.048,-74.134,-73.36,-71.562,-68.57,-65.622,-62.74,-59.913,-57.166,-54.507,-51.906
-134.4,-131.12,-127.83,-124.55,-121.26,-117.97,-114.68,-111.42,-108.13,-104.87,-101.58,-98.349,-95.081,-91.859,-88.637,-85.443,-82.267,-78.827,-75.896,-74.99,-74.214,-72.402,-69.398,-66.421,-63.547,-60.681,-57.913,-55.232,-52.606
-135.33,-132.04,-128.77,-125.46,-122.2,-118.89,-115.61,-112.34,-109.05,-105.78,-102.5,-99.261,-95.998,-92.761,-89.529,-86.316,-83.16,-79.7,-76.766,-75.841,-75.064,-73.246,-70.238,-67.252,-64.325,-61.463,-58.675,-55.957,-53.316
-136.26,-132.97,-129.69,-126.38,-123.13,-119.82,-116.55,-113.27,-109.97,-106.72,-103.44,-100.15,-96.91,-93.665,-90.435,-87.23,-84.045,-80.585,-77.618,-76.702,-75.921,-74.101,-71.058,-68.062,-65.123,-62.267,-59.443,-56.686,-54.016
-137.19,-133.9,-130.61,-127.32,-124.05,-120.72,-117.47,-114.19,-110.91,-107.63,-104.34,-101.08,-97.808,-94.571,-91.325,-88.12,-84.936,-81.466,-78.482,-77.566,-76.789,-74.92,-71.888,-68.889,-65.93,-63.046,-60.209,-57.435,-54.745
-138.12,-134.82,-131.54,-128.25,-124.97,-121.65,-118.39,-115.1,-111.83,-108.55,-105.26,-102.01,-98.749,-95.489,-92.244,-89.02,-85.836,-82.361,-79.354,-78.426,-77.645,-75.778,-72.728,-69.703,-66.751,-63.827,-60.987,-58.198,-55.475
-139.06,-135.73,-132.46,-129.18,-125.9,-122.58,-119.31,-116.01,-112.74,-109.46,-106.18,-102.91,-99.667,-96.41,-93.158,-89.925,-86.708,-83.235,-80.239,-79.301,-78.508,-76.649,-73.584,-70.574,-67.571,-64.633,-61.766,-58.965,-56.205
-139.97,-136.65,-133.39,-130.11,-126.82,-123.51,-120.22,-116.94,-113.65,-110.37,-107.12,-103.84,-100.56,-97.302,-94.061,-90.822,-87.608,-84.116,-81.122,-80.164,-79.388,-77.54,-74.445,-71.402,-68.405,-65.439,-62.546,-59.732,-56.947
-140.89,-137.58,-134.32,-131.03,-127.74,-124.43,-121.14,-117.87,-114.59,-111.29,-108.03,-104.77,-101.47,-98.212,-94.959,-91.728,-88.505,-85.009,-81.992,-81.057,-80.27,-78.398,-75.299,-72.24,-69.216,-66.251,-63.361,-60.496,-57.713
-141.81,-138.51,-135.23,-131.96,-128.66,-125.35,-122.08,-118.8,-115.51,-112.22,-108.94,-105.68,-102.4,-99.131,-95.87,-92.632,-89.408,-85.893,-82.89,-81.931,-81.144,-79.254,-76.173,-73.086,-70.062,-67.08,-64.158,-61.266,-58.461
-142.72,-139.44,-136.14,-132.87,-129.56,-126.28,-123,-119.73,-116.42,-113.15,-109.86,-106.59,-103.33,-100.06,-96.801,-93.555,-90.324,-86.814,-83.772,-82.809,-82.013,-80.144,-77.03,-73.93,-70.899,-67.911,-64.948,-62.062,-59.232
-143.64,-140.38,-137.07,-133.78,-130.49,-127.2,-123.92,-120.66,-117.34,-114.08,-110.78,-107.5,-104.23,-100.99,-97.706,-94.463,-91.225,-87.696,-84.647,-83.695,-82.896,-81.013,-77.894,-74.796,-71.751,-68.731,-65.76,-62.861,-60.002
-144.57,-141.31,-137.99,-134.71,-131.41,-128.13,-124.83,-121.57,-118.26,-115,-111.7,-108.43,-105.14,-101.89,-98.617,-95.358,-92.115,-88.588,-85.549,-84.588,-83.792,-81.902,-78.771,-75.645,-72.586,-69.57,-66.572,-63.646,-60.79
-145.5,-142.22,-138.91,-135.64,-132.34,-129.06,-125.75,-122.5,-119.18,-115.91,-112.63,-109.36,-106.08,-102.79,-99.542,-96.292,-93.043,-89.471,-86.439,-85.471,-84.677,-82.793,-79.631,-76.52,-73.448,-70.402,-67.406,-64.458,-61.594
-146.41,-143.15,-139.84,-136.56,-133.27,-129.98,-126.69,-123.42,-120.12,-116.82,-113.53,-110.27,-107,-103.7,-100.45,-97.194,-93.956,-90.389,-87.322,-86.392,-85.571,-83.682,-80.505,-77.383,-74.314,-71.235,-68.241,-65.267,-62.391
-147.33,-144.07,-140.77,-137.48,-134.19,-130.91,-127.62,-124.35,-121.05,-117.75,-114.47,-111.2,-107.93,-104.64,-101.36,-98.106,-94.873,-91.305,-88.248,-87.275,-86.453,-84.54,-81.41,-78.248,-75.155,-72.091,-69.057,-66.089,-63.157
-148.27,-144.99,-141.68,-138.39,-135.12,-131.83,-128.54,-125.28,-121.98,-118.67,-115.38,-112.13,-108.85,-105.55,-102.26,-99.033,-95.761,-92.196,-89.148,-88.167,-87.365,-85.434,-82.283,-79.117,-76.01,-72.926,-69.899,-66.916,-63.959
-149.2,-145.91,-142.59,-139.32,-136.05,-132.76,-129.47,-126.19,-122.9,-119.61,-116.32,-113.05,-109.76,-106.49,-103.2,-99.956,-96.683,-93.105,-90.042,-89.08,-88.265,-86.346,-83.154,-79.986,-76.871,-73.777,-70.754,-67.731,-64.775
-150.12,-146.83,-143.51,-140.26,-136.98,-133.69,-130.39,-127.12,-123.83,-120.53,-117.25,-113.95,-110.69,-107.4,-104.12,-100.85,-97.602,-94.008,-90.929,-89.999,-89.172,-87.236,-84.037,-80.898,-77.739,-74.644,-71.575,-68.574,-65.59
-151.04,-147.74,-144.45,-141.18,-137.91,-134.61,-131.32,-128.04,-124.76,-121.45,-118.17,-114.87,-111.61,-108.31,-105.04,-101.75,-98.523,-94.919,-91.847,-90.885,-90.087,-88.137,-84.938,-81.772,-78.63,-75.519,-72.434,-69.396,-66.433
-151.95,-148.66,-145.39,-142.1,-138.82,-135.53,-132.25,-128.96,-125.67,-122.37,-119.1,-115.8,-112.54,-109.24,-105.97,-102.69,-99.417,-95.85,-92.768,-91.784,-90.973,-89.044,-85.813,-82.655,-79.496,-76.379,-73.291,-70.236,-67.241
-152.87,-149.6,-146.31,-143.03,-139.74,-136.44,-133.17,-129.89,-126.6,-123.29,-120.02,-116.73,-113.46,-110.17,-106.89,-103.63,-100.33,-96.754,-93.67,-92.688,-91.871,-89.962,-86.727,-83.528,-80.375,-77.225,-74.134,-71.086,-68.088
-153.8,-150.52,-147.23,-143.95,-140.66,-137.37,-134.09,-130.81,-127.52,-124.2,-120.93,-117.65,-114.36,-111.07,-107.8,-104.54,-101.25,-97.666,-94.572,-93.587,-92.784,-90.853,-87.627,-84.43,-81.257,-78.113,-75.009,-71.93,-68.912
-154.72,-151.45,-148.14,-144.86,-141.59,-138.3,-135,-131.71,-128.42,-125.13,-121.86,-118.59,-115.28,-112,-108.72,-105.44,-102.18,-98.591,-95.478,-94.497,-93.704,-91.752,-88.533,-85.302,-82.142,-79.009,-75.869,-72.792,-69.747
-155.65,-152.37,-149.07,-145.79,-142.53,-139.24,-135.93,-132.63,-129.34,-126.06,-122.77,-119.52,-116.2,-112.94,-109.63,-106.38,-103.09,-99.506,-96.41,-95.404,-94.628,-92.658,-89.427,-86.218,-83.031,-79.875,-76.741,-73.65,-70.6
-156.57,-153.29,-150,-146.73,-143.44,-140.17,-136.86,-133.56,-130.27,-126.98,-123.69,-120.43,-117.12,-113.86,-110.56,-107.3,-104.03,-100.41,-97.329,-96.333,-95.526,-93.577,-90.345,-87.118,-83.918,-80.752,-77.603,-74.501,-71.426
-157.5,-154.21,-150.93,-147.65,-144.35,-141.07,-137.78,-134.49,-131.2,-127.91,-124.62,-121.35,-118.04,-114.78,-111.48,-108.21,-104.93,-101.31,-98.222,-97.245,-96.433,-94.499,-91.244,-88.023,-84.827,-81.637,-78.481,-75.359,-72.268
-158.43,-155.14,-151.86,-148.57,-145.27,-141.99,-138.69,-135.42,-132.12,-128.84,-125.55,-122.27,-118.95,-115.69,-112.39,-109.13,-105.86,-102.26,-99.139,-98.175,-97.346,-95.397,-92.148,-88.921,-85.711,-82.531,-79.371,-76.227,-73.143
-159.34,-156.06,-152.78,-149.49,-146.18,-142.92,-139.63,-136.34,-133.05,-129.76,-126.48,-123.21,-119.88,-116.61,-113.32,-110.06,-106.79,-103.18,-100.07,-99.095,-98.271,-96.304,-93.062,-89.836,-86.609,-83.421,-80.241,-77.108,-73.992
-160.26,-156.99,-153.71,-150.41,-147.13,-143.85,-140.54,-137.26,-133.95,-130.69,-127.41,-124.13,-120.83,-117.53,-114.24,-110.98,-107.7,-104.09,-101.01,-99.999,-99.183,-97.22,-93.961,-90.735,-87.513,-84.321,-81.121,-77.971,-74.873
-161.19,-157.9,-154.62,-151.32,-148.05,-144.77,-141.46,-138.19,-134.88,-131.62,-128.33,-125.04,-121.77,-118.47,-115.18,-111.89,-108.62,-104.99,-101.91,-100.9,-100.12,-98.151,-94.865,-91.642,-88.416,-85.206,-82.015,-78.862,-75.73
-162.12,-158.82,-155.53,-152.24,-148.97,-145.68,-142.38,-139.1,-135.81,-132.54,-129.26,-125.97,-122.69,-119.38,-116.11,-112.82,-109.54,-105.94,-102.82,-101.84,-101.02,-99.064,-95.796,-92.551,-89.321,-86.101,-82.924,-79.735,-76.591
-163.05,-159.73,-156.45,-153.17,-149.89,-146.61,-143.31,-140.02,-136.74,-133.47,-130.18,-126.9,-123.62,-120.3,-117.03,-113.73,-110.47,-106.85,-103.74,-102.77,-101.94,-99.967,-96.714,-93.453,-90.227,-87.002,-83.819,-80.616,-77.464
-163.97,-160.64,-157.38,-154.09,-150.82,-147.55,-144.25,-140.96,-137.67,-134.39,-131.11,-127.81,-124.54,-121.23,-117.96,-114.67,-111.4,-107.78,-104.66,-103.67,-102.87,-100.88,-97.631,-94.36,-91.13,-87.909,-84.695,-81.503,-78.329
-164.89,-161.58,-158.31,-155.02,-151.74,-148.47,-145.17,-141.89,-138.58,-135.3,-132.02,-128.71,-125.46,-122.14,-118.88,-115.59,-112.31,-108.69,-105.57,-104.58,-103.8,-101.82,-98.524,-95.292,-92.043,-88.825,-85.582,-82.404,-79.221
-165.83,-162.51,-159.24,-155.94,-152.66,-149.38,-146.08,-142.81,-139.51,-136.24,-132.94,-129.64,-126.37,-123.06,-119.8,-116.52,-113.22,-109.62,-106.49,-105.49,-104.71,-102.74,-99.455,-96.203,-92.96,-89.718,-86.479,-83.287,-80.1
-166.74,-163.43,-160.17,-156.87,-153.59,-150.3,-147,-143.72,-140.44,-137.17,-133.87,-130.57,-127.29,-123.99,-120.71,-117.43,-114.13,-110.54,-107.41,-106.44,-105.62,-103.65,-100.37,-97.1,-93.852,-90.619,-87.366,-84.185,-80.985
-167.65,-164.34,-161.08,-157.79,-154.51,-151.23,-147.92,-144.65,-141.36,-138.1,-134.79,-131.49,-128.21,-124.92,-121.64,-118.35,-115.05,-111.45,-108.35,-107.35,-106.54,-104.56,-101.3,-98.023,-94.78,-91.532,-88.26,-85.073,-81.892
-168.57,-165.28,-161.99,-158.72,-155.44,-152.15,-148.85,-145.58,-142.29,-139.02,-135.72,-132.42,-129.13,-125.84,-122.58,-119.28,-115.98,-112.38,-109.25,-108.28,-107.45,-105.49,-102.22,-98.938,-95.692,-92.425,-89.179,-85.973,-82.805
-169.49,-166.2,-162.9,-159.65,-156.35,-153.07,-149.78,-146.51,-143.21,-139.93,-136.64,-133.35,-130.06,-126.77,-123.5,-120.2,-116.9,-113.29,-110.18,-109.21,-108.37,-106.41,-103.14,-99.884,-96.593,-93.354,-90.104,-86.877,-83.68
-170.4,-167.12,-163.84,-160.57,-157.25,-153.99,-150.72,-147.42,-144.13,-140.85,-137.55,-134.28,-130.99,-127.7,-124.42,-121.13,-117.81,-114.24,-111.11,-110.13,-109.3,-107.34,-104.05,-100.8,-97.514,-94.272,-91.02,-87.775,-84.565
-171.33,-168.06,-164.75,-161.49,-158.18,-154.92,-151.62,-148.34,-145.05,-141.76,-138.46,-135.2,-131.91,-128.63,-125.35,-122.06,-118.75,-115.17,-112.04,-111.06,-110.22,-108.26,-104.99,-101.7,-98.449,-95.186,-91.92,-88.671,-85.464
-172.27,-168.97,-165.68,-162.4,-159.11,-155.85,-152.54,-149.25,-145.99,-142.68,-139.39,-136.11,-132.81,-129.55,-126.27,-122.99,-119.69,-116.09,-112.96,-111.97,-111.13,-109.18,-105.91,-102.62,-99.371,-96.106,-92.835,-89.586,-86.373
-173.19,-169.89,-166.62,-163.33,-160.05,-156.75,-153.46,-150.18,-146.91,-143.59,-140.31,-137.05,-133.74,-130.48,-127.19,-123.89,-120.62,-117,-113.87,-112.88,-112.07,-110.1,-106.82,-103.54,-100.29,-97.009,-93.74,-90.48,-87.26
-174.11,-170.81,-167.55,-164.26,-160.98,-157.68,-154.38,-151.1,-147.83,-144.53,-141.24,-137.99,-134.67,-131.4,-128.11,-124.8,-121.54,-117.92,-114.79,-113.82,-113,-111.01,-107.74,-104.46,-101.19,-97.909,-94.649,-91.396,-88.164
-175.03,-171.73,-168.47,-165.19,-161.91,-158.6,-155.31,-152.02,-148.75,-145.45,-142.18,-138.9,-135.6,-132.33,-129.04,-125.73,-122.45,-118.85,-115.72,-114.75,-113.92,-111.94,-108.67,-105.37,-102.1,-98.844,-95.561,-92.33,-89.068
-175.95,-172.65,-169.39,-166.1,-162.83,-159.51,-156.24,-152.95,-149.67,-146.38,-143.12,-139.81,-136.53,-133.25,-129.96,-126.66,-123.36,-119.77,-116.64,-115.68,-114.84,-112.86,-109.6,-106.29,-103.02,-99.747,-96.493,-93.235,-90
-176.87,-173.58,-170.31,-167.02,-163.75,-160.44,-157.17,-153.87,-150.6,-147.32,-144.03,-140.72,-137.45,-134.16,-130.87,-127.58,-124.29,-120.69,-117.56,-116.6,-115.77,-113.8,-110.52,-107.24,-103.95,-100.68,-97.409,-94.137,-90.889
-177.8,-174.52,-171.23,-167.93,-164.68,-161.35,-158.09,-154.8,-151.52,-148.25,-144.95,-141.66,-138.37,-135.09,-131.79,-128.5,-125.21,-121.63,-118.48,-117.52,-116.68,-114.72,-111.43,-108.13,-104.87,-101.59,-98.313,-95.049,-91.785
-178.72,-175.45,-172.14,-168.85,-165.6,-162.27,-159.02,-155.73,-152.44,-149.16,-145.86,-142.58,-139.31,-136.02,-132.71,-129.43,-126.14,-122.55,-119.4,-118.43,-117.61,-115.65,-112.34,-109.06,-105.78,-102.53,-99.247,-95.977,-92.696
-179.64,-176.37,-173.06,-169.77,-166.51,-163.21,-159.93,-156.66,-153.36,-150.08,-146.78,-143.51,-140.24,-136.96,-133.65,-130.36,-127.07,-123.45,-120.33,-119.35,-118.54,-116.56,-113.25,-109.99,-106.69,-103.44,-100.17,-96.9,-93.627
-180.55,-177.29,-173.98,-170.7,-167.43,-164.15,-160.85,-157.59,-154.29,-151,-147.7,-144.44,-141.16,-137.88,-134.59,-131.28,-127.99,-124.36,-121.27,-120.28,-119.46,-117.48,-114.18,-110.93,-107.62,-104.35,-101.09,-97.804,-94.545
-181.47,-178.21,-174.9,-171.63,-168.34,-165.06,-161.78,-158.5,-155.21,-151.93,-148.62,-145.36,-142.07,-138.8,-135.5,-132.21,-128.91,-125.29,-122.19,-121.21,-120.38,-118.41,-115.1,-111.84,-108.54,-105.27,-101.99,-98.738,-95.447
-182.39,-179.11,-175.83,-172.55,-169.26,-165.98,-162.69,-159.42,-156.12,-152.85,-149.55,-146.28,-142.99,-139.71,-136.41,-133.14,-129.84,-126.22,-123.1,-122.13,-121.29,-119.34,-116.02,-112.75,-109.48,-106.19,-102.91,-99.642,-96.372
-183.3,-180.04,-176.75,-173.48,-170.19,-166.92,-163.61,-160.34,-157.04,-153.76,-150.47,-147.2,-143.9,-140.62,-137.32,-134.05,-130.77,-127.14,-124.03,-123.04,-122.22,-120.26,-116.94,-113.68,-110.39,-107.11,-103.85,-100.56,-97.297
-184.23,-180.97,-177.68,-174.4,-171.13,-167.83,-164.54,-161.25,-157.97,-154.68,-151.39,-148.12,-144.82,-141.53,-138.25,-134.97,-131.67,-128.07,-124.96,-123.95,-123.16,-121.2,-117.87,-114.6,-111.32,-108.04,-104.76,-101.49,-98.201
-185.15,-181.9,-178.6,-175.32,-172.05,-168.74,-165.47,-162.18,-158.9,-155.61,-152.32,-149.03,-145.76,-142.45,-139.19,-135.9,-132.6,-128.99,-125.88,-124.88,-124.08,-122.11,-118.79,-115.53,-112.25,-108.95,-105.68,-102.4,-99.14
-186.07,-182.83,-179.52,-176.24,-172.96,-169.66,-166.38,-163.12,-159.83,-156.54,-153.25,-149.96,-146.69,-143.39,-140.11,-136.83,-133.53,-129.92,-126.8,-125.81,-125.01,-123.02,-119.72,-116.46,-113.17,-109.87,-106.6,-103.31,-100.04
-187,-183.74,-180.45,-177.17,-173.89,-170.58,-167.32,-164.05,-160.76,-157.47,-154.17,-150.89,-147.62,-144.33,-141.03,-137.75,-134.47,-130.85,-127.73,-126.73,-125.93,-123.93,-120.62,-117.37,-114.09,-110.8,-107.52,-104.25,-100.95
-187.92,-184.66,-181.38,-178.09,-174.81,-171.5,-168.24,-164.96,-161.68,-158.39,-155.1,-151.81,-148.53,-145.26,-141.97,-138.67,-135.4,-131.77,-128.66,-127.66,-126.84,-124.86,-121.56,-118.29,-115.01,-111.72,-108.45,-105.18,-101.87
-188.84,-185.59,-182.29,-179.02,-175.74,-172.44,-169.16,-165.87,-162.59,-159.3,-156.03,-152.73,-149.45,-146.18,-142.89,-139.59,-136.3,-132.7,-129.59,-128.59,-127.75,-125.78,-122.49,-119.21,-115.92,-112.65,-109.38,-106.09,-102.81
-189.77,-186.5,-183.21,-179.95,-176.66,-173.38,-170.08,-166.79,-163.51,-160.21,-156.94,-153.66,-150.38,-147.1,-143.81,-140.52,-137.23,-133.61,-130.51,-129.51,-128.68,-126.7,-123.41,-120.15,-116.86,-113.58,-110.29,-106.99,-103.72
-190.68,-187.42,-184.15,-180.85,-177.58,-174.3,-171,-167.7,-164.45,-161.13,-157.85,-154.59,-151.3,-148.03,-144.72,-141.46,-138.16,-134.54,-131.44,-130.44,-129.6,-127.63,-124.34,-121.07,-117.77,-114.5,-111.21,-107.91,-104.63
-191.62,-188.35,-185.06,-181.77,-178.51,-175.22,-171.91,-168.61,-165.37,-162.06,-158.79,-155.52,-152.23,-148.95,-145.65,-142.38,-139.1,-135.46,-132.34,-131.36,-130.53,-128.56,-125.27,-121.99,-118.7,-115.41,-112.12,-108.85,-105.55
-192.55,-189.27,-185.98,-182.7,-179.41,-176.13,-172.83,-169.56,-166.28,-162.99,-159.71,-156.45,-153.15,-149.87,-146.56,-143.3,-140.02,-136.37,-133.24,-132.29,-131.46,-129.49,-126.2,-122.92,-119.62,-116.35,-113.04,-109.78,-106.47
-193.47,-190.18,-186.91,-183.63,-180.33,-177.04,-173.76,-170.49,-167.2,-163.91,-160.62,-157.38,-154.06,-150.79,-147.48,-144.22,-140.93,-137.31,-134.17,-133.22,-132.39,-130.41,-127.12,-123.84,-120.54,-117.27,-113.96,-110.69,-107.4
-194.39,-191.11,-187.84,-184.55,-181.25,-177.97,-174.68,-171.41,-168.14,-164.83,-161.55,-158.29,-154.97,-151.7,-148.4,-145.13,-141.85,-138.23,-135.1,-134.14,-133.32,-131.34,-128.05,-124.76,-121.47,-118.19,-114.87,-111.61,-108.31
-195.31,-192.04,-188.76,-185.47,-182.16,-178.9,-175.61,-172.33,-169.07,-165.75,-162.49,-159.2,-155.9,-152.61,-149.33,-146.05,-142.76,-139.15,-136.03,-135.05,-134.23,-132.27,-128.97,-125.69,-122.4,-119.12,-115.8,-112.53,-109.23
-196.23,-192.96,-189.67,-186.4,-183.09,-179.82,-176.53,-173.25,-169.98,-166.69,-163.41,-160.11,-156.84,-153.54,-150.25,-146.98,-143.68,-140.09,-136.97,-135.97,-135.16,-133.2,-129.9,-126.61,-123.33,-120.05,-116.73,-113.46,-110.17
-197.15,-193.88,-190.59,-187.31,-184.01,-180.75,-177.46,-174.17,-170.9,-167.61,-164.32,-161.04,-157.77,-154.47,-151.17,-147.9,-144.62,-141.03,-137.89,-136.9,-136.08,-134.11,-130.82,-127.53,-124.26,-120.97,-117.66,-114.39,-111.1
-198.07,-194.79,-191.51,-188.22,-184.93,-181.68,-178.39,-175.1,-171.82,-168.52,-165.24,-161.96,-158.7,-155.4,-152.1,-148.82,-145.55,-141.95,-138.8,-137.82,-136.99,-135.02,-131.73,-128.46,-125.18,-121.9,-118.58,-115.31,-112.02
-198.99,-195.71,-192.42,-189.15,-185.86,-182.59,-179.32,-176.02,-172.74,-169.44,-166.17,-162.88,-159.63,-156.31,-153.03,-149.75,-146.47,-142.86,-139.72,-138.74,-137.91,-135.94,-132.66,-129.39,-126.11,-122.81,-119.49,-116.22,-112.95
-199.91,-196.63,-193.35,-190.08,-186.77,-183.51,-180.24,-176.95,-173.66,-170.39,-167.1,-163.81,-160.54,-157.22,-153.96,-150.67,-147.39,-143.78,-140.63,-139.67,-138.84,-136.87,-133.59,-130.31,-127.01,-123.71,-120.42,-117.14,-113.88
-200.84,-197.56,-194.29,-190.99,-187.69,-184.45,-181.15,-177.88,-174.59,-171.31,-168.02,-164.73,-161.45,-158.15,-154.89,-151.6,-148.31,-144.69,-141.57,-140.58,-139.78,-137.79,-134.52,-131.22,-127.92,-124.64,-121.35,-118.07,-114.81
-201.77,-198.49,-195.21,-191.91,-188.63,-185.35,-182.08,-178.8,-175.52,-172.24,-168.94,-165.65,-162.37,-159.08,-155.81,-152.52,-149.23,-145.62,-142.5,-141.5,-140.71,-138.72,-135.43,-132.13,-128.85,-125.56,-122.28,-119,-115.71
-202.69,-199.41,-196.13,-192.83,-189.56,-186.26,-183,-179.71,-176.45,-173.16,-169.86,-166.57,-163.31,-160,-156.72,-153.45,-150.16,-146.54,-143.41,-142.42,-141.63,-139.66,-136.37,-133.05,-129.78,-126.49,-123.21,-119.92,-116.64
-203.6,-200.33,-197.05,-193.75,-190.49,-187.19,-183.93,-180.63,-177.36,-174.08,-170.78,-167.49,-164.22,-160.92,-157.65,-154.37,-151.09,-147.46,-144.33,-143.34,-142.55,-140.59,-137.31,-133.98,-130.71,-127.42,-124.13,-120.84,-117.56
-204.52,-201.26,-197.97,-194.69,-191.41,-188.12,-184.85,-181.56,-178.26,-174.99,-171.7,-168.43,-165.14,-161.86,-158.56,-155.3,-152.01,-148.38,-145.25,-144.28,-143.47,-141.51,-138.23,-134.91,-131.64,-128.34,-125.06,-121.76,-118.48
-205.45,-202.18,-198.89,-195.62,-192.33,-189.04,-185.77,-182.49,-179.19,-175.89,-172.62,-169.35,-166.06,-162.78,-159.48,-156.23,-152.92,-149.31,-146.18,-145.21,-144.38,-142.42,-139.14,-135.83,-132.57,-129.27,-125.98,-122.69,-119.4
-206.37,-203.11,-199.82,-196.54,-193.24,-189.96,-186.71,-183.4,-180.11,-176.82,-173.54,-170.27,-167,-163.69,-160.42,-157.14,-153.84,-150.23,-147.12,-146.13,-145.31,-143.34,-140.05,-136.76,-133.47,-130.19,-126.91,-123.62,-120.34
-207.3,-204.02,-200.74,-197.46,-194.16,-190.9,-187.61,-184.32,-181.02,-177.75,-174.47,-171.19,-167.92,-164.61,-161.35,-158.05,-154.77,-151.16,-148.05,-147.05,-146.22,-144.26,-140.97,-137.69,-134.4,-131.13,-127.84,-124.54,-121.27
-208.24,-204.93,-201.65,-198.39,-195.08,-191.82,-188.52,-185.25,-181.95,-178.68,-175.4,-172.11,-168.84,-165.55,-162.27,-158.96,-155.7,-152.09,-148.97,-147.97,-147.14,-145.18,-141.88,-138.6,-135.32,-132.07,-128.77,-125.47,-122.19
-209.17,-205.86,-202.57,-199.31,-196,-192.74,-189.44,-186.16,-182.86,-179.61,-176.32,-173.03,-169.76,-166.47,-163.18,-159.9,-156.63,-152.99,-149.88,-148.9,-148.07,-146.1,-142.81,-139.52,-136.24,-132.97,-129.69,-126.39,-123.12
-210.08,-206.78,-203.5,-200.24,-196.92,-193.66,-190.36,-187.08,-183.78,-180.54,-177.25,-173.95,-170.68,-167.38,-164.09,-160.82,-157.55,-153.91,-150.79,-149.82,-148.99,-147.02,-143.75,-140.45,-137.16,-133.88,-130.59,-127.32,-124.04
-210.99,-207.69,-204.43,-201.14,-197.85,-194.58,-191.28,-187.99,-184.72,-181.45,-178.17,-174.88,-171.61,-168.31,-165.03,-161.74,-158.47,-154.84,-151.72,-150.74,-149.92,-147.95,-144.68,-141.38,-138.09,-134.8,-131.52,-128.25,-124.96
-211.9,-208.6,-205.35,-202.04,-198.77,-195.5,-192.2,-188.91,-185.65,-182.35,-179.1,-175.81,-172.53,-169.26,-165.95,-162.68,-159.4,-155.77,-152.65,-151.67,-150.84,-148.87,-145.59,-142.3,-139.02,-135.73,-132.45,-129.18,-125.89
-212.82,-209.53,-206.28,-202.94,-199.69,-196.42,-193.12,-189.82,-186.59,-183.26,-180.02,-176.73,-173.45,-170.17,-166.87,-163.59,-160.31,-156.7,-153.57,-152.57,-151.77,-149.8,-146.51,-143.22,-139.95,-136.64,-133.37,-130.09,-126.8
-213.74,-210.46,-207.21,-203.84,-200.61,-197.34,-194.05,-190.73,-187.53,-184.17,-180.94,-177.66,-174.38,-171.09,-167.79,-164.51,-161.23,-157.61,-154.49,-153.49,-152.7,-150.73,-147.44,-144.14,-140.87,-137.58,-134.28,-130.99,-127.71
-214.66,-211.39,-208.14,-204.74,-201.53,-198.26,-194.97,-191.65,-188.46,-185.07,-181.86,-178.56,-175.3,-172.01,-168.71,-165.42,-162.16,-158.53,-155.4,-154.42,-153.63,-151.64,-148.37,-145.06,-141.78,-138.5,-135.22,-131.91,-128.65
-215.6,-212.31,-209.07,-205.64,-202.45,-199.18,-195.89,-192.56,-189.4,-185.98,-182.77,-179.47,-176.22,-172.94,-169.64,-166.35,-163.08,-159.46,-156.33,-155.35,-154.56,-152.54,-149.29,-146.01,-142.7,-139.42,-136.16,-132.85,-129.57
-216.54,-213.24,-210,-206.54,-203.37,-200.1,-196.81,-193.47,-190.34,-186.89,-183.68,-180.38,-177.15,-173.86,-170.56,-167.28,-163.99,-160.38,-157.26,-156.28,-155.48,-153.47,-150.21,-146.93,-143.63,-140.33,-137.08,-133.79,-130.5
-217.47,-214.17,-210.92,-207.43,-204.29,-201.03,-197.73,-194.39,-191.27,-187.79,-184.6,-181.28,-178.07,-174.78,-171.48,-168.21,-164.92,-161.31,-158.18,-157.2,-156.39,-154.4,-151.13,-147.85,-144.55,-141.26,-137.99,-134.7,-131.42
-218.41,-215.1,-211.85,-208.33,-205.21,-201.95,-198.65,-195.3,-192.21,-188.7,-185.51,-182.19,-178.99,-175.7,-172.4,-169.12,-165.86,-162.24,-159.1,-158.12,-157.3,-155.33,-152.04,-148.76,-145.47,-142.19,-138.91,-135.6,-132.33
-219.34,-216.03,-212.78,-209.23,-206.13,-202.87,-199.57,-196.21,-193.15,-189.61,-186.42,-183.1,-179.91,-176.62,-173.32,-170.04,-166.78,-163.15,-160.03,-159.05,-158.23,-156.26,-152.96,-149.67,-146.39,-143.12,-139.82,-136.52,-133.27
-220.28,-216.95,-213.71,-210.13,-207.05,-203.79,-200.49,-197.13,-194.08,-190.51,-187.34,-184,-180.83,-177.54,-174.24,-170.97,-167.7,-164.07,-160.96,-159.97,-159.16,-157.18,-153.89,-150.6,-147.32,-144.05,-140.74,-137.46,-134.18
-221.21,-217.88,-214.64,-211.03,-207.97,-204.71,-201.41,-198.04,-195.02,-191.42,-188.25,-184.91,-181.75,-178.47,-175.17,-171.89,-168.62,-164.98,-161.87,-160.9,-160.09,-158.1,-154.82,-151.53,-148.24,-144.96,-141.66,-138.37,-135.1
-222.15,-218.81,-215.56,-211.93,-208.9,-205.63,-202.33,-198.96,-195.96,-192.33,-189.17,-185.82,-182.68,-179.39,-176.09,-172.81,-169.54,-165.9,-162.78,-161.83,-161,-159.02,-155.75,-152.45,-149.16,-145.88,-142.61,-139.31,-136.01
-223.08,-219.74,-216.49,-212.83,-209.82,-206.55,-203.25,-199.87,-196.89,-193.23,-190.08,-186.72,-183.6,-180.31,-177.01,-173.73,-170.46,-166.85,-163.72,-162.74,-161.92,-159.94,-156.67,-153.38,-150.09,-146.8,-143.53,-140.24,-136.95
-224.02,-220.67,-217.42,-213.73,-210.74,-207.47,-204.17,-200.78,-197.83,-194.14,-190.99,-187.63,-184.52,-181.23,-177.93,-174.65,-171.38,-167.8,-164.66,-163.66,-162.84,-160.87,-157.59,-154.29,-151.01,-147.73,-144.45,-141.16,-137.89
-224.95,-221.59,-218.35,-214.63,-211.66,-208.39,-205.1,-201.7,-198.77,-195.05,-191.91,-188.53,-185.44,-182.15,-178.85,-175.57,-172.31,-168.74,-165.6,-164.57,-163.77,-161.8,-158.52,-155.22,-151.94,-148.66,-145.38,-142.08,-138.82
-225.89,-222.52,-219.28,-215.52,-212.58,-209.31,-206.02,-202.61,-199.7,-195.95,-192.82,-189.44,-186.36,-183.07,-179.77,-176.5,-173.23,-169.69,-166.53,-165.48,-164.71,-162.71,-159.44,-156.15,-152.87,-149.58,-146.3,-142.99,-139.73
-226.82,-223.45,-220.2,-216.42,-213.5,-210.23,-206.94,-203.52,-200.64,-196.86,-193.73,-190.35,-187.29,-184,-180.7,-177.42,-174.15,-170.63,-167.47,-166.4,-165.65,-163.63,-160.36,-157.07,-153.78,-150.5,-147.22,-143.92,-140.65
-227.76,-224.38,-221.13,-217.32,-214.42,-211.15,-207.86,-204.44,-201.57,-197.76,-194.65,-191.25,-188.21,-184.92,-181.62,-178.34,-175.07,-171.58,-168.41,-167.31,-166.59,-164.54,-161.29,-157.98,-154.7,-151.4,-148.15,-144.86,-141.56
-228.69,-225.31,-222.06,-218.22,-215.34,-212.08,-208.78,-205.35,-202.51,-198.67,-195.56,-192.16,-189.13,-185.84,-182.54,-179.26,-175.99,-172.52,-169.35,-168.23,-167.52,-165.46,-162.22,-158.91,-155.63,-152.33,-149.07,-145.79,-142.48
-229.63,-226.23,-222.99,-219.12,-216.26,-213,-209.7,-206.27,-203.45,-199.58,-196.48,-193.07,-190.05,-186.76,-183.46,-180.18,-176.91,-173.47,-170.29,-169.14,-168.46,-166.37,-163.15,-159.84,-156.56,-153.26,-150,-146.71,-143.41
-230.56,-227.16,-223.92,-220.02,-217.18,-213.92,-210.62,-207.18,-204.38,-200.48,-197.39,-193.97,-190.97,-187.68,-184.38,-181.1,-177.84,-174.41,-171.22,-170.06,-169.4,-167.29,-164.08,-160.75,-157.48,-154.2,-150.91,-147.64,-144.33
-231.5,-228.09,-224.84,-220.92,-218.1,-214.84,-211.54,-208.09,-205.32,-201.39,-198.3,-194.88,-191.89,-188.61,-185.31,-182.03,-178.76,-175.36,-172.16,-170.97,-170.34,-168.2,-165.01,-161.67,-158.39,-155.13,-151.82,-148.56,-145.25
-232.43,-229.02,-225.77,-221.82,-219.02,-215.76,-212.46,-209.01,-206.26,-202.3,-199.22,-195.79,-192.82,-189.53,-186.23,-182.95,-179.68,-176.3,-173.1,-171.88,-171.28,-169.11,-165.94,-162.58,-159.31,-156.03,-152.75,-149.46,-146.17
-233.37,-229.95,-226.7,-222.72,-219.95,-216.68,-213.38,-209.92,-207.19,-203.2,-200.13,-196.69,-193.74,-190.45,-187.15,-183.87,-180.6,-177.25,-174.04,-172.8,-172.21,-170.03,-166.87,-163.5,-160.22,-156.96,-153.68,-150.38,-147.1
-234.3,-230.87,-227.63,-223.61,-220.87,-217.6,-214.3,-210.83,-208.13,-204.11,-201.04,-197.6,-194.66,-191.37,-188.07,-184.79,-181.52,-178.19,-174.97,-173.71,-173.15,-170.94,-167.8,-164.41,-161.14,-157.89,-154.61,-151.32,-148.03
-235.24,-231.8,-228.56,-224.51,-221.79,-218.52,-215.22,-211.75,-209.07,-205.02,-201.96,-198.51,-195.58,-192.29,-188.99,-185.71,-182.44,-179.14,-175.91,-174.63,-174.09,-171.86,-168.73,-165.33,-162.05,-158.82,-155.54,-152.25,-148.95
-236.18,-232.73,-229.48,-225.41,-222.71,-219.44,-216.15,-212.66,-210,-205.92,-202.87,-199.41,-196.5,-193.21,-189.91,-186.64,-183.37,-180.09,-176.85,-175.54,-175.03,-172.77,-169.66,-166.24,-162.96,-159.75,-156.47,-153.18,-149.87
-237.11,-233.66,-230.41,-226.31,-223.63,-220.36,-217.07,-213.57,-210.94,-206.83,-203.78,-200.32,-197.42,-194.14,-190.84,-187.56,-184.29,-181.03,-177.79,-176.46,-175.96,-173.69,-170.6,-167.15,-163.88,-160.68,-157.4,-154.11,-150.8
-238.05,-234.59,-231.34,-227.21,-224.55,-221.28,-217.99,-214.49,-211.88,-207.74,-204.7,-201.22,-198.35,-195.06,-191.76,-188.48,-185.21,-181.98,-178.73,-177.37,-176.9,-174.6,-171.53,-168.07,-164.79,-161.61,-158.33,-155.04,-151.73
-238.99,-235.52,-232.27,-228.11,-225.47,-222.2,-218.91,-215.41,-212.82,-208.65,-205.62,-202.12,-199.28,-195.98,-192.68,-189.4,-186.13,-182.93,-179.67,-178.28,-177.84,-175.51,-172.46,-168.99,-165.7,-162.54,-159.26,-155.97,-152.66
-239.93,-236.45,-233.2,-229.01,-226.39,-223.12,-219.83,-216.33,-213.76,-209.56,-206.54,-203.02,-200.21,-196.9,-193.6,-190.32,-187.05,-183.88,-180.61,-179.19,-178.78,-176.42,-173.39,-169.91,-166.61,-163.47,-160.19,-156.9,-153.59
-240.87,-237.38,-234.13,-229.91,-227.31,-224.04,-220.75,-217.25,-214.7,-210.47,-207.46,-203.92,-201.14,-197.82,-194.52,-191.24,-187.97,-184.83,-181.55,-180.1,-179.72,-177.33,-174.32,-170.83,-167.52,-164.4,-161.12,-157.83,-154.52
-241.81,-238.31,-235.06,-230.81,-228.23,-224.96,-221.67,-218.17,-215.64,-211.38,-208.38,-204.82,-202.07,-198.74,-195.44,-192.16,-188.89,-185.78,-182.49,-181.01,-180.66,-178.24,-175.25,-171.75,-168.43,-165.33,-162.05,-158.76,-155.45
-242.75,-239.24,-235.99,-231.71,-229.15,-225.88,-222.59,-219.09,-216.58,-212.29,-209.3,-205.72,-203,-199.66,-196.36,-193.08,-189.81,-186.73,-183.43,-181.92,-181.6,-179.15,-176.18,-172.67,-169.34,-166.26,-162.98,-159.69,-156.38
-243.69,-240.17,-236.92,-232.61,-230.07,-226.8,-223.51,-220.01,-217.52,-213.2,-210.22,-206.62,-203.93,-200.58,-197.28,-194,-190.73,-187.68,-184.37,-182.83,-182.54,-180.06,-177.11,-173.59,-170.25,-167.19,-163.91,-160.62,-157.31
-244.63,-241.1,-237.85,-233.51,-230.99,-227.72,-224.43,-220.93,-218.46,-214.11,-211.14,-207.52,-204.86,-201.5,-198.2,-194.92,-191.65,-188.63,-185.31,-183.74,-183.48,-180.97,-178.04,-174.51,-171.16,-168.12,-164.84,-161.55,-158.24
-245.57,-242.03,-238.78,-234.41,-231.91,-228.64,-225.35,-221.85,-219.4,-215.02,-212.06,-208.42,-205.79,-202.42,-199.12,-195.84,-192.57,-189.58,-186.25,-184.65,-184.42,-181.88,-178.97,-175.43,-172.07,-169.05,-165.77,-162.48,-159.17
-246.51,-242.96,-239.71,-235.31,-232.83,-229.56,-226.27,-222.77,-220.34,-215.93,-212.98,-209.32,-206.72,-203.34,-200.04,-196.76,-193.49,-190.53,-187.19,-185.56,-185.36,-182.79,-179.9,-176.35,-172.98,-169.98,-166.7,-163.41,-160.1
-247.45,-243.89,-240.64,-236.21,-233.75,-230.48,-227.190000000001,-223.690000000001,-221.28,-216.84,-213.9,-210.22,-207.65,-204.26,-200.96,-197.68,-194.41,-191.48,-188.13,-186.47,-186.3,-183.7,-180.83,-177.27,-173.89,-170.91,-167.63,-164.34,-161.03
-248.39,-244.82,-241.57,-237.11,-234.670000000001,-231.4,-228.11,-224.61,-222.22,-217.75,-214.82,-211.12,-208.58,-205.18,-201.88,-198.6,-195.33,-192.43,-189.07,-187.38,-187.24,-184.61,-181.76,-178.19,-174.8,-171.84,-168.56,-165.27,-161.96
-249.33,-245.75,-242.5,-238.01,-235.59,-232.32,-229.03,-225.53,-223.16,-218.66,-215.74,-212.02,-209.51,-206.1,-202.8,-199.52,-196.25,-193.38,-190.01,-188.29,-188.18,-185.52,-182.69,-179.11,-175.71,-172.77,-169.49,-166.2,-162.89
-250.27,-246.68,-243.43,-238.91,-236.51,-233.24,-229.95,-226.45,-224.1,-219.57,-216.66,-212.92,-210.44,-207.02,-203.72,-200.44,-197.17,-194.33,-190.95,-189.2,-189.12,-186.43,-183.62,-180.03,-176.62,-173.7,-170.42,-167.13,-163.82
-251.21,-247.61,-244.36,-239.81,-237.43,-234.16,-230.87,-227.37,-225.04,-220.48,-217.58,-213.82,-211.37,-207.94,-204.639999999999,-201.36,-198.09,-195.28,-191.89,-190.11,-190.06,-187.34,-184.55,-180.95,-177.53,-174.63,-171.35,-168.06,-164.75
-252.15,-248.54,-245.29,-240.71,-238.35,-235.08,-231.79,-228.29,-225.98,-221.39,-218.5,-214.72,-212.3,-208.86,-205.56,-202.28,-199.01,-196.23,-192.83,-191.02,-191,-188.25,-185.48,-181.87,-178.44,-175.56,-172.28,-168.99,-165.68
-253.09,-249.47,-246.22,-241.61,-239.27,-236,-232.71,-229.21,-226.92,-222.3,-219.42,-215.62,-213.23,-209.78,-206.48,-203.2,-199.93,-197.18,-193.77,-191.93,-191.94,-189.16,-186.41,-182.79,-179.35,-176.49,-173.21,-169.92,-166.61
-254.03,-250.4,-247.15,-242.51,-240.19,-236.92,-233.63,-230.13,-227.86,-223.21,-220.34,-216.52,-214.16,-210.7,-207.4,-204.12,-200.85,-198.13,-194.71,-192.84,-192.88,-190.07,-187.34,-183.71,-180.26,-177.420000000001,-174.14,-170.849999999999,-167.54
-254.969999999999,-251.33,-248.08,-243.41,-241.11,-237.839999999999,-234.550000000001,-231.050000000001,-228.8,-224.12,-221.26,-217.42,-215.09,-211.62,-208.32,-205.04,-201.77,-199.08,-195.65,-193.75,-193.82,-190.98,-188.27,-184.63,-181.17,-178.35,-175.07,-171.779999999999,-168.47
-255.91,-252.26,-249.01,-244.309999999999,-242.03,-238.76,-235.47,-231.97,-229.74,-225.03,-222.18,-218.32,-216.02,-212.54,-209.24,-205.96,-202.690000000001,-200.03,-196.59,-194.66,-194.76,-191.89,-189.2,-185.55,-182.08,-179.28,-176,-172.71,-169.4
-256.849999999999,-253.190000000001,-249.940000000001,-245.21,-242.95,-239.679999999999,-236.39,-232.89,-230.679999999999,-225.94,-223.1,-219.22,-216.95,-213.46,-210.16,-206.88,-203.610000000001,-200.98,-197.53,-195.57,-195.7,-192.8,-190.13,-186.47,-182.99,-180.21,-176.93,-173.639999999999,-170.33
-257.79,-254.120000000001,-250.870000000001,-246.11,-243.870000000001,-240.599999999999,-237.31,-233.81,-231.62,-226.85,-224.02,-220.12,-217.88,-214.38,-211.079999999999,-207.799999999999,-204.530000000001,-201.93,-198.47,-196.48,-196.64,-193.71,-191.06,-187.39,-183.9,-181.14,-177.86,-174.569999999999,-171.26
-258.73,-255.05,-251.8,-247.01,-244.790000000001,-241.52,-238.23,-234.73,-232.559999999999,-227.76,-224.94,-221.02,-218.81,-215.3,-211.999999999999,-208.72,-205.45,-202.88,-199.41,-197.39,-197.58,-194.62,-191.99,-188.309999999999,-184.81,-182.07,-178.79,-175.5,-172.19
-259.67,-255.98,-252.73,-247.91,-245.710000000001,-242.44,-239.150000000001,-235.650000000001,-233.5,-228.67,-225.86,-221.92,-219.74,-216.220000000001,-212.92,-209.639999999999,-206.37,-203.83,-200.35,-198.3,-198.52,-195.53,-192.920000000001,-189.23,-185.72,-183,-179.72,-176.43,-173.119999999999
-260.61,-256.91,-253.66,-248.809999999999,-246.63,-243.36,-240.07,-236.57,-234.440000000001,-229.58,-226.78,-222.82,-220.67,-217.14,-213.84,-210.559999999999,-207.29,-204.78,-201.29,-199.21,-199.46,-196.440000000001,-193.85,-190.15,-186.63,-183.93,-180.65,-177.36,-174.049999999999
-261.55,-257.84,-254.59,-249.71,-247.55,-244.28,-240.99,-237.49,-235.38,-230.49,-227.7,-223.72,-221.599999999999,-218.06,-214.76,-211.48,-208.21,-205.73,-202.23,-200.12,-200.400000000001,-197.349999999999,-194.78,-191.07,-187.54,-184.860000000001,-181.58,-178.29,-174.979999999999
-262.49,-258.77,-255.52,-250.61,-248.47,-245.2,-241.910000000001,-238.410000000001,-236.320000000001,-231.400000000001,-228.62,-224.62,-222.53,-218.98,-215.679999999999,-212.4,-209.13,-206.68,-203.17,-201.03,-201.34,-198.26,-195.710000000001,-191.989999999999,-188.45,-185.79,-182.510000000001,-179.219999999999,-175.91
-263.43,-259.700000000001,-256.450000000001,-251.51,-249.39,-246.12,-242.830000000001,-239.330000000001,-237.259999999999,-232.309999999999,-229.539999999999,-225.52,-223.460000000001,-219.900000000001,-216.599999999999,-213.32,-210.05,-207.629999999999,-204.11,-201.940000000001,-202.28,-199.17,-196.64,-192.91,-189.36,-186.719999999999,-183.440000000001,-180.15,-176.839999999999
-264.370000000001,-260.63,-257.38,-252.41,-250.310000000001,-247.04,-243.75,-240.25,-238.2,-233.219999999999,-230.459999999999,-226.42,-224.39,-220.82,-217.52,-214.24,-210.97,-208.58,-205.05,-202.85,-203.22,-200.08,-197.57,-193.83,-190.27,-187.650000000001,-184.370000000001,-181.08,-177.77
-265.309999999999,-261.559999999999,-258.309999999999,-253.31,-251.23,-247.959999999999,-244.670000000001,-241.170000000001,-239.139999999999,-234.13,-231.38,-227.320000000001,-225.320000000001,-221.740000000001,-218.44,-215.16,-211.89,-209.53,-205.99,-203.76,-204.16,-200.99,-198.5,-194.749999999999,-191.18,-188.58,-185.3,-182.009999999999,-178.699999999999
-266.25,-262.49,-259.24,-254.21,-252.150000000001,-248.88,-245.590000000001,-242.090000000001,-240.08,-235.04,-232.3,-228.22,-226.25,-222.66,-219.36,-216.08,-212.81,-210.48,-206.93,-204.67,-205.1,-201.9,-199.43,-195.67,-192.09,-189.51,-186.23,-182.94,-179.63
-267.19,-263.42,-260.17,-255.110000000001,-253.070000000001,-249.799999999999,-246.51,-243.01,-241.02,-235.95,-233.219999999999,-229.12,-227.18,-223.580000000001,-220.28,-217,-213.73,-211.429999999999,-207.87,-205.58,-206.04,-202.809999999999,-200.360000000001,-196.589999999999,-193,-190.440000000001,-187.16,-183.869999999999,-180.559999999999
-268.13,-264.35,-261.1,-256.01,-253.990000000001,-250.719999999999,-247.43,-243.93,-241.96,-236.86,-234.139999999999,-230.02,-228.110000000001,-224.500000000001,-221.2,-217.919999999999,-214.650000000001,-212.379999999999,-208.809999999999,-206.49,-206.98,-203.72,-201.29,-197.509999999999,-193.91,-191.37,-188.09,-184.799999999999,-181.489999999999
-269.070000000001,-265.280000000001,-262.030000000001,-256.91,-254.910000000001,-251.64,-248.35,-244.85,-242.900000000001,-237.77,-235.059999999999,-230.92,-229.04,-225.42,-222.12,-218.839999999999,-215.570000000001,-213.33,-209.75,-207.4,-207.92,-204.63,-202.22,-198.43,-194.82,-192.3,-189.02,-185.73,-182.419999999999
-270.009999999999,-266.21,-262.960000000001,-257.81,-255.83,-252.559999999999,-249.27,-245.77,-243.84,-238.68,-235.98,-231.82,-229.97,-226.340000000001,-223.039999999999,-219.759999999999,-216.490000000001,-214.279999999999,-210.69,-208.309999999999,-208.86,-205.54,-203.150000000001,-199.349999999999,-195.73,-193.23,-189.95,-186.659999999999,-183.349999999999
-270.950000000001,-267.14,-263.89,-258.71,-256.75,-253.48,-250.190000000001,-246.690000000001,-244.780000000001,-239.59,-236.9,-232.72,-230.9,-227.26,-223.959999999999,-220.679999999999,-217.410000000001,-215.23,-211.63,-209.219999999999,-209.8,-206.45,-204.08,-200.27,-196.639999999999,-194.160000000001,-190.88,-187.589999999999,-184.28
-271.889999999999,-268.07,-264.82,-259.610000000001,-257.67,-254.399999999999,-251.110000000001,-247.610000000001,-245.719999999999,-240.5,-237.82,-233.620000000001,-231.83,-228.180000000001,-224.88,-221.599999999999,-218.330000000001,-216.179999999999,-212.57,-210.13,-210.74,-207.36,-205.01,-201.19,-197.549999999999,-195.09,-191.809999999999,-188.519999999999,-185.209999999999
-272.83,-269,-265.75,-260.51,-258.59,-255.319999999999,-252.030000000001,-248.530000000001,-246.66,-241.410000000001,-238.74,-234.52,-232.76,-229.1,-225.799999999999,-222.52,-219.250000000001,-217.13,-213.51,-211.04,-211.679999999999,-208.27,-205.940000000001,-202.11,-198.46,-196.02,-192.740000000001,-189.449999999999,-186.139999999999
-273.77,-269.93,-266.68,-261.41,-259.51,-256.24,-252.950000000001,-249.450000000001,-247.599999999999,-242.32,-239.659999999999,-235.42,-233.690000000001,-230.02,-226.719999999999,-223.44,-220.170000000001,-218.079999999999,-214.45,-211.95,-212.62,-209.179999999999,-206.87,-203.03,-199.37,-196.950000000001,-193.670000000001,-190.379999999999,-187.069999999999
-274.709999999999,-270.860000000001,-267.610000000001,-262.309999999999,-260.43,-257.16,-253.870000000001,-250.370000000001,-248.540000000001,-243.23,-240.58,-236.320000000001,-234.620000000001,-230.940000000001,-227.639999999999,-224.36,-221.090000000001,-219.03,-215.39,-212.86,-213.559999999999,-210.09,-207.8,-203.949999999999,-200.28,-197.88,-194.6,-191.309999999999,-187.999999999999
-275.65,-271.790000000001,-268.540000000001,-263.210000000001,-261.35,-258.079999999998,-254.790000000001,-251.290000000001,-249.48,-244.139999999999,-241.499999999999,-237.220000000001,-235.55,-231.860000000001,-228.559999999999,-225.28,-222.010000000001,-219.98,-216.33,-213.77,-214.5,-210.999999999999,-208.73,-204.87,-201.19,-198.809999999999,-195.530000000001,-192.239999999999,-188.929999999999
-276.59,-272.720000000001,-269.470000000001,-264.109999999999,-262.27,-259,-255.710000000001,-252.210000000001,-250.42,-245.049999999999,-242.42,-238.120000000001,-236.48,-232.780000000001,-229.48,-226.2,-222.930000000001,-220.929999999999,-217.27,-214.679999999999,-215.44,-211.91,-209.660000000001,-205.789999999999,-202.099999999999,-199.740000000001,-196.46,-193.169999999999,-189.86
-277.529999999999,-273.650000000001,-270.400000000001,-265.01,-263.190000000001,-259.92,-256.629999999999,-253.129999999999,-251.360000000001,-245.959999999999,-243.34,-239.019999999999,-237.41,-233.700000000001,-230.400000000001,-227.119999999999,-223.850000000001,-221.879999999999,-218.21,-215.589999999999,-216.379999999999,-212.820000000001,-210.59,-206.709999999999,-203.009999999999,-200.67,-197.39,-194.099999999999,-190.789999999999
-278.469999999999,-274.580000000002,-271.330000000002,-265.91,-264.110000000001,-260.839999999998,-257.550000000001,-254.050000000001,-252.299999999999,-246.870000000001,-244.259999999998,-239.92,-238.34,-234.620000000001,-231.319999999998,-228.039999999999,-224.770000000001,-222.83,-219.150000000001,-216.5,-217.32,-213.73,-211.52,-207.63,-203.919999999999,-201.599999999999,-198.320000000001,-195.029999999999,-191.719999999999
-279.41,-275.51,-272.26,-266.810000000001,-265.030000000001,-261.76,-258.470000000001,-254.970000000001,-253.24,-247.780000000001,-245.18,-240.82,-239.27,-235.540000000001,-232.239999999998,-228.960000000001,-225.690000000001,-223.78,-220.09,-217.41,-218.259999999999,-214.64,-212.450000000001,-208.549999999999,-204.83,-202.530000000001,-199.25,-195.959999999999,-192.649999999999
-280.35,-276.439999999999,-273.189999999999,-267.709999999999,-265.950000000001,-262.679999999998,-259.390000000001,-255.890000000001,-254.18,-248.690000000001,-246.099999999999,-241.720000000001,-240.200000000001,-236.460000000001,-233.16,-229.879999999999,-226.610000000001,-224.73,-221.030000000001,-218.32,-219.2,-215.549999999999,-213.38,-209.469999999999,-205.74,-203.46,-200.18,-196.889999999999,-193.579999999999
-281.289999999999,-277.369999999999,-274.119999999999,-268.610000000001,-266.870000000001,-263.599999999999,-260.310000000001,-256.810000000001,-255.120000000001,-249.6,-247.02,-242.620000000001,-241.129999999999,-237.380000000001,-234.08,-230.799999999999,-227.530000000001,-225.68,-221.97,-219.229999999999,-220.14,-216.459999999999,-214.31,-210.389999999999,-206.65,-204.39,-201.11,-197.819999999999,-194.509999999999
-282.230000000001,-278.299999999999,-275.049999999999,-269.51,-267.790000000001,-264.52,-261.230000000001,-257.730000000001,-256.059999999999,-250.51,-247.939999999999,-243.52,-242.059999999999,-238.300000000001,-235,-231.719999999999,-228.450000000001,-226.629999999999,-222.91,-220.139999999999,-221.08,-217.369999999999,-215.240000000001,-211.309999999999,-207.56,-205.320000000001,-202.04,-198.749999999999,-195.439999999999
-283.17,-279.23,-275.98,-270.41,-268.710000000001,-265.439999999999,-262.15,-258.65,-257,-251.42,-248.859999999999,-244.42,-242.99,-239.220000000001,-235.92,-232.639999999998,-229.370000000001,-227.579999999998,-223.849999999999,-221.050000000001,-222.02,-218.280000000001,-216.17,-212.23,-208.47,-206.25,-202.97,-199.679999999999,-196.369999999999
-284.109999999999,-280.16,-276.91,-271.309999999999,-269.630000000001,-266.359999999999,-263.07,-259.57,-257.940000000001,-252.33,-249.780000000001,-245.32,-243.92,-240.140000000001,-236.84,-233.559999999999,-230.290000000001,-228.530000000001,-224.790000000001,-221.959999999999,-222.959999999999,-219.190000000001,-217.1,-213.15,-209.38,-207.18,-203.900000000001,-200.61,-197.299999999998
-285.050000000001,-281.09,-277.84,-272.210000000001,-270.550000000001,-267.280000000001,-263.99,-260.49,-258.879999999999,-253.24,-250.699999999999,-246.219999999999,-244.85,-241.059999999999,-237.76,-234.48,-231.210000000001,-229.48,-225.73,-222.870000000001,-223.9,-220.1,-218.030000000001,-214.07,-210.289999999999,-208.110000000001,-204.830000000001,-201.539999999999,-198.229999999999
-285.99,-282.02,-278.77,-273.110000000001,-271.470000000001,-268.199999999999,-264.91,-261.41,-259.82,-254.15,-251.619999999999,-247.120000000001,-245.779999999999,-241.980000000001,-238.68,-235.4,-232.130000000001,-230.429999999998,-226.67,-223.779999999999,-224.84,-221.009999999998,-218.959999999999,-214.99,-211.200000000001,-209.040000000001,-205.759999999999,-202.469999999999,-199.159999999999
-286.93,-282.950000000001,-279.700000000001,-274.01,-272.390000000001,-269.119999999999,-265.830000000002,-262.330000000002,-260.76,-255.060000000001,-252.539999999999,-248.02,-246.709999999999,-242.900000000001,-239.599999999999,-236.319999999998,-233.050000000001,-231.379999999999,-227.609999999999,-224.690000000001,-225.780000000001,-221.92,-219.890000000001,-215.909999999998,-212.109999999999,-209.969999999999,-206.69,-203.399999999998,-200.089999999999
-287.870000000001,-283.880000000001,-280.630000000001,-274.91,-273.310000000001,-270.040000000001,-266.750000000002,-263.250000000002,-261.700000000001,-255.970000000001,-253.459999999999,-248.92,-247.639999999999,-243.82,-240.519999999999,-237.24,-233.970000000001,-232.33,-228.550000000001,-225.599999999999,-226.719999999999,-222.83,-220.820000000002,-216.829999999998,-213.02,-210.9,-207.620000000001,-204.329999999999,-201.02
-288.809999999999,-284.810000000001,-281.560000000001,-275.810000000001,-274.23,-270.959999999999,-267.670000000002,-264.170000000002,-262.639999999999,-256.879999999999,-254.379999999999,-249.820000000002,-248.570000000002,-244.74,-241.439999999999,-238.16,-234.890000000001,-233.279999999999,-229.49,-226.51,-227.66,-223.74,-221.75,-217.75,-213.929999999998,-211.83,-208.550000000001,-205.259999999998,-201.949999999999
-289.75,-285.740000000002,-282.490000000002,-276.710000000001,-275.150000000001,-271.879999999999,-268.59,-265.09,-263.579999999998,-257.789999999999,-255.299999999999,-250.719999999999,-249.500000000002,-245.660000000002,-242.359999999999,-239.08,-235.810000000001,-234.23,-230.43,-227.42,-228.599999999999,-224.65,-222.68,-218.67,-214.84,-212.76,-209.480000000001,-206.189999999999,-202.879999999999
-290.690000000001,-286.670000000002,-283.420000000002,-277.610000000001,-276.070000000002,-272.800000000001,-269.51,-266.01,-264.52,-258.699999999999,-256.219999999999,-251.619999999999,-250.43,-246.58,-243.279999999999,-239.999999999998,-236.730000000001,-235.179999999998,-231.369999999999,-228.33,-229.540000000001,-225.559999999999,-223.610000000001,-219.59,-215.75,-213.690000000001,-210.410000000002,-207.119999999999,-203.809999999998
-291.630000000001,-287.6,-284.35,-278.51,-276.990000000002,-273.719999999999,-270.43,-266.93,-265.459999999999,-259.609999999999,-257.139999999998,-252.52,-251.360000000001,-247.5,-244.199999999999,-240.92,-237.650000000001,-236.129999999999,-232.310000000001,-229.24,-230.48,-226.469999999999,-224.540000000001,-220.509999999998,-216.66,-214.620000000001,-211.34,-208.049999999999,-204.74
-292.57,-288.529999999999,-285.279999999999,-279.410000000002,-277.910000000002,-274.639999999999,-271.35,-267.85,-266.4,-260.519999999999,-258.059999999999,-253.42,-252.290000000001,-248.420000000002,-245.120000000001,-241.84,-238.570000000002,-237.08,-233.25,-230.15,-231.42,-227.379999999999,-225.470000000001,-221.429999999998,-217.57,-215.550000000001,-212.27,-208.979999999998,-205.669999999998
-293.509999999998,-289.459999999999,-286.209999999999,-280.309999999999,-278.83,-275.559999999998,-272.270000000002,-268.770000000002,-267.34,-261.43,-258.98,-254.320000000002,-253.220000000001,-249.340000000002,-246.039999999999,-242.759999999998,-239.490000000002,-238.029999999999,-234.190000000001,-231.059999999999,-232.359999999999,-228.290000000001,-226.4,-222.349999999999,-218.48,-216.48,-213.200000000001,-209.909999999998,-206.599999999999
-294.450000000001,-290.389999999999,-287.139999999999,-281.210000000001,-279.750000000002,-276.48,-273.190000000002,-269.690000000002,-268.280000000001,-262.34,-259.9,-255.220000000001,-254.150000000001,-250.26,-246.959999999999,-243.679999999998,-240.410000000002,-238.98,-235.129999999999,-231.969999999999,-233.299999999999,-229.200000000001,-227.33,-223.27,-219.389999999999,-217.41,-214.130000000001,-210.839999999998,-207.529999999999
-295.389999999999,-291.32,-288.07,-282.110000000001,-280.67,-277.4,-274.110000000001,-270.610000000001,-269.219999999999,-263.25,-260.82,-256.119999999999,-255.08,-251.18,-247.879999999999,-244.6,-241.330000000002,-239.93,-236.070000000002,-232.879999999999,-234.24,-230.109999999999,-228.26,-224.190000000001,-220.299999999999,-218.340000000002,-215.060000000001,-211.769999999999,-208.459999999999
-296.33,-292.25,-289,-283.010000000002,-281.590000000002,-278.319999999998,-275.030000000001,-271.530000000001,-270.16,-264.16,-261.739999999998,-257.02,-256.01,-252.100000000002,-248.799999999999,-245.52,-242.250000000002,-240.879999999999,-237.01,-233.789999999999,-235.18,-231.019999999999,-229.190000000001,-225.109999999999,-221.209999999999,-219.27,-215.99,-212.699999999997,-209.389999999999
-297.27,-293.18,-289.93,-283.91,-282.51,-279.24,-275.950000000001,-272.450000000001,-271.1,-265.07,-262.66,-257.92,-256.940000000001,-253.02,-249.719999999999,-246.439999999999,-243.170000000002,-241.83,-237.950000000001,-234.699999999999,-236.119999999999,-231.93,-230.120000000001,-226.029999999999,-222.119999999999,-220.200000000001,-216.92,-213.629999999999,-210.319999999998
-298.209999999999,-294.110000000001,-290.860000000001,-284.809999999999,-283.43,-280.16,-276.870000000001,-273.370000000001,-272.039999999999,-265.98,-263.58,-258.82,-257.870000000001,-253.940000000001,-250.639999999999,-247.359999999999,-244.09,-242.779999999999,-238.889999999999,-235.610000000001,-237.059999999999,-232.84,-231.050000000001,-226.949999999999,-223.030000000001,-221.130000000001,-217.85,-214.559999999999,-211.249999999998
-299.15,-295.040000000001,-291.790000000001,-285.710000000001,-284.350000000002,-281.079999999998,-277.790000000001,-274.290000000001,-272.98,-266.889999999999,-264.499999999998,-259.720000000001,-258.800000000001,-254.860000000002,-251.559999999999,-248.279999999999,-245.01,-243.729999999998,-239.829999999998,-236.52,-238,-233.75,-231.98,-227.869999999999,-223.940000000001,-222.059999999999,-218.780000000001,-215.489999999998,-212.179999999998
-300.09,-295.970000000001,-292.720000000001,-286.609999999999,-285.27,-282,-278.710000000001,-275.210000000001,-273.92,-267.799999999999,-265.42,-260.620000000001,-259.73,-255.780000000001,-252.48,-249.199999999999,-245.93,-244.68,-240.77,-237.43,-238.940000000001,-234.66,-232.91,-228.789999999999,-224.85,-222.99,-219.710000000001,-216.42,-213.109999999999
-301.030000000001,-296.900000000001,-293.650000000001,-287.51,-286.190000000002,-282.92,-279.630000000001,-276.130000000001,-274.860000000001,-268.709999999999,-266.339999999998,-261.52,-260.66,-256.700000000001,-253.4,-250.119999999999,-246.85,-245.629999999999,-241.709999999999,-238.34,-239.880000000001,-235.57,-233.840000000002,-229.709999999999,-225.76,-223.92,-220.639999999999,-217.349999999999,-214.039999999999
-301.969999999999,-297.830000000002,-294.580000000002,-288.41,-287.110000000001,-283.839999999998,-280.550000000001,-277.050000000001,-275.799999999999,-269.620000000001,-267.259999999998,-262.42,-261.59,-257.620000000001,-254.319999999998,-251.039999999999,-247.77,-246.579999999998,-242.65,-239.25,-240.82,-236.48,-234.77,-230.629999999999,-226.67,-224.85,-221.57,-218.279999999999,-214.969999999998
-302.91,-298.76,-295.510000000002,-289.310000000001,-288.030000000001,-284.76,-281.470000000001,-277.970000000001,-276.74,-270.530000000001,-268.18,-263.32,-262.52,-258.540000000001,-255.239999999998,-251.959999999999,-248.690000000001,-247.529999999999,-243.589999999998,-240.16,-241.76,-237.389999999999,-235.700000000001,-231.549999999999,-227.58,-225.780000000001,-222.5,-219.209999999999,-215.899999999998
-303.849999999999,-299.690000000001,-296.440000000001,-290.209999999999,-288.950000000001,-285.679999999998,-282.390000000001,-278.890000000001,-277.68,-271.440000000001,-269.099999999999,-264.220000000001,-263.450000000001,-259.460000000001,-256.159999999998,-252.879999999999,-249.610000000001,-248.48,-244.530000000001,-241.07,-242.699999999999,-238.300000000001,-236.629999999999,-232.469999999999,-228.49,-226.710000000001,-223.43,-220.139999999999,-216.83
-304.790000000001,-300.619999999999,-297.369999999999,-291.110000000001,-289.870000000001,-286.599999999999,-283.310000000001,-279.810000000001,-278.620000000001,-272.35,-270.02,-265.120000000001,-264.379999999999,-260.380000000001,-257.08,-253.799999999999,-250.530000000001,-249.43,-245.469999999999,-241.98,-243.640000000001,-239.209999999999,-237.559999999999,-233.389999999999,-229.4,-227.640000000001,-224.360000000001,-221.069999999998,-217.759999999998
-305.73,-301.549999999999,-298.299999999999,-292.010000000002,-290.790000000001,-287.519999999999,-284.230000000001,-280.730000000001,-279.559999999999,-273.26,-270.939999999999,-266.02,-265.309999999999,-261.300000000003,-258,-254.719999999999,-251.450000000001,-250.379999999999,-246.41,-242.889999999999,-244.58,-240.119999999999,-238.490000000002,-234.309999999998,-230.309999999999,-228.57,-225.289999999999,-221.999999999998,-218.689999999999
-306.669999999998,-302.48,-299.23,-292.91,-291.710000000001,-288.439999999999,-285.150000000001,-281.650000000001,-280.5,-274.17,-271.859999999999,-266.920000000002,-266.24,-262.220000000001,-258.92,-255.639999999998,-252.370000000001,-251.329999999998,-247.349999999999,-243.800000000001,-245.52,-241.030000000001,-239.42,-235.23,-231.219999999999,-229.5,-226.219999999999,-222.929999999998,-219.619999999997
-307.610000000001,-303.41,-300.16,-293.810000000001,-292.630000000001,-289.359999999999,-286.07,-282.57,-281.440000000001,-275.08,-272.780000000001,-267.82,-267.17,-263.140000000001,-259.84,-256.559999999999,-253.290000000001,-252.280000000001,-248.290000000001,-244.709999999999,-246.459999999999,-241.940000000001,-240.35,-236.15,-232.130000000001,-230.430000000002,-227.150000000001,-223.859999999999,-220.549999999999
-308.549999999999,-304.34,-301.09,-294.709999999999,-293.549999999999,-290.279999999999,-286.990000000002,-283.490000000002,-282.379999999999,-275.99,-273.699999999999,-268.719999999999,-268.100000000002,-264.060000000001,-260.759999999998,-257.48,-254.210000000001,-253.23,-249.23,-245.620000000001,-247.4,-242.85,-241.280000000001,-237.07,-233.039999999999,-231.360000000001,-228.080000000002,-224.789999999997,-221.48
-309.490000000002,-305.27,-302.02,-295.610000000001,-294.470000000001,-291.200000000001,-287.91,-284.41,-283.32,-276.9,-274.619999999999,-269.620000000001,-269.030000000001,-264.980000000001,-261.679999999998,-258.4,-255.130000000001,-254.179999999998,-250.17,-246.529999999999,-248.34,-243.759999999998,-242.209999999999,-237.99,-233.950000000001,-232.290000000001,-229.010000000002,-225.719999999999,-222.409999999998
-310.43,-306.200000000001,-302.950000000001,-296.510000000002,-295.390000000003,-292.119999999999,-288.830000000002,-285.330000000002,-284.26,-277.809999999999,-275.539999999999,-270.52,-269.960000000001,-265.900000000001,-262.599999999999,-259.319999999998,-256.050000000001,-255.129999999999,-251.109999999999,-247.440000000001,-249.280000000001,-244.67,-243.140000000001,-238.909999999998,-234.859999999999,-233.220000000001,-229.940000000001,-226.649999999998,-223.339999999998
-311.369999999999,-307.130000000001,-303.880000000001,-297.41,-296.310000000001,-293.039999999997,-289.75,-286.25,-285.200000000001,-278.719999999998,-276.459999999999,-271.42,-270.890000000001,-266.820000000002,-263.519999999999,-260.24,-256.970000000001,-256.08,-252.050000000001,-248.349999999999,-250.219999999999,-245.58,-244.070000000002,-239.829999999998,-235.77,-234.15,-230.870000000001,-227.579999999998,-224.269999999999
-312.309999999998,-308.060000000001,-304.810000000001,-298.309999999998,-297.23,-293.959999999999,-290.670000000002,-287.170000000002,-286.140000000003,-279.629999999999,-277.379999999999,-272.320000000002,-271.820000000002,-267.74,-264.439999999999,-261.16,-257.890000000001,-257.029999999999,-252.99,-249.26,-251.16,-246.49,-245,-240.749999999998,-236.679999999998,-235.08,-231.800000000001,-228.509999999998,-225.199999999999
-313.249999999996,-308.990000000002,-305.740000000002,-299.210000000003,-298.149999999998,-294.879999999997,-291.590000000004,-288.090000000004,-287.079999999998,-280.540000000001,-278.300000000001,-273.220000000001,-272.750000000002,-268.660000000002,-265.359999999999,-262.08,-258.810000000001,-257.98,-253.93,-250.17,-252.099999999999,-247.4,-245.93,-241.67,-237.59,-236.01,-232.730000000001,-229.439999999999,-226.129999999999
-314.190000000002,-309.920000000002,-306.670000000002,-300.110000000001,-299.070000000003,-295.799999999999,-292.510000000002,-289.010000000002,-288.02,-281.450000000001,-279.219999999998,-274.120000000001,-273.68,-269.580000000002,-266.279999999999,-262.999999999998,-259.730000000001,-258.929999999998,-254.869999999999,-251.08,-253.040000000001,-248.309999999999,-246.860000000001,-242.59,-238.5,-236.940000000001,-233.660000000002,-230.369999999997,-227.059999999998
-315.130000000001,-310.850000000002,-307.600000000002,-301.009999999998,-299.990000000002,-296.720000000001,-293.430000000004,-289.930000000004,-288.960000000003,-282.360000000001,-280.139999999999,-275.02,-274.610000000001,-270.5,-267.199999999999,-263.919999999998,-260.650000000001,-259.879999999997,-255.809999999999,-251.99,-253.98,-249.219999999999,-247.790000000001,-243.509999999998,-239.41,-237.870000000001,-234.59,-231.299999999999,-227.989999999998
-316.07,-311.780000000002,-308.530000000002,-301.91,-300.91,-297.639999999999,-294.350000000002,-290.850000000002,-289.899999999998,-283.27,-281.059999999998,-275.920000000002,-275.539999999997,-271.420000000002,-268.119999999999,-264.84,-261.570000000002,-260.83,-256.75,-252.9,-254.92,-250.129999999999,-248.720000000001,-244.429999999998,-240.32,-238.800000000001,-235.52,-232.229999999998,-228.919999999998
-317.009999999998,-312.710000000003,-309.460000000003,-302.810000000001,-301.830000000002,-298.559999999998,-295.27,-291.77,-290.84,-284.18,-281.98,-276.82,-276.470000000001,-272.34,-269.039999999999,-265.759999999998,-262.490000000002,-261.779999999999,-257.690000000001,-253.809999999999,-255.859999999999,-251.040000000001,-249.65,-245.349999999999,-241.23,-239.73,-236.450000000001,-233.159999999998,-229.849999999999
-317.949999999997,-313.640000000003,-310.390000000003,-303.710000000003,-302.75,-299.48,-296.189999999999,-292.689999999999,-291.779999999999,-285.09,-282.900000000001,-277.719999999998,-277.399999999998,-273.260000000002,-269.960000000001,-266.679999999998,-263.410000000002,-262.73,-258.629999999999,-254.719999999999,-256.799999999999,-251.950000000001,-250.58,-246.269999999999,-242.139999999999,-240.66,-237.380000000001,-234.089999999998,-230.779999999997
-318.889999999999,-314.570000000003,-311.320000000003,-304.610000000001,-303.670000000002,-300.399999999998,-297.110000000001,-293.610000000001,-292.720000000001,-286,-283.819999999996,-278.619999999999,-278.330000000002,-274.180000000004,-270.879999999997,-267.599999999999,-264.330000000002,-263.679999999998,-259.57,-255.629999999999,-257.74,-252.859999999999,-251.51,-247.190000000001,-243.049999999999,-241.59,-238.310000000001,-235.019999999999,-231.709999999997
-319.830000000002,-315.500000000004,-312.250000000004,-305.509999999998,-304.59,-301.32,-298.030000000002,-294.530000000002,-293.66,-286.91,-284.739999999998,-279.52,-279.260000000002,-275.099999999999,-271.799999999996,-268.519999999999,-265.250000000002,-264.629999999999,-260.51,-256.540000000001,-258.68,-253.769999999999,-252.440000000001,-248.109999999999,-243.959999999999,-242.52,-239.24,-235.949999999997,-232.639999999999
-320.77,-316.430000000004,-313.180000000004,-306.410000000003,-305.510000000002,-302.240000000002,-298.950000000001,-295.450000000001,-294.599999999999,-287.82,-285.66,-280.419999999998,-280.189999999999,-276.02,-272.719999999998,-269.439999999999,-266.170000000004,-265.58,-261.450000000001,-257.449999999999,-259.619999999999,-254.68,-253.370000000001,-249.029999999999,-244.870000000001,-243.450000000001,-240.17,-236.879999999999,-233.569999999998
-321.709999999999,-317.360000000001,-314.110000000001,-307.310000000001,-306.43,-303.16,-299.870000000003,-296.370000000003,-295.540000000001,-288.73,-286.579999999998,-281.32,-281.120000000003,-276.940000000002,-273.639999999996,-270.360000000001,-267.090000000004,-266.529999999999,-262.389999999999,-258.360000000001,-260.559999999999,-255.59,-254.300000000001,-249.949999999999,-245.779999999999,-244.380000000001,-241.1,-237.809999999998,-234.499999999998
-322.649999999998,-318.289999999997,-315.039999999997,-308.209999999999,-307.349999999999,-304.079999999998,-300.790000000001,-297.290000000001,-296.48,-289.639999999999,-287.5,-282.220000000001,-282.049999999999,-277.860000000001,-274.560000000001,-271.279999999999,-268.010000000002,-267.48,-263.33,-259.269999999999,-261.499999999998,-256.5,-255.23,-250.869999999999,-246.690000000001,-245.310000000001,-242.030000000001,-238.739999999998,-235.429999999997
-323.59,-319.219999999998,-315.969999999998,-309.110000000001,-308.270000000004,-304.999999999996,-301.710000000003,-298.210000000003,-297.419999999998,-290.549999999999,-288.419999999998,-283.120000000003,-282.980000000003,-278.780000000002,-275.48,-272.200000000001,-268.93,-268.43,-264.27,-260.18,-262.440000000001,-257.41,-256.16,-251.789999999999,-247.599999999999,-246.24,-242.960000000001,-239.669999999996,-236.359999999999
-324.529999999999,-320.149999999998,-316.899999999998,-310.010000000002,-309.190000000002,-305.919999999998,-302.630000000001,-299.130000000001,-298.360000000001,-291.459999999999,-289.34,-284.02,-283.91,-279.700000000004,-276.400000000001,-273.119999999999,-269.850000000002,-269.380000000001,-265.210000000001,-261.089999999998,-263.379999999999,-258.32,-257.090000000002,-252.709999999999,-248.51,-247.17,-243.889999999999,-240.599999999999,-237.289999999999
-325.470000000001,-321.079999999998,-317.829999999998,-310.91,-310.110000000001,-306.84,-303.550000000003,-300.050000000003,-299.300000000003,-292.369999999999,-290.259999999998,-284.920000000002,-284.84,-280.619999999999,-277.32,-274.039999999997,-270.770000000004,-270.329999999998,-266.150000000001,-261.999999999996,-264.320000000002,-259.229999999998,-258.02,-253.629999999999,-249.419999999998,-248.100000000002,-244.82,-241.529999999997,-238.219999999998
-326.41,-322.009999999998,-318.759999999998,-311.810000000001,-311.029999999999,-307.759999999998,-304.470000000001,-300.970000000001,-300.239999999998,-293.279999999999,-291.18,-285.820000000003,-285.77,-281.540000000001,-278.240000000002,-274.959999999999,-271.690000000002,-271.279999999999,-267.09,-262.91,-265.259999999998,-260.139999999999,-258.950000000001,-254.549999999999,-250.33,-249.030000000001,-245.75,-242.459999999997,-239.149999999998
-327.350000000002,-322.939999999999,-319.689999999999,-312.709999999999,-311.950000000004,-308.68,-305.390000000003,-301.890000000003,-301.18,-294.189999999999,-292.099999999999,-286.720000000001,-286.700000000001,-282.460000000003,-279.16,-275.879999999997,-272.610000000001,-272.23,-268.029999999999,-263.82,-266.200000000001,-261.049999999999,-259.880000000001,-255.469999999999,-251.24,-249.960000000001,-246.68,-243.389999999999,-240.079999999996
-328.290000000001,-323.869999999999,-320.619999999999,-313.609999999997,-312.870000000003,-309.599999999999,-306.310000000001,-302.810000000001,-302.120000000003,-295.100000000002,-293.019999999997,-287.619999999999,-287.630000000001,-283.380000000001,-280.079999999998,-276.799999999996,-273.529999999999,-273.179999999997,-268.969999999998,-264.73,-267.139999999999,-261.960000000003,-260.810000000001,-256.389999999998,-252.15,-250.890000000001,-247.610000000001,-244.319999999998,-241.009999999998
-329.23,-324.799999999999,-321.549999999999,-314.510000000002,-313.790000000001,-310.519999999997,-307.23,-303.73,-303.059999999998,-296.009999999998,-293.939999999999,-288.52,-288.560000000001,-284.300000000003,-281,-277.719999999998,-274.450000000001,-274.129999999997,-269.909999999996,-265.640000000003,-268.080000000002,-262.869999999999,-261.739999999998,-257.309999999999,-253.060000000001,-251.82,-248.540000000001,-245.249999999998,-241.939999999999
-330.169999999998,-325.73,-322.48,-315.41,-314.710000000003,-311.439999999999,-308.150000000001,-304.650000000001,-304,-296.920000000002,-294.860000000001,-289.419999999998,-289.489999999998,-285.220000000001,-281.919999999998,-278.639999999999,-275.370000000003,-275.080000000002,-270.850000000002,-266.549999999999,-269.02,-263.779999999999,-262.670000000002,-258.23,-253.969999999999,-252.75,-249.470000000001,-246.179999999998,-242.869999999997
-331.109999999997,-326.66,-323.41,-316.310000000001,-315.630000000001,-312.359999999997,-309.07,-305.57,-304.939999999999,-297.829999999998,-295.779999999999,-290.32,-290.420000000002,-286.140000000003,-282.84,-279.560000000001,-276.290000000001,-276.029999999999,-271.790000000001,-267.459999999999,-269.959999999999,-264.689999999999,-263.600000000002,-259.149999999998,-254.880000000001,-253.68,-250.400000000001,-247.109999999999,-243.799999999997
-332.050000000003,-327.59,-324.34,-317.209999999999,-316.550000000003,-313.279999999999,-309.990000000002,-306.490000000002,-305.880000000001,-298.740000000002,-296.699999999997,-291.220000000001,-291.349999999999,-287.060000000001,-283.759999999998,-280.48,-277.209999999999,-276.98,-272.73,-268.369999999999,-270.900000000001,-265.599999999999,-264.529999999999,-260.07,-255.790000000001,-254.610000000001,-251.330000000002,-248.039999999997,-244.729999999998
-332.990000000002,-328.52,-325.27,-318.110000000001,-317.470000000001,-314.200000000001,-310.91,-307.41,-306.82,-299.649999999998,-297.619999999999,-292.119999999999,-292.280000000002,-287.98,-284.68,-281.399999999998,-278.130000000001,-277.93,-273.669999999998,-269.280000000002,-271.84,-266.510000000002,-265.460000000003,-260.989999999998,-256.699999999997,-255.540000000001,-252.26,-248.969999999999,-245.659999999998
-333.93,-329.450000000001,-326.200000000001,-319.010000000002,-318.390000000003,-315.119999999999,-311.830000000002,-308.330000000002,-307.759999999998,-300.560000000001,-298.539999999997,-293.02,-293.209999999999,-288.900000000001,-285.599999999999,-282.32,-279.050000000003,-278.879999999997,-274.610000000001,-270.189999999999,-272.779999999999,-267.419999999998,-266.389999999999,-261.91,-257.610000000001,-256.470000000001,-253.190000000001,-249.899999999998,-246.589999999998
-334.869999999999,-330.380000000001,-327.130000000001,-319.91,-319.310000000001,-316.039999999997,-312.75,-309.25,-308.700000000001,-301.469999999998,-299.459999999999,-293.920000000002,-294.139999999999,-289.820000000003,-286.52,-283.239999999998,-279.970000000001,-279.829999999998,-275.549999999999,-271.099999999999,-273.720000000001,-268.329999999998,-267.32,-262.829999999998,-258.52,-257.400000000001,-254.119999999999,-250.829999999998,-247.519999999997
-335.809999999998,-331.310000000001,-328.060000000001,-320.809999999998,-320.23,-316.959999999999,-313.670000000002,-310.170000000002,-309.639999999999,-302.380000000001,-300.380000000001,-294.82,-295.07,-290.740000000002,-287.439999999999,-284.159999999996,-280.889999999999,-280.779999999999,-276.489999999998,-272.010000000002,-274.66,-269.240000000002,-268.250000000004,-263.749999999996,-259.43,-258.330000000002,-255.050000000001,-251.759999999997,-248.449999999999
-336.75,-332.240000000002,-328.990000000002,-321.710000000003,-321.150000000005,-317.879999999997,-314.590000000004,-311.090000000004,-310.579999999998,-303.290000000001,-301.299999999996,-295.720000000001,-296,-291.660000000003,-288.359999999997,-285.079999999998,-281.810000000001,-281.729999999996,-277.429999999997,-272.920000000002,-275.600000000002,-270.149999999998,-269.18,-264.669999999998,-260.34,-259.259999999998,-255.98,-252.689999999997,-249.379999999997
-337.690000000002,-333.170000000002,-329.920000000002,-322.610000000001,-322.070000000003,-318.799999999999,-315.510000000002,-312.010000000002,-311.52,-304.200000000001,-302.219999999998,-296.620000000003,-296.93,-292.580000000002,-289.279999999999,-286,-282.730000000003,-282.68,-278.370000000003,-273.829999999998,-276.539999999997,-271.060000000001,-270.110000000001,-265.589999999997,-261.25,-260.189999999999,-256.91,-253.619999999997,-250.309999999998
-338.630000000001,-334.100000000002,-330.850000000002,-323.509999999998,-322.990000000002,-319.720000000001,-316.430000000004,-312.930000000004,-312.460000000003,-305.110000000001,-303.139999999999,-297.52,-297.860000000001,-293.5,-290.199999999997,-286.919999999998,-283.650000000001,-283.630000000001,-279.310000000001,-274.739999999998,-277.48,-271.970000000001,-271.040000000001,-266.509999999998,-262.16,-261.119999999999,-257.840000000004,-254.549999999999,-251.24
-339.57,-335.030000000002,-331.780000000002,-324.41,-323.91,-320.639999999999,-317.350000000002,-313.850000000002,-313.399999999998,-306.019999999997,-304.059999999998,-298.420000000002,-298.790000000001,-294.420000000002,-291.119999999999,-287.84,-284.57,-284.579999999998,-280.25,-275.650000000001,-278.420000000002,-272.879999999997,-271.970000000001,-267.43,-263.07,-262.049999999999,-258.77,-255.48,-252.169999999998
-340.509999999998,-335.960000000003,-332.710000000003,-325.310000000001,-324.830000000002,-321.559999999998,-318.27,-314.77,-314.34,-306.93,-304.98,-299.32,-299.720000000001,-295.34,-292.039999999997,-288.759999999998,-285.490000000002,-285.529999999999,-281.189999999999,-276.560000000001,-279.360000000001,-273.790000000001,-272.900000000001,-268.349999999999,-263.98,-262.980000000003,-259.700000000001,-256.409999999996,-253.099999999999
-341.450000000001,-336.890000000003,-333.640000000003,-326.210000000003,-325.750000000004,-322.48,-319.189999999999,-315.689999999999,-315.279999999999,-307.839999999997,-305.899999999998,-300.219999999998,-300.650000000001,-296.260000000002,-292.959999999999,-289.68,-286.410000000003,-286.48,-282.130000000001,-277.469999999998,-280.299999999999,-274.699999999997,-273.830000000002,-269.27,-264.889999999999,-263.910000000003,-260.630000000001,-257.339999999997,-254.029999999999
-342.389999999999,-337.820000000003,-334.570000000003,-327.110000000001,-326.670000000002,-323.399999999998,-320.110000000001,-316.610000000001,-316.219999999998,-308.75,-306.819999999996,-301.119999999999,-301.580000000002,-297.180000000004,-293.879999999997,-290.599999999999,-287.330000000002,-287.429999999997,-283.07,-278.380000000001,-281.239999999998,-275.610000000001,-274.760000000002,-270.189999999999,-265.799999999999,-264.84,-261.560000000001,-258.269999999997,-254.959999999995
-343.330000000002,-338.750000000004,-335.500000000004,-328.009999999998,-327.590000000004,-324.32,-321.030000000002,-317.530000000002,-317.16,-309.66,-307.739999999998,-302.02,-302.510000000002,-298.099999999999,-294.799999999996,-291.519999999997,-288.25,-288.379999999997,-284.009999999998,-279.290000000001,-282.18,-276.52,-275.689999999999,-271.110000000001,-266.710000000003,-265.77,-262.490000000002,-259.200000000001,-255.889999999996
-344.27,-339.680000000004,-336.430000000004,-328.910000000003,-328.510000000002,-325.240000000002,-321.950000000001,-318.450000000001,-318.099999999999,-310.57,-308.66,-302.919999999998,-303.439999999999,-299.02,-295.719999999998,-292.439999999999,-289.170000000002,-289.329999999998,-284.949999999997,-280.200000000001,-283.120000000003,-277.429999999997,-276.620000000003,-272.029999999999,-267.619999999999,-266.700000000001,-263.420000000002,-260.129999999997,-256.819999999996
-345.209999999999,-340.610000000004,-337.360000000004,-329.810000000001,-329.43,-326.16,-322.870000000003,-319.370000000003,-319.040000000001,-311.48,-309.579999999998,-303.82,-304.370000000003,-299.940000000002,-296.639999999996,-293.359999999997,-290.090000000004,-290.279999999995,-285.889999999999,-281.109999999997,-284.059999999998,-278.34,-277.550000000003,-272.949999999997,-268.529999999999,-267.630000000001,-264.349999999999,-261.059999999998,-257.749999999996
-346.150000000001,-341.540000000001,-338.290000000001,-330.709999999999,-330.350000000002,-327.079999999998,-323.790000000001,-320.290000000001,-319.98,-312.389999999999,-310.499999999996,-304.720000000001,-305.299999999999,-300.860000000001,-297.559999999998,-294.279999999999,-291.010000000002,-291.23,-286.830000000002,-282.02,-285,-279.25,-278.48,-273.869999999999,-269.439999999999,-268.560000000001,-265.280000000002,-261.989999999998,-258.68
-347.09,-342.469999999998,-339.219999999998,-331.610000000001,-331.270000000004,-327.999999999996,-324.710000000003,-321.210000000003,-320.919999999998,-313.299999999999,-311.419999999998,-305.620000000003,-306.230000000003,-301.780000000002,-298.48,-295.200000000001,-291.93,-292.18,-287.77,-282.93,-285.939999999999,-280.16,-279.41,-274.789999999997,-270.350000000002,-269.490000000002,-266.209999999999,-262.919999999998,-259.609999999997
-348.029999999999,-343.399999999998,-340.149999999998,-332.510000000002,-332.190000000002,-328.919999999998,-325.630000000001,-322.130000000001,-321.860000000001,-314.209999999999,-312.34,-306.52,-307.16,-302.700000000004,-299.400000000001,-296.119999999999,-292.850000000002,-293.130000000001,-288.709999999999,-283.84,-286.880000000001,-281.07,-280.34,-275.709999999999,-271.259999999998,-270.420000000002,-267.140000000003,-263.849999999995,-260.539999999997
-348.969999999998,-344.329999999998,-341.079999999998,-333.41,-333.110000000001,-329.839999999997,-326.550000000003,-323.050000000003,-322.800000000003,-315.119999999999,-313.259999999998,-307.420000000002,-308.09,-303.620000000003,-300.32,-297.039999999997,-293.770000000004,-294.079999999998,-289.650000000001,-284.749999999996,-287.82,-281.98,-281.27,-276.629999999997,-272.169999999998,-271.349999999999,-268.07,-264.779999999995,-261.469999999998
-349.91,-345.259999999998,-342.009999999998,-334.310000000001,-334.029999999999,-330.759999999998,-327.470000000005,-323.970000000005,-323.739999999998,-316.030000000002,-314.18,-308.320000000003,-309.02,-304.540000000001,-301.239999999998,-297.959999999999,-294.690000000002,-295.029999999999,-290.59,-285.66,-288.759999999998,-282.889999999999,-282.200000000001,-277.549999999996,-273.079999999998,-272.279999999999,-269,-265.709999999999,-262.399999999998
-350.850000000002,-346.189999999999,-342.939999999999,-335.209999999999,-334.950000000004,-331.68,-328.390000000003,-324.890000000003,-324.68,-316.939999999999,-315.099999999999,-309.220000000001,-309.950000000001,-305.460000000003,-302.16,-298.879999999997,-295.610000000001,-295.98,-291.529999999999,-286.57,-289.700000000001,-283.799999999999,-283.130000000001,-278.469999999998,-273.990000000002,-273.209999999999,-269.93,-266.639999999999,-263.329999999998
-351.790000000001,-347.119999999999,-343.869999999999,-336.110000000001,-335.870000000003,-332.599999999999,-329.310000000005,-325.810000000005,-325.620000000003,-317.850000000002,-316.019999999997,-310.120000000003,-310.880000000001,-306.380000000001,-303.079999999998,-299.799999999996,-296.530000000002,-296.929999999997,-292.469999999998,-287.48,-290.639999999999,-284.710000000003,-284.060000000001,-279.389999999999,-274.899999999998,-274.139999999999,-270.860000000001,-267.569999999996,-264.259999999995
-352.73,-348.049999999999,-344.799999999999,-337.010000000002,-336.790000000001,-333.519999999997,-330.23,-326.73,-326.559999999998,-318.759999999998,-316.939999999999,-311.02,-311.810000000001,-307.300000000003,-304,-300.719999999998,-297.450000000004,-297.879999999997,-293.41,-288.389999999999,-291.579999999998,-285.619999999999,-284.989999999998,-280.310000000001,-275.809999999998,-275.070000000003,-271.790000000001,-268.499999999996,-265.189999999995
