593.06,578.82,564.82,551.04,537.57,524.39,511.58,499.12,487.1,475.52,464.43,453.87,443.8,434.29,425.42,417.22,409.74,402.26,396.59,394.98,393.62,390.01,383.82,377.59,371.36,365.11,358.79,352.5,346.13
593.24,579.02,565.03,551.28,537.83,524.69,511.89,499.45,487.45,475.89,464.82,454.28,444.23,434.76,425.91,417.74,410.27,402.82,397.18,395.57,394.21,390.61,384.45,378.24,372.03,365.79,359.5,353.22,346.88
593.42,579.22,565.25,551.53,538.09,524.98,512.19,499.78,487.8,476.25,465.2,454.69,444.66,435.22,426.39,418.26,410.81,403.38,397.76,396.15,394.8,391.21,385.08,378.9,372.71,366.48,360.22,353.95,347.63
593.6,579.41,565.47,551.77,538.35,525.27,512.5,500.12,488.15,476.62,465.59,455.1,445.1,435.68,426.87,418.78,411.35,403.94,398.34,396.74,395.4,391.82,385.71,379.55,373.38,367.17,360.94,354.68,348.38
593.78,579.61,565.68,552.01,538.62,525.55,512.82,500.46,488.51,476.99,465.98,455.49,445.54,436.15,427.37,419.31,411.89,404.5,398.94,397.33,396,392.43,386.34,380.21,374.05,367.86,361.66,355.41,349.13
593.97,579.81,565.9,552.25,538.88,525.84,513.13,500.79,488.87,477.37,466.37,455.89,445.98,436.61,427.89,419.83,412.44,405.07,399.52,397.92,396.6,393.04,386.97,380.87,374.73,368.57,362.37,356.14,349.88
594.15,580,566.12,552.49,539.14,526.12,513.44,501.13,489.23,477.77,466.79,456.3,446.41,437.08,428.39,420.35,412.98,405.63,400.1,398.52,397.19,393.66,387.61,381.53,375.41,369.27,363.09,356.87,350.63
594.35,580.2,566.32,552.72,539.4,526.4,513.74,501.46,489.59,478.16,467.2,456.75,446.86,437.56,428.89,420.87,413.52,406.19,400.69,399.11,397.79,394.26,388.24,382.19,376.1,369.97,363.81,357.61,351.38
594.53,580.41,566.54,552.95,539.66,526.68,514.05,501.79,489.95,478.54,467.61,457.19,447.33,438.04,429.39,421.39,414.06,406.75,401.28,399.7,398.39,394.88,388.88,382.85,376.79,370.67,364.53,358.35,352.14
594.72,580.63,566.76,553.19,539.91,526.96,514.35,502.11,490.3,478.92,468.01,457.62,447.79,438.52,429.89,421.9,414.6,407.33,401.87,400.3,398.98,395.5,389.53,383.52,377.47,371.38,365.25,359.1,352.9
594.9,580.83,566.99,553.42,540.16,527.23,514.65,502.44,490.64,479.3,468.41,458.05,448.25,439,430.39,422.43,415.13,407.9,402.45,400.9,399.59,396.12,390.18,384.19,378.16,372.1,365.98,359.84,353.66
595.08,581.04,567.22,553.66,540.41,527.5,514.94,502.76,491,479.68,468.82,458.48,448.7,439.48,430.89,422.96,415.68,408.47,403.04,401.5,400.19,396.74,390.83,384.87,378.86,372.81,366.72,360.58,354.42
595.27,581.24,567.45,553.91,540.67,527.78,515.24,503.09,491.35,480.04,469.22,458.9,449.15,439.96,431.38,423.47,416.22,409.04,403.64,402.1,400.81,397.37,391.49,385.54,379.56,373.52,367.45,361.33,355.19
595.45,581.44,567.67,554.16,540.95,528.06,515.54,503.41,491.69,480.41,469.62,459.32,449.6,440.43,431.88,423.98,416.76,409.61,404.24,402.7,401.42,398,392.15,386.22,380.26,374.23,368.19,362.09,355.96
595.64,581.64,567.9,554.41,541.22,528.34,515.83,503.73,492.03,480.78,470.01,459.74,450.03,440.9,432.37,424.5,417.29,410.18,404.84,403.3,402.03,398.64,392.81,386.91,380.97,374.96,368.93,362.85,356.73
595.82,581.84,568.11,554.66,541.49,528.63,516.12,504.05,492.37,481.15,470.39,460.16,450.46,441.34,432.86,425.02,417.84,410.75,405.43,403.91,402.64,399.28,393.47,387.6,381.67,375.69,369.67,363.61,357.5
596,582.05,568.33,554.9,541.75,528.93,516.44,504.37,492.71,481.51,470.78,460.57,450.89,441.79,433.35,425.52,418.38,411.31,406.02,404.51,403.26,399.91,394.15,388.29,382.38,376.42,370.42,364.37,358.29
596.18,582.25,568.56,555.15,542.02,529.22,516.76,504.69,493.05,481.87,471.16,460.98,451.32,442.25,433.84,426.03,418.91,411.87,406.59,405.08,403.82,400.59,394.82,388.99,383.1,377.16,371.17,365.13,359.07
596.36,582.44,568.78,555.39,542.29,529.5,517.07,505.03,493.4,482.24,471.55,461.39,451.76,442.73,434.33,426.54,419.44,412.42,407.15,405.65,404.39,401.3,395.53,389.69,383.82,377.91,371.92,365.9,359.86
596.54,582.64,569,555.63,542.55,529.79,517.38,505.37,493.76,482.61,471.95,461.8,452.21,443.2,434.82,427.06,419.97,412.99,407.72,406.21,404.96,401.98,396.23,390.42,384.55,378.65,372.69,366.68,360.65
596.72,582.83,569.21,555.87,542.81,530.08,517.69,505.69,494.12,482.99,472.36,462.23,452.67,443.68,435.31,427.58,420.5,413.54,408.28,406.77,405.52,402.62,396.94,391.14,385.3,379.41,373.46,367.47,361.44
596.89,583.03,569.43,556.1,543.07,530.36,518,506.03,494.48,483.37,472.76,462.67,453.11,444.16,435.8,428.08,421.04,414.08,408.85,407.34,406.09,403.25,397.66,391.88,386.04,380.17,374.23,368.26,362.25
597.07,583.24,569.66,556.34,543.33,530.65,518.31,506.37,494.83,483.75,473.16,463.09,453.57,444.63,436.3,428.59,421.57,414.64,409.41,407.91,406.66,403.83,398.38,392.61,386.79,380.92,375,369.05,363.04
597.25,583.44,569.87,556.59,543.59,530.94,518.63,506.7,495.19,484.13,473.56,463.52,454.02,445.09,436.78,429.1,422.1,415.19,409.97,408.48,407.23,404.41,399.11,393.35,387.54,381.69,375.78,369.83,363.85
597.43,583.64,570.09,556.83,543.85,531.22,518.93,507.03,495.54,484.51,473.94,463.94,454.47,445.56,437.27,429.61,422.63,415.74,410.53,409.05,407.8,404.98,399.85,394.1,388.3,382.45,376.57,370.64,364.66
597.62,583.84,570.31,557.06,544.11,531.5,519.23,507.36,495.9,484.88,474.32,464.36,454.91,446.02,437.76,430.12,423.16,416.28,411.1,409.62,408.37,405.57,400.59,394.85,389.06,383.23,377.36,371.45,365.49
597.8,584.03,570.52,557.3,544.38,531.78,519.54,507.7,496.26,485.27,474.72,464.78,455.35,446.47,438.25,430.63,423.69,416.83,411.67,410.2,408.95,406.15,401.32,395.6,389.83,384.01,378.16,372.26,366.31
597.99,584.23,570.75,557.53,544.63,532.06,519.85,508.03,496.61,485.64,475.12,465.19,455.79,446.93,438.73,431.14,424.21,417.38,412.24,410.77,409.53,406.74,402.01,396.35,390.6,384.8,378.97,373.08,367.15
598.17,584.43,570.96,557.77,544.89,532.34,520.16,508.36,496.96,486.02,475.54,465.6,456.22,447.39,439.21,431.65,424.74,417.93,412.8,411.33,410.11,407.32,402.67,397.12,391.37,385.6,379.78,373.89,367.99
598.36,584.64,571.18,558,545.15,532.62,520.46,508.68,497.32,486.4,475.96,466.02,456.65,447.86,439.7,432.16,425.27,418.49,413.37,411.91,410.69,407.92,403.31,397.89,392.17,386.4,380.6,374.73,368.83
598.54,584.84,571.4,558.24,545.41,532.91,520.76,509.01,497.67,486.78,476.37,466.44,457.08,448.33,440.19,432.67,425.8,419.04,413.95,412.49,411.27,408.5,403.92,398.66,392.95,387.2,381.42,375.57,369.67
598.73,585.05,571.62,558.48,545.66,533.19,521.06,509.34,498.02,487.15,476.77,466.87,457.51,448.79,440.68,433.19,426.33,419.59,414.53,413.07,411.85,409.11,404.53,399.44,393.75,388.01,382.24,376.41,370.52
598.92,585.27,571.85,558.72,545.92,533.46,521.37,509.66,498.37,487.53,477.18,467.31,457.96,449.25,441.17,433.7,426.86,420.15,415.1,413.65,412.44,409.71,405.15,400.21,394.56,388.84,383.07,377.25,371.38
599.12,585.47,572.08,558.97,546.17,533.74,521.67,509.98,498.72,487.91,477.58,467.74,458.41,449.71,441.65,434.21,427.4,420.71,415.68,414.24,413.04,410.32,405.78,401.01,395.36,389.65,383.91,378.1,372.25
599.31,585.69,572.31,559.21,546.44,534.02,521.97,510.31,499.07,488.29,477.98,468.17,458.87,450.17,442.14,434.72,427.94,421.27,416.26,414.82,413.63,410.92,406.41,401.8,396.17,390.48,384.75,378.96,373.12
599.5,585.89,572.54,559.47,546.71,534.3,522.28,510.63,499.42,488.65,478.37,468.59,459.32,450.64,442.63,435.24,428.47,421.83,416.84,415.42,414.23,411.54,407.04,402.47,396.98,391.31,385.61,379.82,374.01
599.69,586.1,572.77,559.72,546.99,534.58,522.58,510.95,499.76,489.02,478.78,469,459.78,451.11,443.13,435.75,429.02,422.4,417.44,416.01,414.83,412.15,407.68,403.15,397.8,392.15,386.46,380.7,374.89
599.89,586.31,573,559.97,547.26,534.88,522.88,511.28,500.11,489.39,479.16,469.42,460.22,451.59,443.62,436.26,429.56,422.97,418.03,416.61,415.43,412.76,408.32,403.82,398.62,393,387.33,381.58,375.79
600.08,586.52,573.23,560.22,547.53,535.17,523.2,511.61,500.45,489.76,479.56,469.83,460.67,452.06,444.12,436.78,430.09,423.54,418.62,417.21,416.04,413.39,408.97,404.49,399.45,393.85,388.2,382.48,376.68
600.27,586.73,573.46,560.47,547.8,535.48,523.51,511.94,500.8,490.13,479.94,470.24,461.1,452.54,444.61,437.31,430.64,424.1,419.21,417.81,416.64,414.01,409.62,405.16,400.3,394.71,389.07,383.37,377.59
600.46,586.94,573.68,560.72,548.07,535.77,523.83,512.28,501.15,490.5,480.33,470.67,461.55,453.02,445.11,437.83,431.18,424.67,419.81,418.42,417.25,414.64,410.28,405.85,401.14,395.58,389.96,384.27,378.51
600.64,587.15,573.91,560.97,548.34,536.06,524.15,512.62,501.51,490.87,480.72,471.08,462,453.5,445.61,438.35,431.73,425.25,420.41,419.02,417.87,415.27,410.94,406.54,401.98,396.46,390.85,385.19,379.44
600.83,587.36,574.15,561.23,548.61,536.36,524.46,512.96,501.88,491.26,481.12,471.52,462.46,453.98,446.11,438.87,432.28,425.83,421.01,419.64,418.5,415.91,411.6,407.24,402.79,397.35,391.76,386.1,380.38
601.02,587.57,574.38,561.48,548.89,536.65,524.78,513.3,502.24,491.64,481.54,471.95,462.92,454.46,446.62,439.39,432.83,426.42,421.62,420.25,419.13,416.55,412.27,407.93,403.51,398.24,392.68,387.04,381.32
601.21,587.77,574.61,561.73,549.16,536.95,525.1,513.64,502.61,492.03,481.96,472.38,463.38,454.95,447.12,439.92,433.38,427,422.24,420.88,419.76,417.2,412.95,408.64,404.23,399.13,393.59,387.97,382.28
601.39,587.98,574.83,561.98,549.44,537.24,525.42,513.98,502.97,492.42,482.37,472.82,463.84,455.43,447.63,440.45,433.94,427.6,422.86,421.52,420.4,417.86,413.64,409.35,404.98,400.02,394.52,388.91,383.23
601.57,588.19,575.06,562.23,549.71,537.54,525.74,514.32,503.34,492.8,482.78,473.26,464.3,455.92,448.13,440.99,434.5,428.19,423.48,422.15,421.04,418.52,414.33,410.07,405.73,400.94,395.45,389.86,384.21
601.76,588.39,575.29,562.48,549.98,537.83,526.05,514.67,503.71,493.19,483.19,473.7,464.77,456.41,448.65,441.53,435.07,428.79,424.1,422.78,421.67,419.18,415.01,410.79,406.48,401.86,396.39,390.82,385.18
601.96,588.6,575.52,562.73,550.26,538.13,526.37,515.01,504.07,493.59,483.6,474.14,465.23,456.89,449.16,442.06,435.63,429.39,424.74,423.42,422.32,419.85,415.73,411.52,407.23,402.74,397.33,391.81,386.17
602.16,588.81,575.75,562.98,550.53,538.42,526.69,515.36,504.43,493.97,484.01,474.58,465.69,457.38,449.67,442.6,436.2,430,425.38,424.07,422.98,420.53,416.43,412.26,407.99,403.6,398.29,392.78,387.18
602.37,589.02,575.99,563.22,550.8,538.72,527.01,515.71,504.8,494.36,484.42,475.02,466.15,457.87,450.18,443.15,436.76,430.61,426.02,424.73,423.65,421.22,417.15,413.01,408.77,404.43,399.26,393.78,388.18
602.57,589.23,576.21,563.48,551.08,539.02,527.33,516.04,505.17,494.74,484.84,475.46,466.61,458.36,450.7,443.69,437.34,431.23,426.67,425.39,424.32,421.91,417.88,413.77,409.55,405.25,400.24,394.77,389.21
602.78,589.45,576.44,563.73,551.35,539.31,527.65,516.38,505.54,495.12,485.24,475.9,467.08,458.86,451.23,444.24,437.92,431.85,427.31,426.05,424.99,422.6,418.62,414.54,410.34,406.06,401.23,395.79,390.23
602.98,589.68,576.67,563.99,551.63,539.61,527.97,516.73,505.92,495.53,485.66,476.34,467.56,459.35,451.75,444.79,438.5,432.47,427.98,426.72,425.67,423.3,419.36,415.31,411.14,406.9,402.23,396.82,391.3
603.18,589.91,576.89,564.25,551.91,539.92,528.3,517.08,506.29,495.94,486.09,476.78,468.02,459.84,452.27,445.34,439.08,433.09,428.64,427.39,426.35,424.02,420.1,416.09,411.96,407.73,403.25,397.86,392.36
603.39,590.13,577.13,564.5,552.18,540.22,528.62,517.43,506.66,496.35,486.52,477.23,468.5,460.35,452.79,445.9,439.67,433.73,429.31,428.07,427.05,424.73,420.85,416.88,412.79,408.59,404.27,398.92,393.43
603.6,590.35,577.37,564.76,552.46,540.52,528.95,517.77,507.03,496.75,486.95,477.69,468.97,460.85,453.33,446.46,440.27,434.37,429.99,428.76,427.74,425.46,421.6,417.67,413.62,409.45,405.17,399.98,394.52
603.8,590.57,577.62,565.01,552.75,540.83,529.28,518.12,507.4,497.15,487.38,478.14,469.45,461.36,453.86,447.03,440.87,435.01,430.67,429.45,428.44,426.19,422.37,418.47,414.46,410.33,406.07,401.04,395.61
604,590.8,577.88,565.27,553.04,541.14,529.6,518.48,507.78,497.55,487.81,478.59,469.94,461.86,454.41,447.6,441.47,435.67,431.36,430.16,429.16,426.93,423.14,419.3,415.3,411.21,406.99,402.11,396.71
604.2,591.03,578.12,565.53,553.32,541.45,529.93,518.84,508.16,497.95,488.24,479.06,470.42,462.37,454.96,448.18,442.08,436.33,432.05,430.87,429.87,427.67,423.94,420.13,416.18,412.1,407.9,403.21,397.81
604.42,591.26,578.37,565.79,553.6,541.76,530.26,519.19,508.53,498.36,488.67,479.52,470.91,462.88,455.5,448.75,442.7,437,432.75,431.58,430.6,428.42,424.74,420.97,417.04,413.02,408.84,404.32,398.95
604.64,591.48,578.62,566.06,553.89,542.08,530.59,519.55,508.92,498.77,489.1,479.97,471.4,463.4,456.05,449.34,443.33,437.66,433.46,432.29,431.34,429.18,425.56,421.81,417.92,413.93,409.79,405.41,400.1
604.85,591.71,578.87,566.33,554.17,542.39,530.93,519.9,509.3,499.18,489.54,480.43,471.89,463.93,456.59,449.92,443.96,438.33,434.18,433.03,432.08,429.95,426.38,422.67,418.81,414.87,410.75,406.47,401.27
605.06,591.95,579.13,566.6,554.45,542.7,531.28,520.25,509.68,499.58,489.98,480.89,472.38,464.45,457.15,450.51,444.59,439.02,434.9,433.77,432.83,430.74,427.21,423.54,419.72,415.81,411.73,407.52,402.45
605.28,592.19,579.39,566.88,554.74,543,531.62,520.61,510.07,499.99,490.42,481.35,472.87,464.97,457.71,451.1,445.24,439.7,435.64,434.53,433.58,431.53,428.05,424.42,420.64,416.77,412.71,408.53,403.64
605.5,592.44,579.65,567.15,555.03,543.31,531.95,520.97,510.45,500.4,490.86,481.83,473.37,465.5,458.28,451.71,445.89,440.4,436.38,435.29,434.34,432.32,428.89,425.32,421.57,417.74,413.72,409.55,404.84
605.73,592.68,579.9,567.44,555.33,543.62,532.29,521.34,510.85,500.82,491.31,482.31,473.87,466.04,458.85,452.32,446.54,441.1,437.12,436.05,435.12,433.12,429.75,426.21,422.53,418.72,414.72,410.6,406.04
605.96,592.91,580.17,567.72,555.62,543.93,532.62,521.71,511.24,501.23,491.75,482.78,474.38,466.58,459.42,452.94,447.2,441.8,437.87,436.82,435.91,433.94,430.62,427.13,423.48,419.71,415.74,411.66,407.26
606.17,593.15,580.43,568.01,555.92,544.24,532.96,522.08,511.64,501.65,492.2,483.27,474.9,467.13,459.99,453.56,447.87,442.52,438.64,437.59,436.7,434.76,431.5,428.04,424.46,420.7,416.79,412.74,408.48
606.39,593.39,580.69,568.3,556.23,544.57,533.3,522.45,512.03,502.08,492.65,483.75,475.41,467.68,460.58,454.19,448.54,443.24,439.42,438.39,437.51,435.6,432.39,428.98,425.43,421.73,417.85,413.84,409.65
606.6,593.63,580.96,568.58,556.54,544.9,533.64,522.82,512.43,502.51,493.11,484.23,475.92,468.23,461.18,454.83,449.22,443.98,440.2,439.18,438.31,436.45,433.29,429.93,426.43,422.78,418.93,414.94,410.78
606.83,593.89,581.22,568.86,556.85,545.22,533.99,523.2,512.83,502.94,493.57,484.72,476.45,468.78,461.78,455.48,449.92,444.72,440.99,439.99,439.14,437.31,434.2,430.9,427.44,423.82,420.01,416.07,411.93
607.07,594.13,581.47,569.13,557.16,545.55,534.34,523.58,513.23,503.38,494.03,485.21,476.97,469.35,462.39,456.13,450.61,445.47,441.78,440.79,439.97,438.18,435.12,431.88,428.47,424.87,421.12,417.19,413.11
607.29,594.36,581.73,569.43,557.48,545.88,534.7,523.96,513.64,503.82,494.5,485.71,477.51,469.92,463,456.79,451.31,446.22,442.6,441.63,440.81,439.05,436.07,432.88,429.52,425.96,422.25,418.34,414.28
607.5,594.59,581.99,569.72,557.79,546.21,535.07,524.35,514.06,504.25,494.97,486.22,478.05,470.5,463.61,457.46,452.02,446.99,443.41,442.47,441.66,439.94,437.01,433.89,430.58,427.06,423.38,419.51,415.48
607.73,594.83,582.26,570.01,558.1,546.56,535.44,524.74,514.47,504.7,495.44,486.72,478.59,471.08,464.24,458.13,452.74,447.76,444.24,443.32,442.53,440.83,437.98,434.91,431.65,428.17,424.53,420.69,416.69
607.97,595.09,582.55,570.31,558.43,546.91,535.81,525.13,514.89,505.16,495.92,487.24,479.13,471.68,464.88,458.81,453.46,448.55,445.08,444.17,443.4,441.75,438.95,435.93,432.72,429.31,425.69,421.9,417.94
608.21,595.37,582.84,570.63,558.75,547.26,536.18,525.52,515.32,505.61,496.41,487.76,479.69,472.28,465.52,459.49,454.19,449.34,445.94,445.04,444.28,442.67,439.94,436.96,433.82,430.45,426.9,423.12,419.2
608.44,595.62,583.14,570.94,559.08,547.61,536.56,525.93,515.75,506.07,496.9,488.29,480.25,472.88,466.16,460.18,454.92,450.14,446.8,445.92,445.18,443.62,440.93,438.03,434.92,431.61,428.11,424.37,420.47
608.66,595.86,583.42,571.25,559.42,547.98,536.94,526.34,516.19,506.53,497.39,488.81,480.82,473.48,466.82,460.87,455.68,450.94,447.67,446.82,446.08,444.57,441.95,439.1,436.06,432.78,429.32,425.63,421.76
608.89,596.14,583.69,571.56,559.75,548.34,537.32,526.75,516.63,507,497.89,489.34,481.39,474.1,467.47,461.58,456.44,451.76,448.55,447.72,447.01,445.53,442.97,440.19,437.2,433.98,430.54,426.93,423.06
609.13,596.4,583.98,571.87,560.09,548.7,537.71,527.16,517.07,507.47,498.4,489.88,481.97,474.72,468.14,462.29,457.21,452.58,449.44,448.63,447.95,446.5,444.02,441.3,438.36,435.2,431.81,428.22,424.4
609.4,596.68,584.28,572.18,560.43,549.07,538.1,527.58,517.52,507.95,498.91,490.43,482.56,475.34,468.81,463.01,457.98,453.43,450.35,449.55,448.89,447.48,445.08,442.42,439.54,436.42,433.08,429.54,425.74
609.67,596.97,584.57,572.49,560.77,549.44,538.5,528,517.97,508.43,499.42,490.98,483.15,475.98,469.5,463.74,458.76,454.29,451.27,450.48,449.84,448.49,446.15,443.56,440.72,437.65,434.38,430.86,427.12
609.93,597.25,584.86,572.82,561.13,549.81,538.9,528.42,518.43,508.92,499.94,491.54,483.74,476.62,470.18,464.47,459.56,455.15,452.19,451.44,450.8,449.51,447.24,444.7,441.93,438.9,435.71,432.21,428.52
610.19,597.52,585.16,573.14,561.48,550.19,539.3,528.87,518.89,509.42,500.48,492.1,484.35,477.26,470.87,465.21,460.36,456.02,453.12,452.4,451.77,450.54,448.34,445.88,443.15,440.19,437.05,433.59,429.94
610.43,597.79,585.47,573.48,561.84,550.56,539.7,529.31,519.36,509.91,501.02,492.68,484.95,477.91,471.57,465.96,461.17,456.89,454.09,453.39,452.77,451.57,449.45,447.06,444.41,441.49,438.39,434.99,431.39
610.69,598.08,585.78,573.82,562.19,550.94,540.11,529.75,519.82,510.42,501.56,493.25,485.57,478.57,472.28,466.73,462,457.8,455.05,454.37,453.78,452.63,450.56,448.27,445.67,442.84,439.74,436.41,432.84
610.98,598.37,586.1,574.15,562.55,551.33,540.54,530.19,520.3,510.93,502.1,493.84,486.19,479.23,473,467.51,462.83,458.71,456.03,455.38,454.8,453.69,451.71,449.48,446.97,444.18,441.16,437.84,434.33
611.24,598.65,586.42,574.49,562.9,551.71,540.97,530.64,520.77,511.45,502.66,494.44,486.83,479.91,473.72,468.29,463.67,459.62,457.01,456.38,455.84,454.78,452.85,450.72,448.27,445.55,442.56,439.31,435.81
611.47,598.93,586.73,574.82,563.26,552.12,541.39,531.09,521.26,511.98,503.21,495.03,487.48,480.59,474.45,469.07,464.53,460.54,458.03,457.42,456.89,455.88,454.04,451.97,449.59,446.92,444,440.79,437.36
611.74,599.22,587.05,575.16,563.63,552.52,541.82,531.55,521.76,512.51,503.77,495.63,488.14,481.29,475.19,469.87,465.39,461.49,459.04,458.47,457.96,456.99,455.24,453.23,450.93,448.32,445.45,442.3,438.91
612.02,599.52,587.35,575.5,564.01,552.93,542.24,532.01,522.26,513.05,504.35,496.25,488.79,482,475.93,470.68,466.26,462.44,460.08,459.52,459.04,458.12,456.47,454.51,452.28,449.72,446.92,443.83,440.49
612.28,599.84,587.65,575.84,564.39,553.33,542.67,532.47,522.77,513.59,504.92,496.86,489.46,482.71,476.69,471.5,467.14,463.41,461.12,460.58,460.13,459.27,457.71,455.81,453.64,451.16,448.41,445.38,442.09
612.57,600.14,587.98,576.2,564.77,553.74,543.1,532.94,523.29,514.13,505.5,497.5,490.14,483.43,477.46,472.32,468.04,464.38,462.18,461.66,461.22,460.44,458.95,457.14,455.02,452.63,449.92,446.96,443.71
612.89,600.43,588.31,576.54,565.16,554.14,543.54,533.42,523.8,514.68,506.09,498.15,490.83,484.17,478.25,473.16,468.94,465.37,463.24,462.77,462.36,461.62,460.21,458.48,456.46,454.1,451.48,448.56,445.36
613.17,600.78,588.65,576.89,565.55,554.55,543.98,533.91,524.32,515.22,506.69,498.81,491.52,484.92,479.06,474.01,469.86,466.36,464.32,463.89,463.5,462.81,461.48,459.86,457.9,455.61,453.04,450.2,447.01
613.44,601.11,589,577.25,565.93,554.96,544.45,534.39,524.83,515.78,507.3,499.46,492.22,485.67,479.87,474.89,470.8,467.38,465.42,465.01,464.66,464,462.79,461.23,459.37,457.12,454.64,451.8,448.71
613.75,601.41,589.35,577.62,566.31,555.39,544.91,534.89,525.35,516.33,507.92,500.13,492.92,486.43,480.7,475.76,471.76,468.42,466.56,466.15,465.82,465.23,464.09,462.66,460.81,458.68,456.24,453.5,450.41
614.06,601.72,589.69,578.01,566.7,555.82,545.37,535.39,525.87,516.91,508.54,500.79,493.64,487.2,481.56,476.65,472.68,469.47,467.69,467.33,467.02,466.47,465.44,464.07,462.32,460.27,457.89,455.16,452.14
614.38,602.05,590.05,578.4,567.11,556.25,545.84,535.88,526.4,517.49,509.17,501.45,494.35,487.98,482.42,477.56,473.67,470.53,468.83,468.49,468.21,467.73,466.8,465.5,463.83,461.89,459.55,456.88,453.91
614.69,602.38,590.41,578.79,567.52,556.69,546.3,536.38,526.95,518.07,509.8,502.12,495.06,488.78,483.26,478.49,474.63,471.61,469.99,469.7,469.42,469.03,468.18,466.97,465.38,463.47,461.22,458.62,455.72
614.99,602.71,590.78,579.19,567.96,557.14,546.77,536.88,527.5,518.66,510.44,502.79,495.8,489.6,484.13,479.44,475.64,472.7,471.17,470.91,470.66,470.35,469.57,468.48,466.94,465.11,462.91,460.39,457.54
615.33,603.04,591.14,579.58,568.38,557.6,547.27,537.39,528.05,519.26,511.08,503.47,496.57,490.41,485,480.39,476.67,473.79,472.37,472.12,471.92,471.64,470.99,469.97,468.55,466.78,464.61,462.19,459.35
615.67,603.38,591.51,579.98,568.81,558.07,547.77,537.94,528.6,519.85,511.71,504.16,497.32,491.24,485.89,481.33,477.73,474.91,473.58,473.36,473.2,472.97,472.42,471.47,470.16,468.47,466.37,464,461.22
615.95,603.72,591.88,580.38,569.26,558.56,548.28,538.48,529.19,520.45,512.34,504.86,498.09,492.07,486.77,482.3,478.78,476.05,474.81,474.66,474.49,474.33,473.87,473.01,471.78,470.19,468.16,465.85,463.12
616.24,604.07,592.26,580.79,569.72,559.05,548.8,539.03,529.78,521.08,513.01,505.57,498.86,492.89,487.65,483.26,479.87,477.19,476.05,475.92,475.8,475.72,475.33,474.58,473.44,471.92,469.99,467.7,465.02
616.57,604.43,592.65,581.23,570.18,559.52,549.32,539.59,530.39,521.76,513.69,506.3,499.63,493.71,488.54,484.27,480.95,478.35,477.32,477.22,477.12,477.08,476.81,476.18,475.13,473.67,471.82,469.6,466.97
616.94,604.84,593.07,581.67,570.63,560.01,549.83,540.14,531,522.42,514.4,507.05,500.4,494.54,489.44,485.28,482.04,479.58,478.59,478.53,478.46,478.5,478.33,477.79,476.84,475.44,473.7,471.5,468.97
617.3,605.22,593.48,582.1,571.08,560.49,550.35,540.73,531.66,523.08,515.12,507.81,501.21,495.38,490.36,486.28,483.15,480.82,479.88,479.86,479.84,479.92,479.89,479.42,478.54,477.25,475.53,473.48,470.97
617.66,605.6,593.87,582.52,571.54,561,550.91,541.34,532.29,523.75,515.84,508.58,502.02,496.27,491.29,487.28,484.24,482.06,481.2,481.21,481.22,481.4,481.46,481.07,480.27,479.06,477.45,475.44,473.05
618.02,605.98,594.28,582.95,572.02,561.51,551.47,541.92,532.9,524.42,516.56,509.37,502.89,497.2,492.27,488.34,485.3,483.29,482.54,482.61,482.62,482.87,483.04,482.75,482.03,480.9,479.38,477.45,475.13
618.39,606.37,594.7,583.4,572.5,562.03,552.03,542.5,533.5,525.09,517.28,510.17,503.78,498.13,493.28,489.39,486.47,484.51,483.91,483.98,484.04,484.35,484.63,484.47,483.84,482.79,481.34,479.49,477.21
618.77,606.79,595.15,583.88,573,562.55,552.57,543.09,534.12,525.75,518.03,510.98,504.67,499.07,494.31,490.48,487.66,485.77,485.29,485.4,485.46,485.84,486.24,486.22,485.65,484.73,483.32,481.54,479.33
619.15,607.19,595.56,584.3,573.45,563.04,553.08,543.65,534.75,526.45,518.79,511.8,505.56,500.04,495.31,491.56,488.82,487.07,486.69,486.83,486.91,487.38,487.9,487.94,487.54,486.67,485.32,483.62,481.47
619.5,607.55,595.94,584.72,573.92,563.55,553.64,544.25,535.4,527.15,519.53,512.62,506.43,500.98,496.33,492.69,489.98,488.37,488.11,488.29,488.39,488.94,489.58,489.74,489.4,488.65,487.38,485.76,483.68
619.88,607.95,596.38,585.19,574.41,564.07,554.21,544.87,536.07,527.85,520.26,513.41,507.28,501.89,497.39,493.81,491.19,489.72,489.57,489.76,489.89,490.51,491.26,491.54,491.33,490.64,489.47,487.95,485.86
620.27,608.37,596.82,585.67,574.92,564.63,554.81,545.51,536.74,528.57,521.07,514.23,508.13,502.84,498.44,494.96,492.39,491.07,491.05,491.24,491.43,492.09,492.97,493.37,493.23,492.66,491.58,490.11,488.14
620.64,608.78,597.27,586.15,575.45,565.19,555.43,546.18,537.48,529.38,521.92,515.08,509.06,503.83,499.49,496.1,493.64,492.42,492.5,492.77,492.98,493.72,494.72,495.21,495.16,494.7,493.69,492.32,490.42
621.04,609.22,597.75,586.67,576.02,565.81,556.08,546.87,538.22,530.16,522.76,516.01,510.03,504.84,500.55,497.25,494.92,493.82,494,494.33,494.54,495.36,496.46,497.09,497.14,496.76,495.87,494.53,492.75
621.46,609.67,598.25,587.2,576.58,566.41,556.7,547.53,538.93,530.91,523.59,516.89,510.99,505.9,501.62,498.42,496.23,495.24,495.53,495.88,496.13,497.02,498.23,498.97,499.16,498.85,498.05,496.79,495.08
621.89,610.1,598.71,587.7,577.1,566.97,557.32,548.19,539.62,531.67,524.39,517.7,511.96,506.94,502.77,499.61,497.55,496.66,497.07,497.44,497.76,498.71,500.05,500.94,501.2,500.97,500.29,499.11,497.47
622.33,610.57,599.19,588.22,577.66,567.54,557.94,548.84,540.32,532.43,525.2,518.6,512.9,507.98,503.93,500.83,498.86,498.1,498.6,499.03,499.39,500.45,501.91,502.88,503.28,503.13,502.52,501.47,499.86
622.78,611.09,599.72,588.76,578.23,568.15,558.56,549.51,541.06,533.22,526.06,519.55,513.82,509.03,505.05,502.09,500.2,499.55,500.19,500.67,501.03,502.18,503.78,504.87,505.37,505.29,504.81,503.8,502.32
623.2,611.53,600.21,589.28,578.79,568.76,559.22,550.22,541.81,534.01,526.89,520.48,514.82,510.11,506.19,503.34,501.58,501.04,501.79,502.31,502.72,503.92,505.69,506.84,507.48,507.53,507.09,506.19,504.79
623.61,611.94,600.67,589.79,579.36,569.35,559.87,550.9,542.53,534.77,527.72,521.39,515.83,511.21,507.4,504.62,502.99,502.57,503.42,503.98,504.42,505.69,507.62,508.84,509.59,509.79,509.44,508.61,507.27
624.08,612.44,601.17,590.32,579.89,569.94,560.5,551.58,543.26,535.59,528.61,522.38,516.84,512.28,508.64,505.93,504.39,504.11,505.09,505.65,506.14,507.51,509.56,510.89,511.74,512.09,511.83,511.07,509.8
624.52,612.91,601.68,590.85,580.47,570.58,561.21,552.37,544.11,536.49,529.58,523.36,517.9,513.39,509.83,507.26,505.8,505.66,506.75,507.39,507.87,509.34,511.49,512.98,513.93,514.4,514.26,513.55,512.39
624.96,613.4,602.2,591.42,581.1,571.26,561.93,553.14,544.94,537.38,530.5,524.4,519.01,514.5,511.04,508.6,507.26,507.23,508.46,509.12,509.63,511.2,513.48,515.09,516.17,516.74,516.66,516.08,515.02
625.45,613.93,602.78,592.05,581.76,571.94,562.63,553.85,545.72,538.24,531.45,525.41,520.09,515.68,512.27,509.93,508.71,508.82,510.17,510.9,511.41,513.07,515.51,517.23,518.45,519.09,519.13,518.65,517.62
625.95,614.46,603.34,592.66,582.41,572.62,563.36,554.62,546.56,539.12,532.37,526.38,521.15,516.87,513.51,511.29,510.2,510.42,511.91,512.65,513.22,514.99,517.56,519.42,520.75,521.48,521.63,521.22,520.31
626.46,614.96,603.85,593.21,583.02,573.31,564.13,555.47,547.42,540,533.31,527.4,522.31,518.07,514.8,512.64,511.7,512.04,513.69,514.46,515.08,516.92,519.63,521.65,523.08,523.94,524.16,523.84,523
626.95,615.52,604.45,593.82,583.64,573.96,564.81,556.19,548.2,540.88,534.29,528.46,523.44,519.29,516.13,514.03,513.22,513.7,515.47,516.3,516.95,518.85,521.73,523.87,525.43,526.45,526.72,526.52,525.82
627.44,616.06,605.04,594.44,584.28,574.62,565.48,556.92,549.03,541.83,535.25,529.48,524.57,520.53,517.46,515.45,514.74,515.4,517.28,518.15,518.85,520.84,523.85,526.09,527.81,528.89,529.34,529.25,528.57
627.93,616.55,605.56,595.02,584.91,575.3,566.23,557.76,549.92,542.82,536.19,530.49,525.71,521.76,518.81,516.92,516.28,517.06,519.12,520.02,520.76,522.83,525.99,528.38,530.2,531.44,531.98,531.99,531.38
628.43,617.1,606.15,595.64,585.59,576.02,567.03,558.6,550.81,543.75,537.26,531.63,526.82,522.97,520.19,518.39,517.87,518.78,520.98,521.92,522.7,524.85,528.14,530.71,532.65,533.99,534.62,534.77,534.25
628.96,617.69,606.76,596.28,586.28,576.8,567.86,559.46,551.67,544.64,538.33,532.76,527.99,524.25,521.55,519.88,519.44,520.52,522.83,523.83,524.65,526.9,530.34,533.04,535.14,536.6,537.32,537.56,537.18
629.52,618.32,607.39,596.93,586.97,577.55,568.67,560.37,552.67,545.64,539.39,533.9,529.25,525.55,522.94,521.38,521.08,522.28,524.72,525.8,526.62,528.98,532.6,535.47,537.66,539.21,540.08,540.4,540.08
630.05,618.88,608.05,597.64,587.7,578.3,569.46,561.26,553.61,546.63,540.43,535.07,530.51,526.88,524.34,522.88,522.72,524.05,526.65,527.77,528.63,531.12,534.88,537.86,540.16,541.92,542.87,543.24,543.05
630.6,619.47,608.7,598.36,588.47,579.09,570.26,562.07,554.43,547.6,541.48,536.22,531.77,528.22,525.76,524.4,524.39,525.86,528.6,529.74,530.68,533.23,537.16,540.33,542.75,544.59,545.68,546.14,546.06
631.18,620.1,609.29,598.97,589.18,579.87,571.11,562.95,555.32,548.62,542.55,537.3,533.02,529.59,527.2,525.96,526.07,527.71,530.58,531.76,532.74,535.35,539.48,542.77,545.35,547.29,548.53,549.11,549.11
631.78,620.67,609.91,599.63,589.87,580.64,571.96,563.82,556.26,549.65,543.62,538.4,534.28,530.97,528.68,527.57,527.78,529.57,532.56,533.8,534.83,537.54,541.81,545.23,547.98,550.06,551.4,552.13,552.17
632.38,621.25,610.54,600.35,590.6,581.38,572.75,564.68,557.25,550.65,544.78,539.72,535.58,532.37,530.21,529.19,529.49,531.43,534.55,535.84,536.92,539.76,544.15,547.75,550.61,552.88,554.29,555.16,555.27
633.01,621.87,611.29,601.11,591.36,582.19,573.58,565.59,558.28,551.67,545.92,540.97,536.92,533.78,531.78,530.83,531.24,533.33,536.62,537.94,539.04,541.98,546.53,550.3,553.3,555.7,557.21,558.24,558.44
633.57,622.54,611.98,601.84,592.15,583.04,574.47,566.53,559.36,552.76,547.04,542.15,538.25,535.23,533.31,532.47,533,535.25,538.71,540.05,541.17,544.22,548.93,552.85,556.05,558.56,560.19,561.26,561.68
634.15,623.23,612.62,602.55,593,583.91,575.38,567.49,560.38,553.88,548.23,543.39,539.56,536.65,534.88,534.18,534.79,537.19,540.76,542.19,543.37,546.48,551.36,555.45,558.78,561.42,563.23,564.46,564.94
634.77,623.9,613.31,603.3,593.77,584.77,576.28,568.49,561.36,555,549.41,544.69,540.9,538.11,536.46,535.88,536.62,539.16,542.89,544.38,545.56,548.77,553.82,558.03,561.53,564.39,566.29,567.59,568.23
635.47,624.56,614.06,604.05,594.52,585.62,577.26,569.53,562.43,556.12,550.61,545.98,542.25,539.61,538.08,537.59,538.45,541.17,545.03,546.53,547.79,551.06,556.31,560.66,564.34,567.3,569.38,570.77,571.56
636.13,625.22,614.86,604.82,595.39,586.54,578.15,570.54,563.54,557.28,551.83,547.29,543.65,541.11,539.71,539.36,540.32,543.18,547.2,548.74,550.02,553.41,558.81,563.35,567.16,570.25,572.49,574.02,574.9
636.81,625.87,615.59,605.63,596.26,587.42,579.08,571.56,564.68,558.45,553.1,548.64,545.09,542.59,541.35,541.16,542.21,545.26,549.39,550.99,552.31,555.82,561.34,566.07,569.99,573.26,575.66,577.33,578.27
637.47,626.63,616.33,606.46,597.14,588.26,580.16,572.59,565.76,559.63,554.37,550.02,546.6,544.23,543.05,542.97,544.15,547.35,551.6,553.31,554.63,558.25,563.89,568.79,572.85,576.31,578.84,580.63,581.71
638.17,627.39,617.09,607.3,597.99,589.2,581.15,573.65,566.88,560.87,555.68,551.42,548.14,545.9,544.75,544.77,546.13,549.47,553.87,555.62,556.97,560.71,566.54,571.51,575.77,579.38,582.06,583.98,585.17
638.86,628.14,617.84,608.12,598.88,590.18,582.1,574.69,568.07,562.12,556.98,552.79,549.62,547.52,546.48,546.63,548.11,551.6,556.18,557.98,559.4,563.18,569.14,574.3,578.74,582.47,585.29,587.34,588.66
639.53,628.92,618.61,608.97,599.79,591.15,583.11,575.83,569.2,563.34,558.34,554.21,551.09,549.11,548.21,548.5,550.15,553.76,558.48,560.35,561.78,565.71,571.85,577.15,581.74,585.59,588.56,590.74,592.22
640.24,629.69,619.42,609.83,600.7,592.14,584.12,576.96,570.33,564.55,559.74,555.68,552.55,550.67,549.94,550.4,552.16,555.93,560.84,562.74,564.27,568.24,574.59,580.08,584.71,588.78,591.87,594.13,595.8
640.93,630.47,620.27,610.72,601.61,593.14,585.19,578.05,571.57,565.87,561.02,557.12,554.16,552.29,551.73,552.36,554.27,558.18,563.24,565.18,566.72,570.82,577.35,582.98,587.74,591.96,595.22,597.59,599.4
641.63,631.28,621.11,611.64,602.55,594.14,586.33,579.13,572.81,567.17,562.38,558.55,555.82,553.99,553.54,554.28,556.39,560.39,565.65,567.66,569.26,573.47,580.14,585.95,590.84,595.21,598.59,601.12,603.03
642.35,632.09,621.99,612.59,603.52,595.15,587.44,580.29,574.06,568.41,563.85,560.2,557.51,555.83,555.37,556.22,558.57,562.7,568.12,570.17,571.83,576.12,582.97,588.89,594.04,598.46,602.05,604.7,606.69
643.15,632.89,622.88,613.5,604.55,596.17,588.55,581.5,575.3,569.84,565.31,561.79,559.17,557.66,557.23,558.22,560.73,565.04,570.66,572.7,574.43,578.84,585.83,591.95,597.27,601.79,605.5,608.29,610.37
643.99,633.72,623.8,614.46,605.6,597.19,589.66,582.77,576.56,571.29,566.73,563.29,560.84,559.44,559.21,560.27,562.9,567.47,573.18,575.3,577.1,581.61,588.77,595.02,600.44,605.15,609.04,611.93,614.13
644.84,634.56,624.72,615.4,606.61,598.36,590.76,584.03,577.82,572.66,568.26,564.94,562.55,561.29,561.17,562.4,565.08,569.91,575.79,577.97,579.78,584.46,591.72,598.15,603.7,608.55,612.53,615.57,617.96
645.66,635.39,625.66,616.31,607.64,599.52,591.88,585.24,579.24,574.03,569.83,566.53,564.23,563.12,563.17,564.61,567.32,572.36,578.36,580.67,582.55,587.29,594.73,601.32,607.04,612.04,616.15,619.3,621.83
646.52,636.24,626.61,617.23,608.72,600.63,593.15,586.46,580.64,575.44,571.43,568.04,565.94,565.01,565.26,566.85,569.8,574.92,581.08,583.39,585.28,590.18,597.83,604.59,610.42,615.54,619.79,623.08,625.73
647.42,637.12,627.58,618.23,609.84,601.71,594.45,587.73,582.05,576.95,572.94,569.81,567.77,566.89,567.31,569.1,572.27,577.45,583.81,586.18,588.13,593.15,600.94,607.86,613.85,619.13,623.5,626.88,629.65
648.27,638,628.55,619.29,610.94,602.88,595.71,589.1,583.39,578.49,574.47,571.59,569.66,568.72,569.29,571.34,574.72,580.07,586.58,589.02,591.01,596.16,604.11,611.18,617.31,622.68,627.23,630.77,633.69
649.18,638.92,629.56,620.41,612.04,604.11,596.95,590.52,584.76,580.09,576.07,573.29,571.51,570.92,571.48,573.48,577.08,582.71,589.34,591.87,593.93,599.16,607.31,614.56,620.83,626.38,631.09,634.71,637.7
650.12,639.86,630.6,621.53,613.13,605.4,598.22,591.9,586.2,581.64,577.84,575,573.44,573.05,573.78,575.65,579.45,585.42,592.15,594.83,596.9,602.27,610.6,618.01,624.45,630.1,634.92,638.69,641.85
651.03,640.89,631.65,622.66,614.24,606.69,599.5,593.28,587.79,583.15,579.57,576.73,575.4,575.01,575.93,578.18,581.95,588.16,595.22,597.77,599.9,605.44,613.99,621.52,628.09,633.9,638.85,642.71,645.93
651.97,641.91,632.75,623.82,615.38,608,600.83,594.66,589.35,584.7,581.31,578.7,577.25,577.11,578.2,580.63,584.49,590.93,598.31,600.85,603.05,608.64,617.41,625.14,631.83,637.72,642.8,646.79,650.06
652.93,642.99,633.83,624.97,616.59,609.27,602.14,596.12,590.88,586.45,583.06,580.65,579.23,579.27,580.55,582.92,587.2,593.79,601.3,604,606.23,611.98,620.92,628.77,635.66,641.65,646.85,650.98,654.32
653.89,644.09,634.91,626.09,617.94,610.54,603.55,597.65,592.38,588.19,584.79,582.58,581.37,581.39,582.89,585.42,589.86,596.67,604.35,607.15,609.44,615.28,624.44,632.51,639.52,645.7,650.96,655.19,658.77
654.9,645.2,635.98,627.33,619.27,611.85,605.08,599.26,594.01,589.89,586.45,584.56,583.54,583.6,585.27,588.08,592.49,599.59,607.49,610.38,612.7,618.69,628.05,636.3,643.46,649.74,655.11,659.5,663.13
655.93,646.34,637.11,628.61,620.61,613.16,606.67,600.81,595.74,591.62,588.39,586.53,585.71,585.9,587.67,590.82,595.4,602.59,610.66,613.67,616.05,622.21,631.72,640.12,647.45,653.87,659.43,663.92,667.57
656.97,647.5,638.25,629.92,622.03,614.62,608.21,602.34,597.48,593.45,590.39,588.53,587.88,588.36,590.11,593.54,598.39,605.66,613.86,617.05,619.49,625.79,635.51,644.05,651.56,658.08,663.7,668.36,672.07
658.03,648.65,639.38,631.26,623.34,616.15,609.7,604.03,599.2,595.32,592.35,590.61,590.13,590.81,592.63,596.2,601.33,608.85,617.3,620.52,623.03,629.46,639.43,648.12,655.81,662.4,668.16,672.87,676.74
659.15,649.87,640.68,632.58,624.63,617.73,611.25,605.75,600.93,597.26,594.44,592.73,592.36,593.24,595.39,598.91,604.27,612.11,620.82,623.99,626.63,633.18,643.29,652.24,660.09,666.86,672.57,677.45,681.46
660.29,651.08,642,633.94,626.04,619.33,612.83,607.53,602.79,599.15,596.57,594.9,594.66,595.72,598.1,601.84,607.22,615.38,624.37,627.68,630.35,637.07,647.38,656.47,664.47,671.4,677.21,682.15,686.26
661.56,652.35,643.41,635.33,627.57,620.96,614.49,609.26,604.72,601.11,598.72,597.23,597.07,598.21,600.84,604.91,610.44,618.89,628.11,631.33,634.06,640.99,651.52,660.84,668.92,675.95,681.89,686.9,691.12
662.81,653.62,644.85,636.74,629.19,622.54,616.19,611.05,606.73,603.22,600.88,599.64,599.47,600.79,603.62,607.92,613.81,622.36,631.81,635.15,637.95,644.97,655.75,665.25,673.46,680.63,686.71,691.79,696.02
664.1,654.95,646.3,638.16,630.85,624.15,618,612.86,608.76,605.4,603.08,602,602.01,603.52,606.49,611.02,617.17,625.92,635.64,639.07,641.92,649.13,660.09,669.77,678.18,685.4,691.68,696.82,701.03
665.44,656.31,647.77,639.65,632.55,625.77,619.99,614.88,610.77,607.66,605.45,604.43,604.65,606.29,609.35,614.13,620.54,629.6,639.59,643.14,646.01,653.38,664.59,674.41,682.92,690.29,696.61,701.9,706.17
666.79,657.69,649.3,641.18,634.24,627.43,621.95,616.88,612.82,609.92,607.91,606.97,607.4,609.11,612.42,617.4,624.01,633.33,643.53,647.27,650.2,657.79,669.19,679.21,687.79,695.33,701.78,707.11,711.34
668.22,659.1,650.85,642.7,635.94,629.23,623.98,618.86,615.01,612.25,610.41,609.68,610.23,612.21,615.59,620.68,627.59,637.25,647.77,651.59,654.57,662.29,673.97,684.11,692.85,700.43,706.89,712.35,716.69
669.63,660.59,652.48,644.44,637.73,631.17,626,621.02,617.26,614.61,612.99,612.49,613.2,615.34,618.9,624.19,631.3,641.35,652.11,655.95,659.14,666.99,678.88,689.23,698.09,705.73,712.28,717.78,722.28
671.03,662.1,654.12,646.25,639.54,633.25,628.01,623.3,619.52,617.04,615.67,615.36,616.26,618.53,622.38,627.87,635.16,645.57,656.59,660.52,663.74,671.8,683.96,694.47,703.44,711.23,717.77,723.39,727.84
672.56,663.65,655.74,648.07,641.38,635.34,630.07,625.59,621.91,619.61,618.42,618.24,619.41,621.91,625.96,631.68,639.21,650,661.23,665.22,668.48,676.82,689.12,699.88,709.01,716.86,723.38,729.12,733.53
674.13,665.22,657.44,650.02,643.28,637.43,632.17,628.06,624.44,622.18,621.25,621.24,622.67,625.42,629.67,635.68,643.37,654.54,665.99,670.17,673.58,681.94,694.55,705.51,714.71,722.67,729.25,734.99,739.34
675.73,666.9,659.27,651.93,645.21,639.65,634.34,630.56,627.09,624.92,624.13,624.4,626.04,629.04,633.6,639.85,647.75,659.28,671.04,675.25,678.66,687.26,700.23,711.15,720.47,728.56,735.25,740.93,745.34
677.35,668.58,661.12,653.89,647.25,641.92,636.54,633.17,629.84,627.79,627.08,627.65,629.61,632.76,637.54,644.02,652.28,664.26,676.2,680.51,683.99,692.77,705.95,717.19,726.64,734.72,741.36,747.1,751.63
678.98,670.33,662.95,655.88,649.33,644.18,639.13,635.77,632.64,630.75,630.23,631,633.19,636.59,641.66,648.48,656.97,669.24,681.59,686.09,689.66,698.61,711.91,723.42,732.97,740.97,747.7,753.34,757.98
680.62,672.18,664.81,657.91,651.48,646.43,641.76,638.34,635.52,633.91,633.48,634.46,636.92,640.76,646,653.16,661.93,674.49,687.34,691.76,695.36,704.56,718.2,729.71,739.46,747.53,754.26,759.86,764.5
682.38,674.04,666.74,660.08,653.68,648.79,644.44,641,638.55,637.16,636.84,638.12,640.87,644.99,650.47,658.01,667.09,680.15,693.19,697.77,701.45,710.85,724.78,736.56,746.27,754.41,761.12,766.66,771.22
684.19,675.95,668.75,662.24,655.93,651.36,647.22,643.73,641.68,640.51,640.49,641.86,644.93,649.29,655.24,663.04,672.5,685.87,699.27,704.11,707.79,717.5,731.61,743.56,753.26,761.42,768.05,773.62,778.09
686.03,677.9,670.86,664.49,658.31,653.95,649.94,646.59,644.96,643.9,644.23,645.75,649.16,653.97,660.23,668.37,678.1,691.91,705.82,710.61,714.38,724.36,738.66,750.76,760.64,768.8,775.27,780.84,785.11
687.91,679.9,672.99,666.71,660.77,656.49,652.64,649.53,648.21,647.42,648.07,649.94,653.58,658.78,665.39,674.05,684.19,698.37,712.57,717.45,721.51,731.6,746.25,758.45,768.24,776.37,782.78,788.17,792.38
689.79,681.91,675.11,668.99,663.27,659.07,655.5,652.61,651.48,651.19,652.01,654.22,658.17,663.79,670.84,679.93,690.45,705.11,719.69,724.88,728.92,739.36,754.18,766.34,776.08,784.22,790.55,795.91,800
691.72,684,677.25,671.32,665.89,661.7,658.52,655.76,654.91,655.03,656.14,658.62,662.91,669.1,676.53,686.1,697.07,712.44,727.27,732.59,736.71,747.21,762.47,774.66,784.5,792.59,798.76,803.89,807.62
693.7,686.12,679.49,673.77,668.49,664.46,661.59,658.93,658.53,658.84,660.36,663.21,667.81,674.39,682.39,692.64,704.11,719.86,735.28,740.89,745.09,755.85,771.28,783.45,793.14,801.18,807.19,812.11,815.83
695.82,688.33,681.75,676.27,671.18,667.31,664.65,662.15,662.42,662.85,664.64,668.01,672.9,679.98,688.69,699.48,711.34,727.83,744.02,749.51,753.66,764.82,780.57,792.67,802.24,810.19,816.21,820.6,824.29
697.87,690.57,684.07,678.76,673.88,670.19,667.73,665.55,666.12,666.76,669,672.87,678.22,685.67,695.01,706.52,719.18,736.36,753.05,758.55,763.09,774.41,790.33,802.77,811.91,819.66,825.24,829.49,832.84
699.88,692.87,686.44,681.32,676.59,673.08,670.85,669.02,669.65,670.52,673.47,677.8,683.62,691.51,701.64,713.92,727.35,745.43,762.6,768.53,772.99,784.84,800.82,813.09,822.17,829.34,834.86,839.02,842.1
702.05,695.18,688.85,683.9,679.41,675.97,674.01,672.6,673.33,674.67,677.99,682.8,689.1,697.49,708.29,721.44,735.87,755.12,773.08,778.94,783.54,795.7,811.71,824.04,833.02,840.15,844.98,848.72,851.55
704.19,697.55,691.26,686.48,682.2,678.92,677.32,676.24,677.05,679.08,682.57,687.9,694.75,703.57,715.09,729.11,744.84,765,783.93,790.26,795.11,807.49,823.91,835.98,844.5,851,855.33,859,861.32
706.3,699.95,693.72,689.13,685.14,681.9,680.62,679.83,680.92,683.37,687.11,692.92,700.46,709.84,722.08,737.03,753.9,775.58,795.61,802.42,807.13,820.05,836.72,848.36,856.53,862.51,866.57,869.57,871.58
708.49,702.32,696.28,691.8,688.11,684.97,683.97,683.45,684.73,687.71,691.53,698.09,706.1,716.13,729.09,745.04,763.06,786.54,807.9,814.81,820.18,833.32,850.3,861.85,869.5,875.03,878.34,880.69,882.1
710.66,704.73,698.93,694.52,691.05,688.08,687.35,687.14,688.56,691.94,696.05,703.2,711.85,722.45,736.07,752.84,772.22,797.34,820.8,828.59,833.93,848.03,865.4,876.31,883.24,888.01,890.8,892.58,893.43
713,707.15,701.57,697.27,694.04,691.24,690.67,690.84,692.38,696.2,700.67,708.25,717.54,728.86,742.87,760.77,781.45,808.32,833.8,842.3,848.43,863.69,880.86,891.8,898.12,902.15,904.01,904.94,905.15
715.36,709.56,704.3,700.02,697.03,694.45,694.05,694.57,696.27,700.52,705.19,713.32,723.23,735.1,749.65,768.41,790.3,818.86,846.96,856.29,862.9,880.25,898.54,908.93,914.19,917.12,917.95,917.92,917.27
717.83,712.06,707.01,702.84,700.07,697.71,697.5,698.29,700.12,704.81,709.97,718.31,728.8,741.26,756.4,775.94,799.05,829.13,859.32,869.48,877.5,896.69,917.34,927.25,931.31,932.97,932.88,931.9,930.12
720.33,714.5,709.74,705.6,703.13,701,700.92,702.13,704.05,709.09,714.9,723.52,734.26,747.37,763.29,783.36,807.59,838.89,871.19,882.34,890.78,913.21,937.25,947.46,950.42,950.3,948.65,946.63,943.35
722.78,716.95,712.46,708.4,706.16,704.31,704.38,705.9,708.03,713.35,719.71,728.54,739.67,753.4,769.96,790.54,815.72,848.44,882.4,893.69,903.18,927.92,957.54,969.02,970.42,968.34,965.41,962.23,957.92
725.23,719.41,715.19,711.2,709.21,707.69,707.86,709.64,712.12,717.6,724.47,733.35,745.01,759.32,776.43,797.64,823.64,857.23,892.36,904.56,914.58,941.75,977.93,992.1,992.81,989.02,983.92,978.91,973.04
727.67,721.93,717.94,714.14,712.27,711.08,711.38,713.39,716.22,721.85,729.17,738.12,750.4,765.2,782.81,804.48,830.97,865.76,901.76,914.29,924.43,953.55,995.63,1015.6,1016.9,1010.7,1003.2,996.04,989.17
730.12,724.64,720.73,717.2,715.38,714.44,714.9,717.17,720.33,726.1,733.85,742.91,755.85,771,789.07,811.19,838.36,873.7,910.43,923.18,933.97,963.89,1011.8,1039.5,1041.9,1034.6,1025,1015.4,1006.2
732.58,727.37,723.47,720.24,718.5,717.82,718.43,720.96,724.42,730.33,738.41,747.83,761.04,776.75,795.26,817.63,845.31,881.25,918.56,931.63,942.17,973.05,1024.7,1060.6,1067.7,1060,1048,1035.4,1024.1
735.03,730.1,726.21,723.29,721.57,721.2,721.91,724.7,728.43,734.5,742.87,752.65,766.29,782.33,801.23,823.81,851.95,888.65,926.21,939.1,950.19,980.76,1035.1,1080.2,1094.1,1087,1072.7,1057.4,1044.2
737.51,732.83,728.96,726.33,724.63,724.55,725.36,728.39,732.36,738.75,747.44,757.55,771.37,787.84,806.99,830.04,858.47,895.31,933.33,946.49,957.43,988.31,1044.1,1096,1118.1,1114.7,1099.1,1080.9,1064.7
739.98,735.55,731.7,729.37,727.67,727.9,728.68,732.21,736.39,742.91,751.85,762.46,776.3,793.2,812.72,835.89,864.78,901.82,940.06,953.14,964.15,994.87,1050.8,1108,1140.4,1142.2,1126.3,1105.8,1087.2
742.44,738.27,734.44,732.4,730.66,731.26,732.17,736.08,740.33,747.03,756.34,767.22,781.22,798.4,818.27,841.78,870.83,908.01,946.15,959.36,970.52,1000.9,1057,1117.8,1159,1167.5,1155.5,1132.6,1110.8
744.93,740.92,737.13,735.42,733.82,734.63,735.85,739.74,744.2,751.25,760.73,771.87,786.04,803.65,823.69,847.41,876.53,913.99,952.07,965.21,976.21,1006.5,1062.1,1124,1173.4,1191.4,1183.7,1160.9,1135.8
747.45,743.65,739.98,738.42,737.13,737.95,739.52,743.27,747.92,755.43,765.08,776.57,790.86,808.71,828.89,852.82,882.23,919.67,957.62,970.67,981.75,1011.7,1066.8,1129.5,1186,1213,1210.4,1189.7,1162.7
749.96,746.35,742.96,741.37,740.36,741.26,743.12,746.9,751.97,759.6,769.35,781.1,795.45,813.6,834.09,858.14,887.58,925.03,962.89,975.97,986.85,1016.6,1071,1133.3,1193.5,1230.3,1235.2,1217.9,1190.3
752.51,749.07,745.84,744.34,743.63,744.52,746.72,750.5,756.25,763.85,773.49,785.55,800,818.38,838.85,863.28,892.77,930.29,967.97,980.82,991.73,1021,1074.7,1136.4,1199.9,1246.1,1257.8,1245.1,1219.1
755.04,751.82,748.79,747.31,746.89,747.72,750.3,754.04,760.12,767.7,777.71,789.94,804.47,823.06,843.69,868.39,897.85,935.21,972.72,985.57,996.38,1025.4,1078.2,1138.9,1203.4,1255.7,1276.7,1270.9,1247.4
757.61,754.53,751.69,750.31,750.13,750.97,753.79,757.5,764.04,771.4,781.79,794.23,808.92,827.71,848.63,873.45,902.61,940.04,977.36,990.04,1000.7,1029.3,1081.4,1141,1206,1263.9,1294.5,1295.2,1275.1
760.2,757.22,754.54,753.24,753.31,754.22,757.29,761.04,767.83,775.44,785.88,798.6,813.36,832.2,853.43,878.29,907.41,944.66,981.69,994.26,1004.9,1033.1,1084.4,1143,1207.4,1268.3,1306.3,1315.5,1301.4
762.78,759.92,757.38,756.24,756.44,757.39,760.76,764.72,771.52,779.41,790.06,802.8,817.73,836.63,858.17,882.83,912,949.12,985.91,998.33,1008.8,1036.8,1087.2,1144.6,1208.2,1271.1,1317,1334.5,1325.9
765.36,762.62,760.3,759.17,759.57,760.57,764.24,768.48,775.24,783.4,794.03,806.98,822.09,840.98,862.54,887.24,916.52,953.37,989.89,1002.2,1012.7,1040.2,1089.9,1146.1,1208.7,1272.3,1323.5,1348.6,1346.9
767.97,765.33,763.14,762.1,762.68,763.84,767.62,772.15,778.94,787.33,797.93,811.18,826.36,845.23,866.96,891.68,920.85,957.38,993.7,1006,1016.3,1043.6,1092.4,1147.6,1208.8,1272.4,1328.2,1361.7,1366.9
770.58,768.04,765.98,765.1,765.85,767.19,770.96,775.72,782.52,791.26,801.72,815.29,830.6,849.44,871.18,895.95,924.9,961.42,997.37,1009.4,1019.8,1046.6,1094.8,1148.9,1208.9,1271.9,1330.8,1370.8,1382.5
773.18,770.76,768.81,768.06,768.95,770.48,774.32,779.28,786.06,795.15,805.57,819.3,834.81,853.55,875.32,900.26,928.89,965.22,1000.8,1012.9,1023.1,1049.6,1097.1,1150.2,1208.9,1270.9,1331.5,1377.4,1397.1
775.74,773.48,771.65,770.96,772.04,773.74,777.67,782.85,789.59,798.92,809.32,823.2,838.97,857.61,879.44,904.34,932.76,968.92,1004.2,1016.1,1026.2,1052.4,1099.3,1151.5,1208.9,1269.8,1331.4,1381.8,1408
778.34,776.14,774.48,773.91,775.11,776.96,780.97,786.34,793.15,802.6,813.2,827.07,843.03,861.52,883.44,908.26,936.5,972.5,1007.5,1019.2,1029.2,1055.2,1101.4,1152.6,1208.9,1268.5,1330,1383.7,1416.7
780.93,778.87,777.26,776.9,778.18,780.17,784.26,789.78,796.63,806.26,817.08,830.85,846.97,865.33,887.41,912.14,940.18,975.92,1010.6,1022.3,1032.2,1057.8,1103.3,1153.6,1208.8,1267.3,1328.5,1384.6,1423.3
783.56,781.57,780.06,779.89,781.25,783.34,787.51,793.2,800.09,809.86,820.85,834.59,850.9,869.12,891.2,915.96,943.73,979.27,1013.6,1025.2,1035,1060.2,1105.2,1154.7,1208.8,1266.1,1326.5,1383.7,1426.9
786.13,784.27,782.81,782.9,784.31,786.5,790.77,796.59,803.51,813.42,824.59,838.34,854.69,872.86,894.91,919.71,947.24,982.49,1016.6,1028,1037.7,1062.6,1107,1155.7,1208.8,1264.9,1324.4,1382.3,1429.4
788.7,786.97,785.58,785.84,787.36,789.64,794.01,799.96,806.93,816.96,828.24,842,858.45,876.56,898.59,923.32,950.68,985.76,1019.5,1030.7,1040.3,1064.9,1108.6,1156.6,1208.7,1263.8,1322.3,1380,1429.4
791.27,789.65,788.37,788.83,790.35,792.75,797.25,803.31,810.38,820.44,831.86,845.61,862.08,880.27,902.21,926.81,954.1,988.8,1022.3,1033.3,1042.8,1067.1,1110.2,1157.5,1208.7,1262.7,1320.1,1377.6,1428.9
793.85,792.32,791.15,791.71,793.32,795.76,800.43,806.6,813.81,823.92,835.44,849.05,865.65,883.96,905.71,930.22,957.44,991.81,1025,1036,1045.3,1069.2,1111.8,1158.3,1208.6,1261.7,1318,1374.9,1427
796.43,794.99,793.92,794.58,796.26,798.83,803.61,809.83,817.21,827.33,838.97,852.56,869.21,887.51,909.15,933.64,960.65,994.76,1027.6,1038.5,1047.7,1071.3,1113.4,1159.1,1208.6,1260.7,1315.9,1372.2,1424.7
798.97,797.67,796.66,797.47,799.18,801.87,806.84,813.08,820.57,830.73,842.46,856.01,872.7,890.99,912.58,936.99,963.75,997.6,1030.2,1040.9,1050,1073.4,1114.8,1159.9,1208.5,1259.7,1313.9,1369.4,1421.9
801.53,800.32,799.4,800.31,802.1,805.01,810.01,816.32,823.83,834.09,845.88,859.42,876.17,894.46,915.89,940.26,966.87,1000.4,1032.7,1043.3,1052.3,1075.4,1116.2,1160.7,1208.5,1258.8,1312,1366.7,1418.9
804.05,802.95,802.13,803.15,805.01,808.12,813.26,819.48,827.09,837.37,849.21,862.8,879.56,897.86,919.12,943.41,969.87,1003.1,1035.1,1045.7,1054.5,1077.4,1117.6,1161.3,1208.5,1257.9,1310.2,1363.9,1415.8
806.64,805.62,804.86,805.97,807.98,811.21,816.44,822.64,830.26,840.66,852.57,866.14,882.92,901.24,922.34,946.44,972.86,1005.8,1037.4,1047.9,1056.7,1079.2,1119,1162,1208.4,1257.1,1308.6,1361.2,1412.6
809.15,808.25,807.53,808.78,810.86,814.21,819.54,825.75,833.43,843.84,855.9,869.38,886.18,904.51,925.47,949.53,975.74,1008.5,1039.7,1050.1,1058.8,1081.1,1120.4,1162.8,1208.4,1256.3,1306.9,1358.6,1409.4
811.67,810.84,810.22,811.6,813.71,817.17,822.53,828.7,836.64,847.1,859.14,872.62,889.34,907.68,928.59,952.54,978.56,1011,1042,1052.2,1060.9,1082.9,1121.7,1163.5,1208.4,1255.6,1305.3,1356.2,1406.4
814.2,813.43,812.9,814.34,816.54,820.12,825.54,831.67,839.9,850.27,862.36,875.78,892.55,910.81,931.65,955.48,981.31,1013.4,1044.2,1054.3,1062.9,1084.7,1123,1164.3,1208.5,1254.9,1303.8,1353.8,1403.3
816.73,816.01,815.57,817.13,819.4,823.04,828.52,834.71,843.36,853.41,865.5,878.97,895.64,913.97,934.63,958.36,983.99,1015.9,1046.3,1056.4,1064.8,1086.4,1124.2,1165,1208.5,1254.2,1302.3,1351.4,1400.4
819.23,818.59,818.2,819.85,822.26,825.92,831.48,837.7,846.78,856.54,868.58,882.14,898.79,917.04,937.58,961.17,986.71,1018.3,1048.4,1058.4,1066.8,1088.1,1125.5,1165.7,1208.5,1253.6,1301,1349.2,1397.5
821.7,821.16,820.83,822.57,825.03,828.81,834.36,840.68,849.79,859.53,871.67,885.27,901.87,920.08,940.44,963.99,989.35,1020.6,1050.5,1060.3,1068.6,1089.7,1126.7,1166.4,1208.7,1253,1299.7,1347.1,1394.7
824.19,823.73,823.43,825.29,827.79,831.69,837.3,843.63,852.8,862.46,874.78,888.42,904.86,923.04,943.3,966.74,991.93,1022.8,1052.5,1062.2,1070.4,1091.3,1127.9,1167.1,1208.8,1252.5,1298.3,1345.1,1392
826.67,826.28,826.03,828,830.53,834.55,840.22,846.51,855.76,865.46,877.81,891.47,907.84,925.94,946.12,969.4,994.46,1025.1,1054.5,1064.1,1072.2,1092.9,1129,1167.8,1208.9,1251.9,1297.1,1343.2,1389.5
829.16,828.77,828.62,830.71,833.32,837.42,843.1,849.47,858.67,868.47,880.82,894.5,910.78,928.87,948.92,972.01,996.91,1027.4,1056.4,1066,1074,1094.3,1130.1,1168.4,1209,1251.5,1295.9,1341.4,1387
831.62,831.27,831.27,833.42,836.03,840.26,845.94,852.44,861.57,871.5,883.8,897.51,913.68,931.69,951.7,974.6,999.4,1029.5,1058.3,1067.8,1075.7,1095.9,1131.3,1169,1209.1,1251.1,1294.8,1339.6,1384.6
834.06,833.79,833.85,836.12,838.71,843.06,848.78,855.35,864.45,874.48,886.77,900.5,916.59,934.52,954.4,977.18,1001.8,1031.7,1060.2,1069.5,1077.4,1097.4,1132.3,1169.7,1209.2,1250.6,1293.8,1337.9,1382.4
836.45,836.32,836.48,838.75,841.36,845.86,851.56,858.2,867.34,877.38,889.67,903.45,919.43,937.31,957.02,979.71,1004.1,1033.8,1062,1071.3,1079.1,1098.9,1133.4,1170.3,1209.4,1250.2,1292.8,1336.2,1380.2
838.87,838.81,839.04,841.36,844.03,848.66,854.33,861.05,870.16,880.27,892.55,906.36,922.19,940.04,959.63,982.18,1006.5,1035.8,1063.8,1073,1080.7,1100.3,1134.4,1170.9,1209.5,1249.9,1291.8,1334.8,1378.1
841.29,841.26,841.59,844.01,846.7,851.43,857.07,863.9,873.03,883.13,895.32,909.22,924.93,942.76,962.19,984.66,1008.8,1037.9,1065.7,1074.7,1082.4,1101.7,1135.4,1171.5,1209.6,1249.6,1290.9,1333.3,1376.1
843.66,843.73,844.14,846.59,849.32,854.16,859.81,866.74,875.81,885.93,898.13,912.06,927.59,945.43,964.75,987.09,1011,1039.9,1067.5,1076.4,1084,1103.1,1136.5,1172.2,1209.8,1249.2,1290,1331.8,1374.2
846.03,846.23,846.68,849.17,851.91,856.85,862.46,869.57,878.65,888.75,900.89,914.78,930.23,948.08,967.33,989.46,1013.2,1041.9,1069.2,1078.1,1085.5,1104.5,1137.5,1172.7,1210,1248.9,1289.2,1330.5,1372.4
848.39,848.66,849.17,851.73,854.49,859.53,865.17,872.4,881.41,891.47,903.64,917.54,932.89,950.64,969.85,991.81,1015.4,1043.8,1070.9,1079.7,1087.1,1105.8,1138.6,1173.4,1210.2,1248.6,1288.3,1329.2,1370.6
850.74,851.08,851.63,854.3,857.09,862.16,867.84,875.15,884.15,894.18,906.38,920.19,935.52,953.24,972.36,994.13,1017.5,1045.8,1072.6,1081.3,1088.7,1107.2,1139.6,1174,1210.3,1248.3,1287.5,1328,1368.8
853.05,853.5,854.12,856.83,859.67,864.78,870.46,877.95,886.89,896.82,909.08,922.88,938.09,955.79,974.76,996.39,1019.7,1047.6,1074.2,1082.9,1090.2,1108.6,1140.6,1174.6,1210.5,1248.1,1286.8,1326.7,1367.1
855.39,855.86,856.59,859.31,862.25,867.38,873.08,880.69,889.6,899.47,911.74,925.48,940.67,958.33,977.21,998.64,1021.8,1049.5,1075.9,1084.5,1091.7,1109.9,1141.6,1175.2,1210.7,1247.8,1286.1,1325.5,1365.5
857.7,858.27,859.03,861.81,864.76,869.97,875.71,883.38,892.24,902.16,914.38,928.09,943.19,960.81,979.62,1000.9,1023.9,1051.4,1077.5,1086,1093.1,1111.2,1142.6,1175.9,1211,1247.6,1285.4,1324.4,1364
860.05,860.62,861.46,864.32,867.32,872.56,878.3,886.04,894.76,904.91,917.01,930.67,945.68,963.22,982.01,1003.1,1025.9,1053.1,1079,1087.5,1094.5,1112.5,1143.6,1176.5,1211.2,1247.4,1284.8,1323.3,1362.5
862.35,863.02,863.85,866.78,869.83,875.14,880.85,888.63,897.31,907.79,919.64,933.16,948.17,965.62,984.35,1005.3,1027.9,1054.9,1080.7,1089,1096,1113.7,1144.5,1177.2,1211.5,1247.3,1284.2,1322.3,1361.1
864.64,865.36,866.27,869.21,872.36,877.65,883.39,891.18,899.87,910.49,922.19,935.64,950.63,967.98,986.61,1007.4,1029.9,1056.7,1082.2,1090.4,1097.5,1115,1145.5,1177.8,1211.7,1247.2,1283.6,1321.3,1359.6
866.89,867.73,868.64,871.64,874.84,880.2,885.96,893.74,902.42,913.01,924.64,938.15,953.07,970.39,988.86,1009.5,1031.9,1058.5,1083.7,1091.9,1098.9,1116.2,1146.4,1178.4,1212,1247.1,1283,1320.3,1358.3
869.17,870.01,871.01,874.05,877.32,882.69,888.47,896.26,904.97,915.49,927.11,940.65,955.5,972.71,991.08,1011.6,1033.9,1060.3,1085.3,1093.4,1100.3,1117.4,1147.4,1179,1212.3,1247,1282.5,1319.4,1357
871.46,872.34,873.38,876.47,879.75,885.15,890.95,898.74,907.51,917.97,929.64,943.31,957.87,975,993.29,1013.7,1035.8,1062,1086.8,1094.8,1101.6,1118.7,1148.2,1179.6,1212.5,1246.8,1282,1318.5,1355.7
873.73,874.65,875.74,878.86,882.16,887.61,893.47,901.23,910,920.44,932.17,945.89,960.25,977.26,995.46,1015.7,1037.7,1063.7,1088.3,1096.2,1103,1119.9,1149.2,1180.2,1212.8,1246.7,1281.6,1317.6,1354.5
876.03,876.91,878.1,881.22,884.58,890.01,895.94,903.72,912.45,922.91,934.65,948.17,962.59,979.49,997.62,1017.7,1039.6,1065.4,1089.7,1097.7,1104.3,1121.1,1150.1,1180.9,1213.1,1246.7,1281.2,1316.8,1353.3
878.27,879.16,880.42,883.58,886.94,892.46,898.39,906.19,914.88,925.3,937.04,950.49,964.96,981.74,999.77,1019.7,1041.5,1067.1,1091.3,1099.1,1105.7,1122.3,1151,1181.5,1213.4,1246.6,1280.8,1316,1352
880.47,881.41,882.79,885.93,889.3,894.88,900.77,908.64,917.36,927.74,939.42,952.77,967.38,983.97,1001.9,1021.7,1043.3,1068.7,1092.7,1100.4,1107,1123.4,1152,1182.1,1213.7,1246.6,1280.4,1315.4,1350.9
882.69,883.64,885.1,888.23,891.65,897.25,903.2,911.06,919.79,930.16,941.81,955.05,969.74,986.14,1004,1023.7,1045.1,1070.3,1094.1,1101.8,1108.3,1124.6,1152.9,1182.7,1214,1246.6,1280.1,1314.6,1349.8
884.94,885.87,887.41,890.55,894,899.61,905.55,913.47,922.18,932.52,944.18,957.31,972.03,988.28,1006.1,1025.6,1046.9,1071.9,1095.5,1103.2,1109.6,1125.8,1153.8,1183.3,1214.3,1246.6,1279.7,1314,1348.8
887.14,888.08,889.71,892.84,896.37,901.95,907.95,915.83,924.55,934.91,946.49,959.55,974.3,990.4,1008.2,1027.6,1048.6,1073.5,1097,1104.5,1110.9,1127,1154.7,1184,1214.6,1246.6,1279.4,1313.3,1347.7
889.33,890.24,892.02,895.11,898.73,904.26,910.27,918.2,926.88,937.24,948.79,961.82,976.53,992.49,1010.2,1029.4,1050.4,1075.1,1098.3,1105.8,1112.2,1128.1,1155.6,1184.6,1215,1246.6,1279.1,1312.7,1346.7
891.48,892.39,894.27,897.36,901.05,906.59,912.6,920.54,929.19,939.51,951.05,964.05,978.73,994.58,1012.2,1031.3,1052.2,1076.7,1099.7,1107.1,1113.4,1129.2,1156.5,1185.3,1215.3,1246.6,1278.8,1312.1,1345.8
893.67,894.53,896.51,899.58,903.36,908.91,914.83,922.85,931.5,941.81,953.36,966.25,980.88,996.64,1014.3,1033.1,1053.9,1078.2,1101.1,1108.4,1114.7,1130.4,1157.4,1185.9,1215.6,1246.7,1278.6,1311.5,1344.9
895.79,896.66,898.74,901.8,905.67,911.18,917.12,925.15,933.76,944.11,955.6,968.44,983.06,998.7,1016.2,1035,1055.7,1079.7,1102.4,1109.8,1115.9,1131.5,1158.3,1186.5,1216,1246.7,1278.3,1310.9,1344
897.91,898.74,900.97,904,907.96,913.44,919.34,927.4,936.01,946.39,957.79,970.65,985.19,1000.7,1018.2,1036.8,1057.4,1081.3,1103.7,1111.1,1117.2,1132.5,1159.1,1187.2,1216.4,1246.8,1278,1310.4,1343.1
899.98,900.8,903.15,906.17,910.21,915.69,921.59,929.68,938.25,948.6,960,972.78,987.28,1002.8,1020.2,1038.6,1059,1082.7,1105.1,1112.4,1118.4,1133.6,1160,1187.8,1216.7,1246.9,1277.8,1309.9,1342.3
902.08,902.85,905.34,908.33,912.47,917.93,923.88,931.92,940.48,950.81,962.2,974.92,989.34,1004.8,1022.1,1040.4,1060.7,1084.2,1106.4,1113.6,1119.6,1134.7,1160.9,1188.4,1217.1,1246.9,1277.6,1309.4,1341.5
904.14,904.94,907.5,910.47,914.73,920.14,926.17,934.17,942.69,953.01,964.34,977.06,991.37,1006.7,1023.9,1042.1,1062.3,1085.7,1107.7,1114.8,1120.8,1135.8,1161.7,1189,1217.5,1247,1277.5,1308.9,1340.7
906.22,907,909.67,912.57,916.96,922.31,928.44,936.38,944.85,955.2,966.47,979.2,993.39,1008.7,1025.7,1043.8,1063.9,1087.2,1109.1,1116.1,1122,1137,1162.6,1189.7,1217.9,1247.1,1277.3,1308.5,1340
908.28,909.09,911.81,914.65,919.16,924.49,930.73,938.57,947.01,957.38,968.59,981.28,995.4,1010.6,1027.6,1045.6,1065.6,1088.7,1110.4,1117.3,1123.2,1138,1163.5,1190.2,1218.3,1247.3,1277.2,1308.1,1339.2
910.28,911.24,913.9,916.71,921.32,926.57,932.94,940.7,949.14,959.54,970.69,983.34,997.4,1012.6,1029.5,1047.3,1067.2,1090.1,1111.6,1118.6,1124.3,1139.1,1164.3,1190.9,1218.6,1247.4,1277.1,1307.7,1338.6
912.27,913.36,916,918.78,923.52,928.69,935.14,942.86,951.24,961.65,972.78,985.39,999.37,1014.5,1031.3,1049,1068.8,1091.6,1112.9,1119.8,1125.5,1140.1,1165.2,1191.5,1219.1,1247.5,1277,1307.2,1337.9
914.28,915.42,918.05,920.92,925.66,930.77,937.34,945.01,953.4,963.76,974.86,987.45,1001.3,1016.3,1033.1,1050.7,1070.4,1092.9,1114.2,1120.9,1126.7,1141.2,1166.1,1192.2,1219.4,1247.7,1276.9,1306.9,1337.2
916.3,917.51,920.1,923.05,927.79,932.81,939.53,947.11,955.57,965.85,976.87,989.43,1003.3,1018.2,1034.8,1052.4,1071.9,1094.4,1115.4,1122.2,1127.9,1142.2,1166.9,1192.8,1219.8,1247.9,1276.8,1306.4,1336.6
918.29,919.57,922.15,925.17,929.9,934.86,941.66,949.17,957.71,967.94,978.87,991.46,1005.2,1020.1,1036.6,1054.1,1073.5,1095.8,1116.6,1123.4,1129,1143.3,1167.8,1193.5,1220.2,1248,1276.7,1306.1,1336
920.31,921.59,924.2,927.28,931.96,936.86,943.81,951.22,959.86,970.01,980.85,993.43,1007.1,1022,1038.4,1055.8,1075,1097.1,1117.9,1124.5,1130.2,1144.3,1168.6,1194.1,1220.7,1248.2,1276.7,1305.8,1335.5
922.33,923.57,926.21,929.38,934,939,945.91,953.25,962.01,972.05,982.83,995.44,1009,1023.8,1040.1,1057.4,1076.5,1098.6,1119.1,1125.8,1131.3,1145.3,1169.5,1194.8,1221.1,1248.4,1276.6,1305.6,1334.9
924.32,925.52,928.22,931.46,936.08,941.13,947.99,955.24,964.11,974.04,984.79,997.4,1010.9,1025.6,1041.9,1059,1078,1099.9,1120.3,1126.9,1132.4,1146.3,1170.3,1195.4,1221.5,1248.6,1276.5,1305.2,1334.4
926.31,927.46,930.23,933.49,938.12,943.23,950.05,957.22,966.18,976.01,986.76,999.35,1012.7,1027.4,1043.6,1060.7,1079.5,1101.3,1121.5,1128.1,1133.6,1147.4,1171.1,1196,1222,1248.8,1276.5,1304.9,1333.8
928.3,929.4,932.24,935.5,940.11,945.34,952.1,959.2,968.22,977.96,988.77,1001.2,1014.5,1029.3,1045.3,1062.3,1081,1102.6,1122.8,1129.2,1134.7,1148.4,1171.9,1196.6,1222.4,1249,1276.5,1304.7,1333.4
930.28,931.35,934.25,937.5,942.09,947.41,954.1,961.23,970.27,979.91,990.79,1003.2,1016.4,1031.1,1047,1063.8,1082.5,1104,1123.9,1130.4,1135.8,1149.4,1172.8,1197.2,1222.8,1249.3,1276.5,1304.4,1332.9
932.27,933.29,936.27,939.49,944.09,949.44,956.07,963.34,972.26,981.8,992.78,1005.1,1018.2,1032.8,1048.6,1065.4,1084,1105.3,1125.2,1131.5,1136.9,1150.4,1173.7,1197.8,1223.3,1249.5,1276.6,1304.2,1332.4
934.26,935.24,938.28,941.48,946.11,951.47,958.04,965.43,974.23,983.66,994.77,1006.9,1019.9,1034.6,1050.2,1067,1085.4,1106.6,1126.3,1132.7,1138,1151.4,1174.5,1198.6,1223.7,1249.8,1276.6,1304,1332
936.25,937.18,940.29,943.48,948.13,953.48,959.99,967.44,976.19,985.62,996.68,1008.7,1021.6,1036.4,1051.9,1068.6,1086.8,1107.9,1127.5,1133.8,1139.1,1152.4,1175.3,1199.2,1224.2,1250,1276.6,1303.8,1331.6
938.24,939.12,942.31,945.47,950.15,955.45,961.95,969.44,978.11,987.52,998.63,1010.5,1023.4,1038.1,1053.5,1070.1,1088.3,1109.2,1128.6,1134.9,1140.2,1153.4,1176.1,1199.8,1224.7,1250.2,1276.6,1303.6,1331.3
940.22,941.07,944.32,947.47,952.17,957.42,963.87,971.41,979.99,989.54,1000.5,1012.2,1025.3,1039.8,1055.1,1071.6,1089.7,1110.5,1129.8,1136,1141.3,1154.4,1176.9,1200.5,1225.1,1250.5,1276.7,1303.5,1330.9
942.21,943.01,946.33,949.46,954.2,959.38,965.79,973.38,981.92,991.51,1002.4,1014,1027.1,1041.4,1056.7,1073.2,1091.1,1111.7,1131,1137.1,1142.3,1155.3,1177.7,1201.2,1225.5,1250.7,1276.8,1303.4,1330.6
944.2,944.95,948.34,951.46,956.22,961.35,967.71,975.36,983.78,993.44,1004.2,1015.8,1028.9,1043,1058.3,1074.7,1092.5,1113,1132.1,1138.2,1143.4,1156.4,1178.6,1201.8,1226,1251,1276.8,1303.2,1330.2
946.19,946.9,950.36,953.45,958.24,963.32,969.63,977.33,985.61,995.35,1006,1017.6,1030.7,1044.7,1059.7,1076.2,1093.9,1114.3,1133.3,1139.4,1144.5,1157.3,1179.5,1202.5,1226.4,1251.3,1276.8,1303.1,1329.8
948.17,948.84,952.37,955.45,960.26,965.29,971.56,979.31,987.43,997.22,1007.8,1019.5,1032.4,1046.3,1061.3,1077.7,1095.2,1115.5,1134.4,1140.5,1145.6,1158.3,1180.3,1203.1,1226.9,1251.6,1276.9,1303,1329.6
950.16,950.78,954.38,957.44,962.28,967.25,973.48,981.28,989.25,999.05,1009.5,1021.4,1034.1,1047.9,1062.9,1079.2,1096.6,1116.7,1135.5,1141.6,1146.6,1159.2,1181.1,1203.7,1227.4,1251.9,1277,1302.9,1329.3
952.15,952.73,956.4,959.44,964.3,969.22,975.4,983.26,991.08,1000.9,1011.1,1023.3,1035.8,1049.5,1064.6,1080.8,1097.9,1118,1136.6,1142.6,1147.6,1160.2,1181.8,1204.4,1227.9,1252.2,1277.1,1302.8,1329
954.14,954.67,958.41,961.43,966.32,971.19,977.32,985.23,992.9,1002.7,1012.8,1025,1037.3,1051,1066.1,1082.2,1099.2,1119.2,1137.7,1143.6,1148.6,1161.2,1182.6,1205,1228.4,1252.4,1277.2,1302.7,1328.7
956.13,956.61,960.42,963.43,968.34,973.16,979.25,987.21,994.72,1004.5,1014.4,1026.5,1038.8,1052.6,1067.7,1083.7,1100.5,1120.4,1138.8,1144.7,1149.7,1162.1,1183.4,1205.7,1228.8,1252.7,1277.3,1302.6,1328.4
958.11,958.56,962.43,965.42,970.36,975.12,981.17,989.18,996.55,1006.4,1016.1,1028.1,1040.4,1054.4,1069.2,1085,1101.9,1121.6,1139.9,1145.8,1150.7,1163,1184.3,1206.4,1229.3,1253,1277.5,1302.6,1328.2
960.1,960.5,964.45,967.42,972.38,977.09,983.09,991.16,998.37,1008.2,1017.8,1029.7,1042.1,1056.2,1070.7,1086.3,1103.2,1122.8,1140.9,1146.8,1151.7,1164,1185.1,1207.1,1229.8,1253.4,1277.7,1302.6,1327.9
962.09,962.44,966.46,969.41,974.4,979.06,985.01,993.13,1000.2,1010,1019.4,1031.2,1043.8,1058,1072.3,1087.7,1104.5,1124.1,1142,1147.9,1152.8,1164.9,1185.8,1207.7,1230.3,1253.7,1277.8,1302.5,1327.7
964.08,964.39,968.47,971.4,976.42,981.03,986.94,995.11,1002,1011.8,1021.1,1032.8,1045.5,1059.8,1073.8,1089.1,1105.8,1125.3,1143.2,1148.9,1153.8,1165.9,1186.6,1208.3,1230.7,1254,1278,1302.5,1327.5
966.06,966.33,970.49,973.4,978.44,983,988.86,997.08,1003.8,1013.7,1022.7,1034.4,1047.2,1061.6,1075.3,1090.5,1107.2,1126.5,1144.2,1149.9,1154.7,1166.8,1187.4,1208.9,1231.2,1254.3,1278.1,1302.4,1327.3
968.05,968.28,972.5,975.39,980.46,984.96,990.78,999.05,1005.7,1015.5,1024.4,1036,1048.9,1063.3,1076.8,1091.9,1108.5,1127.6,1145.3,1151,1155.8,1167.7,1188.2,1209.5,1231.7,1254.7,1278.3,1302.5,1327.1
970.04,970.22,974.51,977.39,982.49,986.93,992.7,1001,1007.5,1017.3,1026.1,1037.5,1050.6,1065.1,1078.3,1093.3,1109.7,1128.9,1146.3,1152,1156.8,1168.6,1189,1210.2,1232.2,1255.1,1278.5,1302.5,1326.9
972.03,972.16,976.52,979.38,984.51,988.9,994.63,1003,1009.3,1019.1,1027.7,1039.1,1052.3,1066.9,1079.8,1094.7,1110.9,1130,1147.4,1153,1157.7,1169.5,1189.8,1210.8,1232.7,1255.4,1278.6,1302.4,1326.8
974.01,974.11,978.54,981.38,986.53,990.87,996.55,1005,1011.1,1021,1029.4,1040.7,1054,1068.7,1081.3,1096.1,1112.1,1131.1,1148.4,1154,1158.7,1170.5,1190.6,1211.4,1233.2,1255.7,1278.8,1302.4,1326.6
976,976.05,980.55,983.37,988.55,992.83,998.47,1007,1013,1022.8,1031,1042.2,1055.7,1070.5,1082.8,1097.5,1113.4,1132.3,1149.5,1155.1,1159.7,1171.3,1191.4,1212.1,1233.7,1256,1278.9,1302.5,1326.5
977.99,977.99,982.56,985.37,990.57,994.8,1000.4,1008.9,1014.8,1024.6,1032.7,1043.8,1057.4,1072.3,1084.3,1098.9,1114.6,1133.4,1150.5,1156,1160.7,1172.2,1192.1,1212.8,1234.3,1256.4,1279.2,1302.6,1326.5
979.98,979.94,984.58,987.36,992.59,996.77,1002.3,1010.9,1016.6,1026.5,1034.4,1045.4,1059.1,1074.1,1085.8,1100.3,1115.8,1134.5,1151.6,1157.1,1161.8,1173.2,1192.9,1213.4,1234.8,1256.7,1279.4,1302.6,1326.3
981.97,981.88,986.59,989.36,994.61,998.74,1004.2,1012.9,1018.4,1028.3,1036,1046.9,1060.8,1075.9,1087.4,1101.8,1117.1,1135.7,1152.6,1158.1,1162.8,1174.1,1193.7,1214.1,1235.3,1257.1,1279.6,1302.6,1326.1
983.95,983.82,988.6,991.35,996.63,1000.7,1006.2,1014.9,1020.3,1030.1,1037.7,1048.5,1062.5,1077.7,1088.9,1103.2,1118.3,1136.8,1153.6,1159.2,1163.9,1175.1,1194.4,1214.7,1235.7,1257.4,1279.8,1302.6,1326
985.94,985.77,990.61,993.35,998.65,1002.7,1008.1,1016.8,1022.1,1031.9,1039.4,1050.1,1064.2,1079.5,1090.4,1104.6,1119.5,1137.9,1154.7,1160.2,1164.9,1176.1,1195.2,1215.3,1236.2,1257.8,1280,1302.7,1325.9
987.93,987.71,992.63,995.34,1000.7,1004.6,1010,1018.8,1023.9,1033.8,1041,1051.6,1065.9,1081.3,1091.9,1106,1120.7,1139.1,1155.7,1161.2,1165.9,1177,1195.9,1216,1236.7,1258.2,1280.3,1302.8,1325.8
989.92,989.65,994.64,997.34,1002.7,1006.6,1011.9,1020.8,1025.7,1035.6,1042.7,1053.2,1067.6,1083.1,1093.4,1107.4,1122,1140.2,1156.7,1162.3,1167,1178,1196.7,1216.6,1237.2,1258.6,1280.5,1302.9,1325.8
991.9,991.6,996.65,999.33,1004.7,1008.6,1013.9,1022.7,1027.5,1037.4,1044.3,1054.8,1069.3,1084.9,1094.9,1108.8,1123.2,1141.3,1157.8,1163.3,1168,1179,1197.5,1217.3,1237.7,1258.9,1280.7,1302.9,1325.7
993.89,993.54,998.67,1001.3,1006.7,1010.5,1015.8,1024.7,1029.4,1039.2,1046,1056.3,1071,1086.7,1096.4,1110.3,1124.4,1142.5,1158.8,1164.3,1169,1179.9,1198.2,1218,1238.2,1259.3,1280.9,1303,1325.6
995.88,995.48,1000.7,1003.3,1008.8,1012.5,1017.7,1026.7,1031.2,1041.1,1047.7,1057.9,1072.7,1088.4,1097.9,1111.7,1125.6,1143.6,1159.9,1165.4,1170.1,1180.9,1199,1218.7,1238.6,1259.7,1281.1,1303.1,1325.6
997.87,997.43,1002.7,1005.3,1010.8,1014.5,1019.6,1028.7,1033,1042.9,1049.3,1059.5,1074.4,1090.2,1099.4,1113.1,1126.9,1144.7,1160.9,1166.4,1171.1,1181.9,1199.7,1219.3,1239.1,1260.1,1281.4,1303.2,1325.6
999.85,999.37,1004.7,1007.3,1012.8,1016.4,1021.5,1030.6,1034.8,1044.7,1051,1061,1076.1,1092,1100.9,1114.5,1128.1,1145.9,1161.9,1167.5,1172.2,1182.8,1200.5,1220,1239.6,1260.5,1281.7,1303.3,1325.5
1001.8,1001.3,1006.7,1009.3,1014.8,1018.4,1023.5,1032.6,1036.7,1046.6,1052.6,1062.6,1077.8,1093.8,1102.5,1115.9,1129.3,1147,1163,1168.5,1173.2,1183.8,1201.2,1220.7,1240.1,1260.9,1282,1303.4,1325.5
1003.75,1003.23,1008.7,1011.3,1016.8,1020.4,1025.5,1034.6,1038.6,1048.5,1054.2,1064.2,1079.5,1095.6,1104.1,1117.3,1130.5,1148.1,1164.1,1169.5,1174.2,1184.8,1201.9,1221.4,1240.6,1261.3,1282.3,1303.5,1325.5
1005.7,1005.16,1010.7,1013.3,1018.8,1022.4,1027.5,1036.6,1040.5,1050.4,1055.8,1065.8,1081.2,1097.4,1105.7,1118.7,1131.7,1149.2,1165.2,1170.5,1175.2,1185.8,1202.6,1222.1,1241.1,1261.7,1282.6,1303.6,1325.5
1007.65,1007.09,1012.7,1015.3,1020.8,1024.4,1029.5,1038.6,1042.4,1052.3,1057.4,1067.4,1082.9,1099.2,1107.3,1120.1,1132.9,1150.3,1166.3,1171.5,1176.2,1186.8,1203.3,1222.8,1241.6,1262.1,1282.9,1303.7,1325.5
1009.6,1009.02,1014.7,1017.3,1022.8,1026.4,1031.5,1040.6,1044.3,1054.2,1059,1069,1084.6,1101,1108.9,1121.5,1134.1,1151.4,1167.4,1172.5,1177.2,1187.8,1204,1223.5,1242.1,1262.5,1283.2,1303.8,1325.5
1011.55,1010.95,1016.7,1019.3,1024.8,1028.4,1033.5,1042.6,1046.2,1056.1,1060.6,1070.6,1086.3,1102.8,1110.5,1122.9,1135.3,1152.5,1168.5,1173.5,1178.2,1188.8,1204.7,1224.2,1242.6,1262.9,1283.5,1303.9,1325.5
1013.5,1012.88,1018.7,1021.3,1026.8,1030.4,1035.5,1044.6,1048.1,1058,1062.2,1072.2,1088,1104.6,1112.1,1124.3,1136.5,1153.6,1169.6,1174.5,1179.2,1189.8,1205.4,1224.9,1243.1,1263.3,1283.8,1304,1325.5
1015.45,1014.81,1020.7,1023.3,1028.8,1032.4,1037.5,1046.6,1050,1059.9,1063.8,1073.8,1089.7,1106.4,1113.7,1125.7,1137.7,1154.7,1170.7,1175.5,1180.2,1190.8,1206.1,1225.6,1243.6,1263.7,1284.1,1304.1,1325.5
1017.4,1016.74,1022.7,1025.3,1030.8,1034.4,1039.5,1048.6,1051.9,1061.8,1065.4,1075.4,1091.4,1108.2,1115.3,1127.1,1138.9,1155.8,1171.8,1176.5,1181.2,1191.8,1206.8,1226.3,1244.1,1264.1,1284.4,1304.2,1325.5
1019.35,1018.67,1024.7,1027.3,1032.8,1036.4,1041.5,1050.6,1053.8,1063.7,1067,1077,1093.1,1110,1116.9,1128.5,1140.1,1156.9,1172.9,1177.5,1182.2,1192.8,1207.5,1227,1244.6,1264.5,1284.7,1304.3,1325.5
1021.3,1020.6,1026.7,1029.3,1034.8,1038.4,1043.5,1052.6,1055.7,1065.6,1068.6,1078.6,1094.8,1111.8,1118.5,1129.9,1141.3,1158,1174,1178.5,1183.2,1193.8,1208.2,1227.7,1245.1,1264.9,1285,1304.4,1325.5
1023.25,1022.53,1028.7,1031.3,1036.8,1040.4,1045.5,1054.6,1057.6,1067.5,1070.2,1080.2,1096.5,1113.6,1120.1,1131.3,1142.5,1159.1,1175.1,1179.5,1184.2,1194.8,1208.9,1228.4,1245.6,1265.3,1285.3,1304.5,1325.5
1025.2,1024.46,1030.7,1033.3,1038.8,1042.4,1047.5,1056.6,1059.5,1069.4,1071.8,1081.8,1098.2,1115.4,1121.7,1132.7,1143.7,1160.2,1176.2,1180.5,1185.2,1195.8,1209.6,1229.1,1246.1,1265.7,1285.6,1304.6,1325.5
1027.15,1026.39,1032.7,1035.3,1040.8,1044.4,1049.5,1058.6,1061.4,1071.3,1073.4,1083.4,1099.9,1117.2,1123.3,1134.1,1144.9,1161.3,1177.3,1181.5,1186.2,1196.8,1210.3,1229.8,1246.6,1266.1,1285.9,1304.7,1325.5
1029.1,1028.32,1034.7,1037.3,1042.8,1046.4,1051.5,1060.6,1063.3,1073.2,1075,1085,1101.6,1119,1124.9,1135.5,1146.1,1162.4,1178.4,1182.5,1187.2,1197.8,1211,1230.5,1247.1,1266.5,1286.2,1304.8,1325.5
1031.05,1030.25,1036.7,1039.3,1044.8,1048.4,1053.5,1062.6,1065.2,1075.1,1076.6,1086.6,1103.3,1120.8,1126.5,1136.9,1147.3,1163.5,1179.5,1183.5,1188.2,1198.8,1211.7,1231.2,1247.6,1266.9,1286.5,1304.9,1325.5
1033,1032.18,1038.7,1041.3,1046.8,1050.4,1055.5,1064.6,1067.1,1077,1078.2,1088.2,1105,1122.6,1128.1,1138.3,1148.5,1164.6,1180.6,1184.5,1189.2,1199.8,1212.4,1231.9,1248.1,1267.3,1286.8,1305,1325.5
1034.95,1034.11,1040.7,1043.3,1048.8,1052.4,1057.5,1066.6,1069,1078.9,1079.8,1089.8,1106.7,1124.4,1129.7,1139.7,1149.7,1165.7,1181.7,1185.5,1190.2,1200.8,1213.1,1232.6,1248.6,1267.7,1287.1,1305.1,1325.5
1036.9,1036.04,1042.7,1045.3,1050.8,1054.4,1059.5,1068.6,1070.9,1080.8,1081.4,1091.4,1108.4,1126.2,1131.3,1141.1,1150.9,1166.8,1182.8,1186.5,1191.2,1201.8,1213.8,1233.3,1249.1,1268.1,1287.4,1305.2,1325.5
1038.85,1037.97,1044.7,1047.3,1052.8,1056.4,1061.5,1070.6,1072.8,1082.7,1083,1093,1110.1,1128,1132.9,1142.5,1152.1,1167.9,1183.9,1187.5,1192.2,1202.8,1214.5,1234,1249.6,1268.5,1287.7,1305.3,1325.5
1040.8,1039.9,1046.7,1049.3,1054.8,1058.4,1063.5,1072.6,1074.7,1084.6,1084.6,1094.6,1111.8,1129.8,1134.5,1143.9,1153.3,1169,1185,1188.5,1193.2,1203.8,1215.2,1234.7,1250.1,1268.9,1288,1305.4,1325.5
1042.75,1041.83,1048.7,1051.3,1056.8,1060.4,1065.5,1074.6,1076.6,1086.5,1086.2,1096.2,1113.5,1131.6,1136.1,1145.3,1154.5,1170.1,1186.1,1189.5,1194.2,1204.8,1215.9,1235.4,1250.6,1269.3,1288.3,1305.5,1325.5
1044.7,1043.76,1050.7,1053.3,1058.8,1062.4,1067.5,1076.6,1078.5,1088.4,1087.8,1097.8,1115.2,1133.4,1137.7,1146.7,1155.7,1171.2,1187.2,1190.5,1195.2,1205.8,1216.6,1236.1,1251.1,1269.7,1288.6,1305.6,1325.5
1046.65,1045.69,1052.7,1055.3,1060.8,1064.4,1069.5,1078.6,1080.40000000001,1090.3,1089.4,1099.4,1116.9,1135.2,1139.3,1148.1,1156.9,1172.3,1188.3,1191.5,1196.2,1206.8,1217.3,1236.8,1251.6,1270.1,1288.9,1305.7,1325.5
1048.6,1047.62,1054.7,1057.3,1062.8,1066.4,1071.5,1080.6,1082.3,1092.19999999999,1091,1101,1118.6,1137,1140.9,1149.5,1158.1,1173.4,1189.4,1192.5,1197.2,1207.8,1218,1237.5,1252.1,1270.5,1289.2,1305.80000000001,1325.5
1050.55,1049.55,1056.7,1059.3,1064.8,1068.4,1073.5,1082.6,1084.2,1094.1,1092.6,1102.6,1120.3,1138.8,1142.5,1150.9,1159.3,1174.5,1190.5,1193.5,1198.2,1208.8,1218.7,1238.2,1252.6,1270.9,1289.5,1305.9,1325.5
1052.5,1051.48,1058.7,1061.3,1066.8,1070.4,1075.5,1084.6,1086.1,1096,1094.2,1104.2,1122,1140.6,1144.1,1152.3,1160.5,1175.6,1191.6,1194.5,1199.2,1209.8,1219.4,1238.9,1253.1,1271.3,1289.8,1306.00000000001,1325.5
1054.45,1053.41,1060.7,1063.3,1068.8,1072.4,1077.5,1086.6,1088,1097.89999999999,1095.8,1105.8,1123.7,1142.4,1145.7,1153.7,1161.7,1176.7,1192.7,1195.5,1200.2,1210.8,1220.1,1239.6,1253.6,1271.7,1290.1,1306.10000000001,1325.5
1056.4,1055.34,1062.7,1065.3,1070.8,1074.4,1079.5,1088.6,1089.90000000001,1099.8,1097.4,1107.4,1125.4,1144.2,1147.3,1155.1,1162.9,1177.8,1193.8,1196.5,1201.2,1211.8,1220.8,1240.3,1254.1,1272.10000000001,1290.4,1306.2,1325.5
1058.35,1057.27,1064.7,1067.3,1072.8,1076.4,1081.5,1090.6,1091.8,1101.69999999999,1099,1109,1127.1,1146,1148.9,1156.5,1164.1,1178.89999999999,1194.89999999999,1197.5,1202.2,1212.8,1221.5,1241,1254.60000000001,1272.5,1290.7,1306.3,1325.5
1060.3,1059.2,1066.7,1069.3,1074.8,1078.4,1083.5,1092.6,1093.7,1103.6,1100.6,1110.6,1128.8,1147.8,1150.5,1157.9,1165.3,1180,1196,1198.5,1203.2,1213.8,1222.2,1241.7,1255.1,1272.9,1291,1306.4,1325.5
1062.25,1061.13,1068.7,1071.3,1076.8,1080.4,1085.5,1094.6,1095.6,1105.5,1102.2,1112.2,1130.5,1149.6,1152.1,1159.3,1166.5,1181.1,1197.1,1199.5,1204.2,1214.8,1222.9,1242.4,1255.6,1273.3,1291.3,1306.50000000001,1325.5
1064.2,1063.06,1070.7,1073.3,1078.8,1082.4,1087.5,1096.6,1097.5,1107.39999999999,1103.8,1113.8,1132.2,1151.4,1153.7,1160.7,1167.7,1182.2,1198.2,1200.5,1205.2,1215.8,1223.6,1243.1,1256.1,1273.7,1291.6,1306.60000000001,1325.5
1066.14999999999,1064.99,1072.7,1075.3,1080.8,1084.4,1089.5,1098.6,1099.4,1109.3,1105.39999999999,1115.39999999999,1133.9,1153.2,1155.3,1162.10000000001,1168.9,1183.3,1199.3,1201.5,1206.2,1216.8,1224.3,1243.8,1256.6,1274.10000000001,1291.9,1306.7,1325.5
1068.1,1066.92,1074.7,1077.3,1082.8,1086.4,1091.5,1100.60000000001,1101.3,1111.2,1107,1117,1135.60000000001,1155,1156.89999999999,1163.5,1170.10000000001,1184.39999999999,1200.39999999999,1202.5,1207.2,1217.8,1225,1244.5,1257.10000000001,1274.5,1292.2,1306.8,1325.5
1070.05,1068.85,1076.7,1079.3,1084.8,1088.4,1093.5,1102.6,1103.2,1113.1,1108.6,1118.6,1137.3,1156.8,1158.5,1164.9,1171.3,1185.5,1201.5,1203.5,1208.2,1218.8,1225.7,1245.2,1257.6,1274.9,1292.5,1306.9,1325.5
1072,1070.78,1078.7,1081.3,1086.8,1090.39999999999,1095.5,1104.6,1105.10000000001,1114.99999999999,1110.2,1120.2,1139,1158.6,1160.1,1166.3,1172.5,1186.6,1202.6,1204.5,1209.2,1219.8,1226.4,1245.9,1258.1,1275.3,1292.8,1307.00000000001,1325.5
1073.95,1072.71,1080.7,1083.3,1088.8,1092.4,1097.5,1106.6,1107,1116.89999999999,1111.8,1121.8,1140.7,1160.4,1161.7,1167.7,1173.7,1187.7,1203.7,1205.5,1210.2,1220.8,1227.1,1246.6,1258.6,1275.7,1293.1,1307.10000000001,1325.5
1075.89999999999,1074.64,1082.7,1085.3,1090.8,1094.4,1099.5,1108.6,1108.9,1118.8,1113.39999999999,1123.39999999999,1142.4,1162.2,1163.3,1169.10000000001,1174.9,1188.8,1204.8,1206.5,1211.2,1221.8,1227.8,1247.3,1259.1,1276.10000000001,1293.4,1307.2,1325.5
1077.85,1076.57,1084.7,1087.3,1092.8,1096.4,1101.5,1110.60000000001,1110.8,1120.7,1115,1125,1144.10000000001,1164,1164.89999999999,1170.5,1176.10000000001,1189.89999999999,1205.89999999999,1207.5,1212.2,1222.8,1228.5,1248,1259.60000000001,1276.5,1293.7,1307.3,1325.5
1079.8,1078.49999999999,1086.7,1089.3,1094.8,1098.4,1103.5,1112.6,1112.7,1122.6,1116.6,1126.6,1145.8,1165.8,1166.5,1171.9,1177.3,1191,1207,1208.5,1213.2,1223.8,1229.2,1248.7,1260.1,1276.9,1294,1307.4,1325.5
1081.75,1080.43,1088.7,1091.3,1096.8,1100.39999999999,1105.5,1114.6,1114.60000000001,1124.49999999999,1118.2,1128.2,1147.5,1167.6,1168.1,1173.3,1178.5,1192.1,1208.1,1209.5,1214.2,1224.8,1229.9,1249.4,1260.6,1277.3,1294.3,1307.50000000001,1325.5
1083.7,1082.36,1090.7,1093.3,1098.8,1102.4,1107.5,1116.6,1116.5,1126.39999999999,1119.8,1129.8,1149.2,1169.4,1169.7,1174.7,1179.7,1193.2,1209.2,1210.5,1215.2,1225.8,1230.6,1250.1,1261.1,1277.7,1294.6,1307.60000000001,1325.5
1085.64999999999,1084.28999999999,1092.7,1095.3,1100.8,1104.4,1109.5,1118.6,1118.4,1128.3,1121.39999999999,1131.39999999999,1150.9,1171.2,1171.3,1176.10000000001,1180.9,1194.3,1210.3,1211.5,1216.2,1226.8,1231.3,1250.8,1261.6,1278.10000000001,1294.9,1307.7,1325.5
1087.6,1086.22,1094.7,1097.3,1102.8,1106.4,1111.5,1120.6,1120.3,1130.19999999999,1122.99999999999,1132.99999999999,1152.60000000001,1173,1172.89999999999,1177.50000000001,1182.10000000001,1195.39999999999,1211.39999999999,1212.5,1217.2,1227.8,1232,1251.5,1262.1,1278.50000000001,1295.2,1307.80000000001,1325.5
1089.55,1088.14999999999,1096.7,1099.3,1104.8,1108.4,1113.5,1122.60000000001,1122.2,1132.1,1124.6,1134.6,1154.3,1174.8,1174.49999999999,1178.9,1183.3,1196.49999999999,1212.49999999999,1213.5,1218.2,1228.8,1232.7,1252.2,1262.60000000001,1278.9,1295.5,1307.9,1325.5
1091.5,1090.08,1098.7,1101.3,1106.8,1110.39999999999,1115.5,1124.6,1124.10000000001,1133.99999999999,1126.2,1136.2,1156,1176.6,1176.1,1180.3,1184.5,1197.6,1213.6,1214.5,1219.2,1229.8,1233.4,1252.9,1263.1,1279.3,1295.8,1308.00000000001,1325.5
1093.44999999999,1092.00999999999,1100.7,1103.3,1108.8,1112.4,1117.5,1126.6,1126.00000000001,1135.89999999999,1127.8,1137.8,1157.7,1178.39999999999,1177.7,1181.7,1185.7,1198.7,1214.7,1215.5,1220.2,1230.8,1234.10000000001,1253.60000000001,1263.6,1279.7,1296.1,1308.10000000001,1325.5
1095.39999999999,1093.94,1102.7,1105.3,1110.8,1114.4,1119.5,1128.6,1127.90000000001,1137.79999999999,1129.39999999999,1139.39999999999,1159.4,1180.2,1179.3,1183.10000000001,1186.9,1199.8,1215.8,1216.5,1221.2,1231.8,1234.8,1254.3,1264.1,1280.10000000001,1296.39999999999,1308.20000000001,1325.5
1097.35,1095.87,1104.7,1107.3,1112.8,1116.4,1121.5,1130.6,1129.8,1139.69999999999,1130.99999999999,1140.99999999999,1161.10000000001,1182,1180.89999999999,1184.50000000001,1188.10000000001,1200.89999999999,1216.89999999999,1217.5,1222.2,1232.8,1235.5,1255,1264.6,1280.50000000001,1296.7,1308.30000000001,1325.5
1099.3,1097.8,1106.7,1109.3,1114.8,1118.4,1123.5,1132.60000000001,1131.7,1141.6,1132.6,1142.6,1162.8,1183.8,1182.49999999999,1185.9,1189.3,1201.99999999999,1217.99999999999,1218.5,1223.2,1233.8,1236.2,1255.7,1265.10000000001,1280.9,1297,1308.40000000001,1325.5
1101.25,1099.73,1108.7,1111.3,1116.8,1120.39999999999,1125.5,1134.6,1133.60000000001,1143.49999999999,1134.2,1144.2,1164.5,1185.6,1184.1,1187.3,1190.5,1203.1,1219.1,1219.5,1224.2,1234.8,1236.9,1256.4,1265.6,1281.3,1297.3,1308.5,1325.5
1103.19999999999,1101.66,1110.7,1113.3,1118.8,1122.4,1127.5,1136.6,1135.50000000001,1145.39999999999,1135.8,1145.8,1166.2,1187.39999999999,1185.7,1188.7,1191.7,1204.2,1220.2,1220.5,1225.2,1235.8,1237.60000000001,1257.10000000001,1266.09999999999,1281.70000000001,1297.59999999999,1308.60000000002,1325.5
1105.14999999999,1103.59,1112.7,1115.3,1120.8,1124.4,1129.5,1138.6,1137.40000000001,1147.29999999999,1137.39999999999,1147.39999999999,1167.9,1189.2,1187.3,1190.10000000001,1192.9,1205.3,1221.3,1221.5,1226.2,1236.8,1238.3,1257.8,1266.60000000001,1282.10000000001,1297.89999999999,1308.70000000001,1325.5
1107.1,1105.52,1114.7,1117.3,1122.8,1126.4,1131.5,1140.6,1139.3,1149.19999999999,1138.99999999999,1148.99999999999,1169.60000000001,1191,1188.89999999999,1191.50000000001,1194.10000000001,1206.39999999999,1222.39999999999,1222.5,1227.2,1237.8,1239,1258.5,1267.10000000001,1282.5,1298.2,1308.8,1325.5
1109.05,1107.45,1116.7,1119.3,1124.8,1128.4,1133.5,1142.6,1141.2,1151.09999999999,1140.59999999999,1150.59999999999,1171.3,1192.8,1190.49999999999,1192.90000000001,1195.3,1207.49999999999,1223.49999999999,1223.5,1228.2,1238.8,1239.7,1259.2,1267.59999999999,1282.90000000001,1298.5,1308.90000000001,1325.5
1111,1109.38,1118.7,1121.3,1126.8,1130.39999999999,1135.5,1144.60000000001,1143.10000000001,1152.99999999999,1142.2,1152.2,1173.00000000001,1194.6,1192.09999999999,1194.3,1196.50000000001,1208.59999999999,1224.59999999999,1224.5,1229.20000000001,1239.79999999999,1240.40000000001,1259.90000000001,1268.10000000001,1283.3,1298.8,1309,1325.5
1112.94999999999,1111.30999999999,1120.7,1123.3,1128.8,1132.4,1137.5,1146.6,1145.00000000001,1154.89999999999,1143.8,1153.8,1174.7,1196.39999999999,1193.7,1195.7,1197.7,1209.7,1225.7,1225.5,1230.2,1240.8,1241.10000000001,1260.60000000001,1268.59999999999,1283.70000000001,1299.09999999999,1309.10000000002,1325.5
1114.89999999999,1113.24,1122.7,1125.3,1130.8,1134.4,1139.5,1148.6,1146.90000000001,1156.79999999999,1145.39999999999,1155.39999999999,1176.4,1198.2,1195.3,1197.10000000001,1198.9,1210.79999999999,1226.79999999999,1226.5,1231.2,1241.8,1241.8,1261.3,1269.10000000001,1284.10000000001,1299.39999999999,1309.20000000001,1325.5
1116.85,1115.17,1124.7,1127.3,1132.8,1136.4,1141.5,1150.6,1148.8,1158.69999999999,1146.99999999999,1156.99999999999,1178.10000000001,1200,1196.89999999999,1198.5,1200.10000000001,1211.89999999999,1227.89999999999,1227.5,1232.2,1242.8,1242.5,1262,1269.60000000001,1284.5,1299.7,1309.3,1325.5
1118.8,1117.1,1126.7,1129.3,1134.8,1138.4,1143.5,1152.6,1150.7,1160.59999999999,1148.59999999999,1158.59999999999,1179.80000000001,1201.8,1198.5,1199.90000000001,1201.3,1213,1229,1228.5,1233.2,1243.8,1243.2,1262.7,1270.09999999999,1284.90000000001,1300,1309.40000000001,1325.5
1120.75,1119.03,1128.7,1131.3,1136.8,1140.39999999999,1145.5,1154.60000000001,1152.60000000001,1162.49999999999,1150.2,1160.2,1181.5,1203.59999999999,1200.09999999999,1201.3,1202.5,1214.09999999999,1230.09999999999,1229.5,1234.20000000001,1244.79999999999,1243.90000000001,1263.40000000001,1270.60000000001,1285.3,1300.3,1309.5,1325.5
1122.69999999999,1120.95999999999,1130.7,1133.3,1138.8,1142.4,1147.5,1156.6,1154.50000000001,1164.39999999999,1151.79999999999,1161.79999999999,1183.2,1205.39999999999,1201.7,1202.70000000001,1203.7,1215.2,1231.2,1230.5,1235.2,1245.8,1244.60000000001,1264.10000000001,1271.09999999999,1285.70000000001,1300.59999999999,1309.60000000002,1325.5
1124.64999999999,1122.89,1132.7,1135.3,1140.8,1144.4,1149.5,1158.6,1156.40000000001,1166.29999999999,1153.39999999999,1163.39999999999,1184.90000000001,1207.2,1203.29999999999,1204.10000000001,1204.90000000001,1216.29999999999,1232.29999999999,1231.5,1236.2,1246.8,1245.3,1264.8,1271.60000000001,1286.10000000001,1300.89999999999,1309.70000000001,1325.5
1126.6,1124.82,1134.7,1137.3,1142.8,1146.4,1151.5,1160.60000000001,1158.3,1168.2,1155,1165,1186.60000000001,1209,1204.89999999999,1205.5,1206.10000000001,1217.39999999999,1233.39999999999,1232.5,1237.2,1247.8,1246,1265.5,1272.10000000001,1286.5,1301.2,1309.8,1325.5
1128.55,1126.75,1136.7,1139.3,1144.8,1148.39999999999,1153.5,1162.59999999999,1160.2,1170.09999999999,1156.59999999999,1166.59999999999,1188.3,1210.8,1206.5,1206.90000000001,1207.3,1218.5,1234.5,1233.5,1238.2,1248.8,1246.7,1266.2,1272.59999999999,1286.90000000001,1301.5,1309.90000000001,1325.5
1130.49999999999,1128.67999999999,1138.70000000001,1141.29999999999,1146.79999999999,1150.40000000001,1155.5,1164.60000000001,1162.10000000001,1172,1158.2,1168.2,1190,1212.59999999999,1208.09999999999,1208.3,1208.5,1219.59999999999,1235.59999999999,1234.5,1239.20000000001,1249.79999999999,1247.40000000001,1266.90000000001,1273.10000000001,1287.3,1301.8,1310,1325.5
1132.45,1130.61,1140.7,1143.3,1148.8,1152.39999999999,1157.5,1166.59999999999,1164.00000000001,1173.89999999998,1159.79999999999,1169.79999999999,1191.7,1214.39999999999,1209.7,1209.70000000001,1209.7,1220.7,1236.7,1235.5,1240.2,1250.8,1248.10000000001,1267.60000000001,1273.59999999999,1287.70000000001,1302.09999999999,1310.10000000002,1325.5
1134.39999999999,1132.53999999999,1142.7,1145.3,1150.8,1154.39999999999,1159.5,1168.60000000001,1165.90000000001,1175.79999999999,1161.39999999999,1171.39999999999,1193.40000000001,1216.2,1211.29999999999,1211.10000000001,1210.90000000001,1221.79999999999,1237.79999999999,1236.5,1241.2,1251.8,1248.8,1268.3,1274.10000000001,1288.10000000001,1302.39999999999,1310.20000000001,1325.5
1136.34999999999,1134.47,1144.7,1147.3,1152.8,1156.40000000001,1161.5,1170.60000000001,1167.8,1177.7,1163,1173,1195.10000000001,1218,1212.89999999999,1212.5,1212.10000000001,1222.89999999999,1238.89999999999,1237.5,1242.2,1252.8,1249.5,1269,1274.60000000001,1288.5,1302.7,1310.3,1325.5
1138.3,1136.40000000001,1146.7,1149.3,1154.8,1158.39999999999,1163.5,1172.59999999999,1169.7,1179.59999999999,1164.59999999999,1174.59999999999,1196.8,1219.8,1214.5,1213.90000000001,1213.3,1224,1240,1238.5,1243.2,1253.8,1250.2,1269.7,1275.09999999999,1288.90000000001,1303,1310.40000000001,1325.5
1140.24999999999,1138.32999999999,1148.70000000001,1151.29999999999,1156.79999999999,1160.40000000001,1165.5,1174.60000000001,1171.60000000001,1181.5,1166.2,1176.2,1198.5,1221.59999999999,1216.09999999999,1215.3,1214.5,1225.09999999999,1241.09999999999,1239.5,1244.20000000001,1254.79999999999,1250.90000000001,1270.40000000001,1275.60000000001,1289.3,1303.3,1310.5,1325.5
1142.2,1140.25999999999,1150.7,1153.3,1158.8,1162.39999999999,1167.5,1176.59999999999,1173.50000000001,1183.39999999998,1167.79999999999,1177.79999999999,1200.2,1223.39999999999,1217.7,1216.70000000001,1215.7,1226.2,1242.2,1240.5,1245.2,1255.8,1251.60000000001,1271.10000000001,1276.09999999999,1289.70000000001,1303.59999999999,1310.60000000002,1325.5
1144.14999999999,1142.19,1152.7,1155.3,1160.8,1164.39999999999,1169.5,1178.60000000001,1175.40000000001,1185.29999999999,1169.39999999999,1179.39999999999,1201.90000000001,1225.2,1219.29999999999,1218.10000000001,1216.90000000001,1227.29999999999,1243.29999999999,1241.5,1246.2,1256.8,1252.3,1271.8,1276.60000000001,1290.10000000001,1303.89999999999,1310.70000000001,1325.5
1146.09999999999,1144.12,1154.7,1157.3,1162.8,1166.40000000001,1171.5,1180.60000000001,1177.3,1187.2,1171,1181,1203.60000000001,1227,1220.89999999999,1219.5,1218.10000000001,1228.39999999999,1244.39999999999,1242.5,1247.2,1257.8,1253,1272.5,1277.10000000001,1290.5,1304.2,1310.8,1325.5
1148.05,1146.05,1156.7,1159.3,1164.8,1168.39999999999,1173.5,1182.59999999999,1179.2,1189.09999999999,1172.59999999999,1182.59999999999,1205.3,1228.8,1222.5,1220.90000000001,1219.3,1229.5,1245.5,1243.5,1248.2,1258.8,1253.7,1273.2,1277.59999999999,1290.90000000001,1304.5,1310.90000000001,1325.5
1149.99999999999,1147.98,1158.70000000001,1161.29999999999,1166.79999999999,1170.40000000001,1175.5,1184.60000000001,1181.10000000001,1191,1174.2,1184.2,1207,1230.59999999999,1224.09999999999,1222.3,1220.5,1230.59999999999,1246.59999999999,1244.5,1249.20000000001,1259.79999999999,1254.40000000001,1273.90000000001,1278.10000000001,1291.3,1304.8,1311,1325.5
1151.95,1149.90999999999,1160.7,1163.3,1168.8,1172.39999999999,1177.5,1186.59999999999,1183.00000000001,1192.89999999998,1175.79999999999,1185.79999999999,1208.7,1232.39999999999,1225.7,1223.70000000001,1221.7,1231.7,1247.7,1245.5,1250.2,1260.8,1255.10000000001,1274.60000000001,1278.59999999999,1291.70000000001,1305.09999999999,1311.10000000002,1325.5
1153.89999999999,1151.84,1162.7,1165.3,1170.8,1174.39999999999,1179.5,1188.60000000001,1184.90000000001,1194.79999999999,1177.39999999999,1187.39999999999,1210.40000000001,1234.2,1227.29999999999,1225.10000000001,1222.90000000001,1232.79999999999,1248.79999999999,1246.5,1251.2,1261.8,1255.8,1275.3,1279.10000000001,1292.10000000001,1305.39999999999,1311.20000000001,1325.5
1155.84999999999,1153.77,1164.7,1167.3,1172.8,1176.40000000001,1181.5,1190.60000000001,1186.8,1196.7,1179,1189,1212.10000000001,1236,1228.89999999999,1226.5,1224.10000000001,1233.89999999999,1249.89999999999,1247.5,1252.2,1262.8,1256.5,1276,1279.60000000001,1292.5,1305.7,1311.3,1325.5
1157.8,1155.7,1166.7,1169.3,1174.8,1178.39999999999,1183.5,1192.59999999999,1188.7,1198.59999999999,1180.59999999999,1190.59999999999,1213.8,1237.8,1230.5,1227.90000000001,1225.3,1235,1251,1248.5,1253.2,1263.8,1257.2,1276.7,1280.09999999999,1292.90000000001,1306,1311.40000000001,1325.5
1159.74999999999,1157.62999999999,1168.70000000001,1171.29999999999,1176.79999999999,1180.40000000001,1185.5,1194.60000000001,1190.60000000001,1200.5,1182.2,1192.2,1215.5,1239.59999999999,1232.09999999999,1229.3,1226.5,1236.09999999999,1252.09999999999,1249.5,1254.20000000001,1264.79999999999,1257.90000000001,1277.40000000001,1280.60000000001,1293.3,1306.3,1311.5,1325.5
1161.7,1159.56,1170.7,1173.3,1178.8,1182.39999999999,1187.5,1196.59999999999,1192.50000000001,1202.39999999998,1183.79999999999,1193.79999999999,1217.2,1241.39999999999,1233.7,1230.70000000001,1227.7,1237.2,1253.2,1250.5,1255.2,1265.8,1258.60000000001,1278.10000000001,1281.09999999999,1293.70000000001,1306.59999999999,1311.60000000002,1325.5
1163.64999999999,1161.48999999999,1172.7,1175.3,1180.8,1184.39999999999,1189.5,1198.60000000001,1194.40000000001,1204.29999999999,1185.39999999999,1195.39999999999,1218.90000000001,1243.2,1235.29999999999,1232.10000000001,1228.90000000001,1238.29999999999,1254.29999999999,1251.5,1256.2,1266.8,1259.3,1278.8,1281.60000000001,1294.10000000001,1306.89999999999,1311.70000000001,1325.5
1165.59999999999,1163.42,1174.7,1177.3,1182.8,1186.40000000001,1191.5,1200.59999999999,1196.3,1206.19999999998,1186.99999999999,1196.99999999999,1220.60000000001,1245,1236.89999999999,1233.50000000001,1230.10000000001,1239.39999999999,1255.39999999999,1252.5,1257.2,1267.8,1260,1279.5,1282.09999999999,1294.50000000001,1307.2,1311.80000000002,1325.5
1167.55,1165.35000000001,1176.7,1179.3,1184.8,1188.39999999999,1193.5,1202.60000000001,1198.2,1208.09999999999,1188.59999999999,1198.59999999999,1222.30000000002,1246.8,1238.49999999999,1234.90000000001,1231.30000000002,1240.49999999999,1256.49999999999,1253.5,1258.2,1268.8,1260.7,1280.2,1282.60000000001,1294.90000000001,1307.5,1311.90000000001,1325.5
1169.49999999999,1167.27999999998,1178.70000000001,1181.29999999999,1186.79999999999,1190.40000000001,1195.5,1204.60000000001,1200.10000000001,1210,1190.2,1200.2,1224,1248.59999999999,1240.09999999999,1236.3,1232.5,1241.59999999999,1257.59999999999,1254.5,1259.20000000001,1269.79999999999,1261.40000000001,1280.90000000001,1283.10000000001,1295.3,1307.8,1312,1325.5
1171.45,1169.20999999999,1180.7,1183.3,1188.8,1192.39999999999,1197.5,1206.59999999999,1202.00000000001,1211.89999999998,1191.79999999999,1201.79999999999,1225.7,1250.39999999999,1241.7,1237.70000000001,1233.7,1242.7,1258.7,1255.5,1260.2,1270.8,1262.10000000001,1281.60000000001,1283.59999999999,1295.70000000001,1308.09999999999,1312.10000000002,1325.5
1173.39999999999,1171.14,1182.7,1185.3,1190.8,1194.39999999999,1199.5,1208.60000000001,1203.90000000001,1213.79999999999,1193.39999999999,1203.39999999999,1227.40000000001,1252.2,1243.29999999999,1239.10000000001,1234.90000000001,1243.79999999999,1259.79999999999,1256.5,1261.2,1271.8,1262.8,1282.3,1284.10000000001,1296.10000000001,1308.39999999999,1312.20000000001,1325.5
1175.34999999999,1173.06999999999,1184.7,1187.3,1192.8,1196.40000000001,1201.5,1210.59999999999,1205.8,1215.69999999998,1194.99999999999,1204.99999999999,1229.10000000001,1254,1244.89999999999,1240.50000000001,1236.10000000001,1244.89999999999,1260.89999999999,1257.5,1262.2,1272.8,1263.5,1283,1284.59999999999,1296.50000000001,1308.7,1312.30000000002,1325.5
1177.3,1175,1186.7,1189.3,1194.8,1198.39999999999,1203.5,1212.60000000001,1207.7,1217.59999999999,1196.59999999999,1206.59999999999,1230.80000000002,1255.8,1246.49999999999,1241.90000000001,1237.30000000002,1245.99999999999,1261.99999999999,1258.5,1263.2,1273.8,1264.2,1283.7,1285.10000000001,1296.90000000001,1309,1312.40000000001,1325.5
1179.24999999999,1176.92999999999,1188.70000000001,1191.29999999999,1196.79999999999,1200.40000000001,1205.5,1214.60000000001,1209.60000000001,1219.5,1198.2,1208.2,1232.5,1257.59999999999,1248.09999999999,1243.3,1238.5,1247.09999999999,1263.09999999999,1259.5,1264.20000000001,1274.79999999999,1264.90000000001,1284.40000000001,1285.60000000001,1297.3,1309.3,1312.5,1325.5
1181.2,1178.86,1190.7,1193.3,1198.8,1202.39999999999,1207.5,1216.59999999999,1211.50000000001,1221.39999999998,1199.79999999999,1209.79999999999,1234.2,1259.39999999999,1249.7,1244.70000000001,1239.7,1248.2,1264.2,1260.5,1265.2,1275.8,1265.60000000001,1285.10000000001,1286.09999999999,1297.70000000001,1309.59999999999,1312.60000000002,1325.5
1183.14999999999,1180.78999999999,1192.7,1195.3,1200.8,1204.39999999999,1209.5,1218.60000000001,1213.40000000001,1223.29999999999,1201.39999999999,1211.39999999999,1235.90000000001,1261.2,1251.29999999999,1246.10000000001,1240.90000000001,1249.29999999999,1265.29999999999,1261.5,1266.2,1276.8,1266.3,1285.8,1286.60000000001,1298.10000000001,1309.89999999999,1312.70000000001,1325.5
1185.09999999999,1182.72,1194.7,1197.3,1202.8,1206.40000000001,1211.5,1220.59999999999,1215.3,1225.19999999998,1202.99999999999,1212.99999999999,1237.60000000001,1263,1252.89999999999,1247.50000000001,1242.10000000001,1250.39999999999,1266.39999999999,1262.5,1267.2,1277.8,1267,1286.5,1287.09999999999,1298.50000000001,1310.2,1312.80000000002,1325.5
1187.04999999999,1184.64999999999,1196.70000000001,1199.29999999999,1204.79999999999,1208.39999999999,1213.5,1222.60000000001,1217.20000000001,1227.09999999999,1204.59999999999,1214.59999999999,1239.3,1264.79999999999,1254.49999999999,1248.90000000001,1243.3,1251.49999999999,1267.49999999999,1263.5,1268.20000000001,1278.79999999999,1267.70000000001,1287.20000000001,1287.60000000001,1298.90000000001,1310.5,1312.90000000001,1325.5
1188.99999999999,1186.57999999999,1198.7,1201.3,1206.8,1210.40000000001,1215.5,1224.60000000001,1219.10000000002,1228.99999999999,1206.2,1216.2,1241,1266.59999999999,1256.09999999999,1250.3,1244.5,1252.59999999999,1268.59999999999,1264.5,1269.2,1279.8,1268.40000000001,1287.90000000001,1288.10000000001,1299.3,1310.79999999999,1313.00000000001,1325.5
1190.95,1188.50999999999,1200.7,1203.3,1208.8,1212.39999999999,1217.5,1226.59999999999,1221.00000000001,1230.89999999998,1207.79999999999,1217.79999999999,1242.7,1268.39999999999,1257.7,1251.70000000001,1245.7,1253.7,1269.7,1265.5,1270.2,1280.8,1269.10000000001,1288.60000000001,1288.59999999999,1299.70000000001,1311.09999999999,1313.10000000002,1325.5
1192.89999999999,1190.44,1202.7,1205.3,1210.8,1214.39999999999,1219.5,1228.60000000001,1222.90000000001,1232.79999999999,1209.39999999999,1219.39999999999,1244.40000000001,1270.2,1259.29999999999,1253.10000000001,1246.90000000001,1254.79999999999,1270.79999999999,1266.5,1271.2,1281.8,1269.8,1289.3,1289.10000000001,1300.10000000001,1311.39999999999,1313.20000000001,1325.5
1194.84999999999,1192.37,1204.7,1207.3,1212.8,1216.40000000001,1221.5,1230.59999999999,1224.8,1234.69999999998,1210.99999999999,1220.99999999999,1246.10000000001,1272,1260.89999999999,1254.50000000001,1248.10000000001,1255.89999999999,1271.89999999999,1267.5,1272.2,1282.8,1270.5,1290,1289.59999999999,1300.50000000001,1311.7,1313.30000000002,1325.5
1196.79999999999,1194.29999999999,1206.70000000001,1209.29999999999,1214.79999999999,1218.39999999999,1223.5,1232.60000000001,1226.70000000001,1236.59999999999,1212.59999999999,1222.59999999999,1247.8,1273.79999999999,1262.49999999999,1255.90000000001,1249.3,1256.99999999999,1272.99999999999,1268.5,1273.20000000001,1283.79999999999,1271.20000000001,1290.70000000001,1290.10000000001,1300.90000000001,1312,1313.40000000002,1325.5
1198.74999999999,1196.23,1208.7,1211.3,1216.8,1220.40000000001,1225.5,1234.60000000001,1228.60000000002,1238.49999999999,1214.2,1224.2,1249.5,1275.59999999999,1264.09999999999,1257.3,1250.5,1258.09999999999,1274.09999999999,1269.5,1274.2,1284.8,1271.90000000001,1291.40000000001,1290.60000000001,1301.3,1312.29999999999,1313.50000000003,1325.5
1200.7,1198.15999999999,1210.7,1213.3,1218.8,1222.39999999999,1227.5,1236.59999999999,1230.50000000001,1240.39999999998,1215.79999999999,1225.79999999999,1251.2,1277.39999999999,1265.7,1258.70000000001,1251.7,1259.2,1275.2,1270.5,1275.2,1285.8,1272.60000000001,1292.10000000001,1291.09999999999,1301.70000000001,1312.59999999999,1313.60000000001,1325.5
1202.64999999999,1200.09,1212.7,1215.3,1220.8,1224.39999999999,1229.5,1238.60000000001,1232.40000000001,1242.29999999999,1217.39999999999,1227.39999999999,1252.90000000001,1279.2,1267.29999999999,1260.10000000001,1252.90000000001,1260.29999999999,1276.29999999999,1271.5,1276.2,1286.8,1273.3,1292.8,1291.60000000001,1302.10000000001,1312.89999999999,1313.70000000001,1325.5
1204.59999999999,1202.02,1214.7,1217.3,1222.8,1226.40000000001,1231.5,1240.59999999999,1234.3,1244.19999999998,1218.99999999999,1228.99999999999,1254.60000000001,1281,1268.89999999999,1261.50000000001,1254.10000000001,1261.39999999999,1277.39999999999,1272.5,1277.2,1287.8,1274,1293.5,1292.09999999999,1302.5,1313.19999999998,1313.80000000002,1325.5
