11894,11533,11167,10809,10463,10180,9882.6,9593.7,9297.4,9000.5,8704.9,8420.6,8126.2,7831.8,7540,7246.3,6954.9,6639.9,6363.3,6277.6,6193.1,6000.4,5712,5424.5,5136,4848.9,4552.1,4267.7,3981.9
11963,11602,11235,10876,10524,10232,9934.3,9645.4,9348.5,9051.5,8755.3,8470.5,8176.1,7881.7,7588.8,7295.6,7003.7,6688.1,6411,6325.3,6240.8,6048.1,5759.1,5471.2,5182.7,4895.1,4598.3,4312.9,4027.1
12032,11671,11302,10944,10586,10284,9986,9697,9399.5,9102.6,8805.8,8520.3,8226,7931.6,7637.5,7344.9,7052.5,6736.3,6458.7,6373,6288.5,6095.8,5806.3,5517.9,5229.4,4941.3,4644.5,4358.1,4072.3
12101,11738,11369,11010,10648,10337,10038,9748.7,9450.6,9153.6,8856.3,8570.2,8275.9,7981.5,7686.7,7394.2,7101.2,6784.6,6506.4,6420.7,6336.2,6143.5,5853.5,5564.5,5276,4987.5,4690.6,4403.6,4117.5
12167,11801,11437,11073,10710,10389,10089,9800.4,9501.6,9204.3,8906.7,8620.5,8325.7,8031,7736,7443.1,7150,6832.8,6554.1,6468.4,6383.8,6190.9,5900.7,5611.2,5322.7,5034.2,4736.7,4449.3,4162.9
12231,11866,11505,11136,10777,10441,10145,9852,9553.1,9254.8,8960,8670.9,8375.6,8080.3,7785.3,7491.9,7198.8,6881,6602.1,6516.2,6431.5,6238,5947.8,5657.9,5369.4,5080.9,4782.4,4494.9,4208.6
12298,11935,11572,11204,10844,10494,10202,9903.7,9604.8,9307.9,9015.7,8721.4,8425.5,8129.9,7834.7,7540.7,7247.5,6929.2,6650.3,6564.4,6479.2,6285.4,5995,5704.8,5416,5127.1,4828.1,4540.6,4254.3
12367,12003,11636,11272,10907,10547,10256,9955.4,9656.1,9363.6,9069.4,8771.9,8475.4,8179.8,7885.3,7589.4,7297.8,6977.4,6698.4,6612.6,6526.9,6333.1,6042.3,5752,5462.7,5173.3,4877.3,4586.3,4299.5
12436,12072,11700,11339,10970,10610,10307,10007,9707.2,9417.7,9119.9,8822.3,8525.3,8230.4,7939.1,7639.1,7351,7025.7,6746,6660.3,6574.6,6380.8,6090,5799.1,5509.4,5219.7,4927.6,4635.3,4344.7
12505,12141,11768,11407,11037,10677,10359,10059,9760.1,9468.7,9170.5,8872.8,8575.7,8284.2,7992.6,7692.9,7403.8,7074.5,6794.1,6708,6622.3,6432.9,6137.7,5846.3,5556,5266.3,4976.5,4685.7,4393
12574,12210,11836,11475,11104,10744,10412,10112,9816.5,9519.9,9221.5,8923.6,8630.8,8338,8042.5,7746.7,7452.6,7123.3,6846.7,6759.4,6672.1,6484.9,6189,5893.5,5602.7,5313.3,5022.7,4734.5,4442.8
12643,12279,11905,11543,11171,10811,10466,10170,9871.8,9571.6,9272.8,8978.6,8685.8,8388.1,8092.4,7796.3,7501.4,7175.3,6899.3,6812,6724.7,6533.9,6240.4,5944.4,5649.4,5363.6,5068.8,4780.2,4491.6
12715,12348,11975,11611,11239,10878,10524,10226,9923.5,9623.5,9328.5,9033.7,8736.1,8437.9,8145.6,7845.6,7553.8,7227.9,6948.4,6862.6,6776.7,6581.5,6289.6,5995.8,5699.7,5414,5119.6,4825.9,4537.3
12790,12417,12048,11679,11309,10944,10585,10283,9975.6,9679.2,9384.2,9088.7,8786,8491.3,8199.4,7898.1,7607,7280.9,6996.7,6910.8,6824.9,6631.2,6337.3,6047.3,5751.2,5462.2,5170.5,4875.8,4583
12862,12486,12121,11751,11381,11011,10652,10338,10032,9734.9,9439.9,9143.8,8839.6,8545.7,8250.8,7951.9,7658,7334.1,7047.2,6959.8,6873.1,6683.8,6386.3,6098.7,5802.4,5509.4,5218.5,4926.2,4632.1
12931,12557,12190,11823,11451,11079,10718,10391,10088,9791.2,9495.6,9196,8894.6,8600.5,8300.7,8005.7,7707.3,7385.8,7099.8,7012.4,6924.6,6736.4,6438.3,6149.4,5853.3,5557.8,5264.7,4974.4,4682
13003,12631,12259,11893,11519,11148,10785,10443,10145,9847.5,9551.3,9247.1,8949.7,8655.5,8352.5,8059.5,7757.9,7434.6,7152.5,7065,6976.6,6788.4,6490.4,6196.5,5904.3,5608.7,5312,5020.5,4732.1
13078,12704,12332,11962,11590,11220,10852,10500,10202,9903.9,9607,9300.7,9004.7,8710.3,8406.9,8113.3,7811.1,7483.7,7205.7,7117.6,7029.3,6840.4,6542.4,6243.7,5955.7,5659.7,5362.9,5067.3,4782.4
13150,12778,12405,12034,11663,11293,10924,10557,10259,9960.3,9662.7,9356.4,9059.8,8764.7,8461.3,8167.1,7864.3,7536.9,7258.9,7170.3,7082.5,6892.9,6594.4,6295.1,6007.2,5710.6,5413.8,5117.7,4832.8
13219,12852,12479,12107,11736,11366,10996,10623,10315,10017,9718.4,9412.1,9114.9,8819.3,8515.7,8220.9,7918.1,7590.1,7311.5,7223.2,7135.5,6945.5,6646.5,6347.1,6058.7,5761.5,5464.7,5168.1,4882.6
13291,12921,12553,12180,11808,11437,11064,10690,10372,10073,9774.4,9467.8,9170,8874.3,8570.1,8275.3,7972,7643.3,7364.1,7276.4,7188.1,6998.1,6698.5,6399.1,6110.1,5812.4,5515.6,5218.4,4932.4
13365,12991,12622,12253,11879,11505,11131,10761,10429,10129,9830.8,9523.5,9225.7,8929.4,8624.6,8329.7,8025.8,7696.5,7417.1,7329.6,7240.7,7050.7,6750.7,6451.2,6161.6,5863.3,5566.5,5268.8,4982.6
13440,13065,12691,12324,11947,11573,11203,10834,10486,10186,9887.2,9579.2,9281.4,8984.4,8679,8384.1,8079.6,7752.5,7470.3,7382.8,7293.9,7103.5,6803.3,6504.3,6213.1,5914.4,5617.4,5321,5033
13515,13140,12765,12393,12019,11645,11275,10905,10543,10242,9943.5,9635.3,9337.1,9039.5,8733.9,8438.6,8136.6,7810.8,7523.8,7436,7347.1,7156.7,6855.9,6560.7,6264.6,5965.8,5669,5376.1,5083.4
13591,13214,12839,12467,12097,11718,11348,10976,10608,10299,9999.9,9695.6,9392.8,9095.1,8789,8493,8195.5,7867.6,7577.6,7489.2,7400.3,7209.9,6907.9,6617,6316.6,6017.3,5724.2,5431.2,5133.7
13666,13289,12917,12545,12173,11796,11420,11048,10679,10358,10056,9756,9452.6,9150.8,8846.4,8547.4,8252.3,7921.4,7632.2,7542.4,7453.5,7262.5,6959.9,6669.3,6368.6,6068.7,5779.3,5482.1,5184.1
13744,13369,12996,12621,12247,11873,11496,11120,10750,10419,10113,9812.6,9512.9,9206,8905.4,8603.6,8306.1,7975.2,7689.9,7599.4,7509,7315.1,7016.5,6721.3,6420.7,6120.2,5831.5,5533,5234.5
13824,13448,13071,12695,12321,11946,11573,11195,10822,10479,10174,9869,9569.9,9261.1,8962.7,8662.6,8360,8029,7747.5,7657,7566.6,7371.3,7074.1,6773.7,6472.7,6174.7,5883,5583.9,5284.8
13902,13523,13146,12769,12394,12020,11646,11272,10895,10536,10235,9928.5,9625.6,9318.7,9017.8,8720.8,8414.5,8082.8,7801.5,7712,7623.1,7428.9,7129,6826.3,6526.8,6231.1,5934.4,5634.8,5337.6
13977,13598,13220,12843,12467,12093,11718,11347,10971,10594,10292,9988.9,9683.9,9379,9074.1,8775.8,8468.9,8140.5,7855.3,7765.2,7676.3,7484.5,7181.6,6880.5,6583.1,6287.2,5985.9,5687,5392.7
14054,13678,13294,12919,12541,12166,11791,11419,11046,10670,10348,10047,9744.3,9439.3,9134.4,8831,8527.7,8198.8,7912.3,7820.2,7729.5,7537.7,7235.6,6937.5,6639.6,6343,6038,5742.2,5447.9
14135,13758,13373,12998,12616,12243,11864,11493,11118,10746,10409,10103,9803,9499.7,9194.7,8890.6,8586.7,8257.5,7970.6,7878.4,7787.8,7592,7293.2,6994.5,6696.6,6398.7,6093.7,5797.3,5503
14213,13833,13453,13075,12694,12321,11940,11570,11191,10818,10471,10162,9859.4,9559.3,9254.3,8950.3,8646.2,8316.5,8028.9,7936.7,7846,7650.3,7350.8,7051.5,6753.6,6450.8,6149.5,5853.1,5558.2
14288,13908,13532,13149,12772,12395,12018,11646,11268,10889,10532,10223,9916.8,9615,9314,9009.9,8705.8,8373.5,8087.2,7995,7904.3,7708.5,7408.4,7108.5,6806.2,6502.9,6205.2,5908.8,5610
14366,13988,13611,13225,12851,12468,12096,11718,11345,10965,10593,10284,9977.2,9670.7,9370.1,9069.5,8765.1,8427.9,8144.3,8053.3,7962.6,7766.2,7466.1,7162,6858.2,6558.2,6261,5964.6,5660.9
14447,14068,13691,13305,12930,12546,12173,11792,11422,11042,10662,10346,10038,9731.1,9425.8,9129.2,8824,8483.3,8198.1,8112.2,8020.9,7823.8,7523.7,7214.6,6913.1,6615.2,6317,6020.3,5713.9
14528,14149,13771,13385,13009,12625,12250,11870,11499,11119,10738,10408,10099,9791.4,9484.9,9188.8,8883.2,8542.3,8252.1,8171.1,8079.2,7881.9,7581.3,7269.8,6970.1,6672,6373.4,6076.1,5769.7
14609,14230,13847,13464,13088,12703,12328,11947,11576,11195,10815,10469,10160,9851.7,9545.3,9248.5,8942.9,8601.2,8311,8229.6,8137.5,7940.2,7639,7327.4,7027.3,6728.3,6429.8,6131.8,5825.4
14690,14310,13922,13543,13167,12781,12407,12024,11653,11271,10892,10531,10221,9912.1,9605.6,9308.1,9002.5,8660.2,8370,8287.9,8195.8,7998.5,7696.6,7386.2,7084.9,6784.7,6486.1,6187.6,5881.2
14770,14390,14005,13623,13246,12859,12485,12101,11730,11348,10968,10597,10282,9972.9,9666,9368,9062.2,8719.2,8432.7,8346.5,8254.1,8056.8,7754.4,7448.2,7142.5,6841.7,6542.5,6243.9,5936.9
14851,14471,14091,13703,13325,12938,12564,12179,11807,11425,11044,10664,10344,10034,9728.3,9428.3,9121.8,8778.7,8496.2,8405.5,8313.1,8115.2,7812.7,7510.3,7199.5,6898.7,6599.4,6300.3,5992.7
14932,14552,14172,13783,13405,13017,12642,12257,11884,11502,11121,10745,10405,10098,9793.3,9488.6,9181.4,8838.3,8556.8,8464.4,8372,8174.2,7871,7567.9,7256.5,6955.7,6656.4,6356.6,6048.4
15017,14633,14252,13865,13484,13096,12720,12335,11961,11579,11197,10826,10470,10164,9857.2,9549,9241.1,8900.9,8615.8,8523.4,8431,8233.1,7929.2,7625.5,7317.4,7012.7,6713,6413,6106
15104,14714,14332,13950,13563,13179,12799,12413,12038,11656,11274,10902,10536,10227,9918.2,9609.3,9301.3,8965.1,8674.7,8582.3,8489.9,8291.4,7987.5,7683.7,7379.4,7072.3,6769.4,6469.4,6166.1
15187,14800,14412,14032,13643,13262,12879,12496,12116,11735,11355,10978,10605,10288,9979.2,9669.7,9361.7,9027.2,8733.7,8641.3,8548.9,8349.7,8045.8,7742,7439.2,7134.4,6827.1,6525.7,6225.7
15268,14885,14496,14112,13723,13343,12962,12579,12194,11817,11437,11055,10677,10349,10040,9730,9425.2,9086.9,8793.8,8700.2,8607.8,8412.3,8104.1,7800.2,7496.9,7195.1,6888.5,6582.3,6282.1
15353,14966,14582,14194,13807,13422,13044,12658,12272,11897,11514,11131,10753,10410,10100,9794.2,9490.2,9147.8,8858,8763.6,8668.8,8475.7,8164.9,7858.5,7555.6,7252.1,6949.9,6643.7,6338.5
15440,15048,14664,14279,13891,13505,13123,12737,12353,11974,11591,11211,10834,10472,10166,9859.2,9552.3,9212,8922.1,8827.8,8732.3,8536.4,8227.6,7918.1,7617.7,7309.1,7006.9,6705,6398.3
15523,15134,14745,14362,13976,13590,13203,12819,12436,12053,11673,11293,10912,10539,10231,9921.5,9612,9275.8,8981.7,8889.1,8794.9,8595.4,8289.2,7980.9,7679.7,7371.1,7063.9,6763.1,6459
15604,15221,14830,14443,14061,13674,13287,12902,12519,12136,11754,11371,10989,10607,10293,9982.6,9673.8,9335.4,9041.4,8948.7,8854.5,8656.5,8348.1,8043.6,7738,7433.2,7124.5,6820.1,6517.9
15689,15308,14916,14526,14140,13758,13370,12986,12602,12218,11832,11448,11066,10688,10354,10046,9739.6,9395.1,9104.9,9010.5,8914.5,8720.7,8407.6,8106.4,7796.3,7492,7186.6,6879.2,6574.9
15776,15394,15002,14611,14220,13839,13450,13070,12682,12301,11909,11528,11147,10768,10419,10112,9804.1,9459.6,9169.2,9074.7,8978.7,8783.7,8471.1,8169.2,7858,7549.6,7248.6,6940.5,6632.6
15863,15480,15088,14696,14306,13919,13531,13149,12760,12383,11991,11608,11228,10849,10486,10178,9864.4,9524.6,9230.3,9139,9042.9,8842.7,8534.6,8228.8,7920.8,7609.7,7310.7,7001.9,6693.3
15950,15567,15174,14782,14392,14002,13614,13228,12841,12461,12073,11690,11310,10930,10555,10244,9925.2,9589.6,9289.9,9203.2,9107.2,8901.8,8598.1,8287.7,7983.6,7672.4,7371.8,7063.3,6754
16037,15654,15260,14868,14477,14087,13698,13311,12924,12540,12155,11771,11391,11011,10625,10309,9990.9,9654.6,9352.2,9267.4,9171.4,8966,8661.6,8349.1,8046.4,7735.2,7429.5,7124.7,6815.3
16125,15741,15346,14954,14562,14172,13782,13395,13008,12622,12237,11854,11472,11092,10701,10375,10057,9719.6,9417.2,9331.7,9235.6,9030.3,8725.6,8411.8,8109.3,7798,7487.1,7186.7,6876.7
16213,15828,15432,15040,14647,14257,13867,13483,13091,12705,12320,11936,11553,11172,10782,10441,10122,9784.5,9482.2,9395.9,9299.8,9094.5,8789.8,8475.2,8172.8,7860.8,7548.9,7248.7,6938.5
16301,15915,15519,15126,14732,14345,13957,13572,13176,12788,12403,12019,11635,11253,10865,10507,10187,9849.9,9547.2,9460.8,9364.5,9158.7,8854.1,8539.4,8236.2,7923.5,7611,7310.8,7000.6
16393,16001,15606,15212,14818,14434,14046,13657,13265,12871,12489,12101,11717,11335,10950,10573,10252,9915.6,9612.2,9525.8,9429.5,9223.5,8918.3,8603.5,8299,7986.3,7673.6,7372.9,7062.4
16485,16088,15692,15298,14904,14522,14131,13741,13352,12960,12576,12184,11798,11416,11034,10649,10318,9981.1,9677.1,9590.8,9494.4,9288.4,8982.3,8667,8361.8,8049.1,7736.3,7434.9,7123.7
16573,16176,15778,15387,14995,14608,14216,13825,13435,13048,12661,12272,11880,11498,11115,10725,10384,10046,9742.3,9655.8,9559.4,9353,9045.8,8730.5,8425.2,8111.8,7801.2,7497,7185.2
16662,16266,15871,15478,15086,14693,14301,13910,13520,13131,12744,12358,11967,11579,11196,10810,10451,10111,9811.9,9720.8,9624.4,9417.3,9109.5,8794,8488.7,8174.6,7868.4,7559,7247.2
16754,16358,15963,15567,15172,14778,14386,13994,13604,13214,12827,12441,12055,11662,11278,10895,10522,10177,9881.5,9785.7,9689.4,9483.3,9174.5,8857.5,8552.2,8237.4,7934.6,7621.1,7309.3
16846,16448,16050,15654,15258,14867,14476,14078,13691,13302,12911,12524,12138,11749,11360,10977,10597,10243,9947.8,9850.7,9754.4,9552.9,9239.4,8925.2,8615.7,8301.8,7997.4,7683.2,7371.4
16934,16535,16137,15743,15349,14958,14566,14166,13780,13391,12997,12607,12220,11834,11446,11058,10675,10309,10014,9915.7,9819.4,9621.7,9303.7,8994,8679.5,8369.8,8060.2,7745.9,7433.4
17023,16626,16230,15834,15440,15046,14651,14256,13867,13476,13085,12690,12306,11917,11531,11142,10756,10374,10079,9982.4,9884.3,9686.7,9367.9,9060,8743.7,8437.4,8122.9,7808.6,7498
17117,16719,16322,15926,15526,15132,14738,14346,13951,13559,13170,12778,12393,12001,11613,11228,10838,10445,10144,10053,9954.3,9751.7,9436.5,9124.2,8809.2,8500.8,8185.7,7874.4,7564.5
17210,16812,16414,16018,15613,15221,14828,14436,14036,13649,13254,12866,12478,12087,11695,11310,10924,10516,10212,10122,10025,9816.7,9506.1,9190.8,8878,8564.3,8252.5,7941.6,7629.9
17304,16904,16505,16107,15705,15312,14918,14523,14126,13738,13340,12953,12560,12174,11781,11391,11008,10591,10282,10188,10091,9881.7,9572.7,9260.5,8946.4,8628.5,8320.6,8007.2,7692.6
17397,16993,16592,16194,15797,15403,15009,14609,14216,13827,13429,13041,12646,12261,11868,11475,11089,10666,10351,10254,10156,9951.4,9637.7,9328.5,9010.6,8692.7,8386,8070.7,7755.8
17490,17082,16681,16285,15888,15494,15100,14698,14306,13916,13518,13130,12734,12346,11954,11561,11171,10748,10418,10325,10224,10022,9705,9392.8,9074.9,8759.7,8449.5,8135.1,7823
17584,17174,16774,16377,15979,15585,15191,14788,14396,14002,13607,13218,12822,12429,12041,11648,11256,10834,10486,10395,10295,10092,9774.6,9457.6,9143.3,8827.8,8514.6,8202.3,7890.3
17677,17268,16868,16470,16072,15676,15283,14878,14486,14087,13695,13307,12909,12513,12128,11735,11342,10919,10556,10461,10366,10163,9844.3,9527.2,9212.1,8896.2,8582.7,8269.6,7957.5
17771,17366,16961,16562,16164,15767,15374,14968,14576,14179,13784,13396,12997,12600,12216,11821,11428,11005,10630,10527,10437,10230,9913.9,9596.8,9280.9,8965,8650.8,8337.6,8024.8
17866,17464,17056,16654,16256,15858,15465,15058,14665,14273,13873,13485,13085,12688,12303,11908,11515,11090,10716,10605,10508,10296,9982.8,9662,9349.8,9032.2,8719.6,8405.6,8089.7
17960,17558,17154,16746,16348,15950,15556,15149,14756,14363,13963,13574,13173,12776,12390,11994,11601,11176,10801,10686,10578,10364,10049,9727,9416.4,9096.5,8788.5,8470.1,8153.2
18053,17651,17249,16844,16441,16043,15647,15244,14847,14453,14053,13662,13262,12864,12477,12081,11688,11262,10887,10770,10653,10435,10115,9795.7,9481.4,9161.6,8852.8,8533.6,8218.6
18148,17745,17343,16943,16535,16135,15738,15341,14937,14543,14142,13751,13351,12957,12565,12168,11779,11347,10972,10855,10738,10507,10185,9865.3,9548.3,9231.2,8917,8600.2,8286.6
18242,17838,17436,17035,16632,16227,15829,15433,15027,14633,14232,13840,13439,13051,12652,12256,11870,11433,11063,10944,10825,10582,10256,9935.5,9617.9,9300.8,8984.9,8669,8354.6
18341,17933,17530,17128,16728,16324,15920,15524,15119,14724,14327,13929,13530,13139,12740,12344,11958,11520,11153,11034,10915,10659,10326,10006,9687.5,9369.7,9053.7,8737.5,8422.6
18441,18028,17626,17221,16821,16421,16013,15615,15215,14815,14421,14018,13624,13226,12830,12436,12045,11607,11239,11122,11005,10745,10396,10076,9757.2,9438.5,9122.5,8805.5,8490.7
18536,18127,17725,17315,16914,16514,16110,15706,15310,14909,14510,14108,13716,13315,12923,12529,12131,11699,11324,11208,11091,10831,10467,10147,9826.9,9508,9191.4,8873.7,8558.7
18631,18225,17821,17413,17006,16606,16206,15802,15401,15004,14600,14201,13804,13404,13013,12616,12218,11789,11410,11295,11176,10921,10537,10217,9897.3,9577.6,9260.2,8942.5,8626.7
18727,18319,17915,17511,17102,16703,16298,15900,15494,15096,14690,14295,13895,13497,13102,12704,12308,11876,11496,11385,11266,11012,10618,10288,9967.8,9647.2,9329,9011.3,8695.4
18823,18416,18013,17605,17201,16800,16392,15991,15590,15187,14782,14386,13989,13591,13193,12797,12401,11963,11585,11475,11357,11097,10704,10359,10042,9716.8,9399.2,9080.1,8764.2
18922,18518,18112,17699,17298,16893,16490,16082,15684,15281,14877,14476,14081,13680,13285,12889,12490,12054,11677,11561,11444,11183,10792,10435,10116,9789.4,9473.5,9149,8835.9
19021,18617,18208,17798,17396,16985,16585,16179,15775,15376,14972,14570,14171,13769,13376,12977,12576,12146,11768,11649,11531,11273,10882,10510,10187,9864.5,9547.3,9222.3,8909.3
19121,18714,18304,17897,17491,17084,16677,16276,15868,15467,15068,14665,14263,13862,13465,13065,12666,12234,11860,11740,11621,11363,10970,10586,10258,9937.5,9616.9,9296.6,8980.7
19222,18813,18405,17997,17586,17183,16772,16373,15966,15559,15162,14759,14358,13956,13556,13157,12760,12321,11948,11832,11712,11454,11056,10662,10328,10007,9686.5,9367.7,9049.5
19325,18913,18506,18096,17684,17281,16869,16469,16063,15654,15253,14854,14452,14051,13649,13249,12853,12412,12035,11923,11804,11546,11143,10752,10399,10077,9756.9,9437.3,9118.3
19430,19015,18606,18193,17782,17380,16967,16566,16159,15750,15346,14950,14547,14145,13743,13343,12946,12504,12124,12014,11895,11637,11233,10841,10472,10147,9827.4,9507,9187.1
19536,19116,18707,18291,17883,17478,17066,16663,16255,15847,15441,15046,14642,14239,13837,13437,13038,12596,12217,12101,11987,11728,11324,10931,10548,10218,9901,9576.6,9256.4
19637,19221,18808,18390,17984,17576,17165,16757,16353,15945,15536,15141,14737,14333,13931,13530,13131,12689,12309,12187,12078,11817,11416,11021,10631,10294,9975.2,9648,9330.7
19740,19324,18910,18493,18083,17671,17263,16851,16450,16041,15632,15236,14832,14428,14026,13624,13224,12781,12400,12280,12167,11903,11507,11113,10721,10369,10047,9722.2,9404.9
19843,19426,19013,18599,18182,17768,17363,16948,16547,16137,15729,15332,14927,14523,14120,13718,13318,12874,12492,12372,12253,11993,11597,11204,10811,10440,10117,9796.5,9474.9
19952,19533,19114,18702,18281,17871,17463,17046,16645,16234,15826,15428,15022,14617,14214,13812,13411,12967,12585,12465,12345,12084,11687,11295,10900,10511,10190,9870.8,9544.5
20065,19642,19215,18804,18380,17972,17559,17146,16742,16332,15923,15524,15118,14712,14308,13905,13505,13061,12677,12557,12442,12178,11779,11385,10990,10594,10266,9944.8,9617.7
20175,19747,19322,18903,18481,18072,17655,17246,16840,16429,16019,15621,15214,14807,14403,13999,13599,13154,12770,12653,12538,12274,11870,11476,11082,10679,10341,10015,9692
20285,19855,19430,19005,18588,18172,17759,17347,16939,16526,16118,15717,15309,14902,14498,14094,13692,13246,12864,12749,12630,12369,11962,11567,11173,10768,10416,10086,9766.3
20395,19967,19540,19111,18698,18272,17863,17449,17039,16625,16221,15813,15404,14998,14593,14188,13786,13343,12961,12844,12723,12461,12053,11658,11263,10858,10491,10161,9840.5
20508,20078,19647,19219,18803,18380,17963,17552,17141,16724,16321,15909,15500,15094,14689,14283,13880,13441,13058,12937,12815,12554,12150,11748,11353,10951,10567,10236,9913
20626,20190,19754,19328,18908,18488,18065,17652,17242,16824,16418,16005,15598,15193,14789,14378,13975,13537,13151,13030,12908,12647,12248,11842,11445,11046,10647,10311,9983.5
20748,20308,19869,19439,19016,18593,18172,17751,17343,16924,16517,16102,15699,15293,14887,14476,14073,13631,13245,13123,13001,12739,12340,11939,11536,11140,10742,10386,10056
20866,20423,19984,19551,19124,18698,18277,17856,17442,17025,16617,16200,15799,15390,14982,14575,14171,13724,13339,13220,13094,12832,12431,12034,11631,11231,10837,10462,10131
20988,20539,20101,19664,19233,18804,18380,17963,17542,17127,16717,16303,15896,15486,15078,14670,14266,13818,13433,13318,13192,12925,12527,12126,11726,11324,10927,10538,10206
21115,20661,20219,19778,19345,18916,18489,18070,17647,17230,16817,16407,15994,15587,15174,14765,14362,13914,13531,13413,13288,13023,12625,12219,11818,11419,11017,10622,10281
21237,20785,20340,19893,19458,19029,18599,18177,17753,17333,16918,16507,16091,15688,15271,14864,14462,14013,13628,13505,13382,13121,12719,12315,11910,11513,11112,10712,10356
21366,20911,20462,20010,19570,19140,18713,18288,17860,17437,17019,16607,16192,15786,15371,14964,14561,14110,13721,13602,13477,13219,12811,12410,12006,11604,11207,10805,10432
21497,21038,20585,20134,19689,19254,18825,18396,17967,17543,17128,16708,16298,15883,15472,15065,14654,14205,13815,13700,13575,13317,12908,12503,12103,11697,11298,10900,10508
21629,21166,20708,20259,19812,19371,18934,18502,18074,17648,17237,16812,16400,15986,15574,15166,14749,14301,13915,13796,13674,13411,13006,12596,12196,11793,11388,10993,10593
21773,21297,20834,20380,19928,19486,19048,18612,18184,17760,17341,16920,16500,16090,15675,15263,14849,14400,14015,13890,13773,13505,13104,12694,12288,11890,11483,11084,10677
21912,21429,20968,20507,20051,19602,19164,18724,18294,17873,17445,17025,16604,16189,15772,15359,14949,14499,14112,13986,13871,13604,13202,12791,12382,11986,11579,11175,10772
22051,21568,21100,20635,20177,19723,19283,18839,18405,17982,17550,17128,16711,16288,15872,15459,15050,14597,14210,14085,13970,13702,13297,12890,12480,12081,11676,11269,10866
22195,21711,21229,20762,20303,19847,19403,18956,18521,18090,17661,17235,16820,16395,15976,15561,15152,14697,14309,14184,14069,13801,13391,12986,12579,12173,11772,11366,10960
22345,21855,21365,20891,20432,19972,19523,19073,18640,18200,17775,17347,16927,16501,16080,15664,15253,14797,14410,14282,14167,13897,13487,13085,12676,12265,11868,11462,11056
22495,21996,21508,21025,20561,20097,19644,19195,18758,18314,17884,17455,17031,16608,16185,15768,15354,14897,14508,14383,14266,13996,13584,13183,12773,12361,11964,11558,11152
22645,22143,21654,21163,20694,20229,19769,19321,18872,18433,17994,17562,17136,16715,16290,15871,15455,14998,14607,14487,14364,14094,13685,13279,12871,12459,12061,11654,11248
22798,22298,21800,21309,20829,20364,19901,19442,18996,18553,18109,17675,17246,16824,16395,15975,15557,15102,14706,14588,14463,14193,13787,13376,12967,12556,12157,11751,11343
22959,22449,21941,21450,20969,20493,20027,19566,19117,18672,18226,17788,17356,16932,16504,16084,15661,15208,14807,14688,14562,14289,13886,13472,13063,12654,12254,11847,11438
23123,22601,22093,21591,21105,20627,20155,19694,19236,18789,18346,17902,17469,17041,16611,16196,15766,15312,14913,14789,14660,14393,13983,13570,13161,12755,12352,11943,11534
23294,22758,22250,21741,21249,20768,20291,19825,19362,18914,18465,18020,17585,17153,16722,16300,15875,15413,15019,14890,14767,14499,14084,13671,13263,12856,12448,12039,11630
23466,22928,22405,21896,21395,20909,20427,19957,19491,19043,18585,18145,17705,17263,16837,16407,15986,15518,15120,14994,14873,14602,14187,13774,13364,12953,12544,12135,11727
23642,23095,22568,22050,21548,21050,20568,20088,19626,19167,18710,18265,17820,17380,16947,16519,16096,15627,15221,15099,14979,14706,14291,13878,13460,13049,12641,12234,11823
23817,23267,22726,22204,21698,21196,20713,20231,19760,19291,18838,18383,17936,17499,17058,16630,16204,15736,15328,15204,15083,14807,14394,13979,13559,13149,12740,12334,11921
23997,23442,22890,22368,21853,21345,20850,20370,19889,19419,18961,18508,18058,17617,17175,16740,16309,15845,15434,15311,15189,14908,14498,14082,13662,13250,12842,12430,12021
24181,23618,23066,22533,22008,21499,20994,20507,20027,19552,19088,18635,18181,17737,17292,16852,16418,15954,15543,15419,15295,15020,14602,14186,13763,13351,12943,12526,12120
24370,23794,23241,22699,22167,21652,21147,20650,20168,19690,19221,18762,18306,17858,17408,16967,16530,16063,15650,15527,15404,15128,14708,14290,13864,13452,13044,12625,12221
24559,23981,23414,22868,22331,21810,21298,20795,20311,19825,19355,18891,18432,17980,17530,17086,16648,16174,15764,15636,15510,15234,14811,14393,13966,13553,13144,12724,12319
24751,24170,23594,23042,22495,21967,21455,20944,20454,19966,19488,19021,18558,18102,17656,17209,16768,16286,15878,15743,15619,15341,14916,14497,14074,13654,13243,12826,12418
24953,24360,23782,23219,22669,22134,21613,21099,20601,20107,19622,19153,18684,18224,17778,17325,16884,16403,15989,15856,15729,15447,15022,14600,14183,13758,13344,12930,12517
25151,24556,23966,23400,22843,22305,21767,21255,20751,20254,19765,19289,18815,18350,17900,17444,17000,16520,16100,15971,15844,15556,15130,14709,14291,13865,13445,13034,12622
25349,24753,24158,23582,23016,22474,21931,21415,20898,20402,19910,19429,18951,18483,18028,17571,17121,16641,16216,16088,15959,15670,15241,14819,14397,13973,13551,13134,12726
25554,24950,24350,23768,23196,22643,22101,21576,21052,20552,20054,19569,19086,18617,18155,17696,17245,16758,16332,16203,16075,15785,15354,14929,14506,14078,13657,13235,12825
25767,25148,24548,23958,23382,22821,22273,21739,21210,20702,20199,19714,19226,18751,18285,17822,17367,16879,16450,16320,16189,15899,15467,15038,14614,14185,13763,13341,12924
25979,25356,24750,24155,23569,22997,22444,21902,21376,20856,20349,19856,19366,18887,18419,17948,17492,17001,16574,16437,16304,16015,15580,15149,14723,14294,13868,13448,13026
26191,25564,24947,24347,23752,23178,22621,22070,21536,21013,20499,20000,19509,19025,18551,18078,17624,17123,16698,16560,16424,16137,15698,15260,14834,14404,13978,13558,13131
26409,25773,25153,24544,23949,23364,22803,22245,21702,21175,20655,20149,19656,19169,18690,18215,17753,17247,16819,16685,16548,16260,15816,15375,14942,14517,14089,13666,13238
26623,25989,25366,24753,24145,23561,22984,22419,21870,21341,20815,20305,19807,19311,18829,18349,17881,17375,16940,16805,16674,16383,15932,15491,15054,14628,14196,13772,13346
26842,26205,25578,24960,24343,23746,23164,22598,22041,21507,20975,20458,19958,19457,18965,18490,18015,17507,17065,16925,16798,16505,16051,15610,15170,14738,14304,13878,13455
27068,26418,25790,25161,24551,23946,23361,22778,22223,21675,21137,20617,20109,19604,19110,18629,18149,17637,17191,17054,16926,16628,16171,15730,15287,14850,14415,13988,13565
27294,26637,26004,25370,24753,24147,23552,22968,22400,21843,21303,20775,20262,19755,19260,18768,18285,17767,17320,17184,17053,16752,16297,15849,15408,14969,14529,14099,13673
27525,26862,26219,25582,24958,24351,23746,23157,22581,22022,21476,20943,20418,19907,19404,18914,18427,17902,17451,17317,17179,16878,16425,15968,15529,15088,14645,14210,13782
27751,27091,26438,25794,25167,24551,23943,23347,22768,22200,21644,21109,20574,20064,19554,19062,18571,18038,17588,17447,17309,17009,16551,16095,15646,15202,14764,14320,13893
27981,27319,26657,26014,25384,24756,24140,23540,22958,22387,21822,21272,20742,20225,19710,19206,18713,18174,17727,17580,17444,17143,16674,16220,15766,15320,14882,14438,14003
28216,27544,26881,26233,25596,24966,24350,23738,23152,22569,22001,21443,20908,20384,19868,19355,18853,18316,17864,17719,17581,17273,16802,16348,15891,15443,15001,14557,14115
28450,27774,27107,26454,25814,25176,24559,23938,23345,22756,22179,21624,21078,20547,20026,19508,19001,18460,18005,17855,17718,17401,16933,16476,16018,15567,15121,14675,14231
28688,28000,27337,26685,26029,25388,24766,24144,23542,22947,22369,21804,21254,20713,20184,19662,19157,18608,18145,17994,17856,17543,17065,16605,16144,15691,15242,14793,14350
28925,28234,27570,26904,26249,25599,24978,24353,23739,23141,22558,21984,21429,20878,20347,19823,19311,18759,18289,18138,17995,17686,17202,16736,16273,15813,15363,14916,14470
29164,28473,27802,27130,26479,25818,25190,24558,23946,23342,22747,22169,21604,21054,20513,19983,19464,18910,18434,18287,18144,17823,17343,16868,16407,15938,15485,15039,14593
29402,28711,28034,27363,26704,26042,25401,24770,24151,23539,22943,22359,21790,21231,20683,20152,19620,19058,18584,18437,18288,17965,17484,17002,16538,16067,15612,15161,14711
29643,28949,28268,27599,26932,26267,25619,24981,24356,23740,23136,22551,21972,21407,20858,20319,19783,19212,18736,18587,18432,18113,17625,17139,16666,16198,15741,15282,14830
29880,29197,28506,27831,27160,26493,25837,25200,24562,23945,23339,22744,22159,21582,21028,20485,19947,19371,18887,18739,18581,18262,17769,17278,16802,16330,15871,15408,14953
30129,29440,28744,28063,27385,26719,26061,25415,24777,24157,23541,22936,22349,21770,21204,20659,20114,19530,19045,18891,18740,18408,17914,17419,16944,16463,16001,15534,15077
30378,29684,28985,28301,27617,26951,26286,25633,24991,24368,23743,23137,22539,21956,21386,20832,20280,19698,19201,19045,18895,18560,18060,17568,17083,16603,16133,15668,15209
30631,29921,29228,28534,27849,27183,26512,25855,25213,24575,23952,23340,22736,22145,21570,21004,20455,19864,19357,19203,19051,18718,18211,17715,17223,16743,16264,15800,15340
30874,30166,29471,28772,28086,27414,26742,26080,25433,24792,24157,23541,22941,22343,21760,21187,20631,20028,19525,19364,19207,18874,18365,17860,17369,16885,16401,15930,15466
31124,30419,29715,29020,28328,27645,26969,26305,25652,25010,24370,23751,23140,22535,21945,21375,20810,20201,19690,19530,19369,19038,18521,18007,17517,17027,16540,16063,15593
31375,30663,29953,29265,28567,27881,27201,26535,25874,25229,24592,23958,23340,22732,22137,21558,20986,20373,19858,19699,19534,19199,18678,18160,17666,17170,16682,16198,15725
31622,30909,30200,29502,28810,28119,27439,26768,26100,25448,24805,24169,23544,22929,22334,21745,21170,20550,20029,19865,19701,19362,18838,18320,17815,17317,16821,16338,15861
31869,31162,30451,29747,29053,28356,27673,27003,26332,25670,25016,24381,23750,23138,22532,21942,21361,20732,20203,20036,19873,19527,18998,18481,17965,17465,16965,16482,16005
32128,31411,30696,29997,29296,28593,27909,27234,26559,25892,25242,24596,23961,23346,22729,22139,21551,20917,20384,20212,20049,19695,19158,18638,18119,17613,17113,16625,16144
32383,31664,30949,30240,29540,28837,28147,27461,26790,26123,25465,24814,24178,23557,22931,22336,21741,21103,20566,20394,20221,19873,19327,18798,18271,17763,17263,16768,16282
32634,31921,31196,30489,29786,29082,28388,27702,27025,26347,25690,25035,24397,23763,23138,22533,21933,21288,20744,20575,20405,20046,19500,18962,18436,17918,17414,16913,16420
32891,32173,31449,30744,30028,29332,28625,27941,27257,26582,25917,25261,24610,23975,23349,22731,22127,21481,20932,20756,20590,20219,19675,19133,18598,18075,17566,17061,16566
33143,32426,31705,30993,30274,29575,28873,28184,27493,26818,26148,25482,24829,24189,23555,22935,22329,21678,21121,20943,20774,20402,19847,19301,18762,18236,17722,17211,16716
33403,32685,31959,31245,30528,29823,29115,28416,27730,27052,26375,25713,25058,24411,23770,23147,22530,21870,21310,21137,20961,20586,20024,19476,18928,18400,17878,17363,16870
33664,32939,32215,31497,30779,30067,29362,28661,27973,27284,26605,25939,25284,24628,23988,23358,22733,22071,21503,21332,21147,20776,20208,19648,19095,18567,18039,17524,17019
33921,33195,32471,31751,31030,30313,29610,28909,28210,27522,26841,26166,25509,24848,24206,23574,22939,22271,21700,21523,21337,20966,20392,19824,19270,18734,18198,17682,17167
34183,33452,32725,32005,31276,30566,29860,29151,28449,27759,27075,26400,25737,25077,24428,23785,23154,22475,21901,21713,21532,21157,20575,20004,19445,18901,18362,17845,17324
34439,33709,32984,32256,31529,30819,30110,29396,28697,27994,27317,26632,25963,25297,24648,23996,23366,22679,22100,21920,21736,21349,20762,20191,19620,19073,18530,18009,17482
34702,33965,33237,32508,31787,31072,30357,29645,28939,28239,27548,26870,26191,25524,24872,24217,23577,22889,22304,22124,21940,21547,20952,20376,19804,19248,18701,18174,17644
34965,34225,33498,32767,32044,31329,30604,29893,29183,28485,27788,27107,26419,25755,25097,24442,23792,23100,22508,22329,22144,21744,21145,20562,19991,19426,18874,18339,17807
35222,34493,33753,33024,32297,31581,30857,30144,29431,28731,28031,27343,26655,25987,25317,24665,24011,23311,22718,22533,22348,21946,21349,20753,20177,19604,19047,18507,17969
35491,34754,34011,33281,32555,31832,31109,30391,29684,28980,28273,27582,26892,26222,25545,24888,24236,23523,22929,22740,22552,22157,21544,20948,20361,19786,19222,18675,18135
35763,35014,34273,33532,32812,32086,31360,30641,29932,29228,28518,27821,27133,26452,25778,25119,24455,23741,23144,22951,22762,22362,21744,21144,20551,19977,19401,18850,18298
36036,35274,34534,33793,33069,32340,31616,30900,30185,29475,28766,28061,27376,26688,26010,25349,24680,23964,23356,23163,22975,22569,21954,21342,20744,20162,19586,19028,18475
36302,35543,34800,34060,33326,32596,31872,31156,30438,29727,29014,28311,27613,26927,26246,25575,24908,24185,23574,23381,23188,22784,22160,21541,20945,20350,19777,19211,18650
36572,35808,35067,34321,33582,32853,32126,31407,30685,29974,29262,28559,27856,27165,26483,25806,25137,24416,23791,23598,23405,22994,22371,21747,21145,20548,19968,19390,18829
36845,36078,35332,34585,33837,33115,32384,31658,30942,30221,29509,28807,28098,27401,26720,26036,25362,24636,24014,23817,23625,23207,22578,21954,21345,20745,20154,19577,19007
37121,36354,35598,34852,34103,33370,32641,31914,31194,30469,29759,29049,28345,27644,26958,26271,25592,24857,24234,24046,23845,23431,22792,22163,21548,20944,20344,19768,19186
37396,36630,35873,35113,34370,33625,32903,32171,31448,30725,30012,29295,28594,27886,27201,26515,25827,25091,24463,24271,24068,23648,23004,22368,21755,21144,20539,19954,19371
37675,36906,36143,35379,34637,33888,33159,32428,31703,30982,30263,29545,28837,28132,27438,26752,26063,25323,24692,24494,24291,23872,23225,22587,21961,21347,20738,20147,19558
37962,37184,36409,35650,34900,34155,33420,32685,31956,31233,30514,29797,29082,28380,27680,26992,26295,25555,24915,24721,24519,24097,23444,22805,22171,21551,20941,20344,19754
38242,37463,36682,35920,35159,34415,33677,32937,32213,31486,30768,30044,29330,28629,27921,27228,26535,25788,25147,24951,24750,24321,23668,23015,22384,21754,21145,20541,19945
38527,37740,36958,36191,35427,34682,33934,33203,32469,31743,31018,30297,29583,28879,28167,27473,26782,26021,25384,25182,24980,24547,23892,23237,22597,21963,21350,20740,20136
38813,38019,37233,36467,35697,34949,34196,33464,32728,32000,31274,30554,29839,29126,28420,27720,27018,26264,25621,25415,25210,24778,24115,23462,22813,22175,21560,20944,20331
39103,38308,37515,36744,35973,35218,34467,33723,32990,32257,31531,30808,30092,29378,28666,27959,27260,26504,25853,25646,25440,25002,24340,23686,23033,22392,21771,21148,20539
39395,38594,37800,37018,36248,35483,34732,33984,33251,32519,31784,31059,30343,29629,28913,28205,27508,26744,26088,25882,25678,25234,24567,23909,23256,22609,21976,21352,20742
39691,38877,38085,37292,36519,35750,35005,34253,33512,32776,32043,31315,30596,29877,29163,28453,27750,26985,26324,26123,25917,25471,24799,24127,23480,22827,22193,21563,20943
39990,39167,38370,37575,36796,36025,35273,34518,33767,33037,32306,31572,30850,30133,29416,28700,27995,27227,26562,26358,26153,25707,25036,24364,23703,23051,22410,21773,21150
40287,39469,38658,37867,37076,36306,35541,34783,34038,33294,32563,31829,31103,30390,29667,28946,28240,27468,26804,26599,26389,25946,25270,24594,23930,23269,22627,21989,21362
40587,39769,38948,38145,37355,36580,35814,35052,34303,33553,32824,32086,31366,30646,29918,29195,28491,27714,27046,26841,26631,26192,25503,24822,24160,23493,22845,22203,21576
40897,40064,39241,38433,37634,36860,36082,35323,34568,33817,33083,32341,31617,30896,30169,29453,28743,27961,27294,27082,26872,26434,25738,25058,24386,23723,23065,22423,21790
41214,40369,39540,38728,37922,37139,36356,35593,34832,34089,33340,32601,31875,31147,30419,29705,28991,28209,27538,27333,27119,26669,25973,25298,24619,23953,23286,22639,22001
41524,40678,39839,39021,38212,37419,36634,35868,35100,34354,33603,32862,32136,31400,30675,29962,29246,28462,27789,27580,27365,26911,26215,25534,24848,24177,23510,22861,22213
41839,40984,40145,39313,38501,37700,36914,36142,35375,34620,33873,33127,32394,31661,30933,30219,29500,28710,28035,27827,27608,27156,26463,25769,25084,24406,23742,23080,22434
42155,41294,40444,39610,38796,37986,37198,36419,35644,34888,34139,33388,32650,31924,31196,30471,29745,28961,28283,28073,27855,27402,26705,26006,25319,24638,23974,23303,22657
42482,41606,40744,39909,39097,38280,37484,36698,35918,35156,34397,33653,32914,32179,31449,30722,29997,29212,28536,28315,28106,27649,26943,26249,25559,24879,24204,23533,22878
42803,41921,41053,40216,39391,38570,37773,36981,36194,35430,34666,33918,33174,32435,31706,30974,30254,29463,28783,28559,28358,27895,27189,26494,25794,25109,24434,23762,23104
43128,42239,41365,40522,39690,38868,38057,37260,36479,35704,34943,34183,33439,32699,31967,31235,30511,29714,29033,28812,28605,28142,27436,26730,26042,25347,24673,23995,23336
43458,42559,41685,40831,39990,39163,38345,37548,36761,35978,35217,34456,33705,32961,32221,31490,30763,29969,29291,29065,28857,28397,27683,26982,26287,25589,24906,24226,23565
43793,42888,42005,41140,40294,39461,38635,37832,37041,36257,35486,34726,33973,33224,32482,31746,31017,30220,29539,29323,29108,28649,27935,27226,26528,25829,25141,24455,23794
44135,43219,42325,41451,40600,39759,38932,38119,37329,36536,35762,34999,34236,33489,32744,32008,31279,30477,29789,29575,29364,28900,28188,27469,26768,26076,25383,24694,24023
44476,43555,42650,41771,40909,40068,39234,38415,37615,36820,36037,35273,34503,33752,33010,32275,31534,30736,30049,29831,29620,29151,28436,27721,27016,26319,25621,24935,24257
44822,43892,42981,42096,41225,40378,39538,38714,37901,37109,36314,35546,34775,34024,33275,32535,31793,30995,30307,30081,29870,29398,28686,27972,27260,26563,25860,25177,24488
45174,44237,43318,42422,41539,40685,39837,39011,38189,37391,36601,35817,35049,34298,33543,32795,32060,31250,30564,30338,30122,29650,28938,28217,27506,26803,26107,25413,24730
45523,44578,43653,42751,41860,40991,40138,39303,38485,37677,36885,36099,35322,34564,33808,33060,32322,31506,30819,30598,30379,29911,29193,28465,27759,27054,26351,25651,24971
45878,44930,43996,43077,42185,41310,40444,39605,38783,37970,37168,36377,35600,34828,34076,33324,32582,31764,31074,30856,30635,30169,29445,28716,28010,27299,26592,25894,25207
46244,45280,44343,43412,42515,41629,40757,39915,39087,38260,37450,36657,35872,35102,34344,33587,32839,32030,31330,31110,30897,30426,29698,28973,28261,27548,26835,26140,25441
46612,45631,44686,43752,42838,41949,41076,40226,39383,38549,37743,36944,36152,35381,34618,33853,33104,32290,31589,31370,31152,30679,29948,29229,28512,27801,27087,26387,25680
46985,45989,45037,44095,43177,42275,41396,40537,39692,38848,38037,37232,36435,35659,34892,34122,33374,32550,31844,31625,31409,30936,30204,29485,28767,28047,27333,26630,25932
47349,46352,45390,44442,43510,42602,41718,40850,39994,39152,38334,37518,36718,35937,35166,34394,33638,32816,32108,31887,31668,31191,30465,29741,29018,28298,27586,26874,26174
47732,46720,45752,44794,43856,42937,42040,41165,40307,39454,38627,37809,37006,36218,35444,34668,33906,33087,32373,32152,31931,31456,30720,29998,29268,28551,27834,27125,26420
48109,47095,46111,45145,44194,43273,42363,41483,40616,39761,38929,38100,37296,36501,35722,34940,34180,33353,32636,32413,32196,31716,30977,30253,29524,28804,28083,27371,26664
48501,47470,46479,45498,44542,43614,42694,41805,40934,40072,39229,38397,37586,36788,36001,35219,34455,33614,32898,32675,32460,31975,31237,30509,29775,29058,28339,27624,26910
48889,47851,46848,45861,44892,43954,43032,42130,41248,40383,39535,38694,37877,37076,36284,35497,34732,33881,33170,32948,32719,32235,31501,30770,30035,29313,28596,27880,27158
49289,48235,47220,46222,45253,44299,43371,42464,41570,40695,39840,38997,38172,37369,36565,35776,35006,34160,33441,33218,32988,32501,31762,31029,30293,29570,28850,28126,27408
49689,48627,47601,46595,45609,44647,43715,42797,41894,41013,40152,39303,38472,37655,36850,36062,35282,34432,33705,33480,33254,32768,32021,31282,30553,29826,29100,28374,27660
50094,49026,47982,46965,45972,44999,44056,43129,42221,41335,40466,39617,38777,37951,37140,36344,35559,34711,33980,33748,33525,33031,32284,31542,30808,30082,29358,28630,27917
50505,49426,48372,47343,46337,45360,44404,43471,42552,41657,40787,39929,39081,38247,37437,36630,35845,34983,34253,34027,33794,33297,32549,31807,31067,30336,29615,28886,28174
50916,49836,48763,47722,46710,45723,44756,43813,42890,41989,41110,40241,39387,38545,37729,36917,36126,35260,34525,34299,34069,33569,32817,32071,31328,30594,29870,29142,28426
51331,50237,49163,48106,47088,46086,45114,44161,43230,42321,41427,40557,39697,38850,38020,37212,36414,35543,34797,34571,34345,33848,33086,32334,31593,30854,30125,29399,28676
51747,50644,49563,48500,47467,46460,45475,44509,43572,42651,41749,40873,40009,39156,38319,37503,36695,35825,35079,34846,34617,34120,33354,32602,31857,31113,30381,29655,28926
52168,51063,49963,48890,47857,46834,45838,44867,43918,42989,42076,41189,40324,39464,38620,37793,36985,36109,35362,35126,34890,34392,33625,32870,32120,31378,30641,29910,29183
52602,51487,50374,49290,48251,47213,46207,45226,44266,43331,42410,41513,40641,39772,38926,38089,37277,36395,35649,35406,35170,34664,33897,33138,32386,31643,30900,30176,29443
53036,51906,50790,49698,48647,47593,46581,45589,44620,43676,42747,41846,40955,40083,39233,38391,37573,36683,35930,35690,35451,34940,34172,33411,32655,31906,31164,30435,29698
53472,52328,51212,50114,49040,47982,46958,45954,44972,44029,43086,42180,41276,40405,39544,38698,37870,36973,36216,35977,35737,35223,34449,33683,32922,32168,31429,30694,29952
53917,52758,51634,50526,49436,48374,47337,46326,45335,44383,43432,42514,41607,40726,39848,39009,38171,37267,36503,36266,36023,35505,34725,33955,33195,32432,31692,30953,30212
54369,53192,52066,50939,49836,48773,47723,46695,45703,44739,43776,42846,41931,41048,40170,39315,38473,37563,36794,36555,36309,35792,35006,34227,33467,32704,31955,31210,30477
54822,53626,52491,51361,50245,49175,48113,47079,46076,45092,44128,43189,42273,41374,40493,39624,38777,37862,37086,36845,36599,36078,35287,34503,33739,32973,32222,31476,30740
55274,54060,52921,51790,50666,49580,48510,47465,46450,45452,44485,43539,42607,41702,40819,39944,39079,38158,37382,37140,36890,36367,35567,34788,34015,33243,32485,31741,30998
55727,54494,53343,52215,51083,49985,48901,47854,46824,45815,44843,43888,42946,42037,41138,40259,39390,38458,37680,37430,37178,36660,35853,35071,34286,33515,32752,32008,31257
56179,54928,53765,52637,51501,50396,49305,48245,47207,46194,45203,44238,43294,42369,41462,40577,39706,38767,37978,37726,37474,36952,36139,35351,34561,33796,33022,32270,31520
56632,55362,54187,53059,51931,50809,49710,48644,47595,46571,45571,44592,43646,42705,41789,40895,40022,39077,38276,38030,37780,37247,36435,35635,34842,34072,33299,32542,31789
57085,55796,54608,53481,52371,51227,50131,49049,47985,46950,45935,44946,43992,43044,42130,41222,40345,39391,38580,38340,38079,37545,36730,35921,35132,34347,33577,32814,32058
57537,56230,55030,53903,52811,51649,50541,49455,48379,47336,46309,45310,44354,43395,42465,41558,40669,39706,38890,38645,38390,37843,37018,36208,35415,34622,33850,33085,32325
57990,56664,55452,54325,53250,52071,50954,49860,48774,47726,46698,45679,44709,43747,42804,41892,40992,40019,39202,38953,38694,38149,37309,36503,35696,34908,34126,33353,32592
58442,57098,55874,54747,53690,52493,51376,50265,49179,48118,47078,46054,45069,44100,43148,42226,41316,40341,39516,39262,39003,38455,37614,36797,35986,35193,34406,33633,32866
58895,57532,56296,55169,54130,52915,51798,50670,49584,48513,47466,46436,45438,44454,43503,42564,41647,40672,39835,39574,39313,38762,37915,37090,36278,35478,34687,33909,33144
59347,57966,56718,55591,54569,53337,52220,51075,49990,48910,47848,46814,45807,44811,43854,42903,41986,41001,40156,39888,39631,39070,38223,37394,36569,35757,34967,34184,33414
59800,58400,57140,56013,55009,53759,52642,51481,50395,49317,48252,47195,46178,45178,44208,43259,42325,41330,40480,40210,39951,39385,38532,37693,36863,36046,35255,34463,33684
60252,58834,57562,56435,55448,54181,53064,51886,50800,49728,48646,47586,46554,45558,44566,43609,42668,41656,40807,40534,40274,39704,38840,37996,37158,36343,35540,34745,33964
60705,59268,57984,56857,55888,54603,53486,52291,51205,50138,49041,47985,46938,45934,44930,43968,43017,41988,41136,40862,40599,40026,39151,38300,37457,36641,35827,35025,34245
61158,59702,58406,57279,56328,55025,53908,52696,51610,50549,49435,48384,47325,46309,45300,44327,43361,42331,41462,41191,40928,40344,39470,38612,37761,36939,36115,35312,34530
61610,60136,58828,57701,56767,55447,54330,53102,52016,50960,49830,48784,47720,46683,45675,44691,43711,42675,41793,41521,41257,40668,39788,38919,38069,37238,36412,35607,34809
62063,60570,59250,58123,57207,55869,54752,53507,52421,51370,50224,49184,48114,47066,46048,45055,44070,43024,42133,41859,41589,40997,40106,39236,38380,37538,36710,35905,35099
62515,61004,59672,58545,57647,56290,55174,53912,52826,51781,50619,49583,48509,47459,46428,45424,44432,43373,42477,42203,41929,41327,40432,39555,38694,37847,37013,36194,35384
62968,61438,60094,58966,58086,56712,55596,54317,53231,52191,51014,49983,48904,47854,46807,45793,44796,43731,42828,42547,42273,41663,40764,39883,39011,38155,37317,36484,35677
63420,61872,60516,59388,58526,57134,56018,54722,53636,52602,51408,50383,49298,48248,47186,46173,45166,44090,43176,42900,42618,42008,41093,40204,39325,38462,37624,36782,35972
63873,62306,60938,59810,58966,57556,56440,55128,54042,53012,51803,50783,49693,48643,47566,46552,45541,44450,43530,43246,42965,42357,41432,40525,39646,38775,37926,37086,36269
64326,62740,61360,60232,59405,57978,56862,55533,54447,53423,52197,51182,50087,49037,47945,46932,45918,44819,43889,43604,43308,42700,41772,40853,39970,39087,38231,37388,36562
64778,63174,61782,60654,59845,58400,57284,55938,54852,53833,52592,51582,50482,49432,48324,47311,46297,45188,44255,43963,43665,43047,42114,41188,40293,39408,38544,37693,36864
65231,63608,62204,61076,60284,58822,57706,56343,55257,54244,52986,51982,50876,49826,48704,47690,46677,45557,44618,44319,44030,43400,42452,41531,40623,39735,38862,38002,37161
65683,64042,62626,61498,60724,59244,58127,56748,55663,54654,53381,52382,51271,50221,49083,48070,47056,45926,44987,44682,44394,43761,42799,41875,40955,40057,39173,38313,37463
66136,64476,63047,61920,61164,59666,58549,57154,56068,55065,53775,52781,51665,50615,49463,48449,47436,46296,45362,45047,44758,44125,43154,42211,41285,40382,39497,38630,37773
66588,64910,63469,62342,61603,60088,58971,57559,56473,55476,54170,53181,52060,51010,49842,48828,47815,46665,45736,45411,45122,44483,43512,42559,41626,40709,39822,38950,38090
67041,65344,63891,62764,62043,60510,59393,57964,56878,55886,54565,53581,52455,51405,50221,49208,48194,47034,46110,45775,45486,44838,43874,42910,41970,41045,40148,39268,38402
67494,65778,64313,63186,62483,60932,59815,58369,57283,56297,54959,53981,52849,51799,50601,49587,48574,47403,46485,46139,45851,45193,44235,43260,42316,41382,40480,39589,38717
67946,66212,64735,63608,62922,61354,60237,58775,57689,56707,55354,54380,53244,52194,50980,49967,48953,47773,46859,46503,46215,45548,44595,43618,42666,41730,40815,39911,39034
68399,66646,65157,64030,63362,61776,60659,59180,58094,57118,55748,54780,53638,52588,51359,50346,49332,48142,47233,46868,46579,45903,44955,43977,43018,42072,41150,40237,39354
68851,67080,65579,64452,63802,62198,61081,59585,58499,57528,56143,55180,54033,52983,51739,50725,49712,48511,47608,47232,46943,46258,45315,44336,43378,42422,41490,40567,39676
69304,67514,66001,64874,64241,62620,61503,59990,58904,57939,56537,55580,54427,53377,52118,51105,50091,48881,47982,47596,47307,46614,45675,44695,43742,42772,41830,40902,40006
69756,67948,66423,65296,64681,63042,61925,60395,59309,58349,56932,55979,54822,53772,52498,51484,50471,49250,48356,47960,47672,46969,46035,45054,44106,43122,42178,41242,40336
70209,68382,66845,65718,65121,63464,62347,60801,59715,58760,57326,56379,55216,54166,52877,51863,50850,49619,48731,48324,48036,47324,46395,45413,44470,43472,42528,41587,40664
70662,68816,67267,66140,65560,63886,62769,61206,60120,59170,57721,56779,55611,54561,53256,52243,51229,49988,49105,48689,48400,47679,46755,45773,44835,43822,42878,41932,41000
71114,69250,67689,66562,66000,64307,63191,61611,60525,59581,58115,57179,56005,54955,53636,52622,51609,50358,49479,49053,48764,48034,47115,46132,45199,44173,43228,42277,41345
71567,69684,68111,66983,66439,64729,63613,62016,60930,59991,58510,57578,56400,55350,54015,53002,51988,50727,49854,49417,49128,48389,47475,46491,45563,44523,43578,42623,41690
72020,70118,68533,67404,66878,65151,64035,62421,61335,60401,58905,57977,56795,55745,54394,53382,52367,51096,50229,49781,49492,48744,47835,46850,45927,44873,43928,42969,42035
72473,70552,68955,67825,67317,65573,64457,62826,61740,60811,59300,58376,57190,56140,54773,53762,52746,51465,50604,50145,49856,49099,48195,47209,46291,45223,44278,43315,42380
72926,70986,69377,68246,67756,65995,64879,63231,62145,61221,59695,58775,57585,56535,55152,54142,53125,51834,50979,50509,50220,49454,48555,47568,46655,45573,44628,43661,42725
73379,71420,69799,68667,68195,66417,65301,63636,62550,61631,60090,59174,57980,56930,55531,54522,53504,52203,51354,50873,50584,49809,48915,47927,47019,45923,44978,44007,43070
73832,71854,70221,69088,68634,66839,65723,64041,62955,62041,60485,59573,58375,57325,55910,54902,53883,52572,51729,51237,50948,50164,49275,48286,47383,46273,45328,44353,43415
74285,72288,70643,69509,69073,67261,66145,64446,63360,62451,60880,59972,58770,57720,56289,55282,54262,52941,52104,51601,51312,50519,49635,48645,47747,46623,45678,44699,43760
74738,72722,71065,69930,69512,67683,66567,64851,63765,62861,61275,60371,59165,58115,56668,55662,54641,53310,52479,51965,51676,50874,49995,49004,48111,46973,46028,45045,44105
75191,73156,71487,70351,69951,68105,66989,65256,64170,63271,61670,60770,59560,58510,57047,56042,55020,53679,52854,52329,52040,51229,50355,49363,48475,47323,46378,45391,44450
75644,73590,71909,70772,70390,68527,67411,65661,64575,63681,62065,61169,59955,58905,57426,56422,55399,54048,53229,52693,52404,51584,50715,49722,48839,47673,46728,45737,44795
76097,74024,72331,71193,70829,68949,67833,66066,64980,64091,62460,61568,60350,59300,57805,56802,55778,54417,53604,53057,52768,51939,51075,50081,49203,48023,47078,46083,45140
76550,74458,72753,71614,71268,69371,68255,66471,65385,64501,62855,61967,60745,59695,58184,57182,56157,54786,53979,53421,53132,52294,51435,50440,49567,48373,47428,46429,45485
77003,74892,73175,72035,71707,69793,68677,66876,65790,64911,63250,62366,61140,60090,58563,57562,56536,55155,54354,53785,53496,52649,51795,50799,49931,48723,47778,46775,45830
77456,75326,73597,72456,72146,70215,69099,67281,66195,65321,63645,62765,61535,60485,58942,57942,56915,55524,54729,54149,53860,53004,52155,51158,50295,49073,48128,47121,46175
77909,75760,74019,72877,72585,70637,69521,67686,66600,65731,64040,63164,61930,60880,59321,58322,57294,55893,55104,54513,54224,53359,52515,51517,50659,49423,48478,47467,46520
78362,76194,74441,73298,73024,71059,69943,68091,67005,66141,64435,63563,62325,61275,59700,58702,57673,56262,55479,54877,54588,53714,52875,51876,51023,49773,48828,47813,46865
78815,76628,74863,73719,73463,71481,70365,68496,67410,66551,64830,63962,62720,61670,60079,59082,58052,56631,55854,55241,54952,54069,53235,52235,51387,50123,49178,48159,47210
79268,77062,75285,74140,73902,71903,70787,68901,67815,66961,65225,64361,63115,62065,60458,59462,58431,57000,56229,55605,55316,54424,53595,52594,51751,50473,49528,48505,47555
79721,77496,75707,74561,74341,72325,71209,69306,68220,67371,65620,64760,63510,62460,60837,59842,58810,57369,56604,55969,55680,54779,53955,52953,52115,50823,49878,48851,47900
80174,77930,76129,74982,74780,72747,71631,69711,68625,67781,66015,65159,63905,62855,61216,60222,59189,57738,56979,56333,56044,55134,54315,53312,52479,51173,50228,49197,48245
80627,78364,76551,75403,75219,73169,72053,70116,69030,68191,66410,65558,64300,63250,61595,60602,59568,58107,57354,56697,56408,55489,54675,53671,52843,51523,50578,49543,48590
81080,78798,76973,75824,75658,73591,72475,70521,69435,68601,66805,65957,64695,63645,61974,60982,59947,58476,57729,57061,56772,55844,55035,54030,53207,51873,50928,49889,48935
81533,79232,77395,76245,76097,74013,72897,70926,69840,69011,67200,66356,65090,64040,62353,61362,60326,58845,58104,57425,57136,56199,55395,54389,53571,52223,51278,50235,49280
81986,79666,77817,76666,76536,74435,73319,71331,70245,69421,67595,66755,65485,64435,62732,61742,60705,59214,58479,57789,57500,56554,55755,54748,53935,52573,51628,50581,49625
82439,80100,78239,77087,76975,74857,73741,71736,70650,69831,67990,67154,65880,64830,63111,62122,61084,59583,58854,58153,57864,56909,56115,55107,54299,52923,51978,50927,49970
82892,80534,78661,77508,77414,75279,74163,72141,71055,70241,68385,67553,66275,65225,63490,62502,61463,59952,59229,58517,58228,57264,56475,55466,54663,53273,52328,51273,50315
83345,80968,79083,77929,77853,75701,74585,72546,71460,70651,68780,67952,66670,65620,63869,62882,61842,60321,59604,58881,58592,57619,56835,55825,55027,53623,52678,51619,50660
83798,81402,79505,78350,78292,76123,75007,72951,71865,71061,69175,68351,67065,66015,64248,63262,62221,60690,59979,59245,58956,57974,57195,56184,55391,53973,53028,51965,51005
84251,81836,79927,78771,78731,76545,75429,73356,72270,71471,69570,68750,67460,66410,64627,63642,62600,61059,60354,59609,59320,58329,57555,56543,55755,54323,53378,52311,51350
84704,82270,80349,79192,79170,76967,75851,73761,72675,71881,69965,69149,67855,66805,65006,64022,62979,61428,60729,59973,59684,58684,57915,56902,56119,54673,53728,52657,51695
85157,82704,80771,79613,79609,77389,76273,74166,73080,72291,70360,69548,68250,67200,65385,64402,63358,61797,61104,60337,60048,59039,58275,57261,56483,55023,54078,53003,52040
85610,83138,81193,80034,80048,77811,76695,74571,73485,72701,70755,69947,68645,67595,65764,64782,63737,62166,61479,60701,60412,59394,58635,57620,56847,55373,54428,53349,52385
86063,83572,81615,80455,80487,78233,77117,74976,73890,73111,71150,70346,69040,67990,66143,65162,64116,62535,61854,61065,60776,59749,58995,57979,57211,55723,54778,53695,52730
86516,84006,82037,80876,80926,78655,77539,75381,74295,73521,71545,70745,69435,68385,66522,65542,64495,62904,62229,61429,61140,60104,59355,58338,57575,56073,55128,54041,53075
86969,84440,82459,81297,81365,79077,77961,75786,74700,73931,71940,71144,69830,68780,66901,65922,64874,63273,62604,61793,61504,60459,59715,58697,57939,56423,55478,54387,53420
87422,84874,82881,81718,81804,79499,78383,76191,75105,74341,72335,71543,70225,69175,67280,66302,65253,63642,62979,62157,61868,60814,60075,59056,58303,56773,55828,54733,53765
87875,85308,83303,82139,82243,79921,78805,76596,75510,74751,72730,71942,70620,69570,67659,66682,65632,64011,63354,62521,62232,61169,60435,59415,58667,57123,56178,55079,54110
88328,85742,83725,82560,82682,80343,79227,77001,75915,75161,73125,72341,71015,69965,68038,67062,66011,64380,63729,62885,62596,61524,60795,59774,59031,57473,56528,55425,54455
88781,86176,84147,82981,83121,80765,79649,77406,76320,75571,73520,72740,71410,70360,68417,67442,66390,64749,64104,63249,62960,61879,61155,60133,59395,57823,56878,55771,54800
89234,86610,84569,83402,83560,81187,80071,77811,76725,75981,73915,73139,71805,70755,68796,67822,66769,65118,64479,63613,63324,62234,61515,60492,59759,58173,57228,56117,55145
89687,87044,84991,83823,83999,81609,80493,78216,77130,76391,74310,73538,72200,71150,69175,68202,67148,65487,64854,63977,63688,62589,61875,60851,60123,58523,57578,56463,55490
90140,87478,85413,84244,84438,82031,80915,78621,77535,76801,74705,73937,72595,71545,69554,68582,67527,65856,65229,64341,64052,62944,62235,61210,60487,58873,57928,56809,55835
90593,87912,85835,84665,84877,82453,81337,79026,77940,77211,75100,74336,72990,71940,69933,68962,67906,66225,65604,64705,64416,63299,62595,61569,60851,59223,58278,57155,56180
91046,88346,86257,85086,85316,82875,81759,79431,78345,77621,75495,74735,73385,72335,70312,69342,68285,66594,65979,65069,64780,63654,62955,61928,61215,59573,58628,57501,56525
91499,88780,86679,85507,85755,83297,82181,79836,78750,78031,75890,75134,73780,72730,70691,69722,68664,66963,66354,65433,65144,64009,63315,62287,61579,59923,58978,57847,56870
91952,89214,87101,85928,86194,83719,82603,80241,79155,78441,76285,75533,74175,73125,71070,70102,69043,67332,66729,65797,65508,64364,63675,62646,61943,60273,59328,58193,57215
92405,89648,87523,86349,86633,84141,83025,80646,79560,78851,76680,75932,74570,73520,71449,70482,69422,67701,67104,66161,65872,64719,64035,63005,62307,60623,59678,58539,57560
92858,90082,87945,86770,87072,84563,83447,81051,79965,79261,77075,76331,74965,73915,71828,70862,69801,68070,67479,66525,66236,65074,64395,63364,62671,60973,60028,58885,57905
93311,90516,88367,87191,87511,84985,83869,81456,80370,79671,77470,76730,75360,74310,72207,71242,70180,68439,67854,66889,66600,65429,64755,63723,63035,61323,60378,59231,58250
93764,90950,88789,87612,87950,85407,84291,81861,80775,80081,77865,77129,75755,74705,72586,71622,70559,68808,68229,67253,66964,65784,65115,64082,63399,61673,60728,59577,58595
94217,91384,89211,88033,88389,85829,84713,82266,81180,80491,78260,77528,76150,75100,72965,72002,70938,69177,68604,67617,67328,66139,65475,64441,63763,62023,61078,59923,58940
94670,91818,89633,88454,88828,86251,85135,82671,81585,80901,78655,77927,76545,75495,73344,72382,71317,69546,68979,67981,67692,66494,65835,64800,64127,62373,61428,60269,59285
95123,92252,90055,88875,89267,86673,85557,83076,81990,81311,79050,78326,76940,75890,73723,72762,71696,69915,69354,68345,68056,66849,66195,65159,64491,62723,61778,60615,59630
95576,92686,90477,89296,89706,87095,85979,83481,82395,81721,79445,78725,77335,76285,74102,73142,72075,70284,69729,68709,68420,67204,66555,65518,64855,63073,62128,60961,59975
96029,93120,90899,89717,90145,87517,86401,83886,82800,82131,79840,79124,77730,76680,74481,73522,72454,70653,70104,69073,68784,67559,66915,65877,65219,63423,62478,61307,60320
96482,93554,91321,90138,90584,87939,86823,84291,83205,82541,80235,79523,78125,77075,74860,73902,72833,71022,70479,69437,69148,67914,67275,66236,65583,63773,62828,61653,60665
96935,93988,91743,90559,91023,88361,87245,84696,83610,82951,80630,79922,78520,77470,75239,74282,73212,71391,70854,69801,69512,68269,67635,66595,65947,64123,63178,61999,61010
97388,94422,92165,90980,91462,88783,87667,85101,84015,83361,81025,80321,78915,77865,75618,74662,73591,71760,71229,70165,69876,68624,67995,66954,66311,64473,63528,62345,61355
97841,94856,92587,91401,91901,89205,88089,85506,84420,83771,81420,80720,79310,78260,75997,75042,73970,72129,71604,70529,70240,68979,68355,67313,66675,64823,63878,62691,61700
98294,95290,93009,91822,92340,89627,88511,85911,84825,84181,81815,81119,79705,78655,76376,75422,74349,72498,71979,70893,70604,69334,68715,67672,67039,65173,64228,63037,62045
98747,95724,93431,92243,92779,90049,88933,86316,85230,84591,82210,81518,80100,79050,76755,75802,74728,72867,72354,71257,70968,69689,69075,68031,67403,65523,64578,63383,62390
99200,96158,93853,92664,93218,90471,89355,86721,85635,85001,82605,81917,80495,79445,77134,76182,75107,73236,72729,71621,71332,70044,69435,68390,67767,65873,64928,63729,62735
99653,96592,94275,93085,93657,90893,89777,87126,86040,85411,83000,82316,80890,79840,77513,76562,75486,73605,73104,71985,71696,70399,69795,68749,68131,66223,65278,64075,63080
100106,97026,94697,93506,94096,91315,90199,87531,86445,85821,83395,82715,81285,80235,77892,76942,75865,73974,73479,72349,72060,70754,70155,69108,68495,66573,65628,64421,63425
100559,97460,95119,93927,94535,91737,90621,87936,86850,86231,83790,83114,81680,80630,78271,77322,76244,74343,73854,72713,72424,71109,70515,69467,68859,66923,65978,64767,63770
101012,97894,95541,94348,94974,92159,91043,88341,87255,86641,84185,83513,82075,81025,78650,77702,76623,74712,74229,73077,72788,71464,70875,69826,69223,67273,66328,65113,64115
101465,98328,95963,94769,95413,92581,91465,88746,87660,87051,84580,83912,82470,81420,79029,78082,77002,75081,74604,73441,73152,71819,71235,70185,69587,67623,66678,65459,64460
101918,98762,96385,95190,95852,93003,91887,89151,88065,87461,84975,84311,82865,81815,79408,78462,77381,75450,74979,73805,73516,72174,71595,70544,69951,67973,67028,65805,64805
102371,99196,96807,95611,96291,93425,92309,89556,88470,87871,85370,84710,83260,82210,79787,78842,77760,75819,75354,74169,73880,72529,71955,70903,70315,68323,67378,66151,65150
102824,99630,97229,96032,96730,93847,92731,89961,88875,88281,85765,85109,83655,82605,80166,79222,78139,76188,75729,74533,74244,72884,72315,71262,70679,68673,67728,66497,65495
103277,100064,97651,96453,97169,94269,93153,90366,89280,88691,86160,85508,84050,83000,80545,79602,78518,76557,76104,74897,74608,73239,72675,71621,71043,69023,68078,66843,65840
103730,100498,98073,96874,97608,94691,93575,90771,89685,89101,86555,85907,84445,83395,80924,79982,78897,76926,76479,75261,74972,73594,73035,71980,71407,69373,68428,67189,66185
104183,100932,98495,97295,98047,95113,93997,91176,90090,89511,86950,86306,84840,83790,81303,80362,79276,77295,76854,75625,75336,73949,73395,72339,71771,69723,68778,67535,66530
104636,101366,98917,97716,98486,95535,94419,91581,90495,89921,87345,86705,85235,84185,81682,80742,79655,77664,77229,75989,75700,74304,73755,72698,72135,70073,69128,67881,66875
105089,101800,99339,98137,98925,95957,94841,91986,90900,90331,87740,87104,85630,84580,82061,81122,80034,78033,77604,76353,76064,74659,74115,73057,72499,70423,69478,68227,67220
105542,102234,99761,98558,99364,96379,95263,92391,91305,90741,88135,87503,86025,84975,82440,81502,80413,78402,77979,76717,76428,75014,74475,73416,72863,70773,69828,68573,67565
105995,102668,100183,98979,99803,96801,95685,92796,91710,91151,88530,87902,86420,85370,82819,81882,80792,78771,78354,77081,76792,75369,74835,73775,73227,71123,70178,68919,67910
106448,103102,100605,99400,100242,97223,96107,93201,92115,91561,88925,88301,86815,85765,83198,82262,81171,79140,78729,77445,77156,75724,75195,74134,73591,71473,70528,69265,68255
106901,103536,101027,99821,100681,97645,96529,93606,92520,91971,89320,88700,87210,86160,83577,82642,81550,79509,79104,77809,77520,76079,75555,74493,73955,71823,70878,69611,68600
107354,103970,101449,100242,101120,98067,96951,94011,92925,92381,89715,89099,87605,86555,83956,83022,81929,79878,79479,78173,77884,76434,75915,74852,74319,72173,71228,69957,68945
107807,104404,101871,100663,101559,98489,97373,94416,93330,92791,90110,89498,88000,86950,84335,83402,82308,80247,79854,78537,78248,76789,76275,75211,74683,72523,71578,70303,69290
108260,104838,102293,101084,101998,98911,97795,94821,93735,93201,90505,89897,88395,87345,84714,83782,82687,80616,80229,78901,78612,77144,76635,75570,75047,72873,71928,70649,69635
108713,105272,102715,101505,102437,99333,98217,95226,94140,93611,90900,90296,88790,87740,85093,84162,83066,80985,80604,79265,78976,77499,76995,75929,75411,73223,72278,70995,69980
109166,105706,103137,101926,102876,99755,98639,95631,94545,94021,91295,90695,89185,88135,85472,84542,83445,81354,80979,79629,79340,77854,77355,76288,75775,73573,72628,71341,70325
109619,106140,103559,102347,103315,100177,99061,96036,94950,94431,91690,91094,89580,88530,85851,84922,83824,81723,81354,79993,79704,78209,77715,76647,76139,73923,72978,71687,70670
110072,106574,103981,102768,103754,100599,99483,96441,95355,94841,92085,91493,89975,88925,86230,85302,84203,82092,81729,80357,80068,78564,78075,77006,76503,74273,73328,72033,71015
110525,107008,104403,103189,104193,101021,99905,96846,95760,95251,92480,91892,90370,89320,86609,85682,84582,82461,82104,80721,80432,78919,78435,77365,76867,74623,73678,72379,71360
110978,107442,104825,103610,104632,101443,100327,97251,96165,95661,92875,92291,90765,89715,86988,86062,84961,82830,82479,81085,80796,79274,78795,77724,77231,74973,74028,72725,71705
111431,107876,105247,104031,105071,101865,100749,97656,96570,96071,93270,92690,91160,90110,87367,86442,85340,83199,82854,81449,81160,79629,79155,78083,77595,75323,74378,73071,72050
111884,108310,105669,104452,105510,102287,101171,98061,96975,96481,93665,93089,91555,90505,87746,86822,85719,83568,83229,81813,81524,79984,79515,78442,77959,75673,74728,73417,72395
112337,108744,106091,104873,105949,102709,101593,98466,97380,96891,94060,93488,91950,90900,88125,87202,86098,83937,83604,82177,81888,80339,79875,78801,78323,76023,75078,73763,72740
112790,109178,106513,105294,106388,103131,102015,98871,97785,97301,94455,93887,92345,91295,88504,87582,86477,84306,83979,82541,82252,80694,80235,79160,78687,76373,75428,74109,73085
113243,109612,106935,105715,106827,103553,102437,99276,98190,97711,94850,94286,92740,91690,88883,87962,86856,84675,84354,82905,82616,81049,80595,79519,79051,76723,75778,74455,73430
113696,110046,107357,106136,107266,103975,102859,99681,98595,98121,95245,94685,93135,92085,89262,88342,87235,85044,84729,83269,82980,81404,80955,79878,79415,77073,76128,74801,73775
114149,110480,107779,106557,107705,104397,103281,100086,99000,98531,95640,95084,93530,92480,89641,88722,87614,85413,85104,83633,83344,81759,81315,80237,79779,77423,76478,75147,74120
114602,110914,108201,106978,108144,104819,103703,100491,99405,98941,96035,95483,93925,92875,90020,89102,87993,85782,85479,83997,83708,82114,81675,80596,80143,77773,76828,75493,74465
115055,111348,108623,107399,108583,105241,104125,100896,99810,99351,96430,95882,94320,93270,90399,89482,88372,86151,85854,84361,84072,82469,82035,80955,80507,78123,77178,75839,74810
115508,111782,109045,107820,109022,105663,104547,101301,100215,99761,96825,96281,94715,93665,90778,89862,88751,86520,86229,84725,84436,82824,82395,81314,80871,78473,77528,76185,75155
115961,112216,109467,108241,109461,106085,104969,101706,100620,100171,97220,96680,95110,94060,91157,90242,89130,86889,86604,85089,84800,83179,82755,81673,81235,78823,77878,76531,75500
116414,112650,109889,108662,109900,106507,105391,102111,101025,100581,97615,97079,95505,94455,91536,90622,89509,87258,86979,85453,85164,83534,83115,82032,81599,79173,78228,76877,75845
116867,113084,110311,109083,110339,106929,105813,102516,101430,100991,98010,97478,95900,94850,91915,91002,89888,87627,87354,85817,85528,83889,83475,82391,81963,79523,78578,77223,76190
117320,113518,110733,109504,110778,107351,106235,102921,101835,101401,98405,97877,96295,95245,92294,91382,90267,87996,87729,86181,85892,84244,83835,82750,82327,79873,78928,77569,76535
117773,113952,111155,109925,111217,107773,106657,103326,102240,101811,98800,98276,96690,95640,92673,91762,90646,88365,88104,86545,86256,84599,84195,83109,82691,80223,79278,77915,76880
118226,114386,111577,110346,111656,108195,107079,103731,102645,102221,99195,98675,97085,96035,93052,92142,91025,88734,88479,86909,86620,84954,84555,83468,83055,80573,79628,78261,77225
118679,114820,111999,110767,112095,108617,107501,104136,103050,102631,99590,99074,97480,96430,93431,92522,91404,89103,88854,87273,86984,85309,84915,83827,83419,80923,79978,78607,77570
119132,115254,112421,111188,112534,109039,107923,104541,103455,103041,99985,99473,97875,96825,93810,92902,91783,89472,89229,87637,87348,85664,85275,84186,83783,81273,80328,78953,77915
119585,115688,112843,111609,112973,109461,108345,104946,103860,103451,100380,99872,98270,97220,94189,93282,92162,89841,89604,88001,87712,86019,85635,84545,84147,81623,80678,79299,78260
120038,116122,113265,112030,113412,109883,108767,105351,104265,103861,100775,100271,98665,97615,94568,93662,92541,90210,89979,88365,88076,86374,85995,84904,84511,81973,81028,79645,78605
