13445,13100,12756,12411,12067,11736,11386,11032,10690,10349,10017,9657,9318.5,8987.5,8628.1,8289.8,7950,7567.9,7242.4,7140.8,7068.5,6859.5,6510.2,6162,5826.2,5494.6,5143.8,4808.8,4461.7
13504,13159,12815,12470,12126,11788,11439,11089,10747,10406,10068,9713.8,9374.1,9038.1,8683.6,8344.8,8005,7622.9,7296.8,7195.2,7118.5,6908.9,6564.6,6216.4,5880.1,5543.1,5197.1,4856.7,4514.5
13564,13218,12874,12529,12185,11841,11492,11147,10804,10463,10120,9770.6,9429.6,9088.6,8739.2,8399.8,8060,7677.8,7351.2,7249.7,7168.5,6958.4,6619,6270.8,5933.9,5591.5,5250.4,4904.7,4567.2
13623,13278,12932,12584,12243,11894,11547,11204,10861,10519,10171,9827,9485.2,9139.1,8794.8,8454.7,8110.5,7732.7,7405.6,7304.1,7218.5,7011.6,6673.1,6325.2,5987.8,5640,5303.7,4956.2,4620
13683,13337,12988,12638,12297,11949,11605,11262,10919,10570,10224,9883.2,9541.3,9190.7,8850.4,8510.2,8161.1,7787.1,7460,7358.5,7269.2,7066,6722,6379.4,6041.6,5693.8,5357,5009.5,4672.7
13743,13393,13042,12696,12351,12007,11663,11320,10971,10623,10281,9939.4,9597.5,9246.9,8905.9,8565.7,8216.1,7841.6,7514.4,7412.9,7323.6,7120.4,6771.1,6433.3,6095.1,5747.6,5410.2,5062.5,4725.4
13800,13447,13100,12755,12410,12066,11721,11378,11024,10681,10338,9995.6,9649.4,9303.1,8961.5,8617.5,8271.1,7896.6,7569.2,7467.5,7378,7174.9,6825.5,6487.1,6148.4,5800.9,5463.5,5115.2,4778.2
13854,13506,13160,12814,12469,12124,11779,11435,11082,10738,10395,10053,9701.1,9359.2,9017.4,8668.1,8326.1,7951.7,7624.1,7522.4,7432.4,7229.3,6879.9,6540.9,6202,5854.2,5516.8,5168.2,4830.9
13912,13566,13219,12874,12527,12182,11838,11493,11140,10796,10453,10110,9757.3,9415.4,9073.6,8722.5,8381.1,8007.3,7679.1,7577.2,7486.9,7283.7,6934.3,6594.9,6255.8,5908,5570.1,5221.5,4884.1
13972,13625,13279,12932,12586,12241,11896,11551,11197,10853,10510,10167,9813.5,9471.6,9129.7,8778,8436.6,8062.7,7734.1,7631.7,7541.9,7338.1,6988.7,6649.3,6309.7,5961.8,5623.4,5274.8,4937.4
14032,13685,13338,12991,12646,12300,11955,11610,11255,10911,10568,10224,9870.3,9528,9185.9,8838.1,8492.2,8117.7,7789.1,7686.2,7596.8,7392.5,7047.9,6703.6,6363.5,6015.2,5676.7,5328.1,4990.3
14093,13745,13398,13051,12705,12359,12013,11668,11313,10969,10625,10281,9927.8,9584.8,9242.1,8899.4,8548.4,8172.8,7844.1,7741.2,7651.2,7447.3,7107.3,6757.4,6417.6,6068.5,5729.9,5381.4,5043
14158,13806,13457,13110,12764,12417,12071,11727,11373,11027,10683,10339,9990.5,9641.6,9298.3,8956.4,8605,8228.4,7899.1,7796.4,7706.2,7502.3,7161.9,6812.4,6472,6126.1,5783.3,5434.7,5096.1
14223,13871,13519,13170,12823,12476,12130,11785,11436,11087,10740,10395,10052,9698.4,9354.8,9012.6,8665.6,8284,7954.1,7851.9,7766.9,7557.2,7216.3,6871.8,6526.2,6184.8,5837.1,5489.6,5149.4
14283,13934,13585,13233,12882,12535,12189,11843,11497,11150,10802,10452,10109,9757.4,9411.6,9068.8,8725.8,8339.6,8012,7909.1,7826.9,7612.2,7271.3,6930.2,6580,6239.9,5891,5547.7,5202.7
14343,13994,13646,13297,12946,12594,12253,11903,11555,11209,10864,10510,10165,9819.4,9471.5,9125,8781.9,8396.5,8072.6,7969.7,7882.5,7670.6,7326.3,6984.6,6636.3,6293.7,5949.1,5604.5,5256
14403,14057,13706,13358,13010,12658,12316,11966,11616,11267,10922,10568,10222,9878.8,9532.8,9185.8,8838.1,8457.1,8130.5,8028.5,7937.9,7730.6,7385.9,7039.1,6695.6,6348,6007.3,5657.8,5311.9
14466,14123,13770,13417,13069,12721,12375,12027,11679,11330,10980,10630,10281,9935.6,9590.8,9247.1,8894.3,8516.5,8186.1,8083.5,7992.9,7787.6,7445.9,7094.1,6752.9,6402.4,6061.8,5712.3,5370
14533,14184,13835,13482,13129,12781,12436,12086,11739,11393,11042,10693,10344,9995.3,9647.6,9303.5,8951.4,8572.7,8244.5,8140.3,8048.7,7843.2,7501.2,7149.9,6807.3,6460.1,6116.3,5771.7,5428.2
14598,14245,13895,13547,13194,12841,12500,12148,11797,11452,11105,10756,10406,10057,9708.5,9359.7,9012.7,8630.3,8305.2,8201,8109.4,7902.3,7556.2,7209.9,6863.9,6519.5,6174.7,5830.9,5486.3
14664,14310,13955,13611,13259,12906,12561,12212,11860,11510,11163,10817,10469,10119,9770.4,9421.6,9074,8690.9,8363.2,8260,8170,7962.9,7615.8,7269.9,6923.9,6578.8,6233.4,5889.7,5542.6
14725,14375,14021,13675,13324,12970,12620,12272,11924,11572,11222,10874,10529,10181,9832.4,9483.6,9135.3,8751.8,8419.3,8316.2,8230.6,8023,7675.8,7329.9,6983.9,6638.2,6288.3,5947.7,5596.5
14785,14441,14086,13735,13389,13035,12682,12330,11988,11635,11284,10934,10585,10240,9894.3,9544.8,9196.6,8813.1,8478.3,8374.1,8291.4,8083,7736.4,7389.8,7043.9,6694.4,6342.7,6001.5,5652.1
14852,14506,14152,13797,13453,13099,12746,12393,12051,11699,11347,10996,10646,10297,9951.6,9605.7,9257.9,8874.4,8539,8434.8,8352.6,8143.5,7797,7449.8,7101.6,6748.8,6401.4,6055.9,5710.9
14918,14572,14217,13862,13515,13163,12810,12457,12110,11763,11410,11059,10708,10358,10008,9662.5,9317.6,8935.7,8599.6,8495.4,8413.8,8204.1,7857,7509,7156.1,6806.6,6460.8,6115.3,5769.6
14984,14638,14283,13927,13574,13228,12874,12521,12169,11826,11474,11123,10771,10420,10070,9720.1,9373.7,8997,8660.2,8556,8474.4,8264.7,7917,7564,7212.6,6866.6,6520.1,6174.6,5828.3
15051,14704,14349,13993,13642,13293,12939,12585,12232,11890,11537,11186,10834,10483,10132,9782.1,9433.8,9058.2,8721.3,8616.9,8535,8325.4,7977.6,7620.7,7272.5,6926.2,6579.5,6233.3,5887.2
15117,14770,14414,14058,13712,13357,13004,12649,12297,11953,11601,11248,10896,10546,10194,9845.2,9500.9,9119.5,8782.6,8678.2,8595.7,8386.5,8038.2,7686.4,7334.4,6985.5,6638.8,6292.1,5946.6
15183,14836,14480,14123,13777,13422,13068,12713,12367,12016,11664,11311,10959,10608,10257,9912.3,9565.9,9180.8,8843.9,8739.2,8656.5,8447.8,8098.9,7751,7399.4,7048.2,6698.2,6351.4,6005.8
15248,14902,14545,14188,13842,13487,13132,12778,12434,12080,11727,11375,11022,10671,10325,9978,9627.8,9242.1,8905.2,8799.8,8717.8,8508.5,8159.5,7811,7462.7,7113.2,6762,6410.8,6064.5
15319,14968,14611,14254,13908,13552,13197,12845,12498,12144,11791,11438,11085,10739,10391,10040,9689.5,9303.4,8966.4,8863.4,8779,8569.2,8220.1,7871.1,7523.4,7175.2,6827,6475.1,6124.5
15391,15034,14677,14325,13973,13617,13263,12914,12562,12208,11854,11501,11153,10806,10454,10102,9750.8,9365.1,9027.7,8929.7,8840.3,8630.3,8280.8,7931.7,7583.7,7235.2,6887.5,6539.4,6188.8
15458,15100,14748,14395,14038,13684,13334,12981,12626,12275,11917,11569,11221,10869,10517,10164,9812.4,9427,9093.1,8993.4,8901.6,8691.6,8341.4,7992.4,7643.7,7295.2,6946.8,6598.8,6252.1
15526,15172,14818,14460,14105,13755,13401,13045,12694,12345,11985,11636,11284,10931,10579,10228,9874.4,9491.8,9159.5,9054.6,8962.9,8756.7,8402.2,8053,7705.7,7355.2,7006.7,6658.2,6311.4
15598,15242,14884,14528,14176,13822,13466,13113,12763,12410,12055,11700,11348,10994,10642,10296,9939.4,9558.2,9221.6,9115.9,9026.2,8822.4,8468.6,8114.7,7770.7,7418.1,7066.7,6718.1,6371.7
15668,15308,14953,14599,14244,13887,13534,13183,12828,12474,12119,11764,11416,11058,10710,10361,10006,9621.6,9282.9,9177.2,9092.6,8884.2,8534.6,8180.4,7833.9,7483.1,7130.5,6778.1,6436
15734,15378,15024,14667,14310,13956,13604,13249,12893,12542,12182,11833,11483,11126,10776,10423,10071,9683.5,9348.7,9242.2,9159,8945.5,8595.2,8246.1,7894.5,7545.1,7195.5,6842.3,6499.5
15804,15449,15092,14733,14379,14026,13670,13314,12962,12611,12252,11902,11546,11194,10839,10488,10133,9749.3,9415.1,9309.3,9225.4,9011.5,8656.4,8311.8,7957.3,7605.1,7260,6906.6,6558.9
15875,15517,15158,14803,14450,14097,13735,13384,13032,12675,12321,11971,11611,11263,10904,10556,10199,9816.4,9482.1,9375.9,9289.3,9077.9,8722.8,8376.1,8023,7668.4,7324.3,6971.5,6618.9
15948,15584,15229,14875,14521,14168,13805,13454,13102,12740,12390,12038,11680,11331,10972,10624,10266,9883.5,9549.3,9442.3,9350.6,9144.3,8789.1,8436.8,8088.6,7734.1,7385.8,7036.5,6683.2
16021,15655,15301,14946,14592,14233,13875,13523,13170,12810,12458,12102,11748,11399,11040,10692,10334,9950.7,9611.3,9509.2,9415,9210.6,8854.7,8499,8154.3,7799.4,7446.4,7101.5,6747.5
16088,15727,15373,15017,14663,14300,13946,13593,13235,12880,12528,12167,11817,11464,11109,10756,10401,10013,9673.5,9576.4,9482.1,9272.6,8920.5,8565.4,8220,7864.4,7510.4,7166.5,6811.8
16156,15800,15444,15089,14734,14370,14017,13664,13301,12949,12597,12237,11886,11528,11177,10819,10468,10075,9739.9,9638.8,9548.8,9334.9,8986.9,8631.6,8285.7,7929.8,7575.4,7226.1,6876.1
16228,15872,15515,15160,14805,14440,14087,13735,13371,13019,12667,12306,11954,11594,11245,10886,10536,10142,9806.3,9700.1,9615.2,9401.3,9053.3,8697.3,8351.4,7995.4,7640.4,7285.5,6941.1
16302,15944,15587,15231,14876,14511,14158,13805,13441,13088,12736,12374,12023,11663,11313,10953,10604,10209,9873.5,9770.6,9682,9467.7,9119.7,8763.2,8417,8061.1,7705.4,7350.7,7006.1
16381,16016,15660,15303,14947,14582,14229,13875,13511,13158,12805,12443,12093,11732,11382,11026,10672,10282,9941.4,9842.9,9749.1,9534.9,9186.3,8829.6,8483.1,8126.8,7770.9,7416.4,7071.1
16455,16088,15732,15375,15019,14653,14299,13945,13584,13228,12875,12513,12162,11800,11450,11099,10740,10355,10014,9910.6,9816.3,9602.8,9253.4,8896,8549.5,8192.5,7836.6,7486.1,7136.1
16528,16164,15804,15446,15091,14728,14370,14015,13660,13298,12946,12586,12230,11874,11518,11167,10808,10422,10085,9977.7,9883.4,9674.3,9320.3,8962.4,8615.5,8258.2,7902.2,7556.1,7201.1
16601,16242,15880,15518,15163,14806,14444,14086,13731,13369,13015,12661,12300,11947,11586,11235,10876,10489,10153,10045,9954.4,9744.8,9386.7,9031,8681.2,8323.8,7967.9,7621.4,7266
16674,16316,15957,15595,15234,14878,14521,14156,13802,13443,13085,12731,12369,12016,11655,11304,10945,10557,10221,10112,10027,9811.9,9453.4,9102.5,8747.2,8389.5,8037.7,7686.3,7331
16746,16388,16030,15672,15306,14949,14592,14227,13872,13517,13159,12801,12443,12085,11729,11372,11018,10625,10288,10180,10095,9879.1,9520.5,9171.6,8813.6,8459.2,8108.5,7752,7396.5
16821,16461,16103,15744,15377,15020,14664,14304,13944,13588,13233,12870,12516,12154,11802,11441,11089,10693,10357,10248,10162,9946.2,9589.4,9238,8883.1,8530.7,8175,7817.7,7466.4
16899,16536,16175,15816,15455,15092,14735,14379,14019,13659,13304,12940,12586,12225,11871,11511,11157,10762,10430,10320,10229,10015,9660.9,9307.4,8954.6,8598,8240.7,7888.2,7536
16975,16614,16249,15889,15532,15169,14807,14450,14094,13734,13375,13016,12656,12299,11941,11584,11227,10835,10500,10392,10296,10087,9730.4,9379.7,9022.8,8663.6,8310.7,7958.9,7600.9
17049,16692,16327,15963,15609,15247,14884,14522,14164,13809,13451,13090,12731,12373,12015,11657,11301,10908,10568,10460,10369,10158,9797.6,9448.6,9089.2,8733.7,8381.4,8024.7,7666.5
17125,16770,16405,16041,15684,15323,14961,14598,14236,13880,13524,13159,12804,12447,12087,11731,11372,10982,10638,10529,10442,10226,9867.3,9515,9159.1,8805.2,8447.7,8090.4,7737.2
17204,16845,16484,16118,15756,15397,15038,14675,14313,13953,13595,13231,12873,12520,12156,11803,11440,11052,10711,10601,10515,10296,9939.6,9585,9230.6,8872.6,8513.4,8161.1,7807.9
17283,16917,16557,16196,15831,15469,15111,14751,14389,14028,13667,13307,12946,12589,12228,11871,11511,11120,10781,10674,10587,10368,10012,9657.3,9302.1,8939,8584.3,8231.9,7878.6
17362,16995,16629,16274,15909,15545,15182,14825,14466,14104,13743,13382,13021,12662,12302,11943,11585,11191,10849,10747,10655,10441,10084,9729.6,9373.6,9009.7,8655.8,8302.6,7948.7
17441,17074,16707,16352,15987,15622,15258,14897,14542,14179,13819,13456,13096,12736,12376,12018,11659,11264,10920,10820,10723,10514,10157,9801.9,9441.7,9081.2,8727.3,8373.3,8014.4
17520,17153,16786,16430,16065,15700,15335,14972,14619,14256,13894,13532,13171,12811,12451,12092,11733,11338,10993,10893,10796,10586,10230,9874.2,9508.9,9152.7,8798.8,8444.1,8080.8
17599,17232,16865,16508,16143,15777,15412,15049,14695,14332,13969,13607,13247,12886,12526,12166,11808,11411,11066,10966,10869,10659,10302,9946.5,9579.6,9224.2,8868.8,8514.9,8151.6
17677,17310,16944,16585,16220,15855,15490,15125,14772,14407,14045,13682,13322,12961,12601,12241,11881,11486,11139,11039,10942,10732,10375,10018,9652.5,9297.2,8940.3,8586.4,8222.2
17757,17390,17022,16664,16298,15931,15567,15202,14848,14484,14122,13759,13397,13035,12675,12314,11955,11559,11212,11112,11016,10805,10448,10091,9724.2,9368.7,9011.8,8657.7,8292.4
17837,17469,17100,16742,16375,16009,15644,15285,14925,14560,14197,13835,13472,13110,12749,12389,12029,11632,11287,11186,11090,10878,10521,10163,9795.7,9440.2,9084.8,8727.8,8364.6
17915,17547,17179,16820,16454,16087,15721,15366,15001,14637,14273,13910,13547,13185,12825,12463,12102,11706,11360,11260,11165,10951,10593,10236,9872,9511.8,9156.3,8799.3,8439.9
17994,17625,17262,16899,16532,16165,15800,15443,15078,14713,14350,13985,13623,13260,12900,12538,12177,11779,11434,11333,11244,11024,10666,10307,9950.2,9584.8,9227.8,8870.8,8515.4
18074,17704,17347,16977,16610,16246,15883,15519,15154,14789,14426,14061,13698,13338,12974,12614,12251,11854,11514,11407,11319,11097,10739,10380,10023,9656.7,9299.3,8942.3,8586.9
18154,17786,17425,17057,16693,16329,15964,15597,15232,14866,14505,14138,13776,13419,13051,12694,12327,11934,11591,11481,11393,11172,10812,10453,10095,9733.5,9371.6,9013.8,8658.4
18237,17871,17504,17135,16777,16408,16042,15675,15309,14946,14586,14216,13857,13497,13131,12772,12406,12013,11664,11554,11467,11245,10885,10527,10168,9810.8,9448.5,9086.4,8729.9
18322,17952,17583,17215,16855,16487,16118,15752,15389,15029,14664,14297,13936,13572,13209,12847,12484,12087,11741,11627,11540,11323,10958,10605,10242,9882.3,9525.3,9163.5,8802.9
18403,18031,17665,17299,16933,16565,16197,15833,15471,15107,14741,14376,14011,13648,13284,12922,12559,12160,11820,11705,11618,11401,11037,10683,10318,9955.1,9596.8,9239.9,8879.6
18482,18114,17750,17381,17012,16645,16281,15917,15548,15184,14821,14452,14091,13723,13363,12997,12636,12234,11897,11785,11697,11474,11114,10756,10396,10033,9669.6,9311.4,8954.4
18568,18200,17830,17460,17093,16727,16363,15995,15627,15265,14903,14533,14173,13802,13443,13074,12716,12311,11970,11859,11771,11551,11189,10830,10469,10110,9746.7,9385.1,9025.9
18652,18280,17908,17543,17177,16811,16447,16073,15711,15347,14980,14615,14249,13883,13519,13154,12793,12391,12047,11934,11845,11630,11263,10908,10543,10183,9823.4,9462.8,9099.4
18732,18362,17994,17626,17261,16895,16528,16157,15793,15425,15057,14697,14325,13963,13595,13236,12868,12471,12126,12014,11925,11708,11342,10985,10622,10257,9895.9,9537.4,9176
18816,18447,18078,17710,17345,16975,16607,16241,15876,15503,15141,14778,14407,14045,13676,13316,12946,12551,12203,12093,12003,11787,11421,11058,10700,10334,9970,9608.9,9252.6
18902,18532,18164,17796,17430,17053,16688,16324,15956,15586,15223,14855,14489,14122,13757,13392,13026,12627,12278,12172,12083,11865,11500,11133,10778,10412,10048,9683.3,9329.2
18988,18618,18250,17882,17513,17137,16771,16407,16033,15668,15305,14933,14570,14199,13837,13467,13106,12701,12355,12252,12162,11939,11578,11212,10853,10490,10125,9760.8,9403.4
19072,18704,18335,17966,17592,17222,16855,16489,16114,15750,15387,15015,14651,14280,13919,13548,13188,12780,12435,12332,12242,12015,11658,11290,10927,10568,10203,9838.3,9475.7
19158,18788,18419,18051,17674,17306,16939,16573,16197,15833,15470,15097,14733,14361,14000,13628,13268,12860,12515,12411,12321,12094,11738,11369,11003,10647,10282,9915.7,9551.6
19244,18874,18504,18137,17758,17390,17023,16657,16281,15916,15552,15178,14815,14443,14081,13709,13348,12940,12595,12491,12395,12174,11817,11448,11082,10725,10359,9992.3,9628.9
19330,18960,18590,18221,17843,17474,17107,16741,16365,15999,15634,15260,14897,14525,14162,13791,13429,13022,12675,12571,12471,12255,11895,11527,11160,10803,10437,10070,9705.5
19417,19046,18676,18305,17927,17558,17191,16825,16447,16083,15718,15342,14979,14607,14243,13872,13510,13102,12755,12651,12551,12335,11974,11605,11238,10882,10515,10148,9783.2
19503,19132,18760,18391,18016,17643,17276,16909,16531,16167,15800,15424,15061,14689,14325,13953,13590,13183,12835,12731,12633,12413,12055,11684,11316,10960,10593,10226,9860.4
19589,19218,18846,18477,18107,17729,17360,16993,16615,16249,15882,15508,15144,14769,14407,14034,13670,13268,12915,12811,12719,12493,12133,11765,11396,11038,10671,10305,9938.1
19676,19304,18932,18562,18193,17814,17444,17077,16702,16333,15966,15592,15226,14855,14488,14117,13751,13352,12995,12891,12801,12573,12213,11843,11479,11116,10750,10382,10019
19769,19390,19018,18647,18277,17903,17528,17160,16791,16418,16049,15675,15308,14942,14569,14204,13833,13434,13077,12971,12881,12659,12293,11921,11563,11196,10828,10464,10102
19859,19481,19104,18733,18361,17993,17617,17244,16877,16507,16132,15763,15391,15026,14651,14287,13914,13514,13163,13052,12961,12743,12372,12002,11641,11275,10911,10547,10181
19945,19572,19196,18819,18447,18077,17708,17328,16961,16592,16216,15849,15480,15108,14738,14369,13999,13595,13247,13133,13041,12823,12452,12087,11721,11353,10994,10626,10258
20031,19659,19286,18908,18533,18162,17792,17413,17045,16675,16303,15931,15566,15190,14825,14451,14087,13679,13327,13220,13126,12905,12538,12172,11801,11431,11073,10705,10336
20118,19748,19372,18999,18622,18248,17877,17503,17129,16759,16391,16017,15648,15274,14907,14531,14169,13765,13411,13304,13213,12991,12622,12251,11880,11517,11151,10783,10415
20210,19840,19461,19085,18713,18336,17961,17592,17219,16843,16476,16107,15730,15361,14990,14619,14250,13849,13497,13384,13293,13074,12702,12331,11964,11600,11230,10861,10498
20304,19929,19552,19173,18799,18428,18049,17676,17306,16933,16558,16191,15813,15446,15077,14705,14335,13929,13579,13467,13374,13154,12784,12417,12048,11678,11309,10945,10581
20397,20015,19640,19264,18887,18519,18140,17763,17390,17022,16647,16274,15899,15529,15163,14787,14422,14014,13659,13553,13460,13238,12870,12500,12128,11760,11394,11028,10658
20487,20107,19726,19356,18978,18607,18230,17854,17477,17112,16737,16363,15988,15617,15246,14871,14504,14101,13744,13636,13545,13324,12952,12580,12210,11844,11477,11112,10737
20574,20199,19819,19448,19068,18692,18320,17944,17568,17199,16826,16451,16078,15705,15332,14959,14587,14183,13831,13717,13625,13406,13032,12663,12295,11928,11561,11195,10820
20665,20291,19911,19534,19160,18780,18406,18035,17658,17283,16913,16540,16165,15792,15419,15046,14675,14264,13919,13801,13708,13486,13116,12747,12379,12012,11645,11275,10905
20757,20381,20003,19621,19252,18872,18495,18127,17748,17370,16997,16628,16255,15879,15506,15133,14762,14352,14003,13888,13794,13572,13201,12832,12465,12098,11725,11354,10989
20851,20468,20094,19713,19343,18964,18585,18214,17839,17460,17085,16711,16343,15967,15596,15221,14850,14439,14085,13976,13880,13658,13287,12919,12550,12182,11805,11438,11073
20943,20561,20187,19806,19429,19055,18675,18299,17928,17549,17174,16797,16426,16055,15683,15310,14937,14526,14169,14061,13967,13745,13374,13005,12636,12264,11889,11522,11156
21038,20653,20280,19898,19517,19145,18766,18388,18019,17641,17264,16887,16510,16139,15771,15398,15024,14612,14256,14147,14054,13830,13459,13090,12721,12344,11975,11607,11240
21130,20747,20373,19990,19608,19237,18857,18478,18109,17730,17353,16976,16599,16225,15860,15485,15112,14700,14342,14234,14142,13916,13547,13176,12807,12428,12059,11690,11324
21220,20841,20461,20083,19701,19329,18949,18568,18199,17821,17443,17066,16688,16313,15947,15574,15199,14787,14430,14322,14229,14003,13632,13261,12892,12513,12144,11775,11408
21315,20937,20551,20175,19794,19420,19039,18659,18290,17911,17533,17155,16778,16406,16035,15662,15287,14874,14516,14408,14315,14089,13717,13348,12977,12598,12229,11860,11492
21410,21033,20645,20269,19887,19512,19130,18757,18380,18001,17624,17244,16867,16499,16124,15749,15374,14962,14603,14495,14402,14176,13803,13434,13063,12682,12313,11944,11576
21508,21127,20741,20364,19979,19605,19222,18853,18471,18092,17713,17334,16957,16590,16213,15837,15463,15049,14690,14582,14489,14264,13891,13519,13148,12772,12398,12029,11660
21601,21217,20835,20459,20073,19699,19315,18943,18563,18183,17803,17426,17052,16679,16302,15926,15551,15137,14777,14669,14575,14351,13977,13605,13234,12863,12488,12115,11746
21693,21311,20931,20553,20167,19793,19407,19034,18654,18273,17896,17522,17146,16767,16392,16013,15638,15224,14870,14757,14663,14437,14064,13692,13321,12949,12579,12199,11830
21790,21409,21028,20649,20261,19885,19501,19127,18744,18369,17993,17614,17235,16856,16481,16102,15726,15312,14962,14844,14750,14528,14151,13777,13406,13036,12665,12284,11915
21889,21505,21124,20745,20357,19979,19595,19221,18836,18464,18085,17704,17325,16946,16569,16192,15814,15401,15050,14936,14840,14621,14241,13864,13494,13121,12750,12374,12000
21987,21604,21222,20841,20451,20074,19688,19313,18929,18556,18175,17795,17414,17038,16664,16281,15908,15495,15137,15029,14933,14709,14333,13954,13586,13208,12836,12465,12090
22088,21703,21319,20937,20547,20169,19785,19407,19021,18648,18266,17885,17508,17133,16758,16376,16001,15586,15224,15117,15022,14797,14422,14046,13676,13299,12922,12550,12179
22188,21802,21416,21035,20644,20265,19886,19499,19120,18740,18358,17981,17603,17224,16846,16468,16091,15674,15316,15205,15110,14884,14509,14134,13762,13388,13013,12636,12265
22288,21901,21515,21131,20740,20359,19981,19593,19217,18833,18450,18076,17695,17314,16938,16556,16179,15766,15409,15298,15204,14973,14602,14222,13849,13475,13102,12727,12350
22389,22002,21614,21230,20837,20456,20075,19687,19311,18925,18545,18168,17786,17410,17033,16647,16272,15859,15499,15389,15296,15066,14692,14314,13935,13563,13187,12816,12439
22490,22101,21713,21328,20933,20552,20171,19783,19405,19025,18643,18260,17876,17505,17124,16742,16366,15949,15586,15477,15384,15158,14779,14405,14024,13655,13275,12902,12529
22592,22201,21812,21426,21038,20649,20268,19884,19499,19123,18735,18351,17970,17596,17215,16834,16455,16037,15680,15568,15473,15251,14869,14492,14117,13744,13367,12990,12614
22694,22302,21913,21525,21139,20750,20363,19983,19597,19216,18830,18448,18068,17690,17307,16924,16547,16130,15773,15661,15566,15341,14961,14581,14208,13830,13457,13080,12702
22797,22404,22013,21624,21238,20852,20463,20079,19697,19309,18930,18547,18161,17786,17397,17020,16643,16225,15868,15752,15658,15428,15054,14674,14300,13922,13543,13171,12793
22901,22505,22114,21723,21337,20950,20565,20178,19791,19403,19026,18640,18255,17880,17494,17115,16738,16320,15960,15840,15752,15522,15147,14766,14388,14013,13634,13263,12883
23005,22609,22216,21825,21437,21048,20663,20280,19888,19504,19119,18735,18352,17971,17590,17210,16833,16413,16049,15934,15844,15615,15237,14859,14476,14104,13725,13355,12974
23110,22711,22320,21931,21542,21147,20761,20377,19984,19603,19217,18833,18450,18068,17688,17305,16923,16503,16140,16029,15934,15708,15325,14952,14569,14197,13818,13445,13066
23214,22815,22428,22036,21645,21251,20858,20475,20083,19698,19317,18932,18549,18165,17781,17396,17015,16598,16234,16124,16028,15803,15420,15045,14661,14289,13909,13532,13158
23319,22923,22533,22138,21744,21355,20961,20577,20185,19797,19413,19032,18645,18263,17873,17491,17112,16693,16331,16219,16121,15898,15513,15138,14753,14382,14001,13619,13248
23427,23034,22637,22245,21852,21455,21066,20678,20290,19898,19510,19127,18737,18360,17970,17588,17208,16788,16427,16314,16216,15991,15606,15231,14847,14474,14092,13710,13339
23536,23139,22748,22353,21957,21561,21172,20776,20392,20000,19611,19222,18835,18453,18067,17685,17304,16883,16522,16409,16311,16081,15701,15326,14941,14567,14183,13803,13432
23650,23249,22854,22455,22059,21667,21273,20879,20495,20102,19711,19323,18935,18549,18165,17783,17401,16978,16617,16504,16406,16176,15796,15419,15034,14661,14276,13895,13523
23759,23361,22960,22563,22168,21774,21374,20984,20594,20205,19813,19424,19035,18648,18264,17880,17498,17076,16712,16599,16501,16276,15890,15514,15129,14754,14369,13988,13615
23873,23475,23072,22674,22276,21882,21479,21089,20694,20307,19915,19524,19135,18748,18362,17978,17596,17172,16807,16695,16597,16371,15984,15609,15222,14847,14462,14086,13706
23988,23586,23186,22785,22385,21991,21586,21196,20798,20412,20018,19626,19236,18849,18461,18077,17693,17269,16903,16790,16693,16467,16079,15703,15315,14940,14555,14182,13799
24104,23694,23298,22895,22496,22099,21693,21302,20905,20516,20120,19729,19342,18954,18561,18174,17790,17366,16999,16887,16788,16564,16174,15797,15409,15033,14648,14275,13890
24221,23808,23412,23006,22607,22208,21801,21409,21016,20620,20224,19838,19448,19057,18664,18272,17890,17461,17096,16984,16883,16659,16274,15891,15504,15127,14741,14367,13983
24338,23926,23526,23120,22718,22317,21910,21516,21122,20725,20327,19943,19549,19157,18768,18374,17993,17559,17196,17082,16981,16754,16375,15985,15603,15221,14838,14459,14079
24456,24043,23641,23234,22829,22427,22026,21624,21230,20830,20437,20045,19651,19257,18868,18479,18094,17662,17298,17184,17082,16852,16470,16080,15701,15315,14938,14552,14176
24574,24158,23757,23346,22940,22538,22139,21738,21336,20935,20545,20148,19753,19359,18971,18579,18192,17764,17396,17281,17184,16954,16566,16180,15796,15410,15031,14644,14270
24695,24279,23873,23461,23054,22649,22248,21850,21448,21047,20650,20252,19860,19466,19079,18681,18297,17861,17495,17378,17280,17053,16667,16279,15894,15509,15126,14743,14363
24816,24405,23988,23579,23172,22766,22358,21957,21562,21155,20760,20362,19968,19572,19180,18787,18400,17962,17597,17480,17380,17148,16766,16380,15994,15607,15224,14841,14460
24944,24524,24105,23700,23290,22883,22473,22070,21670,21262,20871,20472,20077,19674,19281,18892,18499,18067,17699,17584,17483,17250,16862,16479,16095,15707,15323,14939,14558
25068,24650,24228,23818,23404,22996,22590,22186,21781,21375,20976,20583,20183,19781,19389,18998,18600,18170,17803,17687,17586,17351,16961,16574,16192,15807,15423,15036,14651
25190,24774,24354,23939,23525,23115,22708,22297,21895,21490,21086,20689,20287,19890,19496,19106,18706,18276,17907,17790,17689,17454,17064,16673,16288,15908,15521,15129,14743
25321,24895,24480,24060,23646,23234,22827,22413,22010,21604,21198,20796,20396,20000,19604,19213,18811,18380,18010,17893,17792,17558,17165,16775,16386,16009,15621,15225,14841
25446,25022,24601,24186,23769,23355,22945,22530,22128,21718,21312,20907,20507,20109,19713,19320,18917,18485,18116,17996,17895,17661,17267,16875,16493,16107,15722,15325,14940
25572,25150,24724,24312,23892,23478,23066,22648,22243,21833,21424,21018,20618,20217,19821,19425,19023,18591,18219,18101,17999,17764,17369,16976,16596,16207,15820,15427,15038
25704,25282,24852,24437,24017,23599,23187,22767,22360,21949,21538,21133,20730,20328,19929,19533,19133,18697,18324,18205,18103,17867,17474,17084,16697,16307,15919,15530,15139
25838,25412,24990,24563,24141,23722,23308,22887,22478,22063,21658,21251,20850,20440,20043,19642,19245,18803,18427,18308,18207,17975,17583,17190,16799,16407,16019,15630,15243
25977,25543,25120,24690,24268,23846,23428,23014,22597,22180,21779,21369,20963,20557,20158,19752,19354,18914,18532,18414,18317,18084,17688,17293,16900,16508,16119,15730,15343
26115,25678,25250,24820,24396,23973,23551,23137,22721,22304,21894,21483,21078,20671,20267,19866,19463,19025,18643,18522,18427,18189,17791,17398,17006,16609,16221,15829,15441
26249,25817,25379,24956,24529,24105,23673,23259,22846,22425,22015,21603,21196,20783,20380,19979,19576,19132,18754,18632,18538,18295,17900,17505,17112,16714,16326,15930,15544
26393,25951,25518,25085,24655,24229,23804,23387,22965,22543,22137,21723,21311,20900,20498,20088,19687,19241,18866,18743,18647,18407,18009,17614,17213,16820,16431,16036,15648
26532,26089,25657,25221,24786,24359,23935,23510,23090,22669,22253,21838,21425,21018,20615,20205,19795,19355,18978,18855,18753,18517,18118,17723,17319,16927,16537,16140,15754
26675,26233,25795,25358,24922,24492,24067,23634,23218,22794,22374,21960,21546,21137,20733,20319,19910,19469,19091,18967,18863,18628,18229,17827,17428,17035,16644,16245,15858
26822,26374,25930,25495,25058,24627,24198,23764,23346,22922,22501,22082,21668,21257,20850,20435,20025,19582,19205,19081,18975,18739,18339,17932,17536,17143,16750,16351,15962
26964,26516,26069,25634,25198,24762,24332,23895,23473,23047,22625,22206,21790,21378,20967,20552,20146,19696,19317,19194,19087,18851,18449,18047,17643,17250,16856,16456,16068
27114,26661,26215,25773,25333,24897,24464,24028,23603,23174,22754,22334,21911,21499,21087,20671,20266,19811,19431,19308,19202,18962,18560,18161,17757,17357,16963,16561,16174
27264,26808,26362,25916,25471,25033,24598,24166,23733,23302,22885,22464,22037,21619,21207,20797,20382,19925,19544,19420,19321,19076,18672,18271,17871,17465,17070,16668,16277
27417,26960,26506,26061,25610,25171,24732,24302,23864,23436,23013,22589,22168,21740,21330,20919,20500,20046,19658,19540,19438,19188,18785,18381,17980,17573,17179,16779,16383
27569,27110,26655,26204,25754,25309,24870,24436,23999,23570,23140,22714,22293,21868,21457,21037,20618,20169,19777,19659,19550,19307,18902,18492,18093,17687,17286,16891,16493
27720,27260,26807,26351,25898,25455,25013,24577,24137,23700,23268,22843,22419,21998,21579,21163,20742,20291,19897,19773,19670,19425,19016,18609,18208,17802,17396,16999,16605
27876,27410,26956,26501,26048,25597,25157,24712,24276,23838,23404,22975,22549,22129,21701,21286,20866,20410,20019,19892,19792,19546,19130,18725,18321,17916,17510,17107,16711
28031,27565,27110,26650,26197,25745,25301,24851,24418,23976,23542,23108,22680,22259,21829,21406,20992,20528,20138,20012,19914,19666,19250,18842,18432,18032,17625,17219,16816
28188,27721,27264,26801,26345,25894,25445,24995,24558,24115,23677,23243,22814,22390,21959,21532,21116,20651,20255,20133,20034,19787,19368,18961,18547,18148,17739,17333,16929
28348,27880,27416,26953,26493,26041,25592,25145,24700,24255,23814,23380,22948,22520,22087,21659,21243,20776,20382,20257,20155,19907,19487,19080,18666,18265,17854,17445,17043
28511,28039,27575,27105,26645,26195,25737,25285,24840,24394,23951,23514,23080,22651,22217,21794,21370,20901,20511,20381,20279,20028,19610,19197,18790,18380,17968,17560,17154
28673,28199,27734,27261,26801,26347,25888,25429,24981,24537,24090,23652,23217,22785,22351,21927,21497,21033,20634,20502,20402,20150,19736,19318,18910,18495,18083,17675,17271
28836,28364,27890,27420,26959,26499,26040,25583,25128,24682,24238,23795,23359,22917,22488,22055,21625,21162,20758,20627,20524,20273,19857,19443,19027,18614,18201,17795,17390
29004,28525,28051,27581,27114,26650,26191,25732,25278,24827,24384,23935,23498,23056,22619,22192,21760,21287,20882,20759,20654,20397,19982,19566,19145,18737,18324,17913,17502
29169,28691,28212,27742,27272,26805,26344,25882,25428,24973,24529,24076,23636,23196,22756,22326,21891,21417,21014,20890,20784,20527,20108,19687,19266,18857,18439,18028,17617
29337,28854,28375,27903,27436,26966,26499,26033,25577,25123,24671,24218,23778,23332,22895,22457,22021,21551,21145,21021,20914,20656,20233,19812,19392,18974,18558,18146,17737
29507,29020,28541,28064,27596,27120,26654,26187,25731,25271,24818,24365,23920,23472,23035,22594,22158,21687,21278,21154,21044,20786,20357,19940,19517,19100,18682,18269,17858
29673,29189,28708,28227,27755,27279,26809,26345,25885,25422,24968,24516,24066,23616,23178,22735,22295,21820,21411,21285,21176,20919,20486,20068,19643,19224,18805,18390,17978
29843,29356,28878,28391,27913,27446,26969,26506,26039,25576,25123,24663,24213,23763,23320,22873,22432,21956,21545,21418,21310,21049,20618,20197,19770,19349,18928,18513,18098
30016,29529,29048,28560,28083,27609,27136,26662,26196,25730,25271,24816,24361,23911,23464,23014,22579,22093,21678,21551,21443,21181,20754,20324,19897,19475,19056,18635,18219
30194,29702,29214,28730,28249,27772,27299,26824,26358,25884,25422,24968,24508,24059,23612,23156,22721,22233,21815,21685,21576,21316,20889,20454,20031,19607,19185,18760,18339
30371,29877,29380,28896,28409,27935,27462,26989,26516,26042,25579,25120,24660,24204,23757,23303,22859,22377,21958,21821,21710,21456,21020,20585,20164,19734,19311,18889,18463
30546,30052,29558,29068,28584,28104,27624,27151,26675,26205,25736,25270,24810,24353,23903,23447,23003,22514,22095,21958,21849,21590,21158,20721,20291,19862,19438,19014,18592
30724,30227,29733,29239,28755,28269,27787,27311,26838,26368,25896,25428,24966,24506,24050,23593,23146,22654,22235,22101,21990,21727,21293,20857,20426,19995,19571,19138,18721
30903,30404,29901,29411,28927,28434,27954,27472,27001,26528,26050,25588,25122,24662,24200,23743,23290,22798,22379,22245,22133,21868,21426,20996,20561,20130,19703,19269,18851
31083,30583,30083,29587,29095,28605,28125,27641,27166,26691,26211,25745,25275,24813,24352,23899,23439,22943,22519,22388,22276,22011,21566,21134,20698,20265,19836,19400,18980
31262,30761,30261,29762,29267,28777,28295,27811,27331,26851,26371,25899,25433,24966,24509,24052,23590,23092,22666,22529,22417,22154,21705,21273,20834,20400,19968,19532,19109
31443,30937,30437,29941,29442,28952,28464,27976,27496,27016,26538,26060,25594,25127,24663,24200,23745,23240,22813,22676,22565,22293,21847,21413,20971,20534,20103,19665,19241
31624,31118,30617,30118,29621,29126,28636,28146,27662,27181,26705,26225,25754,25287,24820,24352,23898,23395,22959,22824,22712,22441,21993,21553,21109,20670,20236,19798,19370
31805,31298,30792,30296,29800,29300,28813,28323,27833,27347,26867,26389,25913,25446,24979,24506,24051,23548,23107,22970,22864,22587,22139,21695,21250,20808,20372,19936,19501
31987,31485,30973,30481,29978,29479,28983,28496,28001,27517,27037,26551,26075,25604,25138,24665,24203,23700,23260,23122,23013,22737,22285,21841,21396,20945,20509,20074,19637
32174,31672,31156,30660,30155,29656,29158,28669,28173,27687,27206,26717,26241,25764,25294,24821,24360,23850,23412,23274,23157,22889,22436,21984,21542,21090,20651,20208,19776
32362,31856,31343,30838,30336,29831,29335,28843,28346,27860,27374,26887,26411,25928,25452,24979,24519,24002,23566,23424,23314,23042,22585,22130,21685,21234,20793,20348,19914
32550,32039,31526,31023,30517,30011,29513,29017,28524,28029,27547,27055,26573,26095,25614,25141,24676,24157,23723,23580,23471,23191,22736,22280,21829,21377,20936,20490,20054
32738,32226,31708,31206,30694,30192,29689,29192,28699,28204,27719,27224,26739,26262,25779,25306,24834,24317,23880,23735,23626,23344,22887,22430,21976,21525,21078,20632,20194
32927,32410,31896,31388,30877,30377,29868,29366,28874,28381,27889,27397,26910,26429,25946,25476,24995,24480,24035,23893,23783,23499,23042,22578,22124,21673,21222,20775,20335
33117,32598,32084,31572,31064,30559,30047,29547,29052,28556,28063,27571,27080,26596,26113,25635,25161,24642,24196,24050,23939,23653,23197,22733,22273,21822,21371,20923,20477
33312,32789,32273,31760,31252,30744,30232,29734,29233,28731,28238,27746,27253,26764,26281,25799,25327,24804,24355,24211,24100,23809,23351,22888,22424,21974,21519,21071,20617
33505,32983,32463,31949,31437,30924,30415,29912,29413,28911,28413,27924,27425,26939,26453,25972,25491,24969,24514,24372,24260,23970,23506,23042,22579,22125,21664,21216,20760
33695,33175,32652,32138,31624,31106,30598,30090,29591,29090,28589,28097,27596,27113,26621,26139,25655,25132,24679,24530,24418,24132,23662,23201,22738,22279,21816,21363,20904
33889,33365,32842,32327,31813,31290,30786,30278,29773,29267,28768,28270,27771,27283,26790,26301,25822,25297,24842,24694,24580,24297,23822,23358,22893,22430,21969,21511,21054
34084,33556,33036,32517,32002,31478,30972,30463,29955,29446,28947,28449,27950,27457,26964,26475,25990,25460,25006,24861,24746,24461,23988,23515,23044,22582,22122,21662,21204
34276,33751,33227,32710,32191,31667,31155,30642,30137,29628,29124,28626,28127,27629,27138,26650,26159,25625,25173,25025,24909,24626,24150,23674,23204,22738,22278,21812,21355
34472,33947,33422,32900,32381,31859,31342,30832,30320,29810,29302,28808,28303,27808,27310,26825,26328,25793,25342,25193,25075,24789,24313,23839,23368,22895,22435,21965,21508
34668,34148,33616,33091,32571,32051,31531,31022,30508,29994,29484,28990,28481,27984,27488,26997,26500,25966,25507,25362,25243,24953,24476,24003,23530,23058,22591,22121,21665
34865,34344,33810,33284,32761,32245,31722,31207,30697,30183,29670,29170,28663,28160,27665,27167,26671,26140,25676,25528,25412,25121,24639,24162,23692,23218,22748,22278,21821
35063,34539,34006,33477,32951,32435,31916,31396,30886,30369,29857,29350,28842,28341,27841,27346,26848,26311,25850,25696,25578,25289,24806,24325,23852,23372,22902,22435,21974
35262,34736,34203,33672,33147,32622,32106,31588,31073,30553,30042,29529,29024,28523,28018,27523,27028,26483,26020,25870,25750,25456,24975,24493,24016,23533,23059,22593,22128
35465,34936,34400,33869,33348,32814,32298,31780,31257,30737,30227,29716,29207,28700,28197,27702,27204,26659,26193,26046,25922,25629,25147,24665,24183,23701,23222,22753,22287
35667,35133,34597,34065,33539,33014,32494,31971,31445,30925,30415,29905,29394,28881,28379,27882,27381,26835,26369,26221,26092,25799,25317,24831,24348,23866,23388,22914,22447
35870,35331,34795,34258,33733,33211,32687,32162,31636,31115,30604,30093,29578,29067,28563,28062,27562,27011,26541,26391,26267,25969,25488,24996,24514,24034,23555,23076,22606
36072,35532,34997,34456,33934,33408,32878,32356,31831,31306,30790,30280,29762,29251,28746,28241,27740,27189,26717,26568,26444,26145,25654,25166,24684,24198,23719,23240,22765
36271,35730,35200,34659,34131,33602,33074,32548,32023,31502,30980,30466,29949,29439,28929,28419,27918,27370,26894,26747,26619,26318,25825,25337,24854,24366,23888,23405,22929
36472,35933,35398,34860,34329,33797,33270,32739,32218,31696,31171,30654,30139,29628,29112,28602,28102,27548,27072,26925,26793,26499,25999,25511,25025,24533,24058,23569,23094
36675,36140,35599,35060,34529,33994,33463,32932,32409,31887,31364,30845,30329,29813,29294,28786,28285,27727,27249,27102,26971,26677,26178,25684,25196,24708,24225,23737,23262
36878,36343,35798,35260,34729,34192,33655,33130,32601,32079,31557,31036,30519,30003,29488,28972,28469,27911,27427,27280,27152,26854,26357,25860,25372,24884,24394,23905,23426
37081,36546,36000,35463,34927,34394,33858,33331,32795,32270,31752,31231,30706,30192,29676,29159,28653,28094,27609,27459,27335,27032,26535,26037,25544,25056,24560,24074,23590
37289,36748,36203,35668,35128,34592,34060,33528,32992,32469,31945,31422,30901,30380,29860,29344,28837,28274,27793,27641,27518,27209,26712,26215,25718,25228,24730,24245,23761
37497,36953,36408,35870,35331,34790,34260,33724,33192,32667,32141,31614,31092,30570,30049,29533,29022,28458,27977,27823,27697,27394,26892,26392,25895,25400,24905,24417,23933
37701,37160,36617,36073,35534,34988,34461,33922,33395,32860,32337,31807,31283,30764,30243,29723,29207,28643,28162,28011,27878,27581,27075,26573,26073,25575,25082,24589,24105
37910,37363,36825,36277,35736,35191,34659,34122,33594,33053,32530,32002,31477,30954,30435,29914,29397,28833,28346,28196,28064,27760,27257,26754,26247,25753,25256,24762,24277
38119,37569,37030,36484,35939,35394,34858,34323,33793,33251,32728,32196,31671,31144,30627,30105,29586,29022,28531,28381,28254,27941,27439,26933,26425,25930,25433,24940,24448
38327,37777,37234,36684,36142,35597,35061,34526,33991,33454,32924,32393,31863,31340,30814,30296,29772,29209,28716,28561,28438,28126,27623,27112,26608,26105,25612,25118,24624
38536,37986,37437,36886,36345,35800,35264,34729,34189,33656,33119,32588,32056,31532,31005,30488,29963,29398,28908,28747,28621,28314,27808,27296,26793,26284,25791,25293,24798
38745,38195,37645,37099,36550,36005,35467,34932,34386,33855,33319,32787,32252,31730,31198,30679,30159,29583,29100,28936,28810,28501,27993,27480,26978,26465,25970,25470,24972
38954,38404,37858,37308,36758,36212,35673,35135,34589,34058,33522,32987,32449,31927,31395,30870,30353,29776,29287,29124,28997,28687,28179,27664,27162,26650,26149,25649,25146
39165,38613,38067,37517,36967,36417,35878,35337,34792,34261,33723,33186,32648,32125,31593,31063,30541,29973,29473,29315,29188,28876,28368,27847,27345,26832,26328,25828,25326
39377,38822,38272,37726,37176,36626,36082,35541,34996,34462,33920,33384,32850,32323,31790,31258,30736,30161,29665,29507,29379,29068,28554,28035,27527,27015,26507,26007,25507
39589,39031,38476,37934,37385,36835,36286,35745,35204,34662,34121,33586,33054,32521,31986,31456,30934,30348,29860,29702,29572,29259,28741,28224,27713,27204,26687,26189,25685
39804,39240,38685,38139,37592,37044,36494,35949,35405,34863,34321,33789,33253,32719,32182,31650,31126,30545,30047,29892,29766,29452,28931,28415,27899,27390,26872,26373,25862
40015,39454,38899,38350,37798,37252,36707,36156,35607,35064,34523,33988,33450,32918,32380,31847,31319,30743,30237,30082,29953,29646,29120,28606,28089,27576,27058,26556,26045
40224,39672,39108,38564,38010,37458,36916,36360,35816,35270,34730,34190,33649,33118,32581,32045,31517,30940,30435,30278,30144,29833,29315,28794,28280,27762,27243,26739,26227
40440,39883,39323,38776,38221,37666,37120,36566,36022,35479,34935,34398,33854,33319,32785,32243,31715,31137,30633,30476,30342,30024,29509,28981,28471,27948,27429,26925,26410
40657,40097,39537,38986,38430,37875,37324,36779,36226,35688,35138,34602,34059,33519,32988,32446,31914,31330,30828,30669,30539,30222,29701,29172,28658,28135,27618,27108,26592
40872,40308,39752,39195,38640,38088,37534,36987,36435,35890,35342,34805,34258,33720,33188,32646,32113,31525,31021,30867,30734,30417,29893,29369,28845,28328,27806,27292,26778
41083,40522,39966,39407,38849,38298,37747,37192,36646,36092,35546,35009,34460,33921,33390,32844,32316,31723,31217,31065,30931,30610,30085,29562,29035,28517,28000,27479,26969
41300,40741,40176,39619,39059,38508,37957,37403,36853,36300,35754,35213,34669,34125,33589,33047,32515,31924,31416,31263,31129,30807,30278,29754,29232,28704,28193,27670,27160
41520,40956,40391,39831,39275,38722,38166,37615,37060,36505,35963,35418,34875,34328,33792,33251,32715,32125,31618,31458,31324,31005,30472,29948,29430,28898,28381,27861,27347
41736,41171,40606,40048,39491,38936,38375,37824,37269,36714,36168,35625,35079,34532,33995,33455,32916,32324,31821,31657,31522,31203,30670,30146,29625,29095,28568,28048,27533
41948,41386,40822,40266,39706,39151,38586,38034,37478,36927,36376,35829,35285,34736,34199,33662,33114,32523,32022,31860,31724,31402,30868,30345,29818,29289,28765,28237,27720
42162,41606,41042,40481,39917,39361,38800,38243,37691,37137,36586,36035,35491,34944,34403,33865,33315,32724,32220,32059,31924,31601,31072,30543,30012,29486,28958,28429,27910
42380,41821,41260,40696,40131,39575,39011,38455,37906,37346,36795,36244,35696,35153,34607,34065,33519,32927,32418,32257,32123,31800,31271,30740,30208,29680,29155,28623,28102
42603,42041,41471,40911,40345,39785,39226,38668,38113,37560,37005,36454,35903,35358,34816,34271,33725,33131,32622,32458,32321,31998,31470,30936,30403,29873,29348,28821,28295
42825,42257,41688,41128,40560,40000,39445,38880,38322,37775,37215,36663,36112,35562,35024,34478,33934,33334,32825,32661,32524,32197,31669,31134,30598,30067,29537,29017,28491
43043,42476,41912,41346,40775,40215,39660,39095,38535,37985,37430,36872,36321,35771,35229,34684,34139,33539,33029,32865,32728,32400,31867,31333,30795,30265,29733,29210,28685
43261,42696,42131,41561,40991,40435,39875,39310,38753,38199,37643,37084,36535,35980,35433,34891,34340,33746,33232,33068,32932,32604,32067,31535,30997,30464,29935,29406,28878
43484,42917,42347,41778,41209,40650,40089,39524,38966,38409,37854,37297,36749,36189,35638,35095,34546,33948,33436,33270,33136,32808,32271,31736,31201,30664,30134,29605,29076
43707,43137,42563,41998,41429,40865,40300,39739,39176,38624,38067,37506,36960,36404,35848,35299,34756,34150,33635,33471,33344,33017,32474,31938,31401,30863,30331,29801,29270
43927,43354,42783,42218,41653,41085,40515,39955,39393,38839,38277,37719,37166,36618,36058,35506,34961,34359,33840,33675,33548,33220,32676,32141,31600,31062,30527,29998,29464
44150,43573,42998,42439,41874,41301,40731,40172,39613,39054,38489,37933,37374,36827,36272,35716,35166,34568,34049,33880,33753,33420,32877,32345,31802,31266,30729,30197,29662
44373,43793,43219,42657,42092,41516,40951,40392,39826,39264,38703,38151,37588,37033,36483,35928,35374,34773,34259,34090,33957,33625,33083,32546,32002,31469,30931,30396,29861
44593,44014,43444,42875,42310,41736,41171,40610,40039,39479,38917,38365,37803,37248,36696,36140,35583,34977,34467,34301,34161,33834,33290,32748,32206,31672,31129,30595,30061
44814,44238,43669,43096,42530,41956,41392,40825,40258,39699,39129,38578,38018,37462,36907,36352,35797,35191,34671,34510,34367,34043,33495,32956,32414,31871,31328,30798,30265
45036,44463,43890,43320,42751,42173,41612,41041,40475,39914,39345,38793,38233,37672,37120,36564,36008,35405,34877,34717,34576,34251,33701,33161,32614,32071,31529,30998,30465
45262,44688,44115,43541,42971,42392,41832,41258,40693,40134,39564,39008,38448,37883,37330,36774,36221,35611,35088,34925,34786,34455,33911,33365,32813,32272,31733,31197,30659
45487,44911,44336,43762,43192,42616,42048,41478,40914,40350,39779,39223,38663,38097,37540,36984,36432,35820,35300,35134,34994,34661,34117,33570,33023,32480,31937,31400,30857
45713,45134,44557,43988,43412,42838,42268,41700,41131,40570,39995,39439,38874,38313,37754,37197,36642,36030,35506,35344,35200,34873,34322,33770,33232,32686,32142,31604,31062
45938,45362,44781,44213,43633,43062,42489,41924,41349,40790,40215,39656,39088,38532,37972,37412,36852,36240,35716,35554,35412,35084,34529,33978,33436,32895,32346,31808,31266
46164,45588,45004,44438,43854,43287,42709,42144,41573,41006,40431,39874,39304,38748,38187,37627,37066,36454,35926,35767,35625,35289,34742,34187,33640,33101,32550,32013,31469
46389,45811,45227,44659,44077,43506,42930,42365,41795,41226,40651,40089,39526,38963,38401,37842,37281,36669,36137,35978,35834,35499,34954,34401,33846,33302,32755,32217,31669
46615,46036,45450,44880,44306,43725,43150,42585,42013,41442,40872,40307,39747,39183,38614,38057,37496,36880,36352,36188,36044,35717,35164,34612,34056,33507,32959,32417,31875
46840,46261,45673,45101,44531,43948,43375,42806,42229,41661,41092,40527,39961,39398,38833,38272,37707,37089,36566,36398,36254,35928,35373,34822,34270,33714,33167,32621,32083
47066,46483,45899,45325,44751,44171,43600,43027,42449,41882,41312,40746,40175,39614,39048,38490,37922,37309,36777,36609,36466,36135,35583,35032,34480,33925,33376,32830,32288
47292,46708,46126,45548,44973,44394,43822,43252,42674,42102,41533,40963,40394,39834,39265,38707,38141,37524,36992,36822,36681,36347,35793,35241,34690,34138,33583,33039,32493
47518,46938,46357,45775,45198,44620,44043,43473,42898,42323,41753,41185,40617,40050,39484,38920,38357,37735,37206,37034,36896,36562,36003,35451,34899,34348,33794,33245,32701
47746,47165,46586,46002,45419,44845,44267,43694,43120,42547,41974,41409,40839,40266,39699,39134,38572,37950,37419,37248,37111,36777,36214,35666,35109,34558,34006,33449,32906
47974,47390,46812,46228,45645,45070,44492,43914,43346,42770,42195,41630,41057,40485,39916,39351,38791,38170,37638,37463,37327,36992,36427,35881,35319,34766,34216,33663,33111
48201,47619,47042,46456,45874,45292,44718,44139,43570,42993,42415,41850,41273,40706,40137,39571,39008,38390,37853,37678,37543,37207,36644,36092,35530,34973,34425,33874,33317
48432,47847,47268,46684,46104,45517,44943,44365,43791,43218,42636,42070,41491,40926,40361,39790,39224,38602,38068,37894,37762,37421,36862,36306,35745,35185,34635,34084,33528
48662,48075,47494,46911,46331,45748,45169,44591,44017,43442,42860,42287,41714,41147,40582,40006,39443,38817,38284,38109,37977,37634,37077,36517,35956,35400,34842,34289,33742
48893,48306,47724,47142,46557,45973,45395,44816,44238,43664,43086,42512,41939,41367,40802,40223,39663,39036,38500,38328,38194,37854,37292,36728,36171,35613,35051,34504,33950
49123,48536,47954,47372,46785,46199,45620,45042,44463,43890,43311,42733,42163,41588,41023,40443,39880,39253,38720,38548,38413,38074,37508,36942,36386,35823,35265,34719,34158
49353,48766,48181,47598,47016,46429,45846,45267,44689,44115,43537,42958,42384,41812,41239,40664,40099,39472,38936,38765,38629,38288,37723,37157,36601,36037,35483,34929,34373
49581,48996,48410,47823,47244,46659,46072,45493,44914,44340,43762,43184,42606,42037,41459,40885,40320,39696,39156,38981,38845,38500,37941,37376,36817,36256,35700,35144,34587
49809,49222,48638,48049,47470,46886,46302,45719,45140,44561,43986,43409,42831,42260,41680,41106,40540,39918,39372,39202,39065,38721,38159,37597,37032,36469,35912,35355,34797
50040,49453,48864,48279,47696,47115,46533,45945,45366,44787,44209,43635,43056,42481,41905,41331,40759,40135,39587,39425,39281,38946,38375,37813,37248,36682,36122,35565,35009
50270,49683,49091,48509,47922,47343,46759,46171,45592,45013,44434,43861,43277,42702,42130,41551,40977,40354,39808,39643,39497,39162,38590,38026,37463,36898,36336,35780,35223
50501,49914,49322,48742,48148,47569,46985,46402,45820,45239,44660,44083,43498,42924,42352,41772,41199,40575,40029,39861,39717,39377,38808,38243,37683,37119,36551,35995,35434
50731,50147,49552,48975,48378,47796,47214,46632,46048,45464,44886,44307,43723,43148,42573,41993,41424,40795,40253,40082,39938,39594,39028,38463,37899,37337,36769,36211,35649
50962,50380,49783,49206,48612,48026,47444,46858,46274,45690,45111,44533,43953,43370,42794,42218,41649,41016,40475,40302,40159,39814,39249,38681,38115,37549,36987,36426,35864
51193,50610,50013,49436,48844,48252,47675,47088,46501,45919,45337,44758,44180,43597,43017,42444,41870,41237,40696,40523,40383,40035,39469,38897,38330,37765,37203,36641,36076
51427,50842,50247,49667,49074,48482,47905,47318,46731,46147,45563,44984,44405,43827,43243,42669,42095,41459,40920,40744,40609,40259,39689,39117,38550,37985,37421,36853,36291
51662,51076,50479,49897,49305,48717,48135,47546,46962,46373,45793,45211,44631,44052,43470,42892,42316,41683,41142,40965,40831,40484,39906,39343,38771,38206,37639,37071,36511
51894,51303,50712,50124,49534,48945,48361,47774,47192,46600,46020,45441,44854,44278,43699,43119,42538,41905,41363,41191,41051,40706,40126,39564,38988,38426,37855,37292,36727
52127,51533,50945,50353,49761,49174,48587,48005,47423,46831,46245,45666,45078,44504,43925,43346,42763,42130,41586,41416,41272,40927,40347,39782,39207,38647,38071,37512,36943
52361,51767,51176,50584,49992,49407,48817,48234,47649,47060,46474,45892,45305,44726,44150,43572,42992,42352,41812,41637,41496,41148,40568,40003,39431,38867,38288,37730,37159
52591,51999,51407,50817,50231,49642,49048,48461,47878,47287,46704,46118,45535,44951,44372,43798,43219,42577,42036,41858,41719,41371,40793,40223,39653,39084,38508,37948,37379
52822,52231,51641,51051,50466,49875,49281,48691,48109,47517,46933,46344,45766,45179,44597,44022,43445,42807,42257,42083,41940,41595,41019,40445,39874,39304,38730,38166,37599
53056,52466,51873,51286,50695,50106,49514,48926,48340,47751,47160,46573,46001,45409,44827,44244,43670,43033,42479,42313,42163,41816,41244,40671,40095,39529,38954,38383,37820
53291,52701,52106,51516,50924,50337,49744,49157,48570,47983,47391,46806,46227,45640,45054,44471,43896,43259,42706,42536,42389,42038,41470,40896,40316,39750,39171,38600,38040
53526,52936,52341,51751,51156,50567,49975,49384,48801,48213,47621,47039,46449,45869,45283,44701,44120,43482,42935,42757,42614,42264,41692,41117,40537,39971,39391,38821,38261
53761,53171,52576,51982,51390,50794,50206,49613,49031,48442,47852,47268,46678,46095,45514,44927,44343,43706,43161,42981,42840,42490,41913,41342,40759,40189,39612,39043,38478
53996,53403,52811,52213,51621,51026,50441,49846,49266,48669,48082,47495,46911,46321,45742,45157,44569,43934,43382,43207,43066,42716,42137,41564,40983,40408,39833,39266,38697
54231,53634,53041,52446,51856,51263,50676,50081,49497,48901,48313,47726,47141,46551,45969,45387,44795,44164,43608,43434,43291,42941,42363,41785,41205,40631,40058,39484,38918
54466,53866,53276,52679,52091,51500,50907,50315,49728,49136,48543,47956,47367,46782,46200,45618,45026,44393,43837,43663,43517,43167,42588,42010,41431,40855,40283,39705,39139
54701,54101,53511,52911,52323,51730,51138,50546,49958,49366,48774,48191,47595,47012,46430,45845,45256,44619,44064,43889,43747,43393,42814,42235,41661,41078,40506,39931,39360
54938,54336,53746,53146,52556,51961,51371,50781,50187,49597,49004,48422,47826,47246,46656,46072,45487,44845,44293,44115,43974,43622,43040,42461,41883,41305,40727,40156,39582
55174,54571,53981,53381,52791,52192,51606,51012,50416,49827,49235,48650,48061,47478,46886,46299,45717,45071,44521,44341,44200,43849,43270,42687,42108,41534,40950,40377,39807
55406,54809,54215,53616,53026,52426,51841,51246,50651,50061,49466,48881,48291,47707,47117,46530,45944,45301,44747,44571,44426,44075,43496,42914,42334,41760,41178,40602,40029
55641,55046,54446,53851,53261,52661,52076,51478,50891,50296,49701,49116,48526,47934,47347,46760,46170,45528,44974,44802,44652,44303,43722,43143,42559,41985,41407,40828,40254
55876,55279,54681,54086,53496,52897,52306,51711,51122,50529,49936,49348,48757,48166,47575,46991,46399,45757,45204,45032,44879,44534,43948,43369,42785,42211,41632,41054,40475
56108,55511,54916,54321,53731,53136,52541,51946,51352,50761,50167,49575,48988,48401,47806,47221,46629,45988,45430,45259,45108,44764,44177,43595,43011,42433,41857,41279,40701
56342,55745,55153,54560,53965,53370,52773,52180,51585,50995,50398,49806,49220,48631,48039,47455,46860,46218,45661,45486,45335,44994,44408,43821,43239,42658,42079,41505,40926
56581,55984,55389,54795,54199,53601,53007,52415,51819,51230,50630,50040,49454,48858,48269,47684,47090,46449,45891,45712,45566,45220,44636,44051,43468,42884,42305,41729,41152
56820,56220,55620,55027,54430,53839,53245,52650,52050,51465,50865,50275,49685,49090,48500,47910,47325,46679,46122,45939,45796,45446,44864,44278,43694,43110,42531,41952,41378
57055,56455,55855,55263,54665,54075,53480,52883,52285,51698,51100,50508,49915,49325,48731,48140,47556,46909,46352,46170,46027,45672,45093,44504,43920,43336,42757,42178,41604
57287,56690,56094,55500,54904,54308,53715,53115,52520,51930,51331,50738,50150,49559,48961,48375,47790,47135,46583,46400,46257,45902,45319,44733,44150,43563,42983,42403,41827
57522,56925,56333,55735,55137,54540,53947,53351,52752,52165,51565,50970,50385,49789,49195,48610,48022,47370,46811,46635,46490,46132,45545,44963,44381,43794,43208,42629,42050
57761,57164,56570,55970,55370,54775,54180,53590,52985,52400,51800,51205,50617,50020,49430,48845,48251,47601,47039,46866,46723,46365,45776,45193,44608,44023,43437,42855,42276
58000,57400,56804,56205,55606,55014,54413,53825,53222,52631,52035,51445,50848,50255,49665,49076,48479,47832,47269,47097,46954,46598,46010,45424,44837,44249,43665,43081,42502
58231,57635,57035,56443,55845,55250,54645,54057,53460,52865,52269,51676,51080,50486,49899,49307,48710,48065,47500,47327,47184,46829,46238,45654,45067,44476,43891,43307,42728
58465,57870,57274,56680,56084,55485,54880,54290,53695,53100,52500,51907,51315,50720,50130,49537,48945,48298,47735,47558,47415,47059,46467,45885,45298,44706,44119,43537,42954
58702,58105,57513,56915,56316,55720,55119,54526,53930,53337,52735,52142,51550,50953,50360,49770,49180,48528,47970,47788,47645,47290,46698,46115,45527,44940,44349,43770,43185
58941,58343,57750,57150,56550,55955,55358,54765,54161,53574,52970,52380,51785,51185,50595,50005,49411,48755,48202,48020,47876,47521,46928,46342,45755,45169,44580,44002,43411
59179,58580,57985,57385,56786,56190,55597,55000,54395,53805,53208,52614,52020,51420,50830,50240,49642,48990,48435,48255,48110,47751,47160,46572,45989,45397,44810,44231,43641
59418,58815,58224,57620,57025,56428,55834,55235,54631,54040,53445,52845,52252,51655,51065,50475,49875,49225,48668,48485,48342,47982,47395,46802,46220,45628,45041,44457,43871
59655,59050,58460,57856,57264,56665,56065,55470,54870,54278,53678,53080,52485,51893,51300,50706,50110,49460,48899,48720,48573,48212,47630,47033,46451,45860,45268,44685,44102
59889,59284,58694,58094,57499,56899,56299,55706,55104,54514,53910,53314,52720,52129,51534,50936,50345,49694,49129,48954,48804,48444,47861,47264,46681,46094,45497,44919,44332
60124,59523,58931,58329,57737,57135,56538,55944,55339,54749,54149,53551,52959,52364,51769,51169,50584,49928,49364,49189,49034,48679,48094,47499,46912,46324,45729,45150,44561
60359,59761,59169,58564,57974,57374,56776,56179,55574,54984,54384,53789,53194,52598,52000,51403,50811,50159,49596,49423,49269,48914,48327,47734,47142,46555,45963,45377,44788
60594,60000,59404,58799,58209,57609,57015,56414,55809,55219,54619,54024,53426,52830,52237,51634,51041,50389,49826,49654,49501,49149,48558,47965,47373,46789,46193,45603,45019
60831,60239,59639,59035,58444,57844,57254,56646,56045,55454,54853,54263,53661,53069,52474,51869,51274,50624,50059,49884,49737,49384,48788,48199,47604,47021,46424,45832,45254
61070,60474,59874,59274,58682,58079,57489,56881,56284,55689,55084,54499,53899,53304,52708,52108,51511,50859,50293,50119,49974,49617,49019,48434,47834,47252,46655,46062,45485
61308,60712,60110,59513,58919,58314,57721,57119,56523,55924,55319,54732,54134,53539,52939,52344,51750,51097,50524,50351,50209,49847,49254,48667,48069,47483,46889,46294,45716
61547,60950,60349,59752,59153,58549,57954,57354,56762,56159,55557,54965,54365,53776,53174,52581,51989,51334,50759,50584,50443,50079,49489,48899,48304,47713,47124,46529,45946
61784,61189,60584,59989,59384,58784,58190,57593,56999,56394,55796,55204,54599,54013,53413,52819,52224,51568,50994,50819,50674,50314,49724,49134,48536,47944,47356,46764,46175
62019,61424,60821,60224,59619,59020,58428,57831,57234,56632,56035,55439,54834,54244,53649,53054,52456,51799,51232,51055,50905,50549,49959,49364,48769,48175,47589,46995,46402
62254,61661,61059,60459,59856,59259,58664,58067,57469,56869,56274,55674,55070,54479,53882,53289,52689,52030,51469,51294,51139,50784,50194,49595,49003,48409,47824,47225,46634
62489,61899,61294,60697,60094,59498,58899,58299,57704,57105,56513,55909,55309,54717,54114,53527,52924,52267,51704,51525,51374,51022,50428,49829,49234,48641,48059,47459,46869
62725,62134,61532,60935,60329,59734,59134,58534,57941,57344,56749,56145,55548,54954,54349,53764,53159,52506,51939,51756,51609,51259,50659,50064,49469,48876,48294,47694,47104
62964,62365,61769,61174,60567,59970,59369,58772,58179,57583,56984,56384,55787,55189,54587,53997,53394,52744,52174,51991,51844,51494,50894,50299,49704,49114,48525,47929,47335
63199,62599,62004,61413,60806,60209,59611,59011,58414,57822,57219,56619,56024,55424,54824,54229,53629,52979,52409,52230,52083,51728,51129,50533,49936,49349,48756,48163,47566
63436,62835,62243,61649,61045,60448,59851,59249,58652,58059,57454,56857,56259,55659,55060,54468,53864,53214,52644,52469,52322,51959,51364,50764,50171,49584,48986,48394,47796
63673,63073,62478,61882,61283,60687,60088,59483,58891,58293,57688,57095,56498,55893,55299,54703,54098,53448,52878,52703,52556,52193,51598,50998,50408,49815,49217,48628,48028
63908,63312,62713,62113,61518,60923,60323,59722,59130,58528,57926,57334,56733,56130,55538,54938,54334,53683,53114,52938,52787,52431,51833,51233,50643,50048,49448,48863,48263
64143,63548,62948,62348,61756,61158,60558,59961,59368,58763,58165,57573,56968,56369,55773,55173,54573,53918,53353,53171,53018,52668,52064,51468,50878,50281,49683,49096,48498
64381,63784,63183,62586,61993,61393,60793,60199,59603,59001,58404,57808,57203,56608,56008,55408,54808,54153,53592,53403,53253,52903,52298,51704,51113,50513,49922,49328,48733
64619,64023,63421,62825,62228,61628,61028,60438,59835,59238,58643,58041,57438,56843,56243,55643,55046,54388,53825,53639,53492,53134,52533,51943,51348,50748,50158,49563,48968
64858,64258,63658,63063,62463,61863,61263,60673,60068,59473,58878,58273,57673,57078,56478,55878,55283,54627,54056,53878,53728,53368,52769,52178,51581,50983,50393,49793,49203
65096,64493,63893,63298,62698,62099,61502,60908,60303,59708,59113,58508,57911,57314,56713,56115,55518,54866,54289,54113,53965,53603,53008,52413,51813,51218,50628,50028,49438
65333,64728,64128,63535,62934,62337,61741,61143,60538,59946,59348,58743,58150,57553,56948,56354,55757,55105,54528,54351,54203,53840,53247,52648,52048,51456,50863,50263,49673
65568,64963,64363,63773,63172,62576,61978,61378,60776,60183,59583,58981,58389,57788,57185,56593,55993,55343,54767,54590,54438,54078,53483,52883,52283,51693,51093,50498,49908
65803,65200,64598,64008,63408,62813,62213,61613,61015,60418,59818,59219,58628,58023,57424,56832,56228,55578,55003,54828,54673,54313,53718,53118,52521,51928,51328,50734,50143
66035,65439,64833,64243,63643,63048,62448,61850,61253,60657,60053,59458,58863,58258,57663,57068,56463,55813,55239,55063,54911,54551,53953,53353,52760,52163,51563,50973,50378
66267,65677,65071,64478,63878,63287,62685,62089,61488,60895,60289,59697,59098,58493,57901,57303,56698,56048,55478,55301,55148,54788,54188,53588,52998,52398,51798,51208,50611
66498,65913,65309,64713,64113,63523,62923,62327,61723,61133,60527,59933,59333,58732,58138,57538,56936,56283,55713,55538,55383,55024,54423,53825,53233,52633,52033,51443,50843
66733,66148,65548,64948,64348,63758,63158,62563,61959,61368,60763,60169,59568,58971,58374,57773,57175,56518,55948,55771,55618,55263,54658,54064,53468,52868,52272,51678,51078
66969,66382,65783,65183,64583,63993,63393,62799,62198,61603,61000,60408,59803,59209,58613,58011,57414,56753,56183,56003,55856,55498,54895,54303,53703,53103,52511,51913,51313
67207,66614,66017,65417,64817,64227,63627,63037,62432,61840,61238,60642,60037,59447,58847,58247,57652,56990,56417,56237,56092,55732,55134,54537,53937,53337,52747,52147,51547
67442,66845,66252,65652,65056,64462,63862,63272,62670,62078,61477,60880,60274,59682,59082,58483,57887,57229,56652,56475,56329,55967,55373,54775,54173,53576,52982,52382,51782
67676,67077,66483,65887,65294,64697,64097,63507,62907,62317,61712,61117,60512,59917,59317,58722,58125,57467,56891,56714,56567,56203,55611,55012,54412,53815,53217,52617,52019
67907,67312,66720,66124,65532,64932,64332,63742,63142,62552,61947,61352,60751,60154,59552,58957,58362,57702,57130,56953,56802,56442,55850,55247,54647,54054,53452,52852,52257
68142,67547,66957,66362,65767,65167,64568,63977,63377,62787,62183,61587,60987,60393,59787,59194,58597,57940,57367,57192,57037,56681,56087,55482,54882,54292,53687,53089,52492
68377,67783,67192,66594,66002,65402,64807,64212,63612,63022,62421,61822,61222,60632,60025,59432,58828,58177,57602,57427,57272,56917,56321,55717,55119,54527,53922,53328,52731
68612,68021,67424,66827,66237,65637,65045,64447,63847,63257,62657,62057,61457,60867,60264,59667,59065,58412,57841,57664,57507,57152,56553,55952,55358,54762,54157,53567,52967
68851,68257,67657,67062,66472,65872,65282,64682,64082,63492,62892,62292,61695,61102,60502,59906,59302,58647,58080,57902,57746,57387,56787,56188,55597,54994,54393,53802,53201
69082,68491,67892,67297,66707,66107,65517,64917,64320,63727,63127,62530,61934,61337,60737,60144,59538,58882,58319,58137,57985,57626,57022,56427,55832,55227,54631,54037,53432
69311,68722,68123,67530,66942,66342,65752,65152,64558,63962,63362,62769,62172,61572,60972,60382,59776,59117,58557,58372,58224,57862,57258,56666,56067,55462,54870,54272,53671
69543,68954,68357,67763,67177,66577,65984,65387,64797,64197,63597,63007,62407,61807,61207,60617,60015,59352,58796,58607,58462,58097,57497,56902,56302,55701,55109,54507,53907
69777,69185,68592,68001,67412,66812,66216,65622,65032,64432,63832,63242,62642,62043,61442,60852,60252,59591,59032,58842,58697,58332,57735,57138,56537,55940,55347,54742,54144
70011,69417,68827,68237,67645,67047,66447,65857,65267,64667,64071,63477,62877,62282,61680,61087,60487,59830,59267,59077,58932,58575,57974,57377,56775,56179,55582,54977,54383
70242,69648,69062,68471,67877,67282,66682,66092,65502,64902,64309,63712,63112,62520,61919,61321,60722,60067,59501,59315,59168,58814,58213,57612,57012,56417,55817,55214,54622
70474,69882,69296,68702,68108,67514,66917,66327,65737,65137,64547,63947,63347,62757,62157,61552,60957,60302,59732,59554,59407,59050,58451,57847,57248,56652,56052,55452,54860
70706,70116,69528,68934,68340,67746,67151,66561,65969,65371,64781,64181,63581,62991,62391,61789,61193,60541,59966,59791,59646,59281,58686,58085,57487,56890,56288,55691,55096
70941,70348,69761,69166,68571,67981,67386,66796,66201,65606,65016,64416,63816,63226,62626,62028,61431,60779,60203,60026,59881,59516,58924,58327,57725,57129,56526,55930,55333
71171,70580,69996,69401,68803,68216,67623,67031,66436,65844,65251,64651,64051,63461,62861,62266,61666,61016,60442,60261,60116,59754,59161,58566,57961,57367,56761,56166,55571
71400,70811,70231,69633,69036,68451,67861,67263,66669,66078,65486,64886,64286,63696,63096,62498,61901,61251,60680,60498,60351,59991,59396,58798,58196,57606,56999,56401,55806
71632,71043,70464,69865,69271,68686,68093,67496,66901,66306,65717,65119,64521,63931,63331,62731,62137,61486,60916,60737,60586,60226,59631,59031,58431,57841,57236,56636,56044
71863,71274,70695,70096,69506,68918,68324,67731,67136,66538,65951,65351,64756,64166,63566,62967,62376,61721,61151,60975,60821,60461,59868,59267,58670,58076,57472,56875,56281
72095,71506,70927,70328,69741,69149,68556,67962,67368,66773,66186,65586,64994,64401,63801,63205,62611,61956,61386,61211,61057,60698,60106,59505,58909,58311,57710,57114,56516
72327,71738,71158,70560,69976,69377,68787,68194,67600,67011,66421,65821,65231,64635,64036,63444,62846,62191,61621,61446,61296,60936,60341,59741,59146,58546,57946,57351,56751
72558,71969,71390,70791,70211,69605,69019,68425,67831,67246,66653,66056,65466,64867,64271,63681,63081,62429,61858,61681,61534,61171,60573,59978,59381,58781,58183,57586,56986
72790,72201,71622,71023,70446,69833,69251,68657,68063,67481,66886,66291,65701,65101,64507,63916,63316,62666,62096,61920,61771,61406,60808,60216,59620,59016,58421,57825,57221
73021,72432,71853,71254,70681,70062,69482,68888,68294,67716,67121,66526,65936,65336,64746,64151,63551,62901,62331,62156,62005,61643,61046,60451,59853,59252,58660,58061,57457
73253,72664,72085,71486,70916,70290,69714,69120,68526,67951,67356,66761,66171,65571,64981,64384,63786,63136,62566,62391,62236,61881,61285,60686,60086,59490,58896,58296,57695
73485,72895,72316,71717,71151,70518,69945,69351,68757,68186,67591,66996,66406,65806,65216,64616,64021,63371,62801,62626,62474,62116,61521,60921,60321,59729,59131,58531,57934
73716,73127,72548,71949,71386,70746,70177,69583,68989,68421,67826,67231,66641,66041,65451,64851,64256,63606,63036,62861,62712,62351,61754,61156,60559,59966,59366,58766,58173
73948,73359,72780,72181,71621,70975,70408,69814,69220,68656,68061,67466,66876,66276,65686,65086,64491,63841,63271,63096,62951,62586,61986,61394,60797,60201,59601,59001,58411
74179,73590,73011,72412,71855,71203,70640,70046,69452,68890,68295,67700,67110,66510,65920,65320,64725,64075,63505,63330,63182,62820,62220,61630,61035,60435,59835,59236,58645
74411,73822,73243,72644,72090,71431,70871,70277,69683,69125,68530,67935,67345,66745,66155,65555,64960,64310,63740,63565,63413,63055,62455,61865,61270,60670,60070,59475,58880
74642,74053,73474,72875,72325,71659,71103,70509,69915,69360,68765,68170,67580,66980,66390,65790,65195,64545,63975,63800,63645,63290,62690,62100,61503,60907,60305,59714,59115
74874,74285,73706,73107,72560,71887,71334,70740,70146,69595,69000,68405,67815,67215,66625,66025,65430,64780,64210,64035,63876,63525,62925,62335,61734,61145,60540,59950,59350
75106,74516,73937,73338,72795,72116,71566,70972,70378,69830,69235,68640,68050,67450,66860,66260,65665,65015,64445,64270,64108,63760,63160,62570,61965,61380,60775,60185,59585
75337,74748,74169,73570,73030,72344,71797,71203,70610,70065,69470,68875,68285,67685,67095,66495,65900,65250,64680,64505,64339,63995,63395,62805,62197,61615,61011,60420,59820
75569,74980,74401,73802,73265,72572,72029,71435,70841,70300,69705,69110,68520,67920,67330,66730,66135,65485,64915,64740,64571,64230,63630,63040,62428,61850,61249,60655,60055
75800,75211,74632,74033,73500,72800,72260,71667,71073,70535,69940,69345,68755,68155,67565,66965,66370,65720,65150,64975,64802,64465,63865,63275,62659,62085,61488,60890,60290
76031,75442,74863,74264,73735,73028,72491,71899,71305,70770,70175,69580,68990,68390,67800,67200,66605,65955,65385,65210,65033,64700,64100,63510,62890,62320,61727,61125,60525
76262,75673,75094,74495,73970,73256,72722,72131,71537,71005,70410,69815,69225,68625,68035,67435,66840,66190,65620,65445,65264,64935,64335,63745,63121,62555,61966,61360,60760
76493,75904,75325,74726,74205,73484,72953,72363,71769,71240,70645,70050,69460,68860,68270,67670,67075,66425,65855,65680,65495,65170,64570,63980,63352,62790,62205,61595,60995
76724,76135,75556,74957,74440,73712,73184,72595,72001,71475,70880,70285,69695,69095,68505,67905,67310,66660,66090,65915,65726,65405,64805,64215,63583,63025,62444,61830,61230
76955,76366,75787,75188,74675,73940,73415,72827,72233,71710,71115,70520,69930,69330,68740,68140,67545,66895,66325,66150,65957,65640,65040,64450,63814,63260,62683,62065,61465
77186,76597,76018,75419,74910,74168,73646,73059,72465,71945,71350,70755,70165,69565,68975,68375,67780,67130,66560,66385,66188,65875,65275,64685,64045,63495,62922,62300,61700
77417,76828,76249,75650,75145,74396,73877,73291,72697,72180,71585,70990,70400,69800,69210,68610,68015,67365,66795,66620,66419,66110,65510,64920,64276,63730,63161,62535,61935
77648,77059,76480,75881,75380,74624,74108,73523,72929,72415,71820,71225,70635,70035,69445,68845,68250,67600,67030,66855,66650,66345,65745,65155,64507,63965,63400,62770,62170
77879,77290,76711,76112,75615,74852,74339,73755,73161,72650,72055,71460,70870,70270,69680,69080,68485,67835,67265,67090,66881,66580,65980,65390,64738,64200,63639,63005,62405
78110,77521,76942,76343,75850,75080,74570,73987,73393,72885,72290,71695,71105,70505,69915,69315,68720,68070,67500,67325,67112,66815,66215,65625,64969,64435,63878,63240,62640
78341,77752,77173,76574,76085,75308,74801,74219,73625,73120,72525,71930,71340,70740,70150,69550,68955,68305,67735,67560,67343,67050,66450,65860,65200,64670,64117,63475,62875
78572,77983,77404,76805,76320,75536,75032,74451,73857,73355,72760,72165,71575,70975,70385,69785,69190,68540,67970,67795,67574,67285,66685,66095,65431,64905,64356,63710,63110
78803,78214,77635,77036,76555,75764,75263,74683,74089,73590,72995,72400,71810,71210,70620,70020,69425,68775,68205,68030,67805,67520,66920,66330,65662,65140,64595,63945,63345
79034,78445,77866,77267,76790,75992,75494,74915,74321,73825,73230,72635,72045,71445,70855,70255,69660,69010,68440,68265,68036,67755,67155,66565,65893,65375,64834,64180,63580
79265,78676,78097,77498,77025,76220,75725,75147,74553,74060,73465,72870,72280,71680,71090,70490,69895,69245,68675,68500,68267,67990,67390,66800,66124,65610,65073,64415,63815
79496,78907,78328,77729,77260,76448,75956,75379,74785,74295,73700,73105,72515,71915,71325,70725,70130,69480,68910,68735,68498,68225,67625,67035,66355,65845,65312,64650,64050
79727,79138,78559,77960,77495,76676,76187,75611,75017,74530,73935,73340,72750,72150,71560,70960,70365,69715,69145,68970,68729,68460,67860,67270,66586,66080,65551,64885,64285
79958,79369,78790,78191,77730,76904,76418,75843,75249,74765,74170,73575,72985,72385,71795,71195,70600,69950,69380,69205,68960,68695,68095,67505,66817,66315,65790,65120,64520
80189,79600,79021,78422,77965,77132,76649,76075,75481,75000,74405,73810,73220,72620,72030,71430,70835,70185,69615,69440,69191,68930,68330,67740,67048,66550,66029,65355,64755
80420,79831,79252,78653,78200,77360,76880,76307,75713,75235,74640,74045,73455,72855,72265,71665,71070,70420,69850,69675,69422,69165,68565,67975,67279,66785,66268,65590,64990
80651,80062,79483,78884,78435,77588,77111,76539,75945,75470,74875,74280,73690,73090,72500,71900,71305,70655,70085,69910,69653,69400,68800,68210,67510,67020,66507,65825,65225
80882,80293,79714,79115,78670,77816,77342,76771,76177,75705,75110,74515,73925,73325,72735,72135,71540,70890,70320,70145,69884,69635,69035,68445,67741,67255,66746,66060,65460
81113,80524,79945,79346,78905,78044,77573,77003,76409,75940,75345,74750,74160,73560,72970,72370,71775,71125,70555,70380,70115,69870,69270,68680,67972,67490,66985,66295,65695
81344,80755,80176,79577,79140,78272,77804,77235,76641,76175,75580,74985,74395,73795,73205,72605,72010,71360,70790,70615,70346,70105,69505,68915,68203,67725,67224,66530,65930
81575,80986,80407,79808,79375,78500,78035,77467,76873,76410,75815,75220,74630,74030,73440,72840,72245,71595,71025,70850,70577,70340,69740,69150,68434,67960,67463,66765,66165
81806,81217,80638,80039,79610,78728,78266,77699,77105,76645,76050,75455,74865,74265,73675,73075,72480,71830,71260,71085,70808,70575,69975,69385,68665,68195,67702,67000,66400
82037,81448,80869,80270,79845,78956,78497,77931,77337,76880,76285,75690,75100,74500,73910,73310,72715,72065,71495,71320,71039,70810,70210,69620,68896,68430,67941,67235,66635
82268,81679,81100,80501,80080,79184,78728,78163,77569,77115,76520,75925,75335,74735,74145,73545,72950,72300,71730,71555,71270,71045,70445,69855,69127,68665,68180,67470,66870
82499,81910,81331,80732,80315,79412,78959,78395,77801,77350,76755,76160,75570,74970,74380,73780,73185,72535,71965,71790,71501,71280,70680,70090,69358,68900,68419,67705,67105
82730,82141,81562,80963,80550,79640,79190,78627,78033,77585,76990,76395,75805,75205,74615,74015,73420,72770,72200,72025,71732,71515,70915,70325,69589,69135,68658,67940,67340
82961,82372,81793,81194,80785,79868,79421,78859,78265,77820,77225,76630,76040,75440,74850,74250,73655,73005,72435,72260,71963,71750,71150,70560,69820,69370,68897,68175,67575
83192,82603,82024,81425,81020,80096,79652,79091,78497,78055,77460,76865,76275,75675,75085,74485,73890,73240,72670,72495,72194,71985,71385,70795,70051,69605,69136,68410,67810
83423,82834,82255,81656,81255,80324,79883,79323,78729,78290,77695,77100,76510,75910,75320,74720,74125,73475,72905,72730,72425,72220,71620,71030,70282,69840,69375,68645,68045
83654,83065,82486,81887,81490,80552,80114,79555,78961,78525,77930,77335,76745,76145,75555,74955,74360,73710,73140,72965,72656,72455,71855,71265,70513,70075,69614,68880,68280
83885,83296,82717,82118,81725,80780,80345,79787,79193,78760,78165,77570,76980,76380,75790,75190,74595,73945,73375,73200,72887,72690,72090,71500,70744,70310,69853,69115,68515
84116,83527,82948,82349,81960,81008,80576,80019,79425,78995,78400,77805,77215,76615,76025,75425,74830,74180,73610,73435,73118,72925,72325,71735,70975,70545,70092,69350,68750
84347,83758,83179,82580,82195,81236,80807,80251,79657,79230,78635,78040,77450,76850,76260,75660,75065,74415,73845,73670,73349,73160,72560,71970,71206,70780,70331,69585,68985
84578,83989,83410,82811,82430,81464,81038,80483,79889,79465,78870,78275,77685,77085,76495,75895,75300,74650,74080,73905,73580,73395,72795,72205,71437,71015,70570,69820,69220
84809,84220,83641,83042,82665,81692,81269,80715,80121,79700,79105,78510,77920,77320,76730,76130,75535,74885,74315,74140,73811,73630,73030,72440,71668,71250,70809,70055,69455
85040,84451,83872,83273,82900,81920,81500,80947,80353,79935,79340,78745,78155,77555,76965,76365,75770,75120,74550,74375,74042,73865,73265,72675,71899,71485,71048,70290,69690
85271,84682,84103,83504,83135,82148,81731,81179,80585,80170,79575,78980,78390,77790,77200,76600,76005,75355,74785,74610,74273,74100,73500,72910,72130,71720,71287,70525,69925
85502,84913,84334,83735,83370,82376,81962,81411,80817,80405,79810,79215,78625,78025,77435,76835,76240,75590,75020,74845,74504,74335,73735,73145,72361,71955,71526,70760,70160
85733,85144,84565,83966,83605,82604,82193,81643,81049,80640,80045,79450,78860,78260,77670,77070,76475,75825,75255,75080,74735,74570,73970,73380,72592,72190,71765,70995,70395
85964,85375,84796,84197,83840,82832,82424,81875,81281,80875,80280,79685,79095,78495,77905,77305,76710,76060,75490,75315,74966,74805,74205,73615,72823,72425,72004,71230,70630
86195,85606,85027,84428,84075,83060,82655,82107,81513,81110,80515,79920,79330,78730,78140,77540,76945,76295,75725,75550,75197,75040,74440,73850,73054,72660,72243,71465,70865
86426,85837,85258,84659,84310,83288,82886,82339,81745,81345,80750,80155,79565,78965,78375,77775,77180,76530,75960,75785,75428,75275,74675,74085,73285,72895,72482,71700,71100
86657,86068,85489,84890,84545,83516,83117,82571,81977,81580,80985,80390,79800,79200,78610,78010,77415,76765,76195,76020,75659,75510,74910,74320,73516,73130,72721,71935,71335
86888,86299,85720,85121,84780,83744,83348,82803,82209,81815,81220,80625,80035,79435,78845,78245,77650,77000,76430,76255,75890,75745,75145,74555,73747,73365,72960,72170,71570
87119,86530,85951,85352,85015,83972,83579,83035,82441,82050,81455,80860,80270,79670,79080,78480,77885,77235,76665,76490,76121,75980,75380,74790,73978,73600,73199,72405,71805
87350,86761,86182,85583,85250,84200,83810,83267,82673,82285,81690,81095,80505,79905,79315,78715,78120,77470,76900,76725,76352,76215,75615,75025,74209,73835,73438,72640,72040
87581,86992,86413,85814,85485,84428,84041,83499,82905,82520,81925,81330,80740,80140,79550,78950,78355,77705,77135,76960,76583,76450,75850,75260,74440,74070,73677,72875,72275
87812,87223,86644,86045,85720,84656,84272,83731,83137,82755,82160,81565,80975,80375,79785,79185,78590,77940,77370,77195,76814,76685,76085,75495,74671,74305,73916,73110,72510
88043,87454,86875,86276,85955,84884,84503,83963,83369,82990,82395,81800,81210,80610,80020,79420,78825,78175,77605,77430,77045,76920,76320,75730,74902,74540,74155,73345,72745
88274,87685,87106,86507,86190,85112,84734,84195,83601,83225,82630,82035,81445,80845,80255,79655,79060,78410,77840,77665,77276,77155,76555,75965,75133,74775,74394,73580,72980
88505,87916,87337,86738,86425,85340,84965,84427,83833,83460,82865,82270,81680,81080,80490,79890,79295,78645,78075,77900,77507,77390,76790,76200,75364,75010,74633,73815,73215
88736,88147,87568,86969,86660,85568,85196,84659,84065,83695,83100,82505,81915,81315,80725,80125,79530,78880,78310,78135,77738,77625,77025,76435,75595,75245,74872,74050,73450
88967,88378,87799,87200,86895,85796,85427,84891,84297,83930,83335,82740,82150,81550,80960,80360,79765,79115,78545,78370,77969,77860,77260,76670,75826,75480,75111,74285,73685
89198,88609,88030,87431,87130,86024,85658,85123,84529,84165,83570,82975,82385,81785,81195,80595,80000,79350,78780,78605,78200,78095,77495,76905,76057,75715,75350,74520,73920
89429,88840,88261,87662,87365,86252,85889,85355,84761,84400,83805,83210,82620,82020,81430,80830,80235,79585,79015,78840,78431,78330,77730,77140,76288,75950,75589,74755,74155
89660,89071,88492,87893,87600,86480,86120,85587,84993,84635,84040,83445,82855,82255,81665,81065,80470,79820,79250,79075,78662,78565,77965,77375,76519,76185,75828,74990,74390
89891,89302,88723,88124,87835,86708,86351,85819,85225,84870,84275,83680,83090,82490,81900,81300,80705,80055,79485,79310,78893,78800,78200,77610,76750,76420,76067,75225,74625
90122,89533,88954,88355,88070,86936,86582,86051,85457,85105,84510,83915,83325,82725,82135,81535,80940,80290,79720,79545,79124,79035,78435,77845,76981,76655,76306,75460,74860
90353,89764,89185,88586,88305,87164,86813,86283,85689,85340,84745,84150,83560,82960,82370,81770,81175,80525,79955,79780,79355,79270,78670,78080,77212,76890,76545,75695,75095
90584,89995,89416,88817,88540,87392,87044,86515,85921,85575,84980,84385,83795,83195,82605,82005,81410,80760,80190,80015,79586,79505,78905,78315,77443,77125,76784,75930,75330
90815,90226,89647,89048,88775,87620,87275,86747,86153,85810,85215,84620,84030,83430,82840,82240,81645,80995,80425,80250,79817,79740,79140,78550,77674,77360,77023,76165,75565
91046,90457,89878,89279,89010,87848,87506,86979,86385,86045,85450,84855,84265,83665,83075,82475,81880,81230,80660,80485,80048,79975,79375,78785,77905,77595,77262,76400,75800
91277,90688,90109,89510,89245,88076,87737,87211,86617,86280,85685,85090,84500,83900,83310,82710,82115,81465,80895,80720,80279,80210,79610,79020,78136,77830,77501,76635,76035
91508,90919,90340,89741,89480,88304,87968,87443,86849,86515,85920,85325,84735,84135,83545,82945,82350,81700,81130,80955,80510,80445,79845,79255,78367,78065,77740,76870,76270
91739,91150,90571,89972,89715,88532,88199,87675,87081,86750,86155,85560,84970,84370,83780,83180,82585,81935,81365,81190,80741,80680,80080,79490,78598,78300,77979,77105,76505
91970,91381,90802,90203,89950,88760,88430,87907,87313,86985,86390,85795,85205,84605,84015,83415,82820,82170,81600,81425,80972,80915,80315,79725,78829,78535,78218,77340,76740
92201,91612,91033,90434,90185,88988,88661,88139,87545,87220,86625,86030,85440,84840,84250,83650,83055,82405,81835,81660,81203,81150,80550,79960,79060,78770,78457,77575,76975
92432,91843,91264,90665,90420,89216,88892,88371,87777,87455,86860,86265,85675,85075,84485,83885,83290,82640,82070,81895,81434,81385,80785,80195,79291,79005,78696,77810,77210
92663,92074,91495,90896,90655,89444,89123,88603,88009,87690,87095,86500,85910,85310,84720,84120,83525,82875,82305,82130,81665,81620,81020,80430,79522,79240,78935,78045,77445
92894,92305,91726,91127,90890,89672,89354,88835,88241,87925,87330,86735,86145,85545,84955,84355,83760,83110,82540,82365,81896,81855,81255,80665,79753,79475,79174,78280,77680
93125,92536,91957,91358,91125,89900,89585,89067,88473,88160,87565,86970,86380,85780,85190,84590,83995,83345,82775,82600,82127,82090,81490,80900,79984,79710,79413,78515,77915
93356,92767,92188,91589,91360,90128,89816,89299,88705,88395,87800,87205,86615,86015,85425,84825,84230,83580,83010,82835,82358,82325,81725,81135,80215,79945,79652,78750,78150
93587,92998,92419,91820,91595,90356,90047,89531,88937,88630,88035,87440,86850,86250,85660,85060,84465,83815,83245,83070,82589,82560,81960,81370,80446,80180,79891,78985,78385
93818,93229,92650,92051,91830,90584,90278,89763,89169,88865,88270,87675,87085,86485,85895,85295,84700,84050,83480,83305,82820,82795,82195,81605,80677,80415,80130,79220,78620
94049,93460,92881,92282,92065,90812,90509,89995,89401,89100,88505,87910,87320,86720,86130,85530,84935,84285,83715,83540,83051,83030,82430,81840,80908,80650,80369,79455,78855
94280,93691,93112,92513,92300,91040,90740,90227,89633,89335,88740,88145,87555,86955,86365,85765,85170,84520,83950,83775,83282,83265,82665,82075,81139,80885,80608,79690,79090
94511,93922,93343,92744,92535,91268,90971,90459,89865,89570,88975,88380,87790,87190,86600,86000,85405,84755,84185,84010,83513,83500,82900,82310,81370,81120,80847,79925,79325
94742,94153,93574,92975,92770,91496,91202,90691,90097,89805,89210,88615,88025,87425,86835,86235,85640,84990,84420,84245,83744,83735,83135,82545,81601,81355,81086,80160,79560
94973,94384,93805,93206,93005,91724,91433,90923,90329,90040,89445,88850,88260,87660,87070,86470,85875,85225,84655,84480,83975,83970,83370,82780,81832,81590,81325,80395,79795
95204,94615,94036,93437,93240,91952,91664,91155,90561,90275,89680,89085,88495,87895,87305,86705,86110,85460,84890,84715,84206,84205,83605,83015,82063,81825,81564,80630,80030
95435,94846,94267,93668,93475,92180,91895,91387,90793,90510,89915,89320,88730,88130,87540,86940,86345,85695,85125,84950,84437,84440,83840,83250,82294,82060,81803,80865,80265
95666,95077,94498,93899,93710,92408,92126,91619,91025,90745,90150,89555,88965,88365,87775,87175,86580,85930,85360,85185,84668,84675,84075,83485,82525,82295,82042,81100,80500
95897,95308,94729,94130,93945,92636,92357,91851,91257,90980,90385,89790,89200,88600,88010,87410,86815,86165,85595,85420,84899,84910,84310,83720,82756,82530,82281,81335,80735
96128,95539,94960,94361,94180,92864,92588,92083,91489,91215,90620,90025,89435,88835,88245,87645,87050,86400,85830,85655,85130,85145,84545,83955,82987,82765,82520,81570,80970
96359,95770,95191,94592,94415,93092,92819,92315,91721,91450,90855,90260,89670,89070,88480,87880,87285,86635,86065,85890,85361,85380,84780,84190,83218,83000,82759,81805,81205
96590,96001,95422,94823,94650,93320,93050,92547,91953,91685,91090,90495,89905,89305,88715,88115,87520,86870,86300,86125,85592,85615,85015,84425,83449,83235,82998,82040,81440
96821,96232,95653,95054,94885,93548,93281,92779,92185,91920,91325,90730,90140,89540,88950,88350,87755,87105,86535,86360,85823,85850,85250,84660,83680,83470,83237,82275,81675
97052,96463,95884,95285,95120,93776,93512,93011,92417,92155,91560,90965,90375,89775,89185,88585,87990,87340,86770,86595,86054,86085,85485,84895,83911,83705,83476,82510,81910
97283,96694,96115,95516,95355,94004,93743,93243,92649,92390,91795,91200,90610,90010,89420,88820,88225,87575,87005,86830,86285,86320,85720,85130,84142,83940,83715,82745,82145
97514,96925,96346,95747,95590,94232,93974,93475,92881,92625,92030,91435,90845,90245,89655,89055,88460,87810,87240,87065,86516,86555,85955,85365,84373,84175,83954,82980,82380
97745,97156,96577,95978,95825,94460,94205,93707,93113,92860,92265,91670,91080,90480,89890,89290,88695,88045,87475,87300,86747,86790,86190,85600,84604,84410,84193,83215,82615
97976,97387,96808,96209,96060,94688,94436,93939,93345,93095,92500,91905,91315,90715,90125,89525,88930,88280,87710,87535,86978,87025,86425,85835,84835,84645,84432,83450,82850
98207,97618,97039,96440,96295,94916,94667,94171,93577,93330,92735,92140,91550,90950,90360,89760,89165,88515,87945,87770,87209,87260,86660,86070,85066,84880,84671,83685,83085
98438,97849,97270,96671,96530,95144,94898,94403,93809,93565,92970,92375,91785,91185,90595,89995,89400,88750,88180,88005,87440,87495,86895,86305,85297,85115,84910,83920,83320
98669,98080,97501,96902,96765,95372,95129,94635,94041,93800,93205,92610,92020,91420,90830,90230,89635,88985,88415,88240,87671,87730,87130,86540,85528,85350,85149,84155,83555
98900,98311,97732,97133,97000,95600,95360,94867,94273,94035,93440,92845,92255,91655,91065,90465,89870,89220,88650,88475,87902,87965,87365,86775,85759,85585,85388,84390,83790
99131,98542,97963,97364,97235,95828,95591,95099,94505,94270,93675,93080,92490,91890,91300,90700,90105,89455,88885,88710,88133,88200,87600,87010,85990,85820,85627,84625,84025
99362,98773,98194,97595,97470,96056,95822,95331,94737,94505,93910,93315,92725,92125,91535,90935,90340,89690,89120,88945,88364,88435,87835,87245,86221,86055,85866,84860,84260
99593,99004,98425,97826,97705,96284,96053,95563,94969,94740,94145,93550,92960,92360,91770,91170,90575,89925,89355,89180,88595,88670,88070,87480,86452,86290,86105,85095,84495
99824,99235,98656,98057,97940,96512,96284,95795,95201,94975,94380,93785,93195,92595,92005,91405,90810,90160,89590,89415,88826,88905,88305,87715,86683,86525,86344,85330,84730
100055,99466,98887,98288,98175,96740,96515,96027,95433,95210,94615,94020,93430,92830,92240,91640,91045,90395,89825,89650,89057,89140,88540,87950,86914,86760,86583,85565,84965
100286,99697,99118,98519,98410,96968,96746,96259,95665,95445,94850,94255,93665,93065,92475,91875,91280,90630,90060,89885,89288,89375,88775,88185,87145,86995,86822,85800,85200
100517,99928,99349,98750,98645,97196,96977,96491,95897,95680,95085,94490,93900,93300,92710,92110,91515,90865,90295,90120,89519,89610,89010,88420,87376,87230,87061,86035,85435
100748,100159,99580,98981,98880,97424,97208,96723,96129,95915,95320,94725,94135,93535,92945,92345,91750,91100,90530,90355,89750,89845,89245,88655,87607,87465,87300,86270,85670
100979,100390,99811,99212,99115,97652,97439,96955,96361,96150,95555,94960,94370,93770,93180,92580,91985,91335,90765,90590,89981,90080,89480,88890,87838,87700,87539,86505,85905
101210,100621,100042,99443,99350,97880,97670,97187,96593,96385,95790,95195,94605,94005,93415,92815,92220,91570,91000,90825,90212,90315,89715,89125,88069,87935,87778,86740,86140
101441,100852,100273,99674,99585,98108,97901,97419,96825,96620,96025,95430,94840,94240,93650,93050,92455,91805,91235,91060,90443,90550,89950,89360,88300,88170,88017,86975,86375
101672,101083,100504,99905,99820,98336,98132,97651,97057,96855,96260,95665,95075,94475,93885,93285,92690,92040,91470,91295,90674,90785,90185,89595,88531,88405,88256,87210,86610
101903,101314,100735,100136,100055,98564,98363,97883,97289,97090,96495,95900,95310,94710,94120,93520,92925,92275,91705,91530,90905,91020,90420,89830,88762,88640,88495,87445,86845
102134,101545,100966,100367,100290,98792,98594,98115,97521,97325,96730,96135,95545,94945,94355,93755,93160,92510,91940,91765,91136,91255,90655,90065,88993,88875,88734,87680,87080
102365,101776,101197,100598,100525,99020,98825,98347,97753,97560,96965,96370,95780,95180,94590,93990,93395,92745,92175,92000,91367,91490,90890,90300,89224,89110,88973,87915,87315
102596,102007,101428,100829,100760,99248,99056,98579,97985,97795,97200,96605,96015,95415,94825,94225,93630,92980,92410,92235,91598,91725,91125,90535,89455,89345,89212,88150,87550
102827,102238,101659,101060,100995,99476,99287,98811,98217,98030,97435,96840,96250,95650,95060,94460,93865,93215,92645,92470,91829,91960,91360,90770,89686,89580,89451,88385,87785
103058,102469,101890,101291,101230,99704,99518,99043,98449,98265,97670,97075,96485,95885,95295,94695,94100,93450,92880,92705,92060,92195,91595,91005,89917,89815,89690,88620,88020
103289,102700,102121,101522,101465,99932,99749,99275,98681,98500,97905,97310,96720,96120,95530,94930,94335,93685,93115,92940,92291,92430,91830,91240,90148,90050,89929,88855,88255
103520,102931,102352,101753,101700,100160,99980,99507,98913,98735,98140,97545,96955,96355,95765,95165,94570,93920,93350,93175,92522,92665,92065,91475,90379,90285,90168,89090,88490
103751,103162,102583,101984,101935,100388,100211,99739,99145,98970,98375,97780,97190,96590,96000,95400,94805,94155,93585,93410,92753,92900,92300,91710,90610,90520,90407,89325,88725
103982,103393,102814,102215,102170,100616,100442,99971,99377,99205,98610,98015,97425,96825,96235,95635,95040,94390,93820,93645,92984,93135,92535,91945,90841,90755,90646,89560,88960
104213,103624,103045,102446,102405,100844,100673,100203,99609,99440,98845,98250,97660,97060,96470,95870,95275,94625,94055,93880,93215,93370,92770,92180,91072,90990,90885,89795,89195
104444,103855,103276,102677,102640,101072,100904,100435,99841,99675,99080,98485,97895,97295,96705,96105,95510,94860,94290,94115,93446,93605,93005,92415,91303,91225,91124,90030,89430
104675,104086,103507,102908,102875,101300,101135,100667,100073,99910,99315,98720,98130,97530,96940,96340,95745,95095,94525,94350,93677,93840,93240,92650,91534,91460,91363,90265,89665
104906,104317,103738,103139,103110,101528,101366,100899,100305,100145,99550,98955,98365,97765,97175,96575,95980,95330,94760,94585,93908,94075,93475,92885,91765,91695,91602,90500,89900
105137,104548,103969,103370,103345,101756,101597,101131,100537,100380,99785,99190,98600,98000,97410,96810,96215,95565,94995,94820,94139,94310,93710,93120,91996,91930,91841,90735,90135
105368,104779,104200,103601,103580,101984,101828,101363,100769,100615,100020,99425,98835,98235,97645,97045,96450,95800,95230,95055,94370,94545,93945,93355,92227,92165,92080,90970,90370
105599,105010,104431,103832,103815,102212,102059,101595,101001,100850,100255,99660,99070,98470,97880,97280,96685,96035,95465,95290,94601,94780,94180,93590,92458,92400,92319,91205,90605
105830,105241,104662,104063,104050,102440,102290,101827,101233,101085,100490,99895,99305,98705,98115,97515,96920,96270,95700,95525,94832,95015,94415,93825,92689,92635,92558,91440,90840
106061,105472,104893,104294,104285,102668,102521,102059,101465,101320,100725,100130,99540,98940,98350,97750,97155,96505,95935,95760,95063,95250,94650,94060,92920,92870,92797,91675,91075
