13316,12971,12638,12308,11969,11630,11291,10951,10614,10275,9935.8,9598.6,9259.9,8922.1,8585.2,8246.7,7909.3,7540.6,7214.4,7115.9,7016,6811.6,6476,6139.1,5802.2,5466.2,5131,4782.7,4444.1
13370,13026,12693,12357,12018,11678,11339,11000,10662,10323,9983.6,9645.9,9307.2,8969.4,8631.9,8293.5,7956,7586.9,7260.7,7162.2,7067.5,6857.8,6521.8,6184.9,5848,5512,5176.4,4833,4494.5
13425,13081,12747,12407,12066,11727,11387,11048,10709,10370,10031,9693.2,9354.4,9016.7,8678.7,8340.3,8002.8,7633.2,7306.9,7208.5,7118.9,6904.1,6567.6,6230.7,5893.8,5557.8,5221.7,4883.4,4544.8
13477,13136,12796,12456,12115,11776,11436,11096,10757,10421,10079,9740.4,9405.2,9064.4,8725.5,8387.5,8050.7,7679.5,7358,7255.2,7167.6,6951.6,6613.4,6276.5,5939.8,5603.6,5267,4930.7,4594.7
13526,13185,12845,12505,12164,11826,11484,11149,10807,10474,10132,9789.9,9457.8,9116.9,8775,8434.7,8102.6,7728.9,7409.5,7301.9,7214.4,7003,6662.8,6322.6,5986.1,5649.4,5312.5,4976.5,4640
13576,13235,12895,12558,12213,11879,11536,11203,10861,10524,10185,9843,9506.6,9168.5,8827.5,8486.2,8153.1,7780.9,7456.3,7352.6,7260.8,7053,6714.2,6374,6034.6,5695.2,5358.3,5025.6,4686
13626,13285,12947,12612,12268,11931,11590,11251,10912,10572,10232,9893.5,9554.4,9215.8,8877,8538.1,8199.9,7829.6,7503.4,7404,7307.1,7099.3,6762.1,6424.9,6085.5,5745.6,5405.5,5076,4736.4
13682,13336,13002,12663,12321,11981,11640,11301,10959,10620,10281,9941.2,9606.4,9264.5,8924.3,8585.6,8248.7,7876.4,7554.8,7450.9,7357.1,7147.5,6808.4,6470.7,6133.8,5796.5,5455.9,5122.7,4786.1
13737,13392,13053,12712,12370,12033,11689,11355,11011,10668,10334,9992.2,9658.9,9317,8975.1,8633.1,8301.3,7926.8,7605.7,7497.2,7408.5,7199.5,6858.5,6517.3,6179.6,5846.9,5506.5,5168,4831.4
13787,13447,13102,12767,12422,12087,11743,11407,11065,10721,10386,10045,9706.8,9367.6,9027.6,8685.1,8351.2,7978.8,7652.4,7548.8,7460.4,7249.1,6910,6568.7,6228.2,5897.3,5557.4,5217.1,4877.5
13839,13503,13157,12821,12476,12138,11797,11456,11115,10775,10434,10098,9755.1,9414.8,9080.1,8737.2,8398,8026.3,7700.2,7600.8,7512.3,7295.4,6961.4,6620.1,6279.1,5943.8,5606.5,5267.5,4927.9
13895,13555,13212,12870,12532,12187,11852,11508,11163,10829,10485,10152,9808.2,9464.8,9132.7,8789.7,8447.5,8072.6,7752.2,7652.7,7559.5,7344.1,7012.8,6671.6,6330.3,5990.1,5652.3,5314.4,4978.3
13948,13605,13268,12922,12587,12242,11904,11562,11217,10881,10539,10201,9861.3,9517.9,9180.7,8842.2,8499.4,8124.1,7804,7704.7,7605.8,7395.5,7059.8,6721.7,6381.7,6041,5700.1,5360.2,5028.7
13999,13660,13322,12977,12638,12297,11954,11616,11271,10930,10592,10249,9914.4,9571,9227.9,8894.7,8551.8,8176.6,7855.5,7756.1,7657.2,7447.2,7106.1,6768,6432.8,6091.9,5751,5409.6,5078.1
14053,13716,13373,13033,12687,12351,12006,11670,11325,10980,10646,10302,9965.9,9624.1,9280.8,8945.7,8604.3,8228.7,7907.3,7807.6,7709.2,7499.2,7157.1,6815.7,6483.7,6142.8,5801.7,5460,5123.5
14110,13772,13425,13088,12742,12406,12061,11720,11379,11034,10700,10355,10014,9677.2,9333.9,8993.5,8656.8,8280.6,7959.8,7859.6,7761.2,7551.2,7208.5,6866.6,6535,6193.7,5852,5510.8,5169.9
14166,13828,13481,13144,12798,12461,12115,11769,11434,11089,10753,10409,10065,9730.3,9387,9043.4,8709.3,8333.2,8012.1,7910.5,7813.1,7603.1,7260.5,6917.9,6586.4,6244.6,5902.6,5561.7,5220.8
14223,13884,13537,13199,12853,12516,12169,11824,11488,11143,10808,10462,10118,9783.4,9440,9095.9,8761.9,8385.7,8064,7957.8,7865.1,7655.1,7312.4,6969.8,6637.9,6295.6,5953.5,5612.6,5271.6
14279,13941,13593,13255,12908,12572,12225,11879,11542,11197,10862,10516,10171,9836.5,9493.1,9148.7,8814.4,8438.2,8116.3,8008.2,7917.1,7707.1,7363.9,7021.6,6689.3,6347,6004.7,5663.5,5322
14335,13997,13649,13311,12964,12627,12280,11933,11597,11251,10916,10570,10225,9890.1,9546.2,9201.8,8867.4,8490.7,8168.8,8065.4,7969.7,7759,7415.4,7073,6740.7,6398.4,6056.1,5714.4,5373.7
14392,14054,13705,13368,13020,12682,12335,11990,11652,11306,10969,10624,10282,9943.7,9599.3,9258,8920.5,8543.3,8221,8120.7,8022.1,7811,7467.3,7127.2,6792.1,6449.9,6107.3,5765.3,5429.7
14449,14110,13761,13423,13075,12737,12390,12050,11706,11360,11024,10678,10341,9996.8,9652.4,9315.8,8973,8595.8,8273,8173.2,8074,7863,7519.3,7184.3,6843.6,6501.3,6158.2,5820.8,5484.3
14507,14167,13817,13479,13131,12792,12445,12108,11760,11419,11078,10732,10396,10050,9705.5,9370,9025.6,8648.3,8325.3,8225.5,8127.8,7915,7571.3,7238.3,6895,6552.7,6212.3,5876.8,5535.2
14564,14223,13874,13535,13186,12848,12503,12163,11815,11478,11132,10789,10450,10104,9761.4,9423.1,9078.7,8702.9,8377.9,8277.5,8185.6,7966.9,7624.6,7289.8,6946.4,6605.6,6268.9,5928,5586.1
14621,14281,13934,13592,13247,12904,12563,12218,11870,11533,11186,10849,10503,10159,9819.8,9476.2,9132.8,8760.7,8434.4,8329.7,8241,8018.9,7681.7,7341.5,6997.9,6662.1,6322.2,5978.9,5637
14685,14338,13997,13648,13308,12960,12621,12273,11930,11588,11241,10904,10558,10218,9875.1,9529.3,9190.6,8815.9,8492.2,8382.3,8293,8076.6,7737.2,7393.5,7054.8,6717,6373.7,6030.3,5689.6
14745,14395,14054,13705,13364,13018,12676,12333,11990,11642,11298,10958,10617,10275,9928.8,9588.2,9246.9,8868.4,8545.4,8438.3,8345.2,8133.9,7789.2,7449,7111.8,6768.4,6424.7,6081.9,5745.6
14803,14456,14111,13767,13423,13080,12732,12393,12045,11699,11358,11017,10675,10328,9986.7,9646.5,9300,8924.4,8598,8496,8397.7,8186.5,7843.5,7506.2,7163.2,6821.9,6475.6,6137.9,5799.7
14865,14519,14174,13828,13485,13138,12788,12449,12103,11760,11414,11076,10729,10385,10046,9699.6,9355.4,8982.8,8655.5,8549.8,8453.3,8239.8,7901.3,7559.4,7215.1,6878.4,6530.6,6193.6,5850.6
14928,14582,14235,13885,13544,13193,12849,12506,12163,11820,11469,11131,10785,10444,10099,9754,9413.8,9037,8713,8602.4,8511.1,8296.9,7956.1,7611.4,7272.3,6932.7,6587.2,6245,5903.6
14986,14644,14292,13944,13600,13254,12910,12567,12224,11880,11529,11187,10845,10500,10153,9812.4,9469.2,9089.6,8765.5,8659.4,8568.8,8354.3,8008.1,7667.7,7328.5,6984.2,6643.8,6297,5959.6
15045,14702,14352,14007,13661,13316,12972,12628,12285,11937,11589,11247,10905,10554,10212,9871,9522.3,9146.8,8818.9,8717.2,8626.6,8412,8063.1,7724.9,7380,7038.1,6700.3,6353,6015.6
15109,14762,14415,14069,13724,13378,13034,12689,12342,11992,11650,11307,10964,10613,10271,9930,9579.4,9205.2,8877.3,8775.5,8684.4,8469.8,8120.2,7782,7432.7,7094.7,6752.6,6409.1,6071.6
15173,14825,14478,14132,13786,13440,13095,12747,12397,12053,11710,11367,11020,10672,10330,9989.1,9638.4,9263.6,8935.6,8833.9,8742.2,8527.6,8177.8,7839.2,7489.8,7151.6,6804.1,6465.7,6127.6
15237,14889,14541,14195,13849,13502,13157,12803,12458,12113,11770,11427,11074,10731,10390,10048,9696.9,9322,8993.4,8891.7,8800.5,8585.4,8235.6,7896.4,7547,7208.8,6860.1,6522.1,6183.6
15301,14953,14605,14258,13911,13564,13219,12864,12519,12174,11831,11487,11134,10791,10449,10107,9755.3,9380.4,9051.4,8949.5,8858.9,8643.2,8293.4,7953.5,7604.2,7265.6,6916.6,6578.1,6239.9
15364,15017,14668,14321,13973,13627,13281,12926,12580,12235,11891,11547,11195,10851,10508,10166,9814.3,9438.8,9109.8,9007.9,8916.7,8700.9,8351.1,8010.7,7661.3,7322.2,6978,6634.2,6296.4
15429,15080,14732,14384,14036,13689,13342,12993,12641,12296,11952,11607,11260,10910,10568,10225,9873.7,9497.2,9168.2,9066.2,8974.5,8758.7,8408.4,8068,7718.5,7379.1,7039.8,6690.8,6352.7
15494,15144,14795,14447,14099,13752,13405,13059,12703,12357,12013,11668,11324,10970,10627,10284,9938.1,9555.8,9226.6,9123.9,9032.9,8816.9,8465.6,8125.7,7777.7,7436.3,7096.3,6747.4,6408.7
15558,15209,14859,14511,14162,13814,13467,13121,12768,12418,12073,11728,11384,11033,10686,10343,10001,9614.4,9287.7,9181.7,9091.2,8875.3,8528.1,8183.2,7840.1,7493,7152.9,6804,6465
15623,15273,14922,14574,14225,13877,13530,13182,12835,12484,12134,11789,11444,11099,10751,10402,10060,9674.7,9351.6,9240,9149,8933.2,8591.1,8240.1,7900.3,7549.6,7209.5,6862.4,6520.8
15688,15342,14987,14643,14290,13940,13592,13244,12898,12552,12200,11852,11505,11160,10815,10463,10118,9739.1,9411.3,9301.7,9208.6,8991,8648.9,8299.5,7957.4,7611.4,7266.6,6924.1,6577
15758,15411,15057,14712,14359,14006,13654,13311,12960,12612,12266,11918,11568,11220,10875,10523,10178,9800.7,9470,9365.3,9272.6,9053.2,8708.5,8362.6,8017.1,7673.3,7328.5,6983.7,6633.6
15828,15476,15125,14776,14425,14075,13721,13379,13027,12675,12328,11981,11634,11285,10935,10587,10240,9859.7,9532.4,9425.2,9334,9117.4,8771.5,8423.5,8079.6,7730.5,7390.4,7040.3,6693.8
15893,15544,15190,14843,14489,14139,13789,13441,13093,12742,12392,12042,11696,11351,11001,10653,10304,9921.4,9596.6,9483.8,9392.4,9175.5,8833.4,8481.2,8139.1,7788.1,7446.9,7099.3,6755.5
15962,15615,15258,14913,14557,14202,13858,13505,13155,12807,12458,12107,11756,11411,11065,10717,10369,9985.4,9655.9,9545.7,9452.9,9233.6,8891.1,8541.6,8196.9,7851,7504.7,7161,6817.2
16033,15681,15329,14978,14626,14271,13926,13573,13220,12869,12524,12174,11822,11472,11125,10780,10433,10050,9714.1,9609.8,9516.7,9297.9,8950.6,8604.7,8258.7,7912.7,7566.8,7222.7,6878
16105,15746,15399,15042,14696,14340,13989,13641,13288,12934,12591,12239,11889,11538,11187,10840,10494,10114,9778.5,9674.2,9581.1,9361.1,9014.2,8667.7,8320.7,7974.5,7629.8,7284.4,6935.3
16177,15817,15470,15113,14763,14410,14055,13709,13356,13002,12654,12307,11956,11604,11253,10904,10554,10174,9842.9,9738.6,9645.5,9425.2,9078,8730.7,8383.5,8037.4,7692.4,7346.1,6991.9
16249,15890,15540,15183,14827,14479,14124,13778,13424,13070,12716,12374,12022,11670,11319,10969,10618,10234,9907.3,9803,9709.9,9488.6,9141,8793.8,8446.5,8099.3,7754.1,7407.9,7052.9
16320,15961,15612,15254,14899,14548,14193,13847,13491,13138,12783,12440,12088,11736,11385,11033,10683,10299,9971.7,9867.4,9773.2,9553,9204.8,8856.8,8509.6,8162.3,7816.4,7470.4,7114.6
16393,16031,15683,15324,14975,14619,14261,13916,13560,13205,12853,12507,12154,11802,11451,11099,10748,10364,10036,9931.5,9837.4,9617.4,9268.3,8919.8,8572.6,8225.4,7878.8,7532.5,7181
16465,16104,15754,15395,15046,14688,14332,13985,13629,13273,12927,12575,12221,11869,11517,11165,10815,10434,10101,9994.9,9901.8,9681.2,9332.3,8984,8635.6,8288.4,7941.2,7594.3,7247.8
16537,16176,15825,15465,15117,14757,14402,14053,13698,13341,12997,12642,12289,11934,11588,11231,10886,10502,10165,10059,9966.2,9744.9,9395.7,9047.2,8698.6,8351,8004.2,7656,7309.7
16609,16250,15897,15538,15187,14827,14477,14122,13766,13412,13064,12709,12355,12007,11658,11303,10954,10567,10233,10126,10031,9809.3,9463.9,9110.2,8761.7,8413.2,8066.4,7718.7,7371.5
16683,16329,15969,15615,15258,14898,14549,14191,13838,13486,13132,12777,12427,12077,11724,11372,11019,10632,10302,10197,10095,9876.4,9532.4,9179.9,8825.9,8476.2,8131.3,7780.7,7434.4
16755,16403,16040,15688,15328,14972,14619,14266,13912,13556,13200,12849,12499,12143,11790,11438,11087,10697,10368,10264,10161,9945.7,9597.3,9247.7,8894.2,8541.7,8199.1,7846.7,7496.6
16835,16475,16117,15760,15404,15049,14694,14340,13982,13625,13274,12922,12566,12213,11856,11506,11159,10767,10434,10328,10231,10011,9661.8,9311.8,8961.2,8609.9,8263.7,7914.8,7563.5
16911,16553,16195,15838,15479,15125,14769,14409,14052,13700,13346,12990,12635,12285,11926,11578,11226,10837,10503,10396,10301,10076,9731.4,9376.1,9025.1,8678.2,8325.8,7978.3,7629.8
16985,16629,16274,15913,15551,15200,14840,14482,14126,13774,13414,13060,12708,12355,11998,11649,11292,10908,10573,10466,10370,10146,9799.1,9444.8,9090.4,8746.5,8392.6,8040,7692.5
17061,16703,16349,15984,15625,15271,14912,14557,14202,13848,13485,13133,12780,12422,12071,11720,11363,10978,10643,10537,10437,10216,9863.5,9514.6,9158.7,8811.3,8460.9,8106.9,7755.4
17141,16780,16421,16060,15703,15345,14988,14632,14277,13919,13558,13206,12855,12493,12142,11787,11434,11049,10713,10607,10502,10286,9929.4,9583.7,9227.8,8874.4,8529.1,8175.2,7822.3
17221,16860,16500,16139,15779,15421,15064,14708,14353,13989,13633,13280,12928,12566,12214,11855,11505,11120,10778,10677,10571,10356,9999.2,9652.7,9296.7,8941.4,8597.4,8243.3,7889.5
17302,16939,16578,16217,15857,15499,15141,14784,14428,14063,13708,13353,13001,12639,12287,11927,11577,11192,10847,10748,10642,10425,10069,9721.7,9365.9,9009.6,8665.7,8310.4,7957.4
17382,17019,16657,16295,15935,15575,15217,14860,14503,14138,13782,13427,13074,12712,12360,12000,11648,11263,10924,10818,10717,10496,10139,9790.8,9434.6,9082.4,8734,8378.7,8024.2
17462,17099,16736,16373,16014,15652,15294,14936,14579,14219,13858,13502,13149,12785,12433,12077,11719,11334,10997,10889,10793,10566,10211,9860.6,9502.9,9157.3,8802.3,8446.9,8091.6
17543,17178,16815,16457,16092,15734,15371,15012,14654,14298,13939,13577,13223,12860,12505,12153,11791,11406,11068,10960,10864,10636,10287,9930.3,9572.4,9225.9,8870.5,8514.8,8162.2
17624,17259,16900,16542,16175,15818,15453,15088,14730,14373,14016,13651,13296,12939,12581,12225,11868,11477,11139,11030,10934,10707,10358,10000,9647,9295.5,8938.8,8583.8,8235
17709,17347,16985,16620,16259,15897,15536,15169,14807,14449,14091,13729,13370,13015,12660,12298,11945,11548,11210,11102,11005,10782,10428,10074,9721.9,9364,9008.4,8657.4,8305.1
17796,17430,17064,16700,16337,15974,15613,15253,14888,14525,14167,13810,13448,13089,12734,12371,12017,11620,11286,11176,11078,10857,10502,10150,9791.6,9434.8,9082,8728.7,8373.4
17877,17510,17148,16779,16418,16052,15692,15329,14969,14607,14242,13885,13529,13167,12807,12449,12090,11697,11363,11253,11154,10929,10579,10219,9860.8,9509.5,9153.7,8797,8443.9
17961,17597,17234,16862,16502,16134,15776,15408,15046,14687,14322,13961,13602,13247,12886,12527,12169,11774,11434,11330,11228,11001,10650,10290,9936,9583.1,9222.5,8868,8516.9
18049,17683,17314,16949,16582,16218,15856,15491,15125,14770,14404,14041,13678,13321,12966,12606,12246,11851,11507,11407,11300,11076,10721,10365,10011,9657.2,9294.1,8941.5,8590.4
18137,17771,17397,17035,16663,16302,15934,15574,15207,14852,14485,14122,13758,13396,13044,12684,12324,11928,11584,11478,11375,11153,10797,10440,10086,9729.4,9368.4,9015,8664
18225,17853,17484,17121,16748,16386,16018,15658,15291,14933,14568,14203,13838,13475,13120,12763,12403,12006,11661,11550,11452,11230,10872,10516,10161,9798.4,9443.5,9089.6,8737.5
18313,17936,17572,17208,16834,16471,16102,15742,15373,15012,14650,14285,13919,13556,13194,12841,12480,12083,11739,11627,11528,11306,10948,10593,10236,9871.1,9517.6,9163.6,8811
18402,18025,17659,17294,16920,16558,16186,15826,15456,15090,14731,14366,14001,13636,13276,12920,12559,12162,11816,11704,11606,11383,11025,10669,10312,9946.2,9591.2,9237.1,8884.6
18491,18116,17746,17381,17010,16643,16274,15910,15540,15178,14813,14446,14081,13721,13363,13000,12638,12239,11892,11782,11690,11460,11102,10745,10387,10025,9665.9,9310.7,8958.1
18580,18210,17833,17467,17101,16729,16365,15993,15624,15264,14895,14528,14167,13807,13443,13079,12717,12317,11969,11862,11770,11537,11178,10820,10463,10105,9744,9385.6,9031.6
18669,18299,17921,17555,17188,16815,16451,16077,15711,15347,14977,14609,14252,13887,13522,13157,12796,12396,12048,11945,11848,11617,11255,10896,10539,10182,9824.3,9459.2,9105.2
18759,18387,18014,17642,17274,16907,16535,16168,15800,15431,15060,14694,14333,13967,13603,13238,12874,12475,12132,12025,11926,11701,11336,10972,10614,10257,9899.8,9534.6,9178.7
18855,18476,18106,17736,17360,16995,16621,16257,15884,15514,15148,14783,14415,14049,13685,13323,12954,12559,12215,12103,12004,11779,11419,11054,10690,10337,9975.3,9614.9,9253.4
18949,18570,18195,17826,17455,17081,16710,16342,15970,15603,15236,14871,14498,14133,13771,13407,13039,12642,12293,12184,12084,11856,11496,11136,10772,10417,10056,9693.7,9333.5
19038,18667,18289,17914,17545,17174,16802,16432,16061,15693,15325,14958,14583,14219,13854,13487,13125,12720,12372,12268,12168,11939,11573,11218,10853,10492,10135,9772.9,9412.8
19132,18763,18384,18008,17633,17266,16894,16522,16151,15782,15412,15041,14671,14307,13934,13572,13210,12802,12456,12353,12252,12023,11656,11298,10935,10571,10210,9851.8,9492.7
19229,18856,18479,18101,17726,17359,16985,16613,16241,15872,15495,15126,14759,14394,14020,13658,13296,12887,12541,12437,12335,12106,11738,11374,11016,10652,10287,9927,9571.5
19327,18946,18574,18196,17819,17447,17078,16705,16332,15962,15582,15215,14848,14482,14106,13744,13380,12972,12625,12521,12419,12189,11822,11453,11098,10733,10368,10004,9651
19424,19041,18671,18290,17912,17537,17170,16796,16424,16052,15673,15303,14936,14570,14193,13830,13466,13056,12709,12605,12503,12274,11904,11537,11181,10815,10448,10085,9731.5
19522,19143,18767,18385,18006,17637,17263,16887,16515,16143,15761,15392,15024,14657,14282,13916,13552,13142,12793,12689,12587,12358,11988,11623,11262,10896,10530,10168,9811
19619,19244,18864,18480,18100,17734,17355,16980,16606,16233,15854,15482,15112,14745,14376,14003,13638,13227,12878,12773,12671,12440,12072,11711,11344,10978,10615,10254,9890.9
19722,19342,18959,18580,18202,17827,17448,17072,16698,16325,15950,15573,15202,14833,14465,14090,13725,13319,12965,12858,12755,12524,12154,11796,11426,11062,10702,10336,9971.4
19826,19439,19055,18682,18300,17922,17542,17165,16789,16416,16042,15669,15292,14921,14553,14181,13811,13407,13055,12943,12840,12609,12244,11878,11508,11149,10785,10417,10052
19925,19537,19155,18777,18395,18018,17641,17257,16885,16508,16133,15761,15387,15011,14640,14272,13901,13493,13144,13029,12925,12699,12332,11961,11591,11232,10866,10499,10132
20028,19641,19259,18877,18496,18119,17740,17357,16983,16600,16229,15849,15480,15105,14730,14359,13993,13583,13229,13119,13017,12788,12415,12046,11679,11315,10948,10580,10218
20132,19744,19363,18980,18597,18215,17834,17456,17077,16698,16325,15946,15568,15199,14824,14449,14079,13675,13317,13208,13107,12873,12501,12135,11768,11403,11029,10665,10304
20232,19841,19464,19076,18692,18311,17933,17555,17169,16795,16415,16042,15663,15295,14918,14543,14169,13761,13409,13293,13198,12961,12591,12224,11856,11489,11115,10751,10389
20334,19945,19562,19175,18791,18413,18032,17651,17269,16894,16510,16138,15759,15385,15012,14637,14262,13848,13501,13383,13289,13051,12682,12313,11945,11571,11203,10839,10474
20440,20050,19665,19279,18895,18514,18133,17744,17368,16992,16608,16236,15855,15475,15108,14729,14356,13940,13592,13475,13379,13143,12772,12403,12034,11656,11291,10925,10555
20547,20156,19769,19383,18997,18615,18234,17844,17467,17091,16706,16333,15952,15570,15202,14823,14448,14033,13683,13565,13471,13233,12862,12491,12124,11745,11378,11013,10639
20654,20263,19875,19487,19101,18719,18336,17948,17568,17190,16804,16431,16048,15665,15296,14917,14540,14126,13775,13657,13562,13324,12952,12581,12212,11838,11466,11101,10725
20761,20372,19986,19591,19205,18820,18437,18055,17668,17289,16903,16529,16144,15761,15391,15012,14634,14218,13868,13748,13652,13415,13043,12671,12301,11932,11554,11187,10814
20874,20484,20095,19700,19316,18923,18538,18158,17767,17387,17006,16626,16243,15863,15486,15107,14728,14311,13960,13843,13745,13507,13133,12762,12391,12022,11642,11275,10907
20984,20591,20201,19811,19423,19033,18641,18259,17871,17487,17110,16722,16345,15964,15582,15201,14825,14411,14052,13942,13838,13602,13224,12853,12481,12110,11735,11362,10996
21091,20700,20307,19917,19527,19139,18748,18360,17977,17593,17209,16821,16445,16060,15679,15300,14925,14507,14152,14036,13932,13699,13317,12949,12571,12200,11829,11454,11083
21204,20813,20413,20024,19631,19243,18857,18466,18079,17698,17311,16924,16542,16161,15780,15401,15020,14600,14248,14128,14030,13792,13414,13042,12667,12289,11919,11548,11175
21318,20921,20525,20135,19737,19352,18960,18574,18184,17797,17416,17029,16646,16264,15879,15496,15114,14697,14340,14227,14125,13884,13512,13133,12760,12384,12007,11637,11267
21434,21030,20637,20246,19848,19462,19065,18683,18291,17901,17515,17134,16747,16361,15975,15595,15215,14797,14438,14325,14217,13982,13609,13227,12850,12480,12101,11726,11355
21547,21144,20750,20358,19959,19571,19175,18787,18399,18007,17618,17234,16846,16460,16077,15696,15316,14897,14536,14423,14317,14080,13701,13324,12945,12575,12197,11819,11443
21660,21263,20862,20471,20071,19681,19284,18891,18506,18114,17723,17335,16947,16563,16179,15797,15417,14997,14636,14523,14414,14179,13794,13422,13041,12670,12291,11913,11537
21776,21381,20975,20582,20181,19792,19394,19005,18614,18222,17830,17441,17052,16667,16283,15900,15518,15099,14736,14623,14513,14277,13892,13519,13138,12766,12385,12008,11631
21892,21494,21090,20694,20300,19902,19505,19117,18722,18330,17937,17546,17157,16770,16386,16002,15620,15199,14835,14723,14613,14376,13994,13617,13234,12861,12481,12101,11725
22009,21610,21210,20806,20415,20013,19619,19226,18830,18437,18043,17653,17265,16881,16488,16104,15722,15299,14935,14823,14713,14476,14098,13714,13330,12957,12576,12196,11822
22131,21726,21325,20926,20527,20126,19733,19336,18939,18546,18154,17765,17378,16990,16596,16207,15823,15398,15035,14923,14813,14574,14197,13812,13428,13052,12672,12295,11922
22246,21846,21440,21043,20645,20243,19844,19447,19051,18660,18268,17876,17484,17095,16706,16316,15925,15501,15135,15023,14913,14674,14296,13914,13531,13149,12769,12396,12016
22366,21962,21560,21157,20761,20356,19960,19563,19167,18770,18374,17982,17591,17200,16811,16424,16031,15610,15235,15123,15019,14776,14394,14017,13630,13246,12866,12492,12111
22489,22078,21680,21274,20873,20469,20075,19675,19276,18878,18484,18092,17704,17306,16920,16528,16140,15715,15342,15227,15122,14882,14496,14117,13728,13346,12967,12588,12212
22611,22201,21803,21394,20991,20586,20187,19787,19388,18991,18598,18206,17811,17417,17028,16635,16244,15816,15449,15335,15224,14988,14601,14216,13831,13450,13069,12689,12310
22734,22322,21923,21514,21108,20705,20303,19902,19504,19105,18712,18319,17916,17528,17133,16744,16349,15923,15556,15443,15329,15093,14706,14320,13936,13553,13171,12788,12406
22858,22445,22045,21637,21228,20825,20421,20018,19618,19221,18826,18432,18028,17639,17241,16854,16457,16031,15665,15547,15434,15195,14811,14426,14039,13654,13273,12883,12503
22981,22566,22165,21757,21349,20943,20540,20136,19735,19338,18942,18546,18142,17750,17352,16963,16567,16139,15773,15648,15543,15298,14917,14530,14144,13760,13375,12982,12604
23104,22696,22287,21877,21469,21061,20657,20254,19852,19453,19056,18659,18256,17863,17463,17073,16676,16248,15881,15758,15651,15405,15024,14635,14248,13863,13478,13085,12705
23230,22823,22410,21998,21589,21180,20776,20375,19975,19568,19170,18773,18367,17974,17575,17183,16787,16356,15990,15872,15758,15511,15131,14741,14351,13966,13581,13186,12806
23360,22946,22533,22123,21714,21307,20903,20498,20096,19689,19286,18887,18483,18087,17692,17294,16899,16467,16097,15979,15866,15619,15237,14847,14457,14070,13685,13290,12907
23485,23074,22661,22250,21839,21431,21024,20616,20213,19811,19405,19001,18603,18199,17806,17406,17014,16576,16204,16087,15972,15733,15343,14953,14563,14175,13788,13399,13010
23611,23201,22786,22372,21959,21551,21144,20738,20330,19928,19526,19117,18719,18320,17919,17519,17126,16690,16313,16195,16086,15843,15451,15058,14668,14281,13891,13505,13119
23744,23325,22910,22496,22087,21677,21269,20864,20450,20049,19640,19239,18834,18435,18038,17636,17238,16802,16428,16308,16199,15950,15558,15168,14772,14385,13996,13607,13224
23874,23455,23039,22625,22213,21804,21395,20982,20575,20169,19760,19358,18954,18548,18154,17753,17353,16912,16542,16422,16307,16062,15671,15280,14881,14494,14100,13716,13327
24004,23588,23169,22756,22342,21931,21520,21103,20698,20287,19883,19473,19074,18668,18266,17872,17467,17028,16650,16531,16420,16176,15783,15386,14993,14604,14209,13825,13432
24137,23718,23299,22886,22470,22058,21640,21229,20822,20409,20007,19596,19197,18788,18385,17983,17578,17146,16765,16643,16536,16291,15896,15496,15104,14708,14318,13929,13539
24270,23849,23430,23014,22600,22186,21765,21356,20947,20533,20128,19716,19317,18909,18502,18099,17695,17262,16880,16758,16651,16405,16006,15607,15217,14817,14428,14034,13648
24403,23982,23560,23144,22728,22314,21892,21483,21071,20656,20251,19839,19438,19029,18623,18217,17814,17378,16996,16874,16765,16521,16115,15721,15330,14929,14540,14143,13757
24533,24112,23692,23274,22855,22443,22019,21607,21198,20781,20375,19962,19560,19152,18743,18337,17932,17495,17112,16992,16881,16636,16229,15835,15442,15041,14650,14253,13866
24665,24244,23823,23403,22986,22570,22151,21734,21325,20906,20501,20086,19683,19272,18863,18457,18055,17615,17229,17108,16998,16751,16347,15947,15553,15154,14761,14363,13975
24805,24384,23961,23540,23116,22700,22283,21864,21451,21038,20624,20209,19807,19392,18984,18576,18179,17732,17346,17227,17116,16865,16467,16063,15667,15271,14873,14476,14086
24943,24520,24096,23675,23252,22829,22412,21997,21577,21166,20750,20339,19928,19515,19106,18700,18299,17849,17465,17350,17232,16983,16583,16184,15782,15387,14984,14593,14195
25075,24651,24228,23807,23384,22962,22544,22127,21710,21291,20875,20466,20051,19644,19235,18826,18419,17971,17588,17468,17351,17100,16700,16300,15895,15500,15098,14705,14304
25215,24789,24366,23944,23514,23096,22678,22257,21839,21424,21007,20589,20176,19769,19357,18946,18538,18096,17708,17586,17474,17222,16816,16415,16011,15611,15216,14817,14418
25356,24930,24503,24076,23651,23233,22807,22390,21967,21554,21135,20721,20306,19893,19479,19070,18663,18216,17826,17703,17592,17342,16935,16530,16131,15726,15329,14933,14535
25497,25068,24635,24209,23788,23363,22942,22518,22101,21679,21260,20849,20435,20022,19608,19199,18788,18336,17951,17824,17712,17459,17057,16648,16251,15845,15444,15049,14646
25638,25202,24774,24348,23925,23495,23077,22652,22234,21811,21392,20972,20565,20147,19732,19319,18908,18462,18074,17947,17837,17581,17180,16770,16371,15966,15563,15162,14760
25779,25341,24912,24488,24058,23632,23214,22786,22369,21945,21524,21101,20688,20271,19856,19443,19033,18583,18192,18073,17961,17706,17301,16891,16486,16086,15681,15278,14878
25920,25482,25053,24627,24192,23769,23351,22922,22496,22078,21655,21235,20815,20399,19984,19571,19160,18705,18314,18197,18084,17829,17416,17014,16604,16201,15800,15396,14995
26063,25623,25192,24765,24330,23906,23485,23056,22627,22214,21789,21368,20948,20529,20114,19698,19287,18832,18440,18322,18210,17952,17537,17137,16726,16317,15920,15516,15113
26205,25770,25332,24904,24476,24045,23623,23192,22764,22348,21922,21501,21079,20659,20244,19828,19415,18958,18567,18448,18335,18077,17663,17258,16846,16437,16041,15635,15230
26348,25915,25477,25045,24619,24183,23760,23329,22900,22481,22055,21633,21210,20792,20373,19958,19542,19085,18692,18575,18461,18204,17787,17382,16969,16563,16161,15753,15348
26490,26056,25625,25186,24756,24323,23897,23464,23038,22617,22189,21766,21343,20924,20503,20088,19671,19212,18818,18702,18585,18328,17912,17505,17093,16690,16282,15873,15467
26631,26197,25766,25325,24896,24469,24034,23602,23180,22752,22322,21899,21480,21063,20633,20216,19799,19344,18944,18828,18712,18452,18036,17629,17216,16813,16402,15993,15587
26779,26343,25907,25471,25036,24607,24171,23746,23315,22887,22459,22035,21617,21197,20769,20353,19929,19477,19073,18955,18839,18579,18165,17755,17337,16935,16523,16114,15705
26932,26493,26050,25616,25178,24744,24312,23885,23452,23028,22600,22175,21751,21328,20905,20485,20062,19605,19208,19081,18965,18705,18296,17878,17466,17058,16646,16237,15831
27082,26636,26198,25757,25326,24885,24459,24024,23591,23166,22735,22310,21881,21459,21036,20615,20196,19733,19337,19211,19093,18837,18420,18001,17594,17179,16773,16363,15956
27230,26786,26340,25905,25464,25033,24598,24168,23735,23303,22873,22445,22018,21596,21174,20746,20326,19862,19465,19344,19228,18968,18551,18133,17719,17303,16899,16485,16076
27378,26932,26487,26053,25609,25181,24740,24309,23873,23447,23016,22585,22158,21733,21310,20881,20461,19998,19599,19471,19358,19095,18683,18264,17848,17432,17021,16609,16200
27523,27079,26635,26201,25757,25324,24888,24449,24013,23585,23151,22720,22293,21866,21441,21017,20596,20132,19731,19603,19487,19226,18810,18397,17977,17563,17149,16736,16326
27675,27226,26783,26342,25907,25463,25034,24593,24157,23722,23289,22860,22431,22004,21579,21155,20726,20260,19862,19738,19620,19362,18939,18523,18103,17694,17279,16864,16450
27828,27374,26936,26492,26056,25609,25175,24737,24301,23866,23433,23001,22571,22144,21718,21290,20861,20395,19997,19873,19757,19497,19072,18650,18230,17819,17408,16993,16573
27978,27527,27087,26645,26201,25760,25316,24885,24445,24010,23577,23144,22712,22284,21857,21422,21000,20531,20132,20008,19891,19626,19205,18783,18363,17943,17535,17117,16701
28126,27676,27238,26789,26347,25906,25465,25031,24592,24155,23719,23286,22854,22427,21997,21562,21138,20667,20269,20137,20026,19756,19338,18916,18496,18074,17658,17242,16829
28279,27828,27389,26938,26498,26057,25610,25179,24738,24301,23863,23430,22998,22567,22137,21701,21276,20804,20405,20270,20160,19890,19473,19049,18627,18205,17790,17372,16956
28433,27985,27537,27091,26649,26207,25762,25324,24886,24445,24007,23573,23140,22707,22277,21840,21415,20943,20542,20406,20297,20026,19609,19184,18759,18337,17919,17501,17086
28593,28141,27693,27246,26799,26351,25913,25471,25030,24590,24151,23715,23283,22850,22418,21980,21553,21081,20678,20543,20433,20160,19743,19317,18892,18470,18049,17631,17214
28749,28295,27847,27394,26949,26499,26061,25615,25176,24736,24295,23859,23424,22990,22560,22120,21693,21219,20815,20685,20570,20296,19878,19450,19025,18603,18185,17761,17342
28900,28446,28000,27549,27099,26653,26212,25764,25326,24880,24441,24003,23568,23132,22700,22260,21833,21358,20951,20828,20706,20435,20013,19583,19158,18736,18323,17895,17479
29056,28605,28151,27706,27252,26808,26361,25917,25476,25029,24589,24151,23716,23276,22841,22407,21973,21496,21090,20965,20845,20578,20150,19720,19297,18874,18454,18031,17614
29215,28760,28306,27860,27406,26961,26517,26072,25625,25178,24742,24304,23863,23419,22985,22552,22118,21638,21227,21103,20982,20718,20286,19856,19437,19012,18587,18165,17744
29377,28917,28465,28013,27562,27112,26670,26221,25773,25328,24890,24447,24009,23570,23126,22693,22263,21783,21368,21241,21121,20855,20426,19998,19570,19145,18720,18297,17873
29536,29078,28621,28170,27719,27265,26823,26369,25925,25480,25039,24593,24154,23715,23273,22835,22403,21923,21514,21386,21264,20991,20569,20136,19705,19284,18859,18428,18005
29697,29236,28779,28323,27875,27422,26974,26520,26078,25634,25189,24744,24295,23862,23421,22980,22548,22068,21655,21528,21407,21133,20705,20273,19840,19424,18996,18564,18144
29855,29398,28940,28480,28029,27580,27129,26678,26231,25781,25336,24890,24444,24010,23565,23127,22694,22214,21796,21668,21546,21277,20845,20414,19982,19559,19129,18704,18279
30016,29556,29098,28641,28184,27736,27285,26834,26380,25934,25484,25042,24597,24157,23713,23271,22837,22354,21941,21812,21688,21415,20990,20556,20125,19695,19266,18843,18411
30179,29715,29257,28799,28345,27891,27439,26990,26530,26091,25636,25194,24751,24307,23862,23416,22984,22501,22088,21955,21835,21560,21128,20699,20268,19837,19408,18979,18549
30340,29878,29415,28958,28502,28045,27593,27146,26685,26241,25787,25345,24896,24453,24011,23566,23131,22648,22232,22096,21979,21707,21269,20841,20406,19971,19543,19112,18688
30500,30039,29575,29123,28658,28204,27746,27298,26841,26391,25941,25496,25044,24603,24164,23713,23280,22797,22372,22242,22126,21852,21415,20978,20544,20110,19682,19251,18827
30661,30200,29736,29285,28821,28362,27904,27451,27001,26545,26097,25649,25198,24755,24312,23864,23428,22945,22521,22391,22272,21998,21558,21124,20687,20253,19822,19394,18967
30824,30364,29896,29446,28982,28521,28065,27608,27156,26703,26253,25805,25354,24907,24459,24017,23575,23091,22668,22539,22415,22145,21705,21269,20830,20396,19965,19535,19106
30991,30529,30061,29606,29145,28681,28230,27767,27312,26863,26410,25959,25510,25057,24614,24168,23726,23238,22815,22685,22559,22294,21852,21413,20976,20539,20108,19674,19246
31160,30694,30227,29767,29304,28842,28386,27928,27469,27015,26568,26114,25666,25207,24767,24319,23872,23387,22968,22832,22706,22441,21999,21558,21119,20682,20248,19817,19387
31328,30857,30390,29931,29463,29002,28541,28091,27629,27171,26721,26266,25819,25361,24917,24468,24021,23539,23117,22976,22858,22587,22145,21703,21262,20828,20391,19960,19526
31497,31021,30555,30095,29625,29169,28702,28251,27790,27330,26876,26421,25972,25522,25069,24621,24176,23689,23262,23128,23010,22731,22290,21850,21408,20972,20534,20100,19669
31661,31188,30724,30258,29791,29334,28866,28412,27951,27490,27038,26579,26124,25679,25224,24777,24330,23838,23411,23278,23160,22880,22439,21994,21555,21116,20679,20243,19811
31828,31356,30892,30427,29954,29496,29029,28572,28111,27651,27196,26742,26280,25831,25375,24930,24485,23988,23563,23427,23310,23030,22592,22142,21703,21262,20829,20386,19952
31998,31529,31058,30594,30119,29659,29195,28731,28272,27811,27350,26901,26441,25987,25532,25082,24640,24141,23717,23582,23459,23179,22743,22294,21855,21408,20977,20534,20099
32169,31700,31228,30758,30285,29822,29358,28894,28434,27968,27511,27055,26602,26142,25691,25236,24792,24295,23869,23734,23606,23330,22892,22444,21999,21559,21121,20685,20248
32336,31867,31396,30923,30453,29990,29525,29062,28596,28129,27672,27215,26763,26302,25847,25394,24941,24447,24024,23888,23758,23485,23040,22593,22145,21709,21267,20830,20391
32508,32034,31559,31088,30619,30154,29690,29226,28759,28293,27837,27381,26923,26463,26005,25550,25098,24605,24175,24041,23915,23638,23194,22740,22294,21858,21412,20976,20536
32680,32206,31727,31254,30789,30319,29849,29386,28922,28461,28001,27541,27082,26623,26166,25705,25255,24761,24329,24193,24073,23792,23347,22894,22450,22007,21562,21126,20680
32852,32378,31903,31426,30959,30487,30019,29553,29089,28627,28163,27699,27239,26781,26323,25865,25409,24916,24486,24349,24223,23941,23499,23046,22604,22157,21708,21275,20830
33025,32547,32075,31601,31127,30658,30188,29721,29257,28789,28326,27862,27395,26941,26482,26026,25568,25073,24644,24505,24377,24095,23650,23198,22756,22304,21859,21423,20977
33199,32719,32248,31773,31298,30825,30356,29891,29423,28949,28489,28026,27557,27104,26640,26183,25728,25228,24798,24662,24539,24254,23804,23352,22908,22455,22013,21571,21125
33373,32893,32418,31943,31470,30996,30525,30054,29584,29114,28654,28194,27720,27266,26802,26349,25886,25386,24952,24817,24695,24410,23961,23510,23062,22611,22165,21723,21272
33547,33069,32589,32111,31639,31167,30694,30219,29750,29282,28818,28352,27887,27429,26965,26510,26047,25544,25112,24973,24848,24566,24115,23667,23218,22766,22317,21875,21422
33722,33240,32763,32283,31811,31337,30863,30391,29919,29452,28983,28515,28053,27588,27127,26666,26210,25703,25268,25132,25008,24725,24272,23821,23372,22915,22468,22027,21574
33902,33415,32941,32456,31979,31509,31034,30563,30089,29619,29150,28685,28218,27748,27289,26828,26369,25866,25425,25293,25166,24883,24430,23975,23526,23068,22619,22178,21723
34077,33592,33117,32631,32152,31683,31206,30734,30261,29786,29319,28852,28382,27912,27455,26995,26531,26028,25584,25455,25324,25042,24587,24135,23680,23222,22773,22328,21877
34253,33770,33288,32810,32332,31857,31376,30902,30433,29958,29486,29014,28547,28077,27617,27155,26691,26189,25747,25611,25485,25198,24746,24291,23835,23378,22928,22482,22033
34431,33945,33459,32985,32505,32030,31550,31073,30602,30129,29652,29185,28713,28246,27781,27316,26855,26348,25909,25769,25645,25360,24903,24448,23993,23538,23083,22634,22187
34612,34122,33640,33161,32678,32200,31722,31247,30770,30299,29819,29356,28880,28414,27951,27485,27019,26507,26069,25930,25806,25522,25060,24604,24152,23695,23242,22787,22341
34792,34302,33820,33336,32853,32371,31894,31420,30940,30469,29995,29519,29046,28584,28118,27649,27181,26670,26234,26094,25967,25682,25221,24761,24310,23854,23399,22947,22493
34969,34484,33998,33512,33029,32546,32069,31594,31114,30638,30169,29686,29214,28750,28284,27812,27345,26834,26398,26258,26132,25845,25381,24923,24471,24010,23558,23103,22648
35150,34667,34178,33689,33207,32721,32248,31765,31286,30810,30337,29857,29386,28914,28451,27978,27515,26996,26563,26422,26296,26010,25540,25083,24630,24171,23714,23260,22807
35330,34846,34355,33866,33387,32898,32424,31941,31458,30981,30507,30028,29554,29085,28617,28144,27681,27162,26727,26583,26461,26174,25704,25247,24791,24330,23869,23416,22964
35512,35028,34533,34048,33564,33077,32596,32115,31633,31151,30679,30200,29723,29254,28785,28313,27846,27328,26889,26745,26622,26335,25869,25407,24951,24490,24029,23573,23121
35692,35206,34713,34230,33741,33256,32773,32288,31809,31326,30852,30374,29897,29422,28953,28484,28014,27495,27055,26911,26784,26496,26032,25564,25110,24651,24192,23735,23276
35875,35386,34897,34409,33918,33433,32954,32467,31981,31501,31028,30545,30070,29594,29121,28653,28184,27661,27221,27078,26950,26658,26196,25729,25274,24808,24352,23893,23432
36059,35570,35081,34591,34098,33614,33131,32645,32156,31677,31204,30720,30242,29768,29291,28821,28352,27829,27385,27246,27117,26825,26362,25899,25434,24967,24512,24052,23593
36243,35754,35262,34769,34284,33793,33310,32822,32333,31856,31379,30896,30416,29938,29464,28989,28520,27998,27552,27417,27281,26992,26529,26059,25595,25130,24677,24212,23754
36428,35936,35445,34950,34464,33972,33490,32997,32511,32035,31551,31072,30592,30109,29636,29159,28689,28166,27721,27580,27448,27163,26695,26222,25760,25300,24840,24375,23918
36613,36120,35628,35138,34642,34151,33669,33177,32694,32212,31723,31248,30767,30284,29811,29332,28857,28336,27889,27746,27616,27328,26857,26387,25926,25465,25001,24537,24073
36799,36307,35809,35322,34824,34334,33848,33356,32875,32387,31900,31425,30940,30460,29984,29507,29027,28508,28057,27920,27789,27491,27022,26553,26092,25625,25162,24698,24234
36987,36492,35994,35502,35005,34518,34029,33535,33054,32563,32078,31602,31116,30634,30154,29683,29200,28681,28231,28089,27962,27661,27190,26724,26256,25789,25324,24864,24397
37174,36677,36182,35685,35189,34701,34213,33714,33232,32741,32260,31779,31293,30808,30332,29855,29375,28852,28401,28256,28127,27835,27362,26893,26424,25959,25490,25031,24559
37364,36863,36364,35873,35377,34883,34394,33897,33411,32920,32438,31954,31467,30985,30510,30029,29551,29023,28571,28429,28298,28008,27535,27061,26593,26123,25656,25195,24724
37555,37052,36549,36056,35563,35068,34574,34078,33592,33103,32617,32130,31644,31160,30683,30201,29724,29198,28742,28605,28474,28178,27702,27229,26761,26286,25820,25360,24887
37744,37242,36739,36239,35748,35253,34758,34267,33774,33287,32795,32308,31824,31336,30860,30375,29896,29374,28915,28775,28645,28348,27867,27395,26927,26459,25988,25524,25054
37931,37430,36929,36427,35933,35438,34943,34451,33957,33470,32974,32486,32005,31514,31034,30552,30067,29546,29089,28942,28813,28519,28042,27565,27094,26629,26155,25691,25222
38118,37620,37116,36615,36115,35625,35128,34633,34142,33650,33156,32666,32184,31692,31212,30729,30244,29717,29263,29117,28984,28693,28217,27736,27264,26796,26322,25856,25391
38310,37811,37303,36801,36301,35814,35313,34818,34327,33830,33341,32850,32363,31875,31393,30904,30421,29889,29439,29289,29156,28866,28389,27910,27434,26962,26491,26021,25559
38502,38002,37498,36990,36491,35998,35503,35003,34512,34011,33523,33030,32544,32059,31571,31081,30599,30064,29616,29464,29332,29038,28561,28085,27606,27132,26661,26190,25725
38699,38194,37689,37181,36682,36181,35690,35189,34697,34192,33703,33210,32726,32235,31747,31259,30778,30241,29790,29641,29509,29214,28736,28258,27781,27303,26828,26360,25890
38893,38385,37880,37372,36874,36369,35876,35376,34880,34378,33884,33391,32906,32410,31926,31439,30957,30420,29967,29816,29683,29391,28909,28430,27952,27475,26998,26530,26058
39081,38577,38068,37564,37060,36560,36062,35566,35065,34568,34068,33576,33087,32594,32106,31622,31134,30599,30140,29992,29860,29565,29085,28602,28124,27649,27173,26698,26228
39269,38769,38256,37755,37247,36752,36249,35752,35254,34754,34254,33761,33270,32779,32286,31802,31310,30777,30314,30171,30038,29738,29258,28775,28296,27822,27345,26867,26395
39463,38962,38447,37947,37443,36943,36435,35938,35441,34941,34442,33943,33455,32961,32466,31982,31489,30956,30498,30349,30216,29917,29431,28952,28468,27995,27516,27041,26565
39659,39154,38640,38140,37639,37133,36626,36125,35628,35127,34630,34130,33639,33146,32647,32162,31669,31139,30677,30528,30392,30095,29608,29125,28643,28171,27690,27214,26737
39857,39347,38836,38332,37827,37322,36818,36313,35814,35314,34817,34320,33823,33331,32830,32343,31851,31320,30852,30707,30571,30271,29786,29299,28821,28349,27865,27383,26909
40054,39542,39029,38527,38015,37512,37009,36503,35998,35501,35003,34506,34009,33512,33015,32524,32035,31498,31028,30887,30751,30451,29965,29477,29000,28522,28039,27555,27080
40248,39740,39222,38721,38211,37700,37197,36691,36187,35692,35189,34692,34196,33699,33202,32705,32216,31677,31214,31067,30931,30633,30141,29653,29176,28692,28214,27732,27254
40445,39935,39415,38914,38403,37891,37389,36879,36379,35884,35379,34879,34382,33885,33388,32895,32399,31861,31398,31247,31111,30812,30320,29836,29353,28865,28392,27906,27429
40644,40131,39613,39107,38601,38089,37582,37071,36571,36074,35568,35065,34568,34071,33574,33081,32584,32046,31577,31428,31291,30990,30500,30016,29529,29041,28568,28082,27603
40842,40326,39806,39302,38795,38284,37774,37264,36763,36262,35756,35254,34753,34258,33761,33268,32771,32229,31756,31610,31474,31171,30681,30196,29704,29220,28743,28257,27776
41041,40520,40004,39500,38984,38477,37967,37456,36956,36450,35946,35444,34940,34440,33947,33451,32957,32408,31942,31791,31658,31355,30865,30375,29883,29403,28920,28436,27952
41239,40716,40202,39696,39176,38670,38163,37649,37149,36638,36135,35632,35129,34627,34134,33637,33142,32588,32126,31973,31838,31536,31047,30553,30063,29583,29096,28611,28129
41434,40914,40401,39891,39377,38865,38361,37842,37341,36831,36322,35820,35317,34818,34318,33823,33326,32773,32305,32158,32019,31716,31229,30733,30244,29762,29271,28786,28303
41632,41115,40599,40090,39576,39061,38555,38036,37534,37023,36513,36013,35507,35006,34503,34011,33511,32959,32487,32344,32205,31898,31410,30915,30428,29940,29453,28966,28478
41835,41316,40798,40287,39771,39255,38749,38234,37727,37216,36706,36205,35699,35199,34691,34198,33696,33147,32674,32528,32391,32084,31591,31098,30610,30121,29636,29146,28656
42035,41516,40997,40482,39964,39449,38942,38430,37923,37409,36899,36398,35891,35391,34881,34386,33885,33337,32861,32713,32576,32269,31777,31283,30792,30303,29813,29325,28836
42234,41716,41199,40681,40165,39648,39136,38625,38118,37602,37095,36590,36082,35579,35073,34577,34075,33526,33048,32904,32761,32453,31960,31467,30977,30484,29990,29503,29017
42434,41919,41403,40879,40366,39846,39333,38823,38312,37796,37292,36779,36273,35766,35266,34765,34262,33713,33236,33092,32950,32640,32143,31652,31161,30664,30170,29684,29199
42636,42118,41603,41074,40562,40041,39531,39022,38505,37990,37488,36972,36468,35964,35459,34953,34450,33901,33424,33280,33140,32828,32329,31834,31343,30843,30351,29866,29380
42841,42318,41800,41273,40759,40240,39730,39220,38699,38187,37681,37165,36663,36157,35651,35141,34638,34088,33614,33467,33328,33015,32516,32018,31526,31027,30534,30047,29561
43042,42522,41998,41473,40958,40443,39926,39415,38893,38382,37875,37363,36857,36347,35842,35333,34826,34279,33799,33655,33514,33203,32704,32205,31712,31218,30719,30229,29740
43243,42722,42200,41677,41157,40642,40123,39609,39090,38580,38071,37556,37051,36539,36033,35523,35016,34472,33987,33840,33699,33390,32892,32393,31895,31404,30903,30411,29921
43447,42922,42404,41881,41359,40842,40324,39808,39290,38779,38269,37750,37244,36732,36226,35715,35210,34662,34180,34030,33888,33578,33079,32579,32082,31586,31085,30594,30103
43654,43126,42606,42086,41563,41041,40524,40007,39492,38977,38466,37945,37438,36926,36420,35908,35406,34853,34372,34223,34081,33766,33264,32764,32269,31770,31272,30777,30286
43859,43331,42807,42286,41766,41245,40721,40206,39691,39172,38662,38142,37632,37123,36614,36102,35598,35043,34564,34413,34272,33956,33451,32952,32457,31957,31459,30961,30468
44063,43536,43008,42486,41966,41446,40922,40406,39891,39367,38859,38341,37827,37319,36807,36295,35787,35232,34753,34601,34461,34147,33642,33140,32642,32142,31644,31148,30651
44265,43738,43213,42687,42167,41649,41126,40605,40090,39565,39054,38536,38026,37513,37001,36489,35978,35424,34942,34792,34651,34336,33832,33327,32832,32330,31831,31336,30837
44469,43942,43418,42890,42371,41850,41330,40808,40290,39765,39250,38735,38224,37706,37195,36683,36176,35617,35131,34983,34845,34526,34021,33516,33022,32517,32018,31523,31025
44671,44147,43619,43095,42571,42050,41530,41009,40490,39967,39449,38934,38419,37904,37390,36880,36374,35811,35325,35174,35041,34720,34209,33706,33211,32707,32204,31707,31210
44876,44355,43824,43300,42776,42251,41730,41210,40693,40171,39648,39133,38618,38103,37588,37079,36567,36004,35518,35368,35232,34913,34401,33900,33402,32899,32391,31891,31396
45082,44563,44033,43503,42977,42453,41931,41412,40894,40373,39849,39333,38818,38300,37782,37275,36757,36198,35717,35562,35425,35107,34595,34096,33592,33088,32582,32079,31581
45288,44769,44239,43708,43179,42657,42131,41614,41094,40573,40053,39530,39017,38495,37977,37470,36952,36394,35911,35759,35619,35300,34789,34281,33781,33276,32772,32268,31767
45498,44974,44445,43916,43383,42859,42335,41815,41294,40775,40252,39727,39216,38694,38176,37664,37147,36592,36102,35955,35813,35490,34982,34471,33972,33465,32961,32456,31956
45708,45176,44651,44121,43588,43066,42540,42015,41495,40978,40448,39927,39412,38898,38376,37861,37349,36786,36295,36147,36007,35684,35179,34669,34164,33654,33152,32645,32144
45916,45382,44859,44323,43797,43274,42746,42217,41695,41178,40652,40129,39611,39099,38572,38060,37549,36982,36493,36340,36202,35883,35375,34868,34354,33848,33346,32834,32336
46123,45588,45068,44529,44004,43475,42952,42422,41898,41378,40857,40333,39811,39295,38771,38260,37745,37181,36693,36540,36396,36077,35570,35058,34545,34038,33538,33027,32529
46329,45798,45274,44735,44208,43676,43157,42628,42101,41576,41058,40537,40012,39491,38974,38458,37944,37381,36889,36738,36591,36272,35764,35247,34741,34232,33729,33221,32719
46536,46009,45481,44945,44412,43887,43363,42834,42305,41785,41259,40739,40215,39692,39175,38655,38141,37580,37083,36933,36790,36467,35959,35445,34938,34430,33923,33415,32906
46743,46217,45687,45156,44619,44097,43569,43040,42510,41991,41462,40944,40420,39896,39375,38855,38339,37776,37278,37128,36989,36665,36154,35640,35133,34624,34115,33605,33096
46954,46426,45894,45363,44829,44304,43774,43245,42716,42193,41668,41149,40625,40097,39576,39059,38539,37971,37476,37327,37186,36865,36350,35839,35327,34815,34306,33795,33289
47169,46637,46100,45570,45035,44507,43980,43451,42922,42397,41872,41350,40828,40302,39778,39259,38741,38170,37678,37523,37384,37061,36549,36038,35522,35008,34501,33988,33480
47381,46847,46307,45779,45242,44714,44187,43657,43127,42603,42074,41554,41029,40503,39983,39460,38942,38370,37880,37723,37581,37259,36748,36234,35717,35203,34696,34182,33675
47593,47054,46518,45989,45452,44925,44397,43863,43329,42806,42278,41756,41231,40708,40187,39661,39140,38571,38080,37923,37778,37459,36944,36426,35911,35398,34890,34377,33873
47803,47262,46729,46197,45663,45133,44604,44069,43535,43010,42481,41958,41436,40913,40389,39865,39341,38771,38281,38123,37978,37659,37143,36625,36107,35596,35085,34571,34067
48012,47473,46941,46407,45874,45337,44810,44276,43745,43218,42686,42164,41642,41115,40593,40070,39546,38971,38481,38327,38179,37858,37339,36827,36306,35794,35279,34766,34258
48224,47685,47152,46614,46083,45543,45020,44482,43952,43427,42897,42372,41848,41319,40794,40272,39751,39172,38681,38525,38379,38053,37534,37025,36502,35991,35470,34961,34453
48435,47897,47364,46825,46292,45754,45229,44689,44162,43635,43103,42577,42050,41524,40995,40474,39952,39375,38882,38724,38579,38252,37734,37221,36701,36190,35666,35158,34648
48647,48112,47575,47034,46504,45962,45436,44896,44373,43844,43310,42780,42255,41729,41201,40675,40153,39578,39087,38927,38780,38456,37934,37418,36901,36388,35865,35356,34843
48860,48324,47787,47244,46716,46173,45645,45107,44579,44051,43516,42986,42461,41932,41407,40878,40354,39781,39288,39130,38981,38657,38135,37617,37102,36585,36065,35552,35042
49069,48532,47995,47456,46927,46384,45856,45318,44784,44254,43723,43193,42664,42138,41612,41083,40555,39985,39489,39331,39182,38858,38339,37815,37299,36786,36268,35750,35238
49280,48741,48206,47670,47135,46596,46067,45526,44992,44464,43929,43399,42869,42348,41816,41288,40760,40186,39690,39533,39387,39063,38541,38020,37498,36986,36467,35953,35437
49492,48957,48419,47885,47346,46807,46279,45736,45203,44672,44136,43610,43075,42555,42020,41491,40966,40387,39892,39734,39588,39264,38744,38225,37699,37186,36666,36153,35634
49706,49170,48631,48097,47555,47019,46490,45948,45415,44881,44344,43821,43283,42761,42227,41696,41174,40589,40093,39935,39793,39469,38948,38426,37902,37382,36866,36348,35829
49922,49383,48842,48309,47765,47231,46699,46158,45626,45090,44555,44029,43493,42968,42433,41903,41382,40795,40296,40136,39999,39672,39149,38627,38105,37583,37066,36540,36027
50135,49598,49051,48518,47978,47444,46907,46367,45838,45298,44767,44236,43701,43174,42640,42109,41587,41004,40500,40343,40204,39876,39351,38828,38308,37788,37267,36741,36226
50348,49813,49264,48729,48190,47656,47115,46578,46050,45507,44978,44443,43912,43378,42847,42316,41789,41212,40705,40553,40408,40082,39556,39029,38512,37990,37468,36945,36424
50564,50026,49481,48942,48403,47868,47324,46790,46259,45718,45186,44652,44119,43583,43058,42522,41992,41418,40914,40759,40612,40286,39758,39233,38713,38191,37670,37144,36626
50779,50239,49698,49155,48620,48078,47536,47003,46467,45930,45393,44862,44326,43790,43265,42729,42203,41624,41121,40962,40818,40488,39960,39439,38914,38392,37874,37343,36830
50992,50452,49912,49368,48833,48288,47749,47215,46675,46138,45605,45070,44533,43999,43472,42938,42414,41829,41327,41167,41025,40691,40166,39645,39120,38593,38075,37546,37026
51206,50666,50125,49580,49046,48501,47966,47427,46884,46353,45820,45282,44743,44210,43682,43148,42621,42033,41534,41373,41231,40896,40371,39849,39322,38796,38277,37752,37223
51419,50879,50340,49793,49258,48714,48179,47641,47100,46566,46031,45490,44953,44422,43890,43355,42825,42240,41737,41578,41438,41103,40574,40052,39524,39001,38474,37956,37429
51633,51095,50557,50007,49471,48926,48391,47857,47317,46778,46239,45701,45163,44633,44098,43562,43033,42447,41942,41782,41644,41309,40779,40259,39729,39203,38676,38156,37634
51850,51312,50770,50223,49684,49144,48604,48069,47527,46989,46447,45913,45379,44845,44306,43774,43245,42658,42149,41989,41851,41517,40986,40465,39935,39405,38880,38355,37836
52065,51529,50983,50440,49898,49361,48816,48282,47738,47198,46663,46125,45591,45054,44517,43985,43455,42869,42358,42200,42058,41727,41192,40672,40141,39611,39086,38560,38038
52281,51743,51200,50657,50115,49575,49026,48495,47950,47411,46876,46336,45803,45262,44725,44194,43662,43077,42568,42407,42265,41935,41400,40875,40348,39817,39290,38762,38239
52498,51956,51415,50874,50329,49789,49239,48708,48163,47628,47087,46545,46015,45471,44938,44404,43870,43287,42775,42614,42472,42139,41611,41080,40553,40024,39493,38969,38443
52716,52170,51631,51088,50542,50002,49456,48919,48377,47841,47297,46757,46225,45684,45150,44616,44081,43497,42983,42822,42679,42346,41818,41285,40756,40227,39700,39179,38649
52931,52387,51848,51306,50758,50215,49670,49131,48594,48054,47510,46974,46435,45896,45362,44826,44289,43706,43194,43032,42887,42557,42025,41491,40959,40433,39906,39382,38856
53149,52605,52062,51521,50974,50429,49886,49347,48807,48265,47727,47187,46649,46104,45574,45034,44501,43917,43402,43243,43099,42768,42232,41701,41165,40641,40109,39584,39062
53369,52822,52276,51735,51188,50646,50103,49561,49021,48475,47944,47398,46865,46316,45787,45243,44713,44125,43610,43453,43311,42976,42440,41909,41372,40851,40315,39792,39268
53589,53037,52493,51950,51407,50861,50320,49778,49236,48689,48154,47608,47078,46529,45998,45455,44923,44332,43821,43661,43519,43188,42649,42121,41580,41058,40526,40001,39471
53803,53251,52711,52168,51625,51075,50534,49996,49452,48906,48366,47821,47287,46744,46207,45671,45133,44540,44033,43869,43727,43399,42859,42332,41789,41265,40734,40207,39677
54018,53469,52928,52386,51840,51289,50752,50211,49664,49124,48579,48035,47499,46959,46420,45885,45345,44751,44245,44082,43937,43608,43067,42536,42001,41472,40941,40409,39884
54236,53687,53143,52601,52056,51503,50966,50425,49874,49338,48793,48252,47712,47171,46636,46095,45553,44964,44457,44294,44149,43816,43275,42743,42213,41680,41148,40612,40091
54457,53906,53362,52815,52274,51721,51180,50639,50092,49552,49007,48469,47928,47380,46849,46304,45766,45176,44669,44506,44362,44024,43487,42953,42423,41887,41357,40820,40298
54677,54125,53580,53032,52488,51939,51396,50853,50306,49767,49224,48684,48143,47597,47060,46514,45978,45389,44881,44718,44574,44233,43699,43165,42631,42094,41568,41027,40505
54892,54347,53797,53250,52706,52157,51613,51067,50523,49984,49442,48899,48357,47811,47273,46731,46191,45602,45090,44931,44786,44445,43912,43376,42839,42305,41776,41237,40712
55107,54564,54012,53469,52922,52376,51828,51284,50741,50198,49657,49116,48570,48025,47489,46948,46404,45815,45299,45144,44995,44653,44121,43584,43050,42516,41988,41449,40919
55329,54779,54227,53687,53139,52595,52046,51502,50959,50416,49871,49330,48784,48238,47702,47162,46617,46027,45510,45356,45203,44866,44332,43792,43260,42729,42196,41659,41123
55550,54996,54446,53903,53357,52813,52267,51719,51177,50634,50084,49543,48997,48453,47916,47378,46830,46240,45723,45569,45414,45079,44544,44005,43470,42940,42403,41867,41330
55769,55219,54665,54120,53575,53032,52488,51933,51392,50850,50298,49761,49211,48670,48129,47593,47043,46453,45936,45782,45627,45292,44757,44221,43683,43144,42611,42075,41545
55989,55439,54886,54338,53790,53248,52705,52148,51606,51065,50512,49976,49425,48884,48343,47807,47256,46666,46153,45995,45840,45505,44970,44432,43894,43352,42821,42288,41758
56208,55655,55108,54554,54009,53463,52920,52366,51821,51283,50731,50190,49639,49101,48558,48020,47473,46880,46371,46208,46054,45717,45183,44640,44103,43567,43034,42500,41968
56425,55871,55327,54776,54228,53678,53135,52582,52036,51498,50952,50404,49857,49316,48775,48238,47691,47093,46584,46421,46271,45931,45395,44850,44316,43781,43245,42708,42175
56641,56087,55543,54997,54446,53897,53353,52799,52255,51712,51170,50618,50075,49532,48989,48452,47907,47306,46798,46634,46485,46148,45606,45063,44532,43992,43454,42916,42385
56858,56307,55758,55215,54661,54116,53570,53018,52473,51927,51385,50837,50291,49750,49207,48666,48119,47520,47011,46847,46701,46358,45817,45276,44746,44201,43662,43127,42596
57077,56530,55978,55430,54880,54333,53786,53241,52692,52143,51599,51055,50507,49968,49425,48880,48329,47736,47225,47061,46916,46570,46031,45493,44956,44414,43878,43341,42805
57297,56751,56200,55646,55097,54550,54005,53460,52911,52362,51818,51274,50725,50182,49640,49094,48551,47952,47438,47274,47129,46783,46247,45707,45169,44631,44092,43557,43017
57515,56971,56420,55868,55315,54769,54221,53679,53130,52581,52036,51491,50944,50397,49856,49308,48770,48166,47652,47490,47343,46998,46461,45921,45385,44845,44302,43770,43226
57733,57191,56640,56089,55535,54989,54439,53897,53349,52803,52255,51706,51162,50614,50074,49522,48983,48380,47869,47706,47561,47216,46678,46134,45598,45055,44513,43982,43438
57952,57407,56860,56309,55758,55208,54658,54112,53568,53021,52474,51925,51378,50832,50288,49739,49195,48594,48084,47920,47775,47430,46893,46347,45812,45266,44726,44192,43650
58173,57624,57080,56529,55978,55428,54877,54328,53784,53238,52693,52140,51595,51051,50503,49958,49409,48811,48298,48134,47989,47647,47109,46561,46025,45479,44939,44404,43863
58393,57842,57300,56749,56198,55647,55097,54547,54000,53456,52908,52355,51813,51269,50717,50175,49627,49029,48513,48348,48203,47862,47325,46774,46238,45693,45156,44615,44076
58613,58062,57516,56969,56418,55867,55320,54766,54216,53672,53126,52572,52032,51488,50934,50390,49842,49246,48731,48565,48418,48076,47539,46988,46452,45906,45370,44825,44285
58833,58282,57735,57187,56638,56087,55541,54987,54436,53890,53344,52791,52247,51704,51154,50604,50060,49460,48946,48781,48636,48291,47753,47204,46665,46124,45584,45039,44501
59050,58502,57954,57404,56858,56307,55761,55210,54655,54108,53560,53010,52465,51919,51376,50822,50278,49675,49163,48997,48850,48509,47967,47422,46879,46338,45796,45256,44716
59270,58721,58171,57624,57075,56527,55980,55430,54875,54325,53779,53229,52682,52135,51591,51039,50497,49893,49379,49215,49065,48727,48184,47640,47093,46555,46006,45474,44929
59491,58938,58392,57842,57293,56746,56197,55650,55096,54544,53998,53448,52898,52354,51806,51256,50715,50111,49595,49429,49281,48942,48400,47858,47307,46771,46220,45688,45141
59711,59159,58609,58060,57514,56963,56416,55868,55319,54760,54218,53668,53118,52570,52023,51478,50930,50328,49813,49644,49498,49157,48615,48072,47521,46985,46434,45899,45352
59932,59380,58828,58280,57734,57182,56634,56085,55535,54978,54436,53887,53337,52789,52241,51697,51148,50544,50032,49861,49714,49373,48829,48283,47737,47198,46650,46111,45570
60153,59601,59048,58497,57951,57403,56851,56305,55751,55198,54652,54107,53557,53011,52457,51913,51367,50762,50247,50078,49932,49591,49047,48498,47954,47412,46866,46325,45787
60374,59822,59269,58717,58168,57622,57072,56522,55969,55418,54868,54324,53776,53231,52680,52131,51585,50981,50462,50294,50151,49810,49266,48717,48169,47630,47082,46539,46002
60596,60043,59490,58938,58386,57839,57292,56740,56189,55638,55087,54540,53995,53450,52900,52350,51801,51200,50679,50512,50367,50028,49482,48936,48387,47846,47300,46757,46216
60814,60262,59711,59159,58606,58056,57510,56961,56409,55858,55307,54756,54211,53667,53119,52569,52020,51419,50898,50731,50584,50244,49698,49154,48608,48060,47518,46975,46431
61031,60480,59932,59380,58827,58275,57727,57181,56630,56078,55527,54976,54430,53883,53338,52789,52239,51638,51117,50950,50803,50461,49917,49373,48826,48275,47733,47191,46649
61250,60702,60153,59601,59048,58496,57944,57398,56850,56299,55747,55196,54650,54099,53554,53008,52458,51853,51336,51168,51022,50680,50132,49589,49040,48489,47950,47406,46867
61471,60920,60374,59822,59269,58716,58164,57617,57070,56519,55971,55416,54869,54319,53770,53228,52678,52075,51555,51384,51238,50899,50350,49804,49251,48707,48166,47624,47079
61690,61139,60595,60043,59490,58937,58385,57837,57291,56739,56192,55637,55085,54539,53988,53447,52897,52296,51773,51603,51455,51115,50569,50019,49470,48926,48381,47839,47289
61909,61360,60812,60264,59711,59159,58606,58054,57508,56959,56412,55861,55305,54757,54208,53663,53117,52516,51988,51822,51674,51333,50787,50238,49692,49144,48596,48053,47503
62131,61578,61030,60483,59932,59380,58831,58274,57725,57179,56628,56081,55528,54974,54428,53879,53334,52735,52204,52044,51894,51552,51002,50457,49911,49363,48814,48268,47721
62349,61799,61248,60701,60153,59601,59052,58497,57943,57396,56849,56300,55750,55194,54644,54097,53550,52951,52423,52265,52113,51771,51221,50676,50126,49582,49030,48484,47940
62570,62019,61467,60918,60371,59822,59272,58721,58164,57613,57067,56517,55971,55418,54863,54317,53766,53167,52644,52481,52333,51991,51441,50894,50341,49798,49245,48703,48159
62791,62238,61688,61140,60589,60042,59490,58942,58388,57832,57284,56738,56187,55639,55085,54537,53986,53383,52866,52700,52552,52210,51660,51110,50564,50013,49461,48921,48377
63010,62460,61910,61359,60808,60259,59711,59160,58610,58054,57501,56955,56407,55860,55308,54757,54206,53599,53082,52917,52771,52428,51879,51325,50784,50229,49680,49137,48594
63231,62679,62132,61578,61029,60477,59930,59380,58831,58278,57722,57172,56626,56080,55529,54977,54426,53819,53301,53133,52987,52644,52099,51541,51001,50449,49899,49354,48809
63453,62899,62354,61800,61248,60697,60148,59600,59049,58500,57945,57390,56843,56297,55749,55198,54646,54039,53521,53350,53203,52860,52315,51760,51217,50672,50118,49573,49024
63675,63121,62573,62022,61468,60918,60366,59818,59269,58721,58168,57611,57063,56514,55968,55418,54866,54259,53739,53574,53421,53079,52533,51984,51432,50889,50339,49792,49243
63894,63343,62791,62242,61690,61136,60587,60036,59489,58941,58389,57835,57284,56732,56185,55638,55087,54480,53956,53797,53641,53296,52752,52207,51652,51104,50561,50007,49462
64113,63564,63010,62461,61911,61357,60806,60255,59706,59159,58607,58058,57505,56953,56402,55856,55307,54700,54176,54017,53861,53514,52968,52423,51874,51320,50776,50223,49681
64332,63783,63232,62680,62131,61579,61025,60477,59924,59377,58827,58279,57726,57173,56621,56073,55527,54920,54397,54234,54081,53734,53184,52639,52095,51536,50992,50440,49899
64551,64002,63452,62899,62350,61801,61247,60695,60145,59595,59047,58500,57947,57394,56842,56290,55744,55140,54617,54450,54302,53954,53403,52855,52311,51755,51208,50660,50115
64770,64221,63671,63118,62568,62020,61469,60915,60365,59813,59265,58718,58168,57615,57063,56511,55961,55360,54837,54670,54520,54174,53624,53072,52527,51975,51425,50879,50334
64990,64440,63891,63340,62790,62238,61691,61137,60583,60034,59483,58936,58388,57837,57284,56731,56179,55577,55057,54890,54738,54395,53848,53292,52743,52195,51644,51095,50553
65209,64659,64110,63560,63012,62458,61913,61359,60805,60254,59701,59154,58606,58058,57505,56952,56400,55794,55275,55111,54958,54615,54068,53512,52961,52415,51864,51314,50773
65429,64876,64327,63779,63234,62680,62131,61581,61027,60473,59919,59371,58827,58277,57726,57173,56621,56013,55492,55331,55176,54835,54286,53734,53181,52635,52084,51535,50992
65648,65093,64543,63998,63453,62902,62348,61801,61249,60695,60141,59592,59046,58494,57947,57394,56842,56234,55709,55552,55394,55056,54504,53957,53401,52855,52304,51758,51208
65868,65316,64762,64215,63672,63123,62564,62020,61470,60916,60363,59813,59264,58712,58165,57615,57063,56454,55930,55773,55614,55277,54724,54174,53625,53075,52524,51978,51427
66085,65537,64983,64432,63891,63342,62783,62236,61690,61138,60584,60035,59482,58933,58383,57837,57284,56675,56151,55994,55831,55497,54945,54393,53846,53295,52744,52197,51647
66303,65756,65206,64651,64107,63561,63004,62453,61908,61360,60806,60253,59703,59153,58601,58058,57505,56896,56372,56214,56051,55718,55166,54616,54066,53515,52964,52415,51866
66523,65972,65426,64871,64323,63779,63227,62672,62123,61578,61028,60474,59923,59371,58822,58275,57726,57117,56593,56432,56272,55939,55387,54839,54283,53736,53184,52633,52082
66742,66189,65644,65092,64540,63995,63449,62894,62341,61795,61248,60696,60142,59593,59044,58493,57946,57339,56814,56649,56494,56158,55607,55060,54506,53954,53404,52853,52302
66961,66406,65860,65315,64759,64211,63669,63117,62560,62011,61467,60918,60364,59814,59264,58712,58164,57560,57035,56867,56718,56375,55828,55280,54728,54173,53625,53073,52522
67178,66626,66077,65531,64979,64429,63887,63339,62779,62230,61682,61137,60586,60036,59482,58933,58382,57779,57256,57085,56940,56593,56046,55499,54949,54397,53842,53294,52742
67395,66846,66295,65748,65198,64648,64103,63558,62998,62449,61900,61356,60807,60258,59704,59152,58602,57997,57477,57305,57160,56813,56263,55717,55170,54618,54063,53514,52963
67612,67067,66515,65964,65418,64868,64322,63774,63219,62668,62119,61574,61026,60477,59926,59372,58822,58215,57695,57528,57378,57034,56481,55934,55387,54838,54286,53734,53183
67830,67287,66736,66187,65635,65087,64540,63991,63441,62887,62341,61793,61244,60695,60147,59594,59041,58433,57913,57752,57595,57255,56702,56151,55605,55058,54507,53955,53403
68046,67505,66954,66409,65853,65307,64756,64211,63661,63109,62561,62012,61463,60914,60365,59816,59262,58652,58131,57974,57813,57476,56923,56371,55822,55276,54728,54176,53624
68263,67721,67170,66629,66073,65527,64976,64428,63878,63330,62780,62231,61681,61133,60584,60035,59484,58874,58353,58195,58032,57698,57144,56592,56040,55496,54946,54395,53844
68480,67935,67384,66843,66290,65745,65196,64645,64095,63550,63000,62450,61901,61351,60803,60255,59705,59096,58572,58415,58253,57918,57366,56813,56260,55715,55164,54613,54065
68697,68151,67602,67059,66507,65961,65416,64865,64315,63769,63219,62671,62120,61570,61021,60477,59924,59317,58791,58634,58475,58137,57587,57034,56481,55932,55381,54833,54286
68916,68367,67822,67275,66725,66178,65633,65085,64537,63989,63439,62893,62339,61789,61240,60696,60145,59538,59013,58852,58697,58358,57807,57255,56702,56150,55601,55054,54505
69136,68581,68042,67493,66944,66395,65851,65304,64759,64208,63658,63113,62558,62008,61459,60913,60366,59757,59235,59070,58918,58577,58026,57477,56924,56371,55821,55274,54723
69351,68797,68259,67711,67163,66613,66071,65520,64979,64428,63878,63330,62779,62229,61678,61129,60584,59978,59457,59289,59140,58796,58247,57695,57145,56592,56039,55491,54940
69565,69014,68473,67931,67380,66833,66288,65740,65196,64648,64097,63547,63001,62451,61897,61348,60801,60199,59678,59511,59360,59014,58466,57915,57365,56813,56260,55709,55159
69779,69232,68690,68148,67597,67051,66507,65960,65413,64868,64317,63766,63221,62671,62116,61567,61018,60417,59896,59730,59578,59232,58684,58136,57584,57035,56481,55928,55379
69993,69451,68907,68364,67815,67268,66727,66180,65630,65087,64537,63986,63438,62890,62337,61786,61241,60633,60115,59949,59797,59452,58902,58354,57805,57254,56703,56150,55597
70208,69670,69124,68578,68035,67485,66944,66398,65849,65305,64755,64206,63655,63110,62559,62009,61460,60851,60332,60168,60016,59674,59121,58573,58025,57473,56924,56371,55818
70425,69884,69341,68798,68253,67704,67160,66615,66069,65522,64972,64426,63871,63329,62779,62229,61679,61070,60548,60383,60234,59893,59342,58791,58243,57695,57146,56592,56039
70645,70100,69557,69016,68470,67924,67377,66832,66290,65739,65192,64646,64090,63547,62999,62449,61899,61292,60767,60602,60453,60110,59563,59010,58461,57913,57365,56814,56261
70865,70317,69771,69234,68687,68141,67594,67048,66507,65954,65410,64864,64308,63763,63218,62668,62121,61512,60988,60824,60672,60326,59781,59231,58680,58131,57583,57035,56482
71082,70532,69989,69451,68905,68358,67809,67265,66724,66169,65627,65081,64525,63980,63435,62887,62342,61733,61210,61043,60891,60545,60000,59451,58899,58350,57801,57253,56703
71298,70746,70204,69667,69121,68574,68023,67482,66941,66389,65841,65298,64744,64198,63651,63107,62561,61955,61429,61262,61111,60766,60219,59670,59121,58568,58020,57474,56925
71512,70961,70419,69881,69335,68788,68241,67696,67155,66609,66056,65515,64964,64418,63867,63326,62777,62175,61651,61482,61333,60987,60438,59889,59340,58789,58238,57694,57146
71723,71178,70636,70098,69549,69004,68458,67911,67370,66828,66273,65732,65184,64634,64084,63543,62994,62395,61872,61705,61556,61207,60657,60108,59559,59010,58457,57913,57365
71937,71396,70852,70315,69764,69221,68675,68129,67587,67042,66493,65948,65402,64853,64303,63761,63211,62614,62092,61925,61777,61428,60878,60327,59777,59229,58679,58131,57583
72152,71614,71066,70529,69981,69435,68892,68349,67804,67258,66711,66165,65619,65073,64522,63981,63430,62831,62311,62145,61997,61650,61100,60546,59996,59447,58899,58350,57802
72369,71825,71281,70743,70199,69652,69110,68568,68021,67474,66929,66382,65836,65290,64743,64198,63650,63047,62530,62364,62214,61870,61320,60765,60215,59668,59117,58568,58024
72587,72038,71495,70958,70416,69869,69327,68785,68238,67688,67149,66599,66053,65507,64963,64415,63869,63264,62746,62581,62430,62089,61539,60986,60435,59890,59336,58787,58243
72805,72252,71709,71172,70630,70083,69544,69002,68453,67904,67367,66818,66270,65725,65183,64632,64086,63481,62963,62797,62647,62307,61758,61208,60658,60109,59555,59006,58460
73022,72467,71924,71386,70845,70297,69760,69218,68667,68121,67584,67038,66487,65944,65400,64852,64303,63699,63180,63014,62866,62524,61978,61425,60880,60328,59775,59225,58676
73240,72681,72138,71601,71059,70512,69974,69433,68881,68338,67798,67252,66704,66162,65617,65071,64519,63918,63400,63231,63084,62743,62197,61641,61101,60548,59997,59447,58894
73458,72896,72353,71815,71274,70726,70189,69647,69098,68555,68013,67467,66921,66379,65833,65288,64736,64135,63620,63449,63301,62961,62416,61857,61317,60770,60216,59667,59113
73675,73110,72567,72030,71488,70941,70403,69861,69316,68773,68231,67684,67142,66593,66050,65507,64953,64352,63838,63668,63520,63178,62632,62077,61533,60988,60434,59885,59333
73893,73324,72781,72244,71702,71155,70618,70076,69536,68990,68445,67902,67360,66811,66267,65726,65170,64569,64055,63886,63739,63398,62849,62298,61750,61204,60650,60101,59555
74110,73539,72996,72458,71917,71369,70832,70290,69757,69207,68659,68119,67577,67030,66484,65943,65387,64789,64270,64102,63956,63616,63067,62520,61970,61420,60870,60320,59775
74328,73753,73210,72673,72131,71584,71046,70505,69977,69424,68874,68336,67794,67248,66698,66157,65606,65007,64485,64319,64173,63833,63287,62737,62190,61639,61089,60539,59993
74546,73968,73424,72887,72345,71798,71261,70719,70198,69642,69088,68553,68011,67465,66913,66371,65826,65224,64701,64539,64391,64050,63504,62956,62410,61860,61309,60758,60209
74763,74182,73639,73102,72560,72012,71475,70933,70419,69859,69303,68770,68228,67682,67130,66585,66047,65441,64921,64757,64611,64267,63721,63175,62630,62083,61532,60978,60428
74981,74396,73853,73316,72774,72227,71689,71148,70639,70076,69517,68988,68446,67899,67347,66799,66267,65656,65141,64974,64828,64484,63938,63392,62849,62300,61753,61196,60648
75199,74611,74068,73530,72989,72441,71904,71362,70860,70293,69731,69205,68663,68117,67564,67013,66487,65870,65361,65191,65044,64700,64157,63609,63068,62515,61971,61412,60871
75416,74825,74282,73745,73203,72656,72118,71577,71080,70511,69946,69422,68880,68334,67781,67227,66707,66084,65580,65408,65261,64917,64376,63826,63284,62729,62184,61632,61088
75634,75039,74496,73959,73417,72870,72333,71791,71301,70728,70160,69639,69097,68551,67997,67441,66927,66298,65800,65625,65478,65134,64593,64043,63501,62948,62400,61851,61306
75852,75254,74711,74173,73632,73084,72547,72005,71521,70945,70374,69857,69315,68768,68214,67654,67147,66512,66020,65842,65695,65351,64810,64259,63718,63169,62618,62071,61525
76069,75468,74925,74388,73846,73299,72761,72220,71742,71162,70589,70074,69532,68986,68431,67868,67368,66726,66240,66058,65912,65568,65026,64476,63935,63389,62841,62291,61742
76287,75683,75140,74602,74060,73513,72976,72434,71962,71380,70803,70291,69749,69203,68648,68082,67588,66940,66460,66275,66129,65785,65243,64693,64152,63609,63062,62511,61960
76504,75897,75354,74817,74275,73728,73190,72648,72183,71597,71018,70508,69966,69420,68865,68296,67808,67154,66679,66492,66345,66001,65460,64910,64369,63829,63282,62731,62180
76721,76111,75568,75032,74490,73943,73404,72862,72404,71814,71233,70725,70183,69637,69082,68510,68028,67368,66898,66709,66561,66217,65677,65127,64586,64049,63502,62951,62400
76938,76325,75782,75247,74705,74158,73618,73076,72625,72031,71448,70942,70400,69854,69299,68724,68248,67582,67117,66926,66777,66433,65894,65344,64803,64269,63722,63171,62620
77155,76539,75996,75462,74920,74373,73832,73290,72846,72248,71663,71159,70617,70071,69516,68938,68468,67796,67336,67143,66993,66649,66111,65561,65020,64489,63942,63391,62840
77372,76753,76210,75677,75135,74588,74046,73504,73067,72465,71878,71376,70834,70288,69733,69152,68688,68010,67555,67360,67209,66865,66328,65778,65237,64709,64162,63611,63060
77589,76967,76424,75892,75350,74803,74260,73718,73288,72682,72093,71593,71051,70505,69950,69366,68908,68224,67774,67577,67425,67081,66545,65995,65454,64929,64382,63831,63280
77806,77181,76638,76107,75565,75018,74474,73932,73509,72899,72308,71810,71268,70722,70167,69580,69128,68438,67993,67794,67641,67297,66762,66212,65671,65149,64602,64051,63500
78023,77395,76852,76322,75780,75233,74688,74146,73730,73116,72523,72027,71485,70939,70384,69794,69348,68652,68212,68011,67857,67513,66979,66429,65888,65369,64822,64271,63720
78240,77609,77066,76537,75995,75448,74902,74360,73951,73333,72738,72244,71702,71156,70601,70008,69568,68866,68431,68228,68073,67729,67196,66646,66105,65589,65042,64491,63940
78457,77823,77280,76752,76210,75663,75116,74574,74172,73550,72953,72461,71919,71373,70818,70222,69788,69080,68650,68445,68289,67945,67413,66863,66322,65809,65262,64711,64160
78674,78037,77494,76967,76425,75878,75330,74788,74393,73767,73168,72678,72136,71590,71035,70436,70008,69294,68869,68662,68505,68161,67630,67080,66539,66029,65482,64931,64380
78891,78251,77708,77182,76640,76093,75544,75002,74614,73984,73383,72895,72353,71807,71252,70650,70228,69508,69088,68879,68721,68377,67847,67297,66756,66249,65702,65151,64600
79108,78465,77922,77397,76855,76308,75758,75216,74835,74201,73598,73112,72570,72024,71469,70864,70448,69722,69307,69096,68937,68593,68064,67514,66973,66469,65922,65371,64820
79325,78679,78136,77612,77070,76523,75972,75430,75056,74418,73813,73329,72787,72241,71686,71078,70668,69936,69526,69313,69153,68809,68281,67731,67190,66689,66142,65591,65040
79542,78893,78350,77827,77285,76738,76186,75644,75277,74635,74028,73546,73004,72458,71903,71292,70888,70150,69745,69530,69369,69025,68498,67948,67407,66909,66362,65811,65260
79759,79107,78564,78042,77500,76953,76400,75858,75498,74852,74243,73763,73221,72675,72120,71506,71108,70364,69964,69747,69585,69241,68715,68165,67624,67129,66582,66031,65480
79976,79321,78778,78257,77715,77168,76614,76072,75719,75069,74458,73980,73438,72892,72337,71720,71328,70578,70183,69964,69801,69457,68932,68382,67841,67349,66802,66251,65700
80193,79535,78992,78472,77930,77383,76828,76286,75940,75286,74673,74197,73655,73109,72554,71934,71548,70792,70402,70181,70017,69673,69149,68599,68058,67569,67022,66471,65920
80410,79749,79206,78687,78145,77598,77042,76500,76161,75503,74888,74414,73872,73326,72771,72148,71768,71006,70621,70398,70233,69889,69366,68816,68275,67789,67242,66691,66140
80627,79963,79420,78902,78360,77813,77256,76714,76382,75720,75103,74631,74089,73543,72988,72362,71988,71220,70840,70615,70449,70105,69583,69033,68492,68009,67462,66911,66360
80844,80177,79634,79117,78575,78028,77470,76928,76603,75937,75318,74848,74306,73760,73205,72576,72208,71434,71059,70832,70665,70321,69800,69250,68709,68229,67682,67131,66580
81061,80391,79848,79332,78790,78243,77684,77142,76824,76154,75533,75065,74523,73977,73422,72790,72428,71648,71278,71049,70881,70537,70017,69467,68926,68449,67902,67351,66800
81278,80605,80062,79547,79005,78458,77898,77356,77045,76371,75748,75282,74740,74194,73639,73004,72648,71862,71497,71266,71097,70753,70234,69684,69143,68669,68122,67571,67020
81495,80819,80276,79762,79220,78673,78112,77570,77266,76588,75963,75499,74957,74411,73856,73218,72868,72076,71716,71483,71313,70969,70451,69901,69360,68889,68342,67791,67240
81712,81033,80490,79977,79435,78888,78326,77784,77487,76805,76178,75716,75174,74628,74073,73432,73088,72290,71935,71700,71529,71185,70668,70118,69577,69109,68562,68011,67460
81929,81247,80704,80192,79650,79103,78540,77998,77708,77022,76393,75933,75391,74845,74290,73646,73308,72504,72154,71917,71745,71401,70885,70335,69794,69329,68782,68231,67680
82146,81461,80918,80407,79865,79318,78754,78212,77929,77239,76608,76150,75608,75062,74507,73860,73528,72718,72373,72134,71961,71617,71102,70552,70011,69549,69002,68451,67900
82363,81675,81132,80622,80080,79533,78968,78426,78150,77456,76823,76367,75825,75279,74724,74074,73748,72932,72592,72351,72177,71833,71319,70769,70228,69769,69222,68671,68120
82580,81889,81346,80837,80295,79748,79182,78640,78371,77673,77038,76584,76042,75496,74941,74288,73968,73146,72811,72568,72393,72049,71536,70986,70445,69989,69442,68891,68340
82797,82103,81560,81052,80510,79963,79396,78854,78592,77890,77253,76801,76259,75713,75158,74502,74188,73360,73030,72785,72609,72265,71753,71203,70662,70209,69662,69111,68560
83014,82317,81774,81267,80725,80178,79610,79068,78813,78107,77468,77018,76476,75930,75375,74716,74408,73574,73249,73002,72825,72481,71970,71420,70879,70429,69882,69331,68780
83231,82531,81988,81482,80940,80393,79824,79282,79034,78324,77683,77235,76693,76147,75592,74930,74628,73788,73468,73219,73041,72697,72187,71637,71096,70649,70102,69551,69000
83448,82745,82202,81697,81155,80608,80038,79496,79255,78541,77898,77452,76910,76364,75809,75144,74848,74002,73687,73436,73257,72913,72404,71854,71313,70869,70322,69771,69220
83665,82959,82416,81912,81370,80823,80252,79710,79476,78758,78113,77669,77127,76581,76026,75358,75068,74216,73906,73653,73473,73129,72621,72071,71530,71089,70542,69991,69440
83882,83173,82630,82127,81585,81038,80466,79924,79697,78975,78328,77886,77344,76798,76243,75572,75288,74430,74125,73870,73689,73345,72838,72288,71747,71309,70762,70211,69660
84099,83387,82844,82342,81800,81253,80680,80138,79918,79192,78543,78103,77561,77015,76460,75786,75508,74644,74344,74087,73905,73561,73055,72505,71964,71529,70982,70431,69880
84316,83601,83058,82557,82015,81468,80894,80352,80139,79409,78758,78320,77778,77232,76677,76000,75728,74858,74563,74304,74121,73777,73272,72722,72181,71749,71202,70651,70100
84533,83815,83272,82772,82230,81683,81108,80566,80360,79626,78973,78537,77995,77449,76894,76214,75948,75072,74782,74521,74337,73993,73489,72939,72398,71969,71422,70871,70320
84750,84029,83486,82987,82445,81898,81322,80780,80581,79843,79188,78754,78212,77666,77111,76428,76168,75286,75001,74738,74553,74209,73706,73156,72615,72189,71642,71091,70540
84967,84243,83700,83202,82660,82113,81536,80994,80802,80060,79403,78971,78429,77883,77328,76642,76388,75500,75220,74955,74769,74425,73923,73373,72832,72409,71862,71311,70760
85184,84457,83914,83417,82875,82328,81750,81208,81023,80277,79618,79188,78646,78100,77545,76856,76608,75714,75439,75172,74985,74641,74140,73590,73049,72629,72082,71531,70980
85401,84671,84128,83632,83090,82543,81964,81422,81244,80494,79833,79405,78863,78317,77762,77070,76828,75928,75658,75389,75201,74857,74357,73807,73266,72849,72302,71751,71200
85618,84885,84342,83847,83305,82758,82178,81636,81465,80711,80048,79622,79080,78534,77979,77284,77048,76142,75877,75606,75417,75073,74574,74024,73483,73069,72522,71971,71420
85835,85099,84556,84062,83520,82973,82392,81850,81686,80928,80263,79839,79297,78751,78196,77498,77268,76356,76096,75823,75633,75289,74791,74241,73700,73289,72742,72191,71640
86052,85313,84770,84277,83735,83188,82606,82064,81907,81145,80478,80056,79514,78968,78413,77712,77488,76570,76315,76040,75849,75505,75008,74458,73917,73509,72962,72411,71860
86269,85527,84984,84492,83950,83403,82820,82278,82128,81362,80693,80273,79731,79185,78630,77926,77708,76784,76534,76257,76065,75721,75225,74675,74134,73729,73182,72631,72080
86486,85741,85198,84707,84165,83618,83034,82492,82349,81579,80908,80490,79948,79402,78847,78140,77928,76998,76753,76474,76281,75937,75442,74892,74351,73949,73402,72851,72300
86703,85955,85412,84922,84380,83833,83248,82706,82570,81796,81123,80707,80165,79619,79064,78354,78148,77212,76972,76691,76497,76153,75659,75109,74568,74169,73622,73071,72520
86920,86169,85626,85137,84595,84048,83462,82920,82791,82013,81338,80924,80382,79836,79281,78568,78368,77426,77191,76908,76713,76369,75876,75326,74785,74389,73842,73291,72740
87137,86383,85840,85352,84810,84263,83676,83134,83012,82230,81553,81141,80599,80053,79498,78782,78588,77640,77410,77125,76929,76585,76093,75543,75002,74609,74062,73511,72960
87354,86597,86054,85567,85025,84478,83890,83348,83233,82447,81768,81358,80816,80270,79715,78996,78808,77854,77629,77342,77145,76801,76310,75760,75219,74829,74282,73731,73180
87571,86811,86268,85782,85240,84693,84104,83562,83454,82664,81983,81575,81033,80487,79932,79210,79028,78068,77848,77559,77361,77017,76527,75977,75436,75049,74502,73951,73400
87788,87025,86482,85997,85455,84908,84318,83776,83675,82881,82198,81792,81250,80704,80149,79424,79248,78282,78067,77776,77577,77233,76744,76194,75653,75269,74722,74171,73620
88005,87239,86696,86212,85670,85123,84532,83990,83896,83098,82413,82009,81467,80921,80366,79638,79468,78496,78286,77993,77793,77449,76961,76411,75870,75489,74942,74391,73840
88222,87453,86910,86427,85885,85338,84746,84204,84117,83315,82628,82226,81684,81138,80583,79852,79688,78710,78505,78210,78009,77665,77178,76628,76087,75709,75162,74611,74060
88439,87667,87124,86642,86100,85553,84960,84418,84338,83532,82843,82443,81901,81355,80800,80066,79908,78924,78724,78427,78225,77881,77395,76845,76304,75929,75382,74831,74280
88656,87881,87338,86857,86315,85768,85174,84632,84559,83749,83058,82660,82118,81572,81017,80280,80128,79138,78943,78644,78441,78097,77612,77062,76521,76149,75602,75051,74500
88873,88095,87552,87072,86530,85983,85388,84846,84780,83966,83273,82877,82335,81789,81234,80494,80348,79352,79162,78861,78657,78313,77829,77279,76738,76369,75822,75271,74720
89090,88309,87766,87287,86745,86198,85602,85060,85001,84183,83488,83094,82552,82006,81451,80708,80568,79566,79381,79078,78873,78529,78046,77496,76955,76589,76042,75491,74940
89307,88523,87980,87502,86960,86413,85816,85274,85222,84400,83703,83311,82769,82223,81668,80922,80788,79780,79600,79295,79089,78745,78263,77713,77172,76809,76262,75711,75160
89524,88737,88194,87717,87175,86628,86030,85488,85443,84617,83918,83528,82986,82440,81885,81136,81008,79994,79819,79512,79305,78961,78480,77930,77389,77029,76482,75931,75380
89741,88951,88408,87932,87390,86843,86244,85702,85664,84834,84133,83745,83203,82657,82102,81350,81228,80208,80038,79729,79521,79177,78697,78147,77606,77249,76702,76151,75600
89958,89165,88622,88147,87605,87058,86458,85916,85885,85051,84348,83962,83420,82874,82319,81564,81448,80422,80257,79946,79737,79393,78914,78364,77823,77469,76922,76371,75820
90175,89379,88836,88362,87820,87273,86672,86130,86106,85268,84563,84179,83637,83091,82536,81778,81668,80636,80476,80163,79953,79609,79131,78581,78040,77689,77142,76591,76040
90392,89593,89050,88577,88035,87488,86886,86344,86327,85485,84778,84396,83854,83308,82753,81992,81888,80850,80695,80380,80169,79825,79348,78798,78257,77909,77362,76811,76260
90609,89807,89264,88792,88250,87703,87100,86558,86548,85702,84993,84613,84071,83525,82970,82206,82108,81064,80914,80597,80385,80041,79565,79015,78474,78129,77582,77031,76480
90826,90021,89478,89007,88465,87918,87314,86772,86769,85919,85208,84830,84288,83742,83187,82420,82328,81278,81133,80814,80601,80257,79782,79232,78691,78349,77802,77251,76700
91043,90235,89692,89222,88680,88133,87528,86986,86990,86136,85423,85047,84505,83959,83404,82634,82548,81492,81352,81031,80817,80473,79999,79449,78908,78569,78022,77471,76920
91260,90449,89906,89437,88895,88348,87742,87200,87211,86353,85638,85264,84722,84176,83621,82848,82768,81706,81571,81248,81033,80689,80216,79666,79125,78789,78242,77691,77140
91477,90663,90120,89652,89110,88563,87956,87414,87432,86570,85853,85481,84939,84393,83838,83062,82988,81920,81790,81465,81249,80905,80433,79883,79342,79009,78462,77911,77360
91694,90877,90334,89867,89325,88778,88170,87628,87653,86787,86068,85698,85156,84610,84055,83276,83208,82134,82009,81682,81465,81121,80650,80100,79559,79229,78682,78131,77580
91911,91091,90548,90082,89540,88993,88384,87842,87874,87004,86283,85915,85373,84827,84272,83490,83428,82348,82228,81899,81681,81337,80867,80317,79776,79449,78902,78351,77800
92128,91305,90762,90297,89755,89208,88598,88056,88095,87221,86498,86132,85590,85044,84489,83704,83648,82562,82447,82116,81897,81553,81084,80534,79993,79669,79122,78571,78020
92345,91519,90976,90512,89970,89423,88812,88270,88316,87438,86713,86349,85807,85261,84706,83918,83868,82776,82666,82333,82113,81769,81301,80751,80210,79889,79342,78791,78240
92562,91733,91190,90727,90185,89638,89026,88484,88537,87655,86928,86566,86024,85478,84923,84132,84088,82990,82885,82550,82329,81985,81518,80968,80427,80109,79562,79011,78460
92779,91947,91404,90942,90400,89853,89240,88698,88758,87872,87143,86783,86241,85695,85140,84346,84308,83204,83104,82767,82545,82201,81735,81185,80644,80329,79782,79231,78680
92996,92161,91618,91157,90615,90068,89454,88912,88979,88089,87358,87000,86458,85912,85357,84560,84528,83418,83323,82984,82761,82417,81952,81402,80861,80549,80002,79451,78900
93213,92375,91832,91372,90830,90283,89668,89126,89200,88306,87573,87217,86675,86129,85574,84774,84748,83632,83542,83201,82977,82633,82169,81619,81078,80769,80222,79671,79120
93430,92589,92046,91587,91045,90498,89882,89340,89421,88523,87788,87434,86892,86346,85791,84988,84968,83846,83761,83418,83193,82849,82386,81836,81295,80989,80442,79891,79340
93647,92803,92260,91802,91260,90713,90096,89554,89642,88740,88003,87651,87109,86563,86008,85202,85188,84060,83980,83635,83409,83065,82603,82053,81512,81209,80662,80111,79560
93864,93017,92474,92017,91475,90928,90310,89768,89863,88957,88218,87868,87326,86780,86225,85416,85408,84274,84199,83852,83625,83281,82820,82270,81729,81429,80882,80331,79780
94081,93231,92688,92232,91690,91143,90524,89982,90084,89174,88433,88085,87543,86997,86442,85630,85628,84488,84418,84069,83841,83497,83037,82487,81946,81649,81102,80551,80000
94298,93445,92902,92447,91905,91358,90738,90196,90305,89391,88648,88302,87760,87214,86659,85844,85848,84702,84637,84286,84057,83713,83254,82704,82163,81869,81322,80771,80220
94515,93659,93116,92662,92120,91573,90952,90410,90526,89608,88863,88519,87977,87431,86876,86058,86068,84916,84856,84503,84273,83929,83471,82921,82380,82089,81542,80991,80440
94732,93873,93330,92877,92335,91788,91166,90624,90747,89825,89078,88736,88194,87648,87093,86272,86288,85130,85075,84720,84489,84145,83688,83138,82597,82309,81762,81211,80660
94949,94087,93544,93092,92550,92003,91380,90838,90968,90042,89293,88953,88411,87865,87310,86486,86508,85344,85294,84937,84705,84361,83905,83355,82814,82529,81982,81431,80880
95166,94301,93758,93307,92765,92218,91594,91052,91189,90259,89508,89170,88628,88082,87527,86700,86728,85558,85513,85154,84921,84577,84122,83572,83031,82749,82202,81651,81100
95383,94515,93972,93522,92980,92433,91808,91266,91410,90476,89723,89387,88845,88299,87744,86914,86948,85772,85732,85371,85137,84793,84339,83789,83248,82969,82422,81871,81320
95600,94729,94186,93737,93195,92648,92022,91480,91631,90693,89938,89604,89062,88516,87961,87128,87168,85986,85951,85588,85353,85009,84556,84006,83465,83189,82642,82091,81540
95817,94943,94400,93952,93410,92863,92236,91694,91852,90910,90153,89821,89279,88733,88178,87342,87388,86200,86170,85805,85569,85225,84773,84223,83682,83409,82862,82311,81760
96034,95157,94614,94167,93625,93078,92450,91908,92073,91127,90368,90038,89496,88950,88395,87556,87608,86414,86389,86022,85785,85441,84990,84440,83899,83629,83082,82531,81980
96251,95371,94828,94382,93840,93293,92664,92122,92294,91344,90583,90255,89713,89167,88612,87770,87828,86628,86608,86239,86001,85657,85207,84657,84116,83849,83302,82751,82200
96468,95585,95042,94597,94055,93508,92878,92336,92515,91561,90798,90472,89930,89384,88829,87984,88048,86842,86827,86456,86217,85873,85424,84874,84333,84069,83522,82971,82420
96685,95799,95256,94812,94270,93723,93092,92550,92736,91778,91013,90689,90147,89601,89046,88198,88268,87056,87046,86673,86433,86089,85641,85091,84550,84289,83742,83191,82640
96902,96013,95470,95027,94485,93938,93306,92764,92957,91995,91228,90906,90364,89818,89263,88412,88488,87270,87265,86890,86649,86305,85858,85308,84767,84509,83962,83411,82860
97119,96227,95684,95242,94700,94153,93520,92978,93178,92212,91443,91123,90581,90035,89480,88626,88708,87484,87484,87107,86865,86521,86075,85525,84984,84729,84182,83631,83080
97336,96441,95898,95457,94915,94368,93734,93192,93399,92429,91658,91340,90798,90252,89697,88840,88928,87698,87703,87324,87081,86737,86292,85742,85201,84949,84402,83851,83300
97553,96655,96112,95672,95130,94583,93948,93406,93620,92646,91873,91557,91015,90469,89914,89054,89148,87912,87922,87541,87297,86953,86509,85959,85418,85169,84622,84071,83520
97770,96869,96326,95887,95345,94798,94162,93620,93841,92863,92088,91774,91232,90686,90131,89268,89368,88126,88141,87758,87513,87169,86726,86176,85635,85389,84842,84291,83740
97987,97083,96540,96102,95560,95013,94376,93834,94062,93080,92303,91991,91449,90903,90348,89482,89588,88340,88360,87975,87729,87385,86943,86393,85852,85609,85062,84511,83960
98204,97297,96754,96317,95775,95228,94590,94048,94283,93297,92518,92208,91666,91120,90565,89696,89808,88554,88579,88192,87945,87601,87160,86610,86069,85829,85282,84731,84180
98421,97511,96968,96532,95990,95443,94804,94262,94504,93514,92733,92425,91883,91337,90782,89910,90028,88768,88798,88409,88161,87817,87377,86827,86286,86049,85502,84951,84400
98638,97725,97182,96747,96205,95658,95018,94476,94725,93731,92948,92642,92100,91554,90999,90124,90248,88982,89017,88626,88377,88033,87594,87044,86503,86269,85722,85171,84620
98855,97939,97396,96962,96420,95873,95232,94690,94946,93948,93163,92859,92317,91771,91216,90338,90468,89196,89236,88843,88593,88249,87811,87261,86720,86489,85942,85391,84840
99072,98153,97610,97177,96635,96088,95446,94904,95167,94165,93378,93076,92534,91988,91433,90552,90688,89410,89455,89060,88809,88465,88028,87478,86937,86709,86162,85611,85060
99289,98367,97824,97392,96850,96303,95660,95118,95388,94382,93593,93293,92751,92205,91650,90766,90908,89624,89674,89277,89025,88681,88245,87695,87154,86929,86382,85831,85280
99506,98581,98038,97607,97065,96518,95874,95332,95609,94599,93808,93510,92968,92422,91867,90980,91128,89838,89893,89494,89241,88897,88462,87912,87371,87149,86602,86051,85500
99723,98795,98252,97822,97280,96733,96088,95546,95830,94816,94023,93727,93185,92639,92084,91194,91348,90052,90112,89711,89457,89113,88679,88129,87588,87369,86822,86271,85720
99940,99009,98466,98037,97495,96948,96302,95760,96051,95033,94238,93944,93402,92856,92301,91408,91568,90266,90331,89928,89673,89329,88896,88346,87805,87589,87042,86491,85940
100157,99223,98680,98252,97710,97163,96516,95974,96272,95250,94453,94161,93619,93073,92518,91622,91788,90480,90550,90145,89889,89545,89113,88563,88022,87809,87262,86711,86160
100374,99437,98894,98467,97925,97378,96730,96188,96493,95467,94668,94378,93836,93290,92735,91836,92008,90694,90769,90362,90105,89761,89330,88780,88239,88029,87482,86931,86380
100591,99651,99108,98682,98140,97593,96944,96402,96714,95684,94883,94595,94053,93507,92952,92050,92228,90908,90988,90579,90321,89977,89547,88997,88456,88249,87702,87151,86600
100808,99865,99322,98897,98355,97808,97158,96616,96935,95901,95098,94812,94270,93724,93169,92264,92448,91122,91207,90796,90537,90193,89764,89214,88673,88469,87922,87371,86820
101025,100079,99536,99112,98570,98023,97372,96830,97156,96118,95313,95029,94487,93941,93386,92478,92668,91336,91426,91013,90753,90409,89981,89431,88890,88689,88142,87591,87040
101242,100293,99750,99327,98785,98238,97586,97044,97377,96335,95528,95246,94704,94158,93603,92692,92888,91550,91645,91230,90969,90625,90198,89648,89107,88909,88362,87811,87260
101459,100507,99964,99542,99000,98453,97800,97258,97598,96552,95743,95463,94921,94375,93820,92906,93108,91764,91864,91447,91185,90841,90415,89865,89324,89129,88582,88031,87480
101676,100721,100178,99757,99215,98668,98014,97472,97819,96769,95958,95680,95138,94592,94037,93120,93328,91978,92083,91664,91401,91057,90632,90082,89541,89349,88802,88251,87700
101893,100935,100392,99972,99430,98883,98228,97686,98040,96986,96173,95897,95355,94809,94254,93334,93548,92192,92302,91881,91617,91273,90849,90299,89758,89569,89022,88471,87920
102110,101149,100606,100187,99645,99098,98442,97900,98261,97203,96388,96114,95572,95026,94471,93548,93768,92406,92521,92098,91833,91489,91066,90516,89975,89789,89242,88691,88140
102327,101363,100820,100402,99860,99313,98656,98114,98482,97420,96603,96331,95789,95243,94688,93762,93988,92620,92740,92315,92049,91705,91283,90733,90192,90009,89462,88911,88360
102544,101577,101034,100617,100075,99528,98870,98328,98703,97637,96818,96548,96006,95460,94905,93976,94208,92834,92959,92532,92265,91921,91500,90950,90409,90229,89682,89131,88580
102761,101791,101248,100832,100290,99743,99084,98542,98924,97854,97033,96765,96223,95677,95122,94190,94428,93048,93178,92749,92481,92137,91717,91167,90626,90449,89902,89351,88800
102978,102005,101462,101047,100505,99958,99298,98756,99145,98071,97248,96982,96440,95894,95339,94404,94648,93262,93397,92966,92697,92353,91934,91384,90843,90669,90122,89571,89020
103195,102219,101676,101262,100720,100173,99512,98970,99366,98288,97463,97199,96657,96111,95556,94618,94868,93476,93616,93183,92913,92569,92151,91601,91060,90889,90342,89791,89240
103412,102433,101890,101477,100935,100388,99726,99184,99587,98505,97678,97416,96874,96328,95773,94832,95088,93690,93835,93400,93129,92785,92368,91818,91277,91109,90562,90011,89460
103629,102647,102104,101692,101150,100603,99940,99398,99808,98722,97893,97633,97091,96545,95990,95046,95308,93904,94054,93617,93345,93001,92585,92035,91494,91329,90782,90231,89680
103846,102861,102318,101907,101365,100818,100154,99612,100029,98939,98108,97850,97308,96762,96207,95260,95528,94118,94273,93834,93561,93217,92802,92252,91711,91549,91002,90451,89900
104063,103075,102532,102122,101580,101033,100368,99826,100250,99156,98323,98067,97525,96979,96424,95474,95748,94332,94492,94051,93777,93433,93019,92469,91928,91769,91222,90671,90120
104280,103289,102746,102337,101795,101248,100582,100040,100471,99373,98538,98284,97742,97196,96641,95688,95968,94546,94711,94268,93993,93649,93236,92686,92145,91989,91442,90891,90340
104497,103503,102960,102552,102010,101463,100796,100254,100692,99590,98753,98501,97959,97413,96858,95902,96188,94760,94930,94485,94209,93865,93453,92903,92362,92209,91662,91111,90560
104714,103717,103174,102767,102225,101678,101010,100468,100913,99807,98968,98718,98176,97630,97075,96116,96408,94974,95149,94702,94425,94081,93670,93120,92579,92429,91882,91331,90780
104931,103931,103388,102982,102440,101893,101224,100682,101134,100024,99183,98935,98393,97847,97292,96330,96628,95188,95368,94919,94641,94297,93887,93337,92796,92649,92102,91551,91000
105148,104145,103602,103197,102655,102108,101438,100896,101355,100241,99398,99152,98610,98064,97509,96544,96848,95402,95587,95136,94857,94513,94104,93554,93013,92869,92322,91771,91220
105365,104359,103816,103412,102870,102323,101652,101110,101576,100458,99613,99369,98827,98281,97726,96758,97068,95616,95806,95353,95073,94729,94321,93771,93230,93089,92542,91991,91440
105582,104573,104030,103627,103085,102538,101866,101324,101797,100675,99828,99586,99044,98498,97943,96972,97288,95830,96025,95570,95289,94945,94538,93988,93447,93309,92762,92211,91660
105799,104787,104244,103842,103300,102753,102080,101538,102018,100892,100043,99803,99261,98715,98160,97186,97508,96044,96244,95787,95505,95161,94755,94205,93664,93529,92982,92431,91880
106016,105001,104458,104057,103515,102968,102294,101752,102239,101109,100258,100020,99478,98932,98377,97400,97728,96258,96463,96004,95721,95377,94972,94422,93881,93749,93202,92651,92100
