55.35,55.35,55.35,55.35,55.35,55.35,55.35,55.35,55.35,55.35,55.35,55.35,55.35,55.35,55.35,55.35,55.35,55.35,55.35,55.35,55.35,55.35,55.35,55.35,55.35,55.35,55.35,55.35,55.35
55.722,55.722,55.722,55.722,55.722,55.722,55.722,55.722,55.722,55.722,55.722,55.722,55.722,55.722,55.722,55.722,55.722,55.722,55.722,55.722,55.722,55.722,55.722,55.722,55.722,55.722,55.722,55.722,55.722
56.094,56.094,56.094,56.094,56.094,56.094,56.094,56.094,56.094,56.094,56.094,56.094,56.094,56.094,56.094,56.094,56.094,56.094,56.094,56.094,56.094,56.094,56.094,56.094,56.094,56.094,56.094,56.094,56.094
56.467,56.467,56.467,56.467,56.467,56.467,56.467,56.467,56.467,56.467,56.467,56.467,56.467,56.467,56.467,56.467,56.467,56.467,56.467,56.467,56.467,56.467,56.467,56.467,56.467,56.467,56.467,56.467,56.467
56.839,56.839,56.839,56.839,56.839,56.839,56.839,56.839,56.839,56.839,56.839,56.839,56.839,56.839,56.839,56.839,56.839,56.839,56.839,56.839,56.839,56.839,56.839,56.839,56.839,56.839,56.839,56.839,56.839
57.211,57.211,57.211,57.211,57.211,57.211,57.211,57.211,57.211,57.211,57.211,57.211,57.211,57.211,57.211,57.211,57.211,57.211,57.211,57.211,57.211,57.211,57.211,57.211,57.211,57.211,57.211,57.211,57.211
57.583,57.583,57.583,57.583,57.583,57.583,57.583,57.583,57.583,57.583,57.583,57.583,57.583,57.583,57.583,57.583,57.583,57.583,57.583,57.583,57.583,57.583,57.583,57.583,57.583,57.583,57.583,57.583,57.583
57.956,57.956,57.956,57.956,57.956,57.956,57.956,57.956,57.956,57.956,57.956,57.956,57.956,57.956,57.956,57.956,57.956,57.956,57.956,57.956,57.956,57.956,57.956,57.956,57.956,57.956,57.956,57.956,57.956
58.328,58.328,58.328,58.328,58.328,58.328,58.328,58.328,58.328,58.328,58.328,58.328,58.328,58.328,58.328,58.328,58.328,58.328,58.328,58.328,58.328,58.328,58.328,58.328,58.328,58.328,58.328,58.328,58.328
58.7,58.7,58.7,58.7,58.7,58.7,58.7,58.7,58.7,58.7,58.7,58.7,58.7,58.7,58.7,58.7,58.7,58.7,58.7,58.7,58.7,58.7,58.7,58.7,58.7,58.7,58.7,58.7,58.7
59.072,59.072,59.072,59.072,59.072,59.072,59.072,59.072,59.072,59.072,59.072,59.072,59.072,59.072,59.072,59.072,59.072,59.072,59.072,59.072,59.072,59.072,59.072,59.072,59.072,59.072,59.072,59.072,59.072
59.444,59.444,59.444,59.444,59.444,59.444,59.444,59.444,59.444,59.444,59.444,59.444,59.444,59.444,59.444,59.444,59.444,59.444,59.444,59.444,59.444,59.444,59.444,59.444,59.444,59.444,59.444,59.444,59.444
59.817,59.817,59.817,59.817,59.817,59.817,59.817,59.817,59.817,59.817,59.817,59.817,59.817,59.817,59.817,59.817,59.817,59.817,59.817,59.817,59.817,59.817,59.817,59.817,59.817,59.817,59.817,59.817,59.817
60.189,60.189,60.189,60.189,60.189,60.189,60.189,60.189,60.189,60.189,60.189,60.189,60.189,60.189,60.189,60.189,60.189,60.189,60.189,60.189,60.189,60.189,60.189,60.189,60.189,60.189,60.189,60.189,60.189
60.561,60.561,60.561,60.561,60.561,60.561,60.561,60.561,60.561,60.561,60.561,60.561,60.561,60.561,60.561,60.561,60.561,60.561,60.561,60.561,60.561,60.561,60.561,60.561,60.561,60.561,60.561,60.561,60.561
60.933,60.933,60.933,60.933,60.933,60.933,60.933,60.933,60.933,60.933,60.933,60.933,60.933,60.933,60.933,60.933,60.933,60.933,60.933,60.933,60.933,60.933,60.933,60.933,60.933,60.933,60.933,60.933,60.933
61.306,61.306,61.306,61.306,61.306,61.306,61.306,61.306,61.306,61.306,61.306,61.306,61.306,61.306,61.306,61.306,61.306,61.306,61.306,61.306,61.306,61.306,61.306,61.306,61.306,61.306,61.306,61.306,61.306
61.678,61.678,61.678,61.678,61.678,61.678,61.678,61.678,61.678,61.678,61.678,61.678,61.678,61.678,61.678,61.678,61.678,61.678,61.678,61.678,61.678,61.678,61.678,61.678,61.678,61.678,61.678,61.678,61.678
62.05,62.05,62.05,62.05,62.05,62.05,62.05,62.05,62.05,62.05,62.05,62.05,62.05,62.05,62.05,62.05,62.05,62.05,62.05,62.05,62.05,62.05,62.05,62.05,62.05,62.05,62.05,62.05,62.05
62.422,62.422,62.422,62.422,62.422,62.422,62.422,62.422,62.422,62.422,62.422,62.422,62.422,62.422,62.422,62.422,62.422,62.422,62.422,62.422,62.422,62.422,62.422,62.422,62.422,62.422,62.422,62.422,62.422
62.794,62.794,62.794,62.794,62.794,62.794,62.794,62.794,62.794,62.794,62.794,62.794,62.794,62.794,62.794,62.794,62.794,62.794,62.794,62.794,62.794,62.794,62.794,62.794,62.794,62.794,62.794,62.794,62.794
63.167,63.167,63.167,63.167,63.167,63.167,63.167,63.167,63.167,63.167,63.167,63.167,63.167,63.167,63.167,63.167,63.167,63.167,63.167,63.167,63.167,63.167,63.167,63.167,63.167,63.167,63.167,63.167,63.167
63.539,63.539,63.539,63.539,63.539,63.539,63.539,63.539,63.539,63.539,63.539,63.539,63.539,63.539,63.539,63.539,63.539,63.539,63.539,63.539,63.539,63.539,63.539,63.539,63.539,63.539,63.539,63.539,63.539
63.911,63.911,63.911,63.911,63.911,63.911,63.911,63.911,63.911,63.911,63.911,63.911,63.911,63.911,63.911,63.911,63.911,63.911,63.911,63.911,63.911,63.911,63.911,63.911,63.911,63.911,63.911,63.911,63.911
64.283,64.283,64.283,64.283,64.283,64.283,64.283,64.283,64.283,64.283,64.283,64.283,64.283,64.283,64.283,64.283,64.283,64.283,64.283,64.283,64.283,64.283,64.283,64.283,64.283,64.283,64.283,64.283,64.283
64.656,64.656,64.656,64.656,64.656,64.656,64.656,64.656,64.656,64.656,64.656,64.656,64.656,64.656,64.656,64.656,64.656,64.656,64.656,64.656,64.656,64.656,64.656,64.656,64.656,64.656,64.656,64.656,64.656
65.028,65.028,65.028,65.028,65.028,65.028,65.028,65.028,65.028,65.028,65.028,65.028,65.028,65.028,65.028,65.028,65.028,65.028,65.028,65.028,65.028,65.028,65.028,65.028,65.028,65.028,65.028,65.028,65.028
65.4,65.4,65.4,65.4,65.4,65.4,65.4,65.4,65.4,65.4,65.4,65.4,65.4,65.4,65.4,65.4,65.4,65.4,65.4,65.4,65.4,65.4,65.4,65.4,65.4,65.4,65.4,65.4,65.4
65.772,65.772,65.772,65.772,65.772,65.772,65.772,65.772,65.772,65.772,65.772,65.772,65.772,65.772,65.772,65.772,65.772,65.772,65.772,65.772,65.772,65.772,65.772,65.772,65.772,65.772,65.772,65.772,65.772
66.144,66.144,66.144,66.144,66.144,66.144,66.144,66.144,66.144,66.144,66.144,66.144,66.144,66.144,66.144,66.144,66.144,66.144,66.144,66.144,66.144,66.144,66.144,66.144,66.144,66.144,66.144,66.144,66.144
66.517,66.517,66.517,66.517,66.517,66.517,66.517,66.517,66.517,66.517,66.517,66.517,66.517,66.517,66.517,66.517,66.517,66.517,66.517,66.517,66.517,66.517,66.517,66.517,66.517,66.517,66.517,66.517,66.517
66.889,66.889,66.889,66.889,66.889,66.889,66.889,66.889,66.889,66.889,66.889,66.889,66.889,66.889,66.889,66.889,66.889,66.889,66.889,66.889,66.889,66.889,66.889,66.889,66.889,66.889,66.889,66.889,66.889
67.261,67.261,67.261,67.261,67.261,67.261,67.261,67.261,67.261,67.261,67.261,67.261,67.261,67.261,67.261,67.261,67.261,67.261,67.261,67.261,67.261,67.261,67.261,67.261,67.261,67.261,67.261,67.261,67.261
67.633,67.633,67.633,67.633,67.633,67.633,67.633,67.633,67.633,67.633,67.633,67.633,67.633,67.633,67.633,67.633,67.633,67.633,67.633,67.633,67.633,67.633,67.633,67.633,67.633,67.633,67.633,67.633,67.633
68.006,68.006,68.006,68.006,68.006,68.006,68.006,68.006,68.006,68.006,68.006,68.006,68.006,68.006,68.006,68.006,68.006,68.006,68.006,68.006,68.006,68.006,68.006,68.006,68.006,68.006,68.006,68.006,68.006
68.378,68.378,68.378,68.378,68.378,68.378,68.378,68.378,68.378,68.378,68.378,68.378,68.378,68.378,68.378,68.378,68.378,68.378,68.378,68.378,68.378,68.378,68.378,68.378,68.378,68.378,68.378,68.378,68.378
68.75,68.75,68.75,68.75,68.75,68.75,68.75,68.75,68.75,68.75,68.75,68.75,68.75,68.75,68.75,68.75,68.75,68.75,68.75,68.75,68.75,68.75,68.75,68.75,68.75,68.75,68.75,68.75,68.75
69.122,69.122,69.122,69.122,69.122,69.122,69.122,69.122,69.122,69.122,69.122,69.122,69.122,69.122,69.122,69.122,69.122,69.122,69.122,69.122,69.122,69.122,69.122,69.122,69.122,69.122,69.122,69.122,69.122
69.494,69.494,69.494,69.494,69.494,69.494,69.494,69.494,69.494,69.494,69.494,69.494,69.494,69.494,69.494,69.494,69.494,69.494,69.494,69.494,69.494,69.494,69.494,69.494,69.494,69.494,69.494,69.494,69.494
69.867,69.867,69.867,69.867,69.867,69.867,69.867,69.867,69.867,69.867,69.867,69.867,69.867,69.867,69.867,69.867,69.867,69.867,69.867,69.867,69.867,69.867,69.867,69.867,69.867,69.867,69.867,69.867,69.867
70.239,70.239,70.239,70.239,70.239,70.239,70.239,70.239,70.239,70.239,70.239,70.239,70.239,70.239,70.239,70.239,70.239,70.239,70.239,70.239,70.239,70.239,70.239,70.239,70.239,70.239,70.239,70.239,70.239
70.611,70.611,70.611,70.611,70.611,70.611,70.611,70.611,70.611,70.611,70.611,70.611,70.611,70.611,70.611,70.611,70.611,70.611,70.611,70.611,70.611,70.611,70.611,70.611,70.611,70.611,70.611,70.611,70.611
70.983,70.983,70.983,70.983,70.983,70.983,70.983,70.983,70.983,70.983,70.983,70.983,70.983,70.983,70.983,70.983,70.983,70.983,70.983,70.983,70.983,70.983,70.983,70.983,70.983,70.983,70.983,70.983,70.983
71.356,71.356,71.356,71.356,71.356,71.356,71.356,71.356,71.356,71.356,71.356,71.356,71.356,71.356,71.356,71.356,71.356,71.356,71.356,71.356,71.356,71.356,71.356,71.356,71.356,71.356,71.356,71.356,71.356
71.728,71.728,71.728,71.728,71.728,71.728,71.728,71.728,71.728,71.728,71.728,71.728,71.728,71.728,71.728,71.728,71.728,71.728,71.728,71.728,71.728,71.728,71.728,71.728,71.728,71.728,71.728,71.728,71.728
72.1,72.1,72.1,72.1,72.1,72.1,72.1,72.1,72.1,72.1,72.1,72.1,72.1,72.1,72.1,72.1,72.1,72.1,72.1,72.1,72.1,72.1,72.1,72.1,72.1,72.1,72.1,72.1,72.1
72.472,72.472,72.472,72.472,72.472,72.472,72.472,72.472,72.472,72.472,72.472,72.472,72.472,72.472,72.472,72.472,72.472,72.472,72.472,72.472,72.472,72.472,72.472,72.472,72.472,72.472,72.472,72.472,72.472
72.844,72.844,72.844,72.844,72.844,72.844,72.844,72.844,72.844,72.844,72.844,72.844,72.844,72.844,72.844,72.844,72.844,72.844,72.844,72.844,72.844,72.844,72.844,72.844,72.844,72.844,72.844,72.844,72.844
73.217,73.217,73.217,73.217,73.217,73.217,73.217,73.217,73.217,73.217,73.217,73.217,73.217,73.217,73.217,73.217,73.217,73.217,73.217,73.217,73.217,73.217,73.217,73.217,73.217,73.217,73.217,73.217,73.217
73.589,73.589,73.589,73.589,73.589,73.589,73.589,73.589,73.589,73.589,73.589,73.589,73.589,73.589,73.589,73.589,73.589,73.589,73.589,73.589,73.589,73.589,73.589,73.589,73.589,73.589,73.589,73.589,73.589
73.961,73.961,73.961,73.961,73.961,73.961,73.961,73.961,73.961,73.961,73.961,73.961,73.961,73.961,73.961,73.961,73.961,73.961,73.961,73.961,73.961,73.961,73.961,73.961,73.961,73.961,73.961,73.961,73.961
74.333,74.333,74.333,74.333,74.333,74.333,74.333,74.333,74.333,74.333,74.333,74.333,74.333,74.333,74.333,74.333,74.333,74.333,74.333,74.333,74.333,74.333,74.333,74.333,74.333,74.333,74.333,74.333,74.333
74.706,74.706,74.706,74.706,74.706,74.706,74.706,74.706,74.706,74.706,74.706,74.706,74.706,74.706,74.706,74.706,74.706,74.706,74.706,74.706,74.706,74.706,74.706,74.706,74.706,74.706,74.706,74.706,74.706
75.078,75.078,75.078,75.078,75.078,75.078,75.078,75.078,75.078,75.078,75.078,75.078,75.078,75.078,75.078,75.078,75.078,75.078,75.078,75.078,75.078,75.078,75.078,75.078,75.078,75.078,75.078,75.078,75.078
75.45,75.45,75.45,75.45,75.45,75.45,75.45,75.45,75.45,75.45,75.45,75.45,75.45,75.45,75.45,75.45,75.45,75.45,75.45,75.45,75.45,75.45,75.45,75.45,75.45,75.45,75.45,75.45,75.45
75.822,75.822,75.822,75.822,75.822,75.822,75.822,75.822,75.822,75.822,75.822,75.822,75.822,75.822,75.822,75.822,75.822,75.822,75.822,75.822,75.822,75.822,75.822,75.822,75.822,75.822,75.822,75.822,75.822
76.194,76.194,76.194,76.194,76.194,76.194,76.194,76.194,76.194,76.194,76.194,76.194,76.194,76.194,76.194,76.194,76.194,76.194,76.194,76.194,76.194,76.194,76.194,76.194,76.194,76.194,76.194,76.194,76.194
76.567,76.567,76.567,76.567,76.567,76.567,76.567,76.567,76.567,76.567,76.567,76.567,76.567,76.567,76.567,76.567,76.567,76.567,76.567,76.567,76.567,76.567,76.567,76.567,76.567,76.567,76.567,76.567,76.567
76.939,76.939,76.939,76.939,76.939,76.939,76.939,76.939,76.939,76.939,76.939,76.939,76.939,76.939,76.939,76.939,76.939,76.939,76.939,76.939,76.939,76.939,76.939,76.939,76.939,76.939,76.939,76.939,76.939
77.311,77.311,77.311,77.311,77.311,77.311,77.311,77.311,77.311,77.311,77.311,77.311,77.311,77.311,77.311,77.311,77.311,77.311,77.311,77.311,77.311,77.311,77.311,77.311,77.311,77.311,77.311,77.311,77.311
77.683,77.683,77.683,77.683,77.683,77.683,77.683,77.683,77.683,77.683,77.683,77.683,77.683,77.683,77.683,77.683,77.683,77.683,77.683,77.683,77.683,77.683,77.683,77.683,77.683,77.683,77.683,77.683,77.683
78.056,78.056,78.056,78.056,78.056,78.056,78.056,78.056,78.056,78.056,78.056,78.056,78.056,78.056,78.056,78.056,78.056,78.056,78.056,78.056,78.056,78.056,78.056,78.056,78.056,78.056,78.056,78.056,78.056
78.428,78.428,78.428,78.428,78.428,78.428,78.428,78.428,78.428,78.428,78.428,78.428,78.428,78.428,78.428,78.428,78.428,78.428,78.428,78.428,78.428,78.428,78.428,78.428,78.428,78.428,78.428,78.428,78.428
78.8,78.8,78.8,78.8,78.8,78.8,78.8,78.8,78.8,78.8,78.8,78.8,78.8,78.8,78.8,78.8,78.8,78.8,78.8,78.8,78.8,78.8,78.8,78.8,78.8,78.8,78.8,78.8,78.8
79.172,79.172,79.172,79.172,79.172,79.172,79.172,79.172,79.172,79.172,79.172,79.172,79.172,79.172,79.172,79.172,79.172,79.172,79.172,79.172,79.172,79.172,79.172,79.172,79.172,79.172,79.172,79.172,79.172
79.544,79.544,79.544,79.544,79.544,79.544,79.544,79.544,79.544,79.544,79.544,79.544,79.544,79.544,79.544,79.544,79.544,79.544,79.544,79.544,79.544,79.544,79.544,79.544,79.544,79.544,79.544,79.544,79.544
79.917,79.917,79.917,79.917,79.917,79.917,79.917,79.917,79.917,79.917,79.917,79.917,79.917,79.917,79.917,79.917,79.917,79.917,79.917,79.917,79.917,79.917,79.917,79.917,79.917,79.917,79.917,79.917,79.917
80.289,80.289,80.289,80.289,80.289,80.289,80.289,80.289,80.289,80.289,80.289,80.289,80.289,80.289,80.289,80.289,80.289,80.289,80.289,80.289,80.289,80.289,80.289,80.289,80.289,80.289,80.289,80.289,80.289
80.661,80.661,80.661,80.661,80.661,80.661,80.661,80.661,80.661,80.661,80.661,80.661,80.661,80.661,80.661,80.661,80.661,80.661,80.661,80.661,80.661,80.661,80.661,80.661,80.661,80.661,80.661,80.661,80.661
81.033,81.033,81.033,81.033,81.033,81.033,81.033,81.033,81.033,81.033,81.033,81.033,81.033,81.033,81.033,81.033,81.033,81.033,81.033,81.033,81.033,81.033,81.033,81.033,81.033,81.033,81.033,81.033,81.033
81.406,81.406,81.406,81.406,81.406,81.406,81.406,81.406,81.406,81.406,81.406,81.406,81.406,81.406,81.406,81.406,81.406,81.406,81.406,81.406,81.406,81.406,81.406,81.406,81.406,81.406,81.406,81.406,81.406
81.778,81.778,81.778,81.778,81.778,81.778,81.778,81.778,81.778,81.778,81.778,81.778,81.778,81.778,81.778,81.778,81.778,81.778,81.778,81.778,81.778,81.778,81.778,81.778,81.778,81.778,81.778,81.778,81.778
82.15,82.15,82.15,82.15,82.15,82.15,82.15,82.15,82.15,82.15,82.15,82.15,82.15,82.15,82.15,82.15,82.15,82.15,82.15,82.15,82.15,82.15,82.15,82.15,82.15,82.15,82.15,82.15,82.15
82.522,82.522,82.522,82.522,82.522,82.522,82.522,82.522,82.522,82.522,82.522,82.522,82.522,82.522,82.522,82.522,82.522,82.522,82.522,82.522,82.522,82.522,82.522,82.522,82.522,82.522,82.522,82.522,82.522
82.894,82.894,82.894,82.894,82.894,82.894,82.894,82.894,82.894,82.894,82.894,82.894,82.894,82.894,82.894,82.894,82.894,82.894,82.894,82.894,82.894,82.894,82.894,82.894,82.894,82.894,82.894,82.894,82.894
83.267,83.267,83.267,83.267,83.267,83.267,83.267,83.267,83.267,83.267,83.267,83.267,83.267,83.267,83.267,83.267,83.267,83.267,83.267,83.267,83.267,83.267,83.267,83.267,83.267,83.267,83.267,83.267,83.267
83.639,83.639,83.639,83.639,83.639,83.639,83.639,83.639,83.639,83.639,83.639,83.639,83.639,83.639,83.639,83.639,83.639,83.639,83.639,83.639,83.639,83.639,83.639,83.639,83.639,83.639,83.639,83.639,83.639
84.011,84.011,84.011,84.011,84.011,84.011,84.011,84.011,84.011,84.011,84.011,84.011,84.011,84.011,84.011,84.011,84.011,84.011,84.011,84.011,84.011,84.011,84.011,84.011,84.011,84.011,84.011,84.011,84.011
84.383,84.383,84.383,84.383,84.383,84.383,84.383,84.383,84.383,84.383,84.383,84.383,84.383,84.383,84.383,84.383,84.383,84.383,84.383,84.383,84.383,84.383,84.383,84.383,84.383,84.383,84.383,84.383,84.383
84.756,84.756,84.756,84.756,84.756,84.756,84.756,84.756,84.756,84.756,84.756,84.756,84.756,84.756,84.756,84.756,84.756,84.756,84.756,84.756,84.756,84.756,84.756,84.756,84.756,84.756,84.756,84.756,84.756
85.128,85.128,85.128,85.128,85.128,85.128,85.128,85.128,85.128,85.128,85.128,85.128,85.128,85.128,85.128,85.128,85.128,85.128,85.128,85.128,85.128,85.128,85.128,85.128,85.128,85.128,85.128,85.128,85.128
85.5,85.5,85.5,85.5,85.5,85.5,85.5,85.5,85.5,85.5,85.5,85.5,85.5,85.5,85.5,85.5,85.5,85.5,85.5,85.5,85.5,85.5,85.5,85.5,85.5,85.5,85.5,85.5,85.5
85.872,85.872,85.872,85.872,85.872,85.872,85.872,85.872,85.872,85.872,85.872,85.872,85.872,85.872,85.872,85.872,85.872,85.872,85.872,85.872,85.872,85.872,85.872,85.872,85.872,85.872,85.872,85.872,85.872
86.244,86.244,86.244,86.244,86.244,86.244,86.244,86.244,86.244,86.244,86.244,86.244,86.244,86.244,86.244,86.244,86.244,86.244,86.244,86.244,86.244,86.244,86.244,86.244,86.244,86.244,86.244,86.244,86.244
86.617,86.617,86.617,86.617,86.617,86.617,86.617,86.617,86.617,86.617,86.617,86.617,86.617,86.617,86.617,86.617,86.617,86.617,86.617,86.617,86.617,86.617,86.617,86.617,86.617,86.617,86.617,86.617,86.617
86.989,86.989,86.989,86.989,86.989,86.989,86.989,86.989,86.989,86.989,86.989,86.989,86.989,86.989,86.989,86.989,86.989,86.989,86.989,86.989,86.989,86.989,86.989,86.989,86.989,86.989,86.989,86.989,86.989
87.361,87.361,87.361,87.361,87.361,87.361,87.361,87.361,87.361,87.361,87.361,87.361,87.361,87.361,87.361,87.361,87.361,87.361,87.361,87.361,87.361,87.361,87.361,87.361,87.361,87.361,87.361,87.361,87.361
87.733,87.733,87.733,87.733,87.733,87.733,87.733,87.733,87.733,87.733,87.733,87.733,87.733,87.733,87.733,87.733,87.733,87.733,87.733,87.733,87.733,87.733,87.733,87.733,87.733,87.733,87.733,87.733,87.733
88.106,88.106,88.106,88.106,88.106,88.106,88.106,88.106,88.106,88.106,88.106,88.106,88.106,88.106,88.106,88.106,88.106,88.106,88.106,88.106,88.106,88.106,88.106,88.106,88.106,88.106,88.106,88.106,88.106
88.478,88.478,88.478,88.478,88.478,88.478,88.478,88.478,88.478,88.478,88.478,88.478,88.478,88.478,88.478,88.478,88.478,88.478,88.478,88.478,88.478,88.478,88.478,88.478,88.478,88.478,88.478,88.478,88.478
88.85,88.85,88.85,88.85,88.85,88.85,88.85,88.85,88.85,88.85,88.85,88.85,88.85,88.85,88.85,88.85,88.85,88.85,88.85,88.85,88.85,88.85,88.85,88.85,88.85,88.85,88.85,88.85,88.85
89.222,89.222,89.222,89.222,89.222,89.222,89.222,89.222,89.222,89.222,89.222,89.222,89.222,89.222,89.222,89.222,89.222,89.222,89.222,89.222,89.222,89.222,89.222,89.222,89.222,89.222,89.222,89.222,89.222
89.594,89.594,89.594,89.594,89.594,89.594,89.594,89.594,89.594,89.594,89.594,89.594,89.594,89.594,89.594,89.594,89.594,89.594,89.594,89.594,89.594,89.594,89.594,89.594,89.594,89.594,89.594,89.594,89.594
89.967,89.967,89.967,89.967,89.967,89.967,89.967,89.967,89.967,89.967,89.967,89.967,89.967,89.967,89.967,89.967,89.967,89.967,89.967,89.967,89.967,89.967,89.967,89.967,89.967,89.967,89.967,89.967,89.967
90.339,90.339,90.339,90.339,90.339,90.339,90.339,90.339,90.339,90.339,90.339,90.339,90.339,90.339,90.339,90.339,90.339,90.339,90.339,90.339,90.339,90.339,90.339,90.339,90.339,90.339,90.339,90.339,90.339
90.711,90.711,90.711,90.711,90.711,90.711,90.711,90.711,90.711,90.711,90.711,90.711,90.711,90.711,90.711,90.711,90.711,90.711,90.711,90.711,90.711,90.711,90.711,90.711,90.711,90.711,90.711,90.711,90.711
91.083,91.083,91.083,91.083,91.083,91.083,91.083,91.083,91.083,91.083,91.083,91.083,91.083,91.083,91.083,91.083,91.083,91.083,91.083,91.083,91.083,91.083,91.083,91.083,91.083,91.083,91.083,91.083,91.083
91.456,91.456,91.456,91.456,91.456,91.456,91.456,91.456,91.456,91.456,91.456,91.456,91.456,91.456,91.456,91.456,91.456,91.456,91.456,91.456,91.456,91.456,91.456,91.456,91.456,91.456,91.456,91.456,91.456
91.828,91.828,91.828,91.828,91.828,91.828,91.828,91.828,91.828,91.828,91.828,91.828,91.828,91.828,91.828,91.828,91.828,91.828,91.828,91.828,91.828,91.828,91.828,91.828,91.828,91.828,91.828,91.828,91.828
92.2,92.2,92.2,92.2,92.2,92.2,92.2,92.2,92.2,92.2,92.2,92.2,92.2,92.2,92.2,92.2,92.2,92.2,92.2,92.2,92.2,92.2,92.2,92.2,92.2,92.2,92.2,92.2,92.2
92.572,92.572,92.572,92.572,92.572,92.572,92.572,92.572,92.572,92.572,92.572,92.572,92.572,92.572,92.572,92.572,92.572,92.572,92.572,92.572,92.572,92.572,92.572,92.572,92.572,92.572,92.572,92.572,92.572
92.944,92.944,92.944,92.944,92.944,92.944,92.944,92.944,92.944,92.944,92.944,92.944,92.944,92.944,92.944,92.944,92.944,92.944,92.944,92.944,92.944,92.944,92.944,92.944,92.944,92.944,92.944,92.944,92.944
93.317,93.317,93.317,93.317,93.317,93.317,93.317,93.317,93.317,93.317,93.317,93.317,93.317,93.317,93.317,93.317,93.317,93.317,93.317,93.317,93.317,93.317,93.317,93.317,93.317,93.317,93.317,93.317,93.317
93.689,93.689,93.689,93.689,93.689,93.689,93.689,93.689,93.689,93.689,93.689,93.689,93.689,93.689,93.689,93.689,93.689,93.689,93.689,93.689,93.689,93.689,93.689,93.689,93.689,93.689,93.689,93.689,93.689
94.061,94.061,94.061,94.061,94.061,94.061,94.061,94.061,94.061,94.061,94.061,94.061,94.061,94.061,94.061,94.061,94.061,94.061,94.061,94.061,94.061,94.061,94.061,94.061,94.061,94.061,94.061,94.061,94.061
94.433,94.433,94.433,94.433,94.433,94.433,94.433,94.433,94.433,94.433,94.433,94.433,94.433,94.433,94.433,94.433,94.433,94.433,94.433,94.433,94.433,94.433,94.433,94.433,94.433,94.433,94.433,94.433,94.433
94.806,94.806,94.806,94.806,94.806,94.806,94.806,94.806,94.806,94.806,94.806,94.806,94.806,94.806,94.806,94.806,94.806,94.806,94.806,94.806,94.806,94.806,94.806,94.806,94.806,94.806,94.806,94.806,94.806
95.178,95.178,95.178,95.178,95.178,95.178,95.178,95.178,95.178,95.178,95.178,95.178,95.178,95.178,95.178,95.178,95.178,95.178,95.178,95.178,95.178,95.178,95.178,95.178,95.178,95.178,95.178,95.178,95.178
95.55,95.55,95.55,95.55,95.55,95.55,95.55,95.55,95.55,95.55,95.55,95.55,95.55,95.55,95.55,95.55,95.55,95.55,95.55,95.55,95.55,95.55,95.55,95.55,95.55,95.55,95.55,95.55,95.55
95.922,95.922,95.922,95.922,95.922,95.922,95.922,95.922,95.922,95.922,95.922,95.922,95.922,95.922,95.922,95.922,95.922,95.922,95.922,95.922,95.922,95.922,95.922,95.922,95.922,95.922,95.922,95.922,95.922
96.294,96.294,96.294,96.294,96.294,96.294,96.294,96.294,96.294,96.294,96.294,96.294,96.294,96.294,96.294,96.294,96.294,96.294,96.294,96.294,96.294,96.294,96.294,96.294,96.294,96.294,96.294,96.294,96.294
96.667,96.667,96.667,96.667,96.667,96.667,96.667,96.667,96.667,96.667,96.667,96.667,96.667,96.667,96.667,96.667,96.667,96.667,96.667,96.667,96.667,96.667,96.667,96.667,96.667,96.667,96.667,96.667,96.667
97.039,97.039,97.039,97.039,97.039,97.039,97.039,97.039,97.039,97.039,97.039,97.039,97.039,97.039,97.039,97.039,97.039,97.039,97.039,97.039,97.039,97.039,97.039,97.039,97.039,97.039,97.039,97.039,97.039
97.411,97.411,97.411,97.411,97.411,97.411,97.411,97.411,97.411,97.411,97.411,97.411,97.411,97.411,97.411,97.411,97.411,97.411,97.411,97.411,97.411,97.411,97.411,97.411,97.411,97.411,97.411,97.411,97.411
97.783,97.783,97.783,97.783,97.783,97.783,97.783,97.783,97.783,97.783,97.783,97.783,97.783,97.783,97.783,97.783,97.783,97.783,97.783,97.783,97.783,97.783,97.783,97.783,97.783,97.783,97.783,97.783,97.783
98.156,98.156,98.156,98.156,98.156,98.156,98.156,98.156,98.156,98.156,98.156,98.156,98.156,98.156,98.156,98.156,98.156,98.156,98.156,98.156,98.156,98.156,98.156,98.156,98.156,98.156,98.156,98.156,98.156
98.528,98.528,98.528,98.528,98.528,98.528,98.528,98.528,98.528,98.528,98.528,98.528,98.528,98.528,98.528,98.528,98.528,98.528,98.528,98.528,98.528,98.528,98.528,98.528,98.528,98.528,98.528,98.528,98.528
98.9,98.9,98.9,98.9,98.9,98.9,98.9,98.9,98.9,98.9,98.9,98.9,98.9,98.9,98.9,98.9,98.9,98.9,98.9,98.9,98.9,98.9,98.9,98.9,98.9,98.9,98.9,98.9,98.9
99.272,99.272,99.272,99.272,99.272,99.272,99.272,99.272,99.272,99.272,99.272,99.272,99.272,99.272,99.272,99.272,99.272,99.272,99.272,99.272,99.272,99.272,99.272,99.272,99.272,99.272,99.272,99.272,99.272
99.644,99.644,99.644,99.644,99.644,99.644,99.644,99.644,99.644,99.644,99.644,99.644,99.644,99.644,99.644,99.644,99.644,99.644,99.644,99.644,99.644,99.644,99.644,99.644,99.644,99.644,99.644,99.644,99.644
100.02,100.02,100.02,100.02,100.02,100.02,100.02,100.02,100.02,100.02,100.02,100.02,100.02,100.02,100.02,100.02,100.02,100.02,100.02,100.02,100.02,100.02,100.02,100.02,100.02,100.02,100.02,100.02,100.02
100.39,100.39,100.39,100.39,100.39,100.39,100.39,100.39,100.39,100.39,100.39,100.39,100.39,100.39,100.39,100.39,100.39,100.39,100.39,100.39,100.39,100.39,100.39,100.39,100.39,100.39,100.39,100.39,100.39
100.76,100.76,100.76,100.76,100.76,100.76,100.76,100.76,100.76,100.76,100.76,100.76,100.76,100.76,100.76,100.76,100.76,100.76,100.76,100.76,100.76,100.76,100.76,100.76,100.76,100.76,100.76,100.76,100.76
101.13,101.13,101.13,101.13,101.13,101.13,101.13,101.13,101.13,101.13,101.13,101.13,101.13,101.13,101.13,101.13,101.13,101.13,101.13,101.13,101.13,101.13,101.13,101.13,101.13,101.13,101.13,101.13,101.13
101.51,101.51,101.51,101.51,101.51,101.51,101.51,101.51,101.51,101.51,101.51,101.51,101.51,101.51,101.51,101.51,101.51,101.51,101.51,101.51,101.51,101.51,101.51,101.51,101.51,101.51,101.51,101.51,101.51
101.88,101.88,101.88,101.88,101.88,101.88,101.88,101.88,101.88,101.88,101.88,101.88,101.88,101.88,101.88,101.88,101.88,101.88,101.88,101.88,101.88,101.88,101.88,101.88,101.88,101.88,101.88,101.88,101.88
102.25,102.25,102.25,102.25,102.25,102.25,102.25,102.25,102.25,102.25,102.25,102.25,102.25,102.25,102.25,102.25,102.25,102.25,102.25,102.25,102.25,102.25,102.25,102.25,102.25,102.25,102.25,102.25,102.25
102.62,102.62,102.62,102.62,102.62,102.62,102.62,102.62,102.62,102.62,102.62,102.62,102.62,102.62,102.62,102.62,102.62,102.62,102.62,102.62,102.62,102.62,102.62,102.62,102.62,102.62,102.62,102.62,102.62
102.99,102.99,102.99,102.99,102.99,102.99,102.99,102.99,102.99,102.99,102.99,102.99,102.99,102.99,102.99,102.99,102.99,102.99,102.99,102.99,102.99,102.99,102.99,102.99,102.99,102.99,102.99,102.99,102.99
103.37,103.37,103.37,103.37,103.37,103.37,103.37,103.37,103.37,103.37,103.37,103.37,103.37,103.37,103.37,103.37,103.37,103.37,103.37,103.37,103.37,103.37,103.37,103.37,103.37,103.37,103.37,103.37,103.37
103.74,103.74,103.74,103.74,103.74,103.74,103.74,103.74,103.74,103.74,103.74,103.74,103.74,103.74,103.74,103.74,103.74,103.74,103.74,103.74,103.74,103.74,103.74,103.74,103.74,103.74,103.74,103.74,103.74
104.11,104.11,104.11,104.11,104.11,104.11,104.11,104.11,104.11,104.11,104.11,104.11,104.11,104.11,104.11,104.11,104.11,104.11,104.11,104.11,104.11,104.11,104.11,104.11,104.11,104.11,104.11,104.11,104.11
104.48,104.48,104.48,104.48,104.48,104.48,104.48,104.48,104.48,104.48,104.48,104.48,104.48,104.48,104.48,104.48,104.48,104.48,104.48,104.48,104.48,104.48,104.48,104.48,104.48,104.48,104.48,104.48,104.48
104.86,104.86,104.86,104.86,104.86,104.86,104.86,104.86,104.86,104.86,104.86,104.86,104.86,104.86,104.86,104.86,104.86,104.86,104.86,104.86,104.86,104.86,104.86,104.86,104.86,104.86,104.86,104.86,104.86
105.23,105.23,105.23,105.23,105.23,105.23,105.23,105.23,105.23,105.23,105.23,105.23,105.23,105.23,105.23,105.23,105.23,105.23,105.23,105.23,105.23,105.23,105.23,105.23,105.23,105.23,105.23,105.23,105.23
105.6,105.6,105.6,105.6,105.6,105.6,105.6,105.6,105.6,105.6,105.6,105.6,105.6,105.6,105.6,105.6,105.6,105.6,105.6,105.6,105.6,105.6,105.6,105.6,105.6,105.6,105.6,105.6,105.6
105.97,105.97,105.97,105.97,105.97,105.97,105.97,105.97,105.97,105.97,105.97,105.97,105.97,105.97,105.97,105.97,105.97,105.97,105.97,105.97,105.97,105.97,105.97,105.97,105.97,105.97,105.97,105.97,105.97
106.34,106.34,106.34,106.34,106.34,106.34,106.34,106.34,106.34,106.34,106.34,106.34,106.34,106.34,106.34,106.34,106.34,106.34,106.34,106.34,106.34,106.34,106.34,106.34,106.34,106.34,106.34,106.34,106.34
106.72,106.72,106.72,106.72,106.72,106.72,106.72,106.72,106.72,106.72,106.72,106.72,106.72,106.72,106.72,106.72,106.72,106.72,106.72,106.72,106.72,106.72,106.72,106.72,106.72,106.72,106.72,106.72,106.72
107.09,107.09,107.09,107.09,107.09,107.09,107.09,107.09,107.09,107.09,107.09,107.09,107.09,107.09,107.09,107.09,107.09,107.09,107.09,107.09,107.09,107.09,107.09,107.09,107.09,107.09,107.09,107.09,107.09
107.46,107.46,107.46,107.46,107.46,107.46,107.46,107.46,107.46,107.46,107.46,107.46,107.46,107.46,107.46,107.46,107.46,107.46,107.46,107.46,107.46,107.46,107.46,107.46,107.46,107.46,107.46,107.46,107.46
107.83,107.83,107.83,107.83,107.83,107.83,107.83,107.83,107.83,107.83,107.83,107.83,107.83,107.83,107.83,107.83,107.83,107.83,107.83,107.83,107.83,107.83,107.83,107.83,107.83,107.83,107.83,107.83,107.83
108.21,108.21,108.21,108.21,108.21,108.21,108.21,108.21,108.21,108.21,108.21,108.21,108.21,108.21,108.21,108.21,108.21,108.21,108.21,108.21,108.21,108.21,108.21,108.21,108.21,108.21,108.21,108.21,108.21
108.58,108.58,108.58,108.58,108.58,108.58,108.58,108.58,108.58,108.58,108.58,108.58,108.58,108.58,108.58,108.58,108.58,108.58,108.58,108.58,108.58,108.58,108.58,108.58,108.58,108.58,108.58,108.58,108.58
108.95,108.95,108.95,108.95,108.95,108.95,108.95,108.95,108.95,108.95,108.95,108.95,108.95,108.95,108.95,108.95,108.95,108.95,108.95,108.95,108.95,108.95,108.95,108.95,108.95,108.95,108.95,108.95,108.95
109.32,109.32,109.32,109.32,109.32,109.32,109.32,109.32,109.32,109.32,109.32,109.32,109.32,109.32,109.32,109.32,109.32,109.32,109.32,109.32,109.32,109.32,109.32,109.32,109.32,109.32,109.32,109.32,109.32
109.69,109.69,109.69,109.69,109.69,109.69,109.69,109.69,109.69,109.69,109.69,109.69,109.69,109.69,109.69,109.69,109.69,109.69,109.69,109.69,109.69,109.69,109.69,109.69,109.69,109.69,109.69,109.69,109.69
110.07,110.07,110.07,110.07,110.07,110.07,110.07,110.07,110.07,110.07,110.07,110.07,110.07,110.07,110.07,110.07,110.07,110.07,110.07,110.07,110.07,110.07,110.07,110.07,110.07,110.07,110.07,110.07,110.07
110.44,110.44,110.44,110.44,110.44,110.44,110.44,110.44,110.44,110.44,110.44,110.44,110.44,110.44,110.44,110.44,110.44,110.44,110.44,110.44,110.44,110.44,110.44,110.44,110.44,110.44,110.44,110.44,110.44
110.81,110.81,110.81,110.81,110.81,110.81,110.81,110.81,110.81,110.81,110.81,110.81,110.81,110.81,110.81,110.81,110.81,110.81,110.81,110.81,110.81,110.81,110.81,110.81,110.81,110.81,110.81,110.81,110.81
111.18,111.18,111.18,111.18,111.18,111.18,111.18,111.18,111.18,111.18,111.18,111.18,111.18,111.18,111.18,111.18,111.18,111.18,111.18,111.18,111.18,111.18,111.18,111.18,111.18,111.18,111.18,111.18,111.18
111.56,111.56,111.56,111.56,111.56,111.56,111.56,111.56,111.56,111.56,111.56,111.56,111.56,111.56,111.56,111.56,111.56,111.56,111.56,111.56,111.56,111.56,111.56,111.56,111.56,111.56,111.56,111.56,111.56
111.93,111.93,111.93,111.93,111.93,111.93,111.93,111.93,111.93,111.93,111.93,111.93,111.93,111.93,111.93,111.93,111.93,111.93,111.93,111.93,111.93,111.93,111.93,111.93,111.93,111.93,111.93,111.93,111.93
112.3,112.3,112.3,112.3,112.3,112.3,112.3,112.3,112.3,112.3,112.3,112.3,112.3,112.3,112.3,112.3,112.3,112.3,112.3,112.3,112.3,112.3,112.3,112.3,112.3,112.3,112.3,112.3,112.3
112.67,112.67,112.67,112.67,112.67,112.67,112.67,112.67,112.67,112.67,112.67,112.67,112.67,112.67,112.67,112.67,112.67,112.67,112.67,112.67,112.67,112.67,112.67,112.67,112.67,112.67,112.67,112.67,112.67
113.04,113.04,113.04,113.04,113.04,113.04,113.04,113.04,113.04,113.04,113.04,113.04,113.04,113.04,113.04,113.04,113.04,113.04,113.04,113.04,113.04,113.04,113.04,113.04,113.04,113.04,113.04,113.04,113.04
113.42,113.42,113.42,113.42,113.42,113.42,113.42,113.42,113.42,113.42,113.42,113.42,113.42,113.42,113.42,113.42,113.42,113.42,113.42,113.42,113.42,113.42,113.42,113.42,113.42,113.42,113.42,113.42,113.42
113.79,113.79,113.79,113.79,113.79,113.79,113.79,113.79,113.79,113.79,113.79,113.79,113.79,113.79,113.79,113.79,113.79,113.79,113.79,113.79,113.79,113.79,113.79,113.79,113.79,113.79,113.79,113.79,113.79
114.16,114.16,114.16,114.16,114.16,114.16,114.16,114.16,114.16,114.16,114.16,114.16,114.16,114.16,114.16,114.16,114.16,114.16,114.16,114.16,114.16,114.16,114.16,114.16,114.16,114.16,114.16,114.16,114.16
114.53,114.53,114.53,114.53,114.53,114.53,114.53,114.53,114.53,114.53,114.53,114.53,114.53,114.53,114.53,114.53,114.53,114.53,114.53,114.53,114.53,114.53,114.53,114.53,114.53,114.53,114.53,114.53,114.53
114.91,114.91,114.91,114.91,114.91,114.91,114.91,114.91,114.91,114.91,114.91,114.91,114.91,114.91,114.91,114.91,114.91,114.91,114.91,114.91,114.91,114.91,114.91,114.91,114.91,114.91,114.91,114.91,114.91
115.28,115.28,115.28,115.28,115.28,115.28,115.28,115.28,115.28,115.28,115.28,115.28,115.28,115.28,115.28,115.28,115.28,115.28,115.28,115.28,115.28,115.28,115.28,115.28,115.28,115.28,115.28,115.28,115.28
115.65,115.65,115.65,115.65,115.65,115.65,115.65,115.65,115.65,115.65,115.65,115.65,115.65,115.65,115.65,115.65,115.65,115.65,115.65,115.65,115.65,115.65,115.65,115.65,115.65,115.65,115.65,115.65,115.65
116.02,116.02,116.02,116.02,116.02,116.02,116.02,116.02,116.02,116.02,116.02,116.02,116.02,116.02,116.02,116.02,116.02,116.02,116.02,116.02,116.02,116.02,116.02,116.02,116.02,116.02,116.02,116.02,116.02
116.39,116.39,116.39,116.39,116.39,116.39,116.39,116.39,116.39,116.39,116.39,116.39,116.39,116.39,116.39,116.39,116.39,116.39,116.39,116.39,116.39,116.39,116.39,116.39,116.39,116.39,116.39,116.39,116.39
116.77,116.77,116.77,116.77,116.77,116.77,116.77,116.77,116.77,116.77,116.77,116.77,116.77,116.77,116.77,116.77,116.77,116.77,116.77,116.77,116.77,116.77,116.77,116.77,116.77,116.77,116.77,116.77,116.77
117.14,117.14,117.14,117.14,117.14,117.14,117.14,117.14,117.14,117.14,117.14,117.14,117.14,117.14,117.14,117.14,117.14,117.14,117.14,117.14,117.14,117.14,117.14,117.14,117.14,117.14,117.14,117.14,117.14
117.51,117.51,117.51,117.51,117.51,117.51,117.51,117.51,117.51,117.51,117.51,117.51,117.51,117.51,117.51,117.51,117.51,117.51,117.51,117.51,117.51,117.51,117.51,117.51,117.51,117.51,117.51,117.51,117.51
117.88,117.88,117.88,117.88,117.88,117.88,117.88,117.88,117.88,117.88,117.88,117.88,117.88,117.88,117.88,117.88,117.88,117.88,117.88,117.88,117.88,117.88,117.88,117.88,117.88,117.88,117.88,117.88,117.88
118.26,118.26,118.26,118.26,118.26,118.26,118.26,118.26,118.26,118.26,118.26,118.26,118.26,118.26,118.26,118.26,118.26,118.26,118.26,118.26,118.26,118.26,118.26,118.26,118.26,118.26,118.26,118.26,118.26
118.63,118.63,118.63,118.63,118.63,118.63,118.63,118.63,118.63,118.63,118.63,118.63,118.63,118.63,118.63,118.63,118.63,118.63,118.63,118.63,118.63,118.63,118.63,118.63,118.63,118.63,118.63,118.63,118.63
119,119,119,119,119,119,119,119,119,119,119,119,119,119,119,119,119,119,119,119,119,119,119,119,119,119,119,119,119
119.37,119.37,119.37,119.37,119.37,119.37,119.37,119.37,119.37,119.37,119.37,119.37,119.37,119.37,119.37,119.37,119.37,119.37,119.37,119.37,119.37,119.37,119.37,119.37,119.37,119.37,119.37,119.37,119.37
119.74,119.74,119.74,119.74,119.74,119.74,119.74,119.74,119.74,119.74,119.74,119.74,119.74,119.74,119.74,119.74,119.74,119.74,119.74,119.74,119.74,119.74,119.74,119.74,119.74,119.74,119.74,119.74,119.74
120.12,120.12,120.12,120.12,120.12,120.12,120.12,120.12,120.12,120.12,120.12,120.12,120.12,120.12,120.12,120.12,120.12,120.12,120.12,120.12,120.12,120.12,120.12,120.12,120.12,120.12,120.12,120.12,120.12
120.49,120.49,120.49,120.49,120.49,120.49,120.49,120.49,120.49,120.49,120.49,120.49,120.49,120.49,120.49,120.49,120.49,120.49,120.49,120.49,120.49,120.49,120.49,120.49,120.49,120.49,120.49,120.49,120.49
120.86,120.86,120.86,120.86,120.86,120.86,120.86,120.86,120.86,120.86,120.86,120.86,120.86,120.86,120.86,120.86,120.86,120.86,120.86,120.86,120.86,120.86,120.86,120.86,120.86,120.86,120.86,120.86,120.86
121.23,121.23,121.23,121.23,121.23,121.23,121.23,121.23,121.23,121.23,121.23,121.23,121.23,121.23,121.23,121.23,121.23,121.23,121.23,121.23,121.23,121.23,121.23,121.23,121.23,121.23,121.23,121.23,121.23
121.61,121.61,121.61,121.61,121.61,121.61,121.61,121.61,121.61,121.61,121.61,121.61,121.61,121.61,121.61,121.61,121.61,121.61,121.61,121.61,121.61,121.61,121.61,121.61,121.61,121.61,121.61,121.61,121.61
121.98,121.98,121.98,121.98,121.98,121.98,121.98,121.98,121.98,121.98,121.98,121.98,121.98,121.98,121.98,121.98,121.98,121.98,121.98,121.98,121.98,121.98,121.98,121.98,121.98,121.98,121.98,121.98,121.98
122.35,122.35,122.35,122.35,122.35,122.35,122.35,122.35,122.35,122.35,122.35,122.35,122.35,122.35,122.35,122.35,122.35,122.35,122.35,122.35,122.35,122.35,122.35,122.35,122.35,122.35,122.35,122.35,122.35
122.72,122.72,122.72,122.72,122.72,122.72,122.72,122.72,122.72,122.72,122.72,122.72,122.72,122.72,122.72,122.72,122.72,122.72,122.72,122.72,122.72,122.72,122.72,122.72,122.72,122.72,122.72,122.72,122.72
123.09,123.09,123.09,123.09,123.09,123.09,123.09,123.09,123.09,123.09,123.09,123.09,123.09,123.09,123.09,123.09,123.09,123.09,123.09,123.09,123.09,123.09,123.09,123.09,123.09,123.09,123.09,123.09,123.09
123.47,123.47,123.47,123.47,123.47,123.47,123.47,123.47,123.47,123.47,123.47,123.47,123.47,123.47,123.47,123.47,123.47,123.47,123.47,123.47,123.47,123.47,123.47,123.47,123.47,123.47,123.47,123.47,123.47
123.84,123.84,123.84,123.84,123.84,123.84,123.84,123.84,123.84,123.84,123.84,123.84,123.84,123.84,123.84,123.84,123.84,123.84,123.84,123.84,123.84,123.84,123.84,123.84,123.84,123.84,123.84,123.84,123.84
124.21,124.21,124.21,124.21,124.21,124.21,124.21,124.21,124.21,124.21,124.21,124.21,124.21,124.21,124.21,124.21,124.21,124.21,124.21,124.21,124.21,124.21,124.21,124.21,124.21,124.21,124.21,124.21,124.21
124.58,124.58,124.58,124.58,124.58,124.58,124.58,124.58,124.58,124.58,124.58,124.58,124.58,124.58,124.58,124.58,124.58,124.58,124.58,124.58,124.58,124.58,124.58,124.58,124.58,124.58,124.58,124.58,124.58
124.96,124.96,124.96,124.96,124.96,124.96,124.96,124.96,124.96,124.96,124.96,124.96,124.96,124.96,124.96,124.96,124.96,124.96,124.96,124.96,124.96,124.96,124.96,124.96,124.96,124.96,124.96,124.96,124.96
125.33,125.33,125.33,125.33,125.33,125.33,125.33,125.33,125.33,125.33,125.33,125.33,125.33,125.33,125.33,125.33,125.33,125.33,125.33,125.33,125.33,125.33,125.33,125.33,125.33,125.33,125.33,125.33,125.33
125.7,125.7,125.7,125.7,125.7,125.7,125.7,125.7,125.7,125.7,125.7,125.7,125.7,125.7,125.7,125.7,125.7,125.7,125.7,125.7,125.7,125.7,125.7,125.7,125.7,125.7,125.7,125.7,125.7
126.07,126.07,126.07,126.07,126.07,126.07,126.07,126.07,126.07,126.07,126.07,126.07,126.07,126.07,126.07,126.07,126.07,126.07,126.07,126.07,126.07,126.07,126.07,126.07,126.07,126.07,126.07,126.07,126.07
126.44,126.44,126.44,126.44,126.44,126.44,126.44,126.44,126.44,126.44,126.44,126.44,126.44,126.44,126.44,126.44,126.44,126.44,126.44,126.44,126.44,126.44,126.44,126.44,126.44,126.44,126.44,126.44,126.44
126.82,126.82,126.82,126.82,126.82,126.82,126.82,126.82,126.82,126.82,126.82,126.82,126.82,126.82,126.82,126.82,126.82,126.82,126.82,126.82,126.82,126.82,126.82,126.82,126.82,126.82,126.82,126.82,126.82
127.19,127.19,127.19,127.19,127.19,127.19,127.19,127.19,127.19,127.19,127.19,127.19,127.19,127.19,127.19,127.19,127.19,127.19,127.19,127.19,127.19,127.19,127.19,127.19,127.19,127.19,127.19,127.19,127.19
127.56,127.56,127.56,127.56,127.56,127.56,127.56,127.56,127.56,127.56,127.56,127.56,127.56,127.56,127.56,127.56,127.56,127.56,127.56,127.56,127.56,127.56,127.56,127.56,127.56,127.56,127.56,127.56,127.56
127.93,127.93,127.93,127.93,127.93,127.93,127.93,127.93,127.93,127.93,127.93,127.93,127.93,127.93,127.93,127.93,127.93,127.93,127.93,127.93,127.93,127.93,127.93,127.93,127.93,127.93,127.93,127.93,127.93
128.31,128.31,128.31,128.31,128.31,128.31,128.31,128.31,128.31,128.31,128.31,128.31,128.31,128.31,128.31,128.31,128.31,128.31,128.31,128.31,128.31,128.31,128.31,128.31,128.31,128.31,128.31,128.31,128.31
128.68,128.68,128.68,128.68,128.68,128.68,128.68,128.68,128.68,128.68,128.68,128.68,128.68,128.68,128.68,128.68,128.68,128.68,128.68,128.68,128.68,128.68,128.68,128.68,128.68,128.68,128.68,128.68,128.68
129.05,129.05,129.05,129.05,129.05,129.05,129.05,129.05,129.05,129.05,129.05,129.05,129.05,129.05,129.05,129.05,129.05,129.05,129.05,129.05,129.05,129.05,129.05,129.05,129.05,129.05,129.05,129.05,129.05
129.42,129.42,129.42,129.42,129.42,129.42,129.42,129.42,129.42,129.42,129.42,129.42,129.42,129.42,129.42,129.42,129.42,129.42,129.42,129.42,129.42,129.42,129.42,129.42,129.42,129.42,129.42,129.42,129.42
129.79,129.79,129.79,129.79,129.79,129.79,129.79,129.79,129.79,129.79,129.79,129.79,129.79,129.79,129.79,129.79,129.79,129.79,129.79,129.79,129.79,129.79,129.79,129.79,129.79,129.79,129.79,129.79,129.79
130.17,130.17,130.17,130.17,130.17,130.17,130.17,130.17,130.17,130.17,130.17,130.17,130.17,130.17,130.17,130.17,130.17,130.17,130.17,130.17,130.17,130.17,130.17,130.17,130.17,130.17,130.17,130.17,130.17
130.54,130.54,130.54,130.54,130.54,130.54,130.54,130.54,130.54,130.54,130.54,130.54,130.54,130.54,130.54,130.54,130.54,130.54,130.54,130.54,130.54,130.54,130.54,130.54,130.54,130.54,130.54,130.54,130.54
130.91,130.91,130.91,130.91,130.91,130.91,130.91,130.91,130.91,130.91,130.91,130.91,130.91,130.91,130.91,130.91,130.91,130.91,130.91,130.91,130.91,130.91,130.91,130.91,130.91,130.91,130.91,130.91,130.91
131.28,131.28,131.28,131.28,131.28,131.28,131.28,131.28,131.28,131.28,131.28,131.28,131.28,131.28,131.28,131.28,131.28,131.28,131.28,131.28,131.28,131.28,131.28,131.28,131.28,131.28,131.28,131.28,131.28
131.66,131.66,131.66,131.66,131.66,131.66,131.66,131.66,131.66,131.66,131.66,131.66,131.66,131.66,131.66,131.66,131.66,131.66,131.66,131.66,131.66,131.66,131.66,131.66,131.66,131.66,131.66,131.66,131.66
132.03,132.03,132.03,132.03,132.03,132.03,132.03,132.03,132.03,132.03,132.03,132.03,132.03,132.03,132.03,132.03,132.03,132.03,132.03,132.03,132.03,132.03,132.03,132.03,132.03,132.03,132.03,132.03,132.03
132.4,132.4,132.4,132.4,132.4,132.4,132.4,132.4,132.4,132.4,132.4,132.4,132.4,132.4,132.4,132.4,132.4,132.4,132.4,132.4,132.4,132.4,132.4,132.4,132.4,132.4,132.4,132.4,132.4
132.77,132.77,132.77,132.77,132.77,132.77,132.77,132.77,132.77,132.77,132.77,132.77,132.77,132.77,132.77,132.77,132.77,132.77,132.77,132.77,132.77,132.77,132.77,132.77,132.77,132.77,132.77,132.77,132.77
133.14,133.14,133.14,133.14,133.14,133.14,133.14,133.14,133.14,133.14,133.14,133.14,133.14,133.14,133.14,133.14,133.14,133.14,133.14,133.14,133.14,133.14,133.14,133.14,133.14,133.14,133.14,133.14,133.14
133.52,133.52,133.52,133.52,133.52,133.52,133.52,133.52,133.52,133.52,133.52,133.52,133.52,133.52,133.52,133.52,133.52,133.52,133.52,133.52,133.52,133.52,133.52,133.52,133.52,133.52,133.52,133.52,133.52
133.89,133.89,133.89,133.89,133.89,133.89,133.89,133.89,133.89,133.89,133.89,133.89,133.89,133.89,133.89,133.89,133.89,133.89,133.89,133.89,133.89,133.89,133.89,133.89,133.89,133.89,133.89,133.89,133.89
134.26,134.26,134.26,134.26,134.26,134.26,134.26,134.26,134.26,134.26,134.26,134.26,134.26,134.26,134.26,134.26,134.26,134.26,134.26,134.26,134.26,134.26,134.26,134.26,134.26,134.26,134.26,134.26,134.26
134.63,134.63,134.63,134.63,134.63,134.63,134.63,134.63,134.63,134.63,134.63,134.63,134.63,134.63,134.63,134.63,134.63,134.63,134.63,134.63,134.63,134.63,134.63,134.63,134.63,134.63,134.63,134.63,134.63
135.01,135.01,135.01,135.01,135.01,135.01,135.01,135.01,135.01,135.01,135.01,135.01,135.01,135.01,135.01,135.01,135.01,135.01,135.01,135.01,135.01,135.01,135.01,135.01,135.01,135.01,135.01,135.01,135.01
135.38,135.38,135.38,135.38,135.38,135.38,135.38,135.38,135.38,135.38,135.38,135.38,135.38,135.38,135.38,135.38,135.38,135.38,135.38,135.38,135.38,135.38,135.38,135.38,135.38,135.38,135.38,135.38,135.38
135.75,135.75,135.75,135.75,135.75,135.75,135.75,135.75,135.75,135.75,135.75,135.75,135.75,135.75,135.75,135.75,135.75,135.75,135.75,135.75,135.75,135.75,135.75,135.75,135.75,135.75,135.75,135.75,135.75
136.12,136.12,136.12,136.12,136.12,136.12,136.12,136.12,136.12,136.12,136.12,136.12,136.12,136.12,136.12,136.12,136.12,136.12,136.12,136.12,136.12,136.12,136.12,136.12,136.12,136.12,136.12,136.12,136.12
136.49,136.49,136.49,136.49,136.49,136.49,136.49,136.49,136.49,136.49,136.49,136.49,136.49,136.49,136.49,136.49,136.49,136.49,136.49,136.49,136.49,136.49,136.49,136.49,136.49,136.49,136.49,136.49,136.49
136.87,136.87,136.87,136.87,136.87,136.87,136.87,136.87,136.87,136.87,136.87,136.87,136.87,136.87,136.87,136.87,136.87,136.87,136.87,136.87,136.87,136.87,136.87,136.87,136.87,136.87,136.87,136.87,136.87
137.24,137.24,137.24,137.24,137.24,137.24,137.24,137.24,137.24,137.24,137.24,137.24,137.24,137.24,137.24,137.24,137.24,137.24,137.24,137.24,137.24,137.24,137.24,137.24,137.24,137.24,137.24,137.24,137.24
137.61,137.61,137.61,137.61,137.61,137.61,137.61,137.61,137.61,137.61,137.61,137.61,137.61,137.61,137.61,137.61,137.61,137.61,137.61,137.61,137.61,137.61,137.61,137.61,137.61,137.61,137.61,137.61,137.61
137.98,137.98,137.98,137.98,137.98,137.98,137.98,137.98,137.98,137.98,137.98,137.98,137.98,137.98,137.98,137.98,137.98,137.98,137.98,137.98,137.98,137.98,137.98,137.98,137.98,137.98,137.98,137.98,137.98
138.36,138.36,138.36,138.36,138.36,138.36,138.36,138.36,138.36,138.36,138.36,138.36,138.36,138.36,138.36,138.36,138.36,138.36,138.36,138.36,138.36,138.36,138.36,138.36,138.36,138.36,138.36,138.36,138.36
138.73,138.73,138.73,138.73,138.73,138.73,138.73,138.73,138.73,138.73,138.73,138.73,138.73,138.73,138.73,138.73,138.73,138.73,138.73,138.73,138.73,138.73,138.73,138.73,138.73,138.73,138.73,138.73,138.73
139.1,139.1,139.1,139.1,139.1,139.1,139.1,139.1,139.1,139.1,139.1,139.1,139.1,139.1,139.1,139.1,139.1,139.1,139.1,139.1,139.1,139.1,139.1,139.1,139.1,139.1,139.1,139.1,139.1
139.47,139.47,139.47,139.47,139.47,139.47,139.47,139.47,139.47,139.47,139.47,139.47,139.47,139.47,139.47,139.47,139.47,139.47,139.47,139.47,139.47,139.47,139.47,139.47,139.47,139.47,139.47,139.47,139.47
139.84,139.84,139.84,139.84,139.84,139.84,139.84,139.84,139.84,139.84,139.84,139.84,139.84,139.84,139.84,139.84,139.84,139.84,139.84,139.84,139.84,139.84,139.84,139.84,139.84,139.84,139.84,139.84,139.84
140.22,140.22,140.22,140.22,140.22,140.22,140.22,140.22,140.22,140.22,140.22,140.22,140.22,140.22,140.22,140.22,140.22,140.22,140.22,140.22,140.22,140.22,140.22,140.22,140.22,140.22,140.22,140.22,140.22
140.59,140.59,140.59,140.59,140.59,140.59,140.59,140.59,140.59,140.59,140.59,140.59,140.59,140.59,140.59,140.59,140.59,140.59,140.59,140.59,140.59,140.59,140.59,140.59,140.59,140.59,140.59,140.59,140.59
140.96,140.96,140.96,140.96,140.96,140.96,140.96,140.96,140.96,140.96,140.96,140.96,140.96,140.96,140.96,140.96,140.96,140.96,140.96,140.96,140.96,140.96,140.96,140.96,140.96,140.96,140.96,140.96,140.96
141.33,141.33,141.33,141.33,141.33,141.33,141.33,141.33,141.33,141.33,141.33,141.33,141.33,141.33,141.33,141.33,141.33,141.33,141.33,141.33,141.33,141.33,141.33,141.33,141.33,141.33,141.33,141.33,141.33
141.71,141.71,141.71,141.71,141.71,141.71,141.71,141.71,141.71,141.71,141.71,141.71,141.71,141.71,141.71,141.71,141.71,141.71,141.71,141.71,141.71,141.71,141.71,141.71,141.71,141.71,141.71,141.71,141.71
142.08,142.08,142.08,142.08,142.08,142.08,142.08,142.08,142.08,142.08,142.08,142.08,142.08,142.08,142.08,142.08,142.08,142.08,142.08,142.08,142.08,142.08,142.08,142.08,142.08,142.08,142.08,142.08,142.08
142.45,142.45,142.45,142.45,142.45,142.45,142.45,142.45,142.45,142.45,142.45,142.45,142.45,142.45,142.45,142.45,142.45,142.45,142.45,142.45,142.45,142.45,142.45,142.45,142.45,142.45,142.45,142.45,142.45
142.82,142.82,142.82,142.82,142.82,142.82,142.82,142.82,142.82,142.82,142.82,142.82,142.82,142.82,142.82,142.82,142.82,142.82,142.82,142.82,142.82,142.82,142.82,142.82,142.82,142.82,142.82,142.82,142.82
143.19,143.19,143.19,143.19,143.19,143.19,143.19,143.19,143.19,143.19,143.19,143.19,143.19,143.19,143.19,143.19,143.19,143.19,143.19,143.19,143.19,143.19,143.19,143.19,143.19,143.19,143.19,143.19,143.19
143.57,143.57,143.57,143.57,143.57,143.57,143.57,143.57,143.57,143.57,143.57,143.57,143.57,143.57,143.57,143.57,143.57,143.57,143.57,143.57,143.57,143.57,143.57,143.57,143.57,143.57,143.57,143.57,143.57
143.94,143.94,143.94,143.94,143.94,143.94,143.94,143.94,143.94,143.94,143.94,143.94,143.94,143.94,143.94,143.94,143.94,143.94,143.94,143.94,143.94,143.94,143.94,143.94,143.94,143.94,143.94,143.94,143.94
144.31,144.31,144.31,144.31,144.31,144.31,144.31,144.31,144.31,144.31,144.31,144.31,144.31,144.31,144.31,144.31,144.31,144.31,144.31,144.31,144.31,144.31,144.31,144.31,144.31,144.31,144.31,144.31,144.31
144.68,144.68,144.68,144.68,144.68,144.68,144.68,144.68,144.68,144.68,144.68,144.68,144.68,144.68,144.68,144.68,144.68,144.68,144.68,144.68,144.68,144.68,144.68,144.68,144.68,144.68,144.68,144.68,144.68
145.06,145.06,145.06,145.06,145.06,145.06,145.06,145.06,145.06,145.06,145.06,145.06,145.06,145.06,145.06,145.06,145.06,145.06,145.06,145.06,145.06,145.06,145.06,145.06,145.06,145.06,145.06,145.06,145.06
145.43,145.43,145.43,145.43,145.43,145.43,145.43,145.43,145.43,145.43,145.43,145.43,145.43,145.43,145.43,145.43,145.43,145.43,145.43,145.43,145.43,145.43,145.43,145.43,145.43,145.43,145.43,145.43,145.43
145.8,145.8,145.8,145.8,145.8,145.8,145.8,145.8,145.8,145.8,145.8,145.8,145.8,145.8,145.8,145.8,145.8,145.8,145.8,145.8,145.8,145.8,145.8,145.8,145.8,145.8,145.8,145.8,145.8
146.17,146.17,146.17,146.17,146.17,146.17,146.17,146.17,146.17,146.17,146.17,146.17,146.17,146.17,146.17,146.17,146.17,146.17,146.17,146.17,146.17,146.17,146.17,146.17,146.17,146.17,146.17,146.17,146.17
146.54,146.54,146.54,146.54,146.54,146.54,146.54,146.54,146.54,146.54,146.54,146.54,146.54,146.54,146.54,146.54,146.54,146.54,146.54,146.54,146.54,146.54,146.54,146.54,146.54,146.54,146.54,146.54,146.54
146.92,146.92,146.92,146.92,146.92,146.92,146.92,146.92,146.92,146.92,146.92,146.92,146.92,146.92,146.92,146.92,146.92,146.92,146.92,146.92,146.92,146.92,146.92,146.92,146.92,146.92,146.92,146.92,146.92
147.29,147.29,147.29,147.29,147.29,147.29,147.29,147.29,147.29,147.29,147.29,147.29,147.29,147.29,147.29,147.29,147.29,147.29,147.29,147.29,147.29,147.29,147.29,147.29,147.29,147.29,147.29,147.29,147.29
147.66,147.66,147.66,147.66,147.66,147.66,147.66,147.66,147.66,147.66,147.66,147.66,147.66,147.66,147.66,147.66,147.66,147.66,147.66,147.66,147.66,147.66,147.66,147.66,147.66,147.66,147.66,147.66,147.66
148.03,148.03,148.03,148.03,148.03,148.03,148.03,148.03,148.03,148.03,148.03,148.03,148.03,148.03,148.03,148.03,148.03,148.03,148.03,148.03,148.03,148.03,148.03,148.03,148.03,148.03,148.03,148.03,148.03
148.41,148.41,148.41,148.41,148.41,148.41,148.41,148.41,148.41,148.41,148.41,148.41,148.41,148.41,148.41,148.41,148.41,148.41,148.41,148.41,148.41,148.41,148.41,148.41,148.41,148.41,148.41,148.41,148.41
148.78,148.78,148.78,148.78,148.78,148.78,148.78,148.78,148.78,148.78,148.78,148.78,148.78,148.78,148.78,148.78,148.78,148.78,148.78,148.78,148.78,148.78,148.78,148.78,148.78,148.78,148.78,148.78,148.78
149.15,149.15,149.15,149.15,149.15,149.15,149.15,149.15,149.15,149.15,149.15,149.15,149.15,149.15,149.15,149.15,149.15,149.15,149.15,149.15,149.15,149.15,149.15,149.15,149.15,149.15,149.15,149.15,149.15
149.52,149.52,149.52,149.52,149.52,149.52,149.52,149.52,149.52,149.52,149.52,149.52,149.52,149.52,149.52,149.52,149.52,149.52,149.52,149.52,149.52,149.52,149.52,149.52,149.52,149.52,149.52,149.52,149.52
149.89,149.89,149.89,149.89,149.89,149.89,149.89,149.89,149.89,149.89,149.89,149.89,149.89,149.89,149.89,149.89,149.89,149.89,149.89,149.89,149.89,149.89,149.89,149.89,149.89,149.89,149.89,149.89,149.89
150.27,150.27,150.27,150.27,150.27,150.27,150.27,150.27,150.27,150.27,150.27,150.27,150.27,150.27,150.27,150.27,150.27,150.27,150.27,150.27,150.27,150.27,150.27,150.27,150.27,150.27,150.27,150.27,150.27
150.64,150.64,150.64,150.64,150.64,150.64,150.64,150.64,150.64,150.64,150.64,150.64,150.64,150.64,150.64,150.64,150.64,150.64,150.64,150.64,150.64,150.64,150.64,150.64,150.64,150.64,150.64,150.64,150.64
151.01,151.01,151.01,151.01,151.01,151.01,151.01,151.01,151.01,151.01,151.01,151.01,151.01,151.01,151.01,151.01,151.01,151.01,151.01,151.01,151.01,151.01,151.01,151.01,151.01,151.01,151.01,151.01,151.01
151.38,151.38,151.38,151.38,151.38,151.38,151.38,151.38,151.38,151.38,151.38,151.38,151.38,151.38,151.38,151.38,151.38,151.38,151.38,151.38,151.38,151.38,151.38,151.38,151.38,151.38,151.38,151.38,151.38
151.76,151.76,151.76,151.76,151.76,151.76,151.76,151.76,151.76,151.76,151.76,151.76,151.76,151.76,151.76,151.76,151.76,151.76,151.76,151.76,151.76,151.76,151.76,151.76,151.76,151.76,151.76,151.76,151.76
152.13,152.13,152.13,152.13,152.13,152.13,152.13,152.13,152.13,152.13,152.13,152.13,152.13,152.13,152.13,152.13,152.13,152.13,152.13,152.13,152.13,152.13,152.13,152.13,152.13,152.13,152.13,152.13,152.13
152.5,152.5,152.5,152.5,152.5,152.5,152.5,152.5,152.5,152.5,152.5,152.5,152.5,152.5,152.5,152.5,152.5,152.5,152.5,152.5,152.5,152.5,152.5,152.5,152.5,152.5,152.5,152.5,152.5
152.87,152.87,152.87,152.87,152.87,152.87,152.87,152.87,152.87,152.87,152.87,152.87,152.87,152.87,152.87,152.87,152.87,152.87,152.87,152.87,152.87,152.87,152.87,152.87,152.87,152.87,152.87,152.87,152.87
153.24,153.24,153.24,153.24,153.24,153.24,153.24,153.24,153.24,153.24,153.24,153.24,153.24,153.24,153.24,153.24,153.24,153.24,153.24,153.24,153.24,153.24,153.24,153.24,153.24,153.24,153.24,153.24,153.24
153.62,153.62,153.62,153.62,153.62,153.62,153.62,153.62,153.62,153.62,153.62,153.62,153.62,153.62,153.62,153.62,153.62,153.62,153.62,153.62,153.62,153.62,153.62,153.62,153.62,153.62,153.62,153.62,153.62
153.99,153.99,153.99,153.99,153.99,153.99,153.99,153.99,153.99,153.99,153.99,153.99,153.99,153.99,153.99,153.99,153.99,153.99,153.99,153.99,153.99,153.99,153.99,153.99,153.99,153.99,153.99,153.99,153.99
154.36,154.36,154.36,154.36,154.36,154.36,154.36,154.36,154.36,154.36,154.36,154.36,154.36,154.36,154.36,154.36,154.36,154.36,154.36,154.36,154.36,154.36,154.36,154.36,154.36,154.36,154.36,154.36,154.36
154.73,154.73,154.73,154.73,154.73,154.73,154.73,154.73,154.73,154.73,154.73,154.73,154.73,154.73,154.73,154.73,154.73,154.73,154.73,154.73,154.73,154.73,154.73,154.73,154.73,154.73,154.73,154.73,154.73
155.11,155.11,155.11,155.11,155.11,155.11,155.11,155.11,155.11,155.11,155.11,155.11,155.11,155.11,155.11,155.11,155.11,155.11,155.11,155.11,155.11,155.11,155.11,155.11,155.11,155.11,155.11,155.11,155.11
155.48,155.48,155.48,155.48,155.48,155.48,155.48,155.48,155.48,155.48,155.48,155.48,155.48,155.48,155.48,155.48,155.48,155.48,155.48,155.48,155.48,155.48,155.48,155.48,155.48,155.48,155.48,155.48,155.48
155.85,155.85,155.85,155.85,155.85,155.85,155.85,155.85,155.85,155.85,155.85,155.85,155.85,155.85,155.85,155.85,155.85,155.85,155.85,155.85,155.85,155.85,155.85,155.85,155.85,155.85,155.85,155.85,155.85
156.22,156.22,156.22,156.22,156.22,156.22,156.22,156.22,156.22,156.22,156.22,156.22,156.22,156.22,156.22,156.22,156.22,156.22,156.22,156.22,156.22,156.22,156.22,156.22,156.22,156.22,156.22,156.22,156.22
156.59,156.59,156.59,156.59,156.59,156.59,156.59,156.59,156.59,156.59,156.59,156.59,156.59,156.59,156.59,156.59,156.59,156.59,156.59,156.59,156.59,156.59,156.59,156.59,156.59,156.59,156.59,156.59,156.59
156.97,156.97,156.97,156.97,156.97,156.97,156.97,156.97,156.97,156.97,156.97,156.97,156.97,156.97,156.97,156.97,156.97,156.97,156.97,156.97,156.97,156.97,156.97,156.97,156.97,156.97,156.97,156.97,156.97
157.34,157.34,157.34,157.34,157.34,157.34,157.34,157.34,157.34,157.34,157.34,157.34,157.34,157.34,157.34,157.34,157.34,157.34,157.34,157.34,157.34,157.34,157.34,157.34,157.34,157.34,157.34,157.34,157.34
157.71,157.71,157.71,157.71,157.71,157.71,157.71,157.71,157.71,157.71,157.71,157.71,157.71,157.71,157.71,157.71,157.71,157.71,157.71,157.71,157.71,157.71,157.71,157.71,157.71,157.71,157.71,157.71,157.71
158.08,158.08,158.08,158.08,158.08,158.08,158.08,158.08,158.08,158.08,158.08,158.08,158.08,158.08,158.08,158.08,158.08,158.08,158.08,158.08,158.08,158.08,158.08,158.08,158.08,158.08,158.08,158.08,158.08
158.46,158.46,158.46,158.46,158.46,158.46,158.46,158.46,158.46,158.46,158.46,158.46,158.46,158.46,158.46,158.46,158.46,158.46,158.46,158.46,158.46,158.46,158.46,158.46,158.46,158.46,158.46,158.46,158.46
158.83,158.83,158.83,158.83,158.83,158.83,158.83,158.83,158.83,158.83,158.83,158.83,158.83,158.83,158.83,158.83,158.83,158.83,158.83,158.83,158.83,158.83,158.83,158.83,158.83,158.83,158.83,158.83,158.83
159.2,159.2,159.2,159.2,159.2,159.2,159.2,159.2,159.2,159.2,159.2,159.2,159.2,159.2,159.2,159.2,159.2,159.2,159.2,159.2,159.2,159.2,159.2,159.2,159.2,159.2,159.2,159.2,159.2
159.57,159.57,159.57,159.57,159.57,159.57,159.57,159.57,159.57,159.57,159.57,159.57,159.57,159.57,159.57,159.57,159.57,159.57,159.57,159.57,159.57,159.57,159.57,159.57,159.57,159.57,159.57,159.57,159.57
159.94,159.94,159.94,159.94,159.94,159.94,159.94,159.94,159.94,159.94,159.94,159.94,159.94,159.94,159.94,159.94,159.94,159.94,159.94,159.94,159.94,159.94,159.94,159.94,159.94,159.94,159.94,159.94,159.94
160.32,160.32,160.32,160.32,160.32,160.32,160.32,160.32,160.32,160.32,160.32,160.32,160.32,160.32,160.32,160.32,160.32,160.32,160.32,160.32,160.32,160.32,160.32,160.32,160.32,160.32,160.32,160.32,160.32
160.69,160.69,160.69,160.69,160.69,160.69,160.69,160.69,160.69,160.69,160.69,160.69,160.69,160.69,160.69,160.69,160.69,160.69,160.69,160.69,160.69,160.69,160.69,160.69,160.69,160.69,160.69,160.69,160.69
161.06,161.06,161.06,161.06,161.06,161.06,161.06,161.06,161.06,161.06,161.06,161.06,161.06,161.06,161.06,161.06,161.06,161.06,161.06,161.06,161.06,161.06,161.06,161.06,161.06,161.06,161.06,161.06,161.06
161.43,161.43,161.43,161.43,161.43,161.43,161.43,161.43,161.43,161.43,161.43,161.43,161.43,161.43,161.43,161.43,161.43,161.43,161.43,161.43,161.43,161.43,161.43,161.43,161.43,161.43,161.43,161.43,161.43
161.81,161.81,161.81,161.81,161.81,161.81,161.81,161.81,161.81,161.81,161.81,161.81,161.81,161.81,161.81,161.81,161.81,161.81,161.81,161.81,161.81,161.81,161.81,161.81,161.81,161.81,161.81,161.81,161.81
162.18,162.18,162.18,162.18,162.18,162.18,162.18,162.18,162.18,162.18,162.18,162.18,162.18,162.18,162.18,162.18,162.18,162.18,162.18,162.18,162.18,162.18,162.18,162.18,162.18,162.18,162.18,162.18,162.18
162.55,162.55,162.55,162.55,162.55,162.55,162.55,162.55,162.55,162.55,162.55,162.55,162.55,162.55,162.55,162.55,162.55,162.55,162.55,162.55,162.55,162.55,162.55,162.55,162.55,162.55,162.55,162.55,162.55
162.92,162.92,162.92,162.92,162.92,162.92,162.92,162.92,162.92,162.92,162.92,162.92,162.92,162.92,162.92,162.92,162.92,162.92,162.92,162.92,162.92,162.92,162.92,162.92,162.92,162.92,162.92,162.92,162.92
163.29,163.29,163.29,163.29,163.29,163.29,163.29,163.29,163.29,163.29,163.29,163.29,163.29,163.29,163.29,163.29,163.29,163.29,163.29,163.29,163.29,163.29,163.29,163.29,163.29,163.29,163.29,163.29,163.29
163.66,163.66,163.66,163.66,163.66,163.66,163.66,163.66,163.66,163.66,163.66,163.66,163.66,163.66,163.66,163.66,163.66,163.66,163.66,163.66,163.66,163.66,163.66,163.66,163.66,163.66,163.66,163.66,163.66
164.03,164.03,164.03,164.03,164.03,164.03,164.03,164.03,164.03,164.03,164.03,164.03,164.03,164.03,164.03,164.03,164.03,164.03,164.03,164.03,164.03,164.03,164.03,164.03,164.03,164.03,164.03,164.03,164.03
164.4,164.4,164.4,164.4,164.4,164.4,164.4,164.4,164.4,164.4,164.4,164.4,164.4,164.4,164.4,164.4,164.4,164.4,164.4,164.4,164.4,164.4,164.4,164.4,164.4,164.4,164.4,164.4,164.4
164.77,164.77,164.77,164.77,164.77,164.77,164.77,164.77,164.77,164.77,164.77,164.77,164.77,164.77,164.77,164.77,164.77,164.77,164.77,164.77,164.77,164.77,164.77,164.77,164.77,164.77,164.77,164.77,164.77
165.14,165.14,165.14,165.14,165.14,165.14,165.14,165.14,165.14,165.14,165.14,165.14,165.14,165.14,165.14,165.14,165.14,165.14,165.14,165.14,165.14,165.14,165.14,165.14,165.14,165.14,165.14,165.14,165.14
165.51,165.51,165.51,165.51,165.51,165.51,165.51,165.51,165.51,165.51,165.51,165.51,165.51,165.51,165.51,165.51,165.51,165.51,165.51,165.51,165.51,165.51,165.51,165.51,165.51,165.51,165.51,165.51,165.51
165.88,165.88,165.88,165.88,165.88,165.88,165.88,165.88,165.88,165.88,165.88,165.88,165.88,165.88,165.88,165.88,165.88,165.88,165.88,165.88,165.88,165.88,165.88,165.88,165.88,165.88,165.88,165.88,165.88
166.25,166.25,166.25,166.25,166.25,166.25,166.25,166.25,166.25,166.25,166.25,166.25,166.25,166.25,166.25,166.25,166.25,166.25,166.25,166.25,166.25,166.25,166.25,166.25,166.25,166.25,166.25,166.25,166.25
166.62,166.62,166.62,166.62,166.62,166.62,166.62,166.62,166.62,166.62,166.62,166.62,166.62,166.62,166.62,166.62,166.62,166.62,166.62,166.62,166.62,166.62,166.62,166.62,166.62,166.62,166.62,166.62,166.62
166.99,166.99,166.99,166.99,166.99,166.99,166.99,166.99,166.99,166.99,166.99,166.99,166.99,166.99,166.99,166.99,166.99,166.99,166.99,166.99,166.99,166.99,166.99,166.99,166.99,166.99,166.99,166.99,166.99
167.36,167.36,167.36,167.36,167.36,167.36,167.36,167.36,167.36,167.36,167.36,167.36,167.36,167.36,167.36,167.36,167.36,167.36,167.36,167.36,167.36,167.36,167.36,167.36,167.36,167.36,167.36,167.36,167.36
167.73,167.73,167.73,167.73,167.73,167.73,167.73,167.73,167.73,167.73,167.73,167.73,167.73,167.73,167.73,167.73,167.73,167.73,167.73,167.73,167.73,167.73,167.73,167.73,167.73,167.73,167.73,167.73,167.73
168.1,168.1,168.1,168.1,168.1,168.1,168.1,168.1,168.1,168.1,168.1,168.1,168.1,168.1,168.1,168.1,168.1,168.1,168.1,168.1,168.1,168.1,168.1,168.1,168.1,168.1,168.1,168.1,168.1
168.47,168.47,168.47,168.47,168.47,168.47,168.47,168.47,168.47,168.47,168.47,168.47,168.47,168.47,168.47,168.47,168.47,168.47,168.47,168.47,168.47,168.47,168.47,168.47,168.47,168.47,168.47,168.47,168.47
168.84,168.84,168.84,168.84,168.84,168.84,168.84,168.84,168.84,168.84,168.84,168.84,168.84,168.84,168.84,168.84,168.84,168.84,168.84,168.84,168.84,168.84,168.84,168.84,168.84,168.84,168.84,168.84,168.84
169.21,169.21,169.21,169.21,169.21,169.21,169.21,169.21,169.21,169.21,169.21,169.21,169.21,169.21,169.21,169.21,169.21,169.21,169.21,169.21,169.21,169.21,169.21,169.21,169.21,169.21,169.21,169.21,169.21
169.58,169.58,169.58,169.58,169.58,169.58,169.58,169.58,169.58,169.58,169.58,169.58,169.58,169.58,169.58,169.58,169.58,169.58,169.58,169.58,169.58,169.58,169.58,169.58,169.58,169.58,169.58,169.58,169.58
169.95,169.95,169.95,169.95,169.95,169.95,169.95,169.95,169.95,169.95,169.95,169.95,169.95,169.95,169.95,169.95,169.95,169.95,169.95,169.95,169.95,169.95,169.95,169.95,169.95,169.95,169.95,169.95,169.95
170.32,170.32,170.32,170.32,170.32,170.32,170.32,170.32,170.32,170.32,170.32,170.32,170.32,170.32,170.32,170.32,170.32,170.32,170.32,170.32,170.32,170.32,170.32,170.32,170.32,170.32,170.32,170.32,170.32
170.69,170.69,170.69,170.69,170.69,170.69,170.69,170.69,170.69,170.69,170.69,170.69,170.69,170.69,170.69,170.69,170.69,170.69,170.69,170.69,170.69,170.69,170.69,170.69,170.69,170.69,170.69,170.69,170.69
171.06,171.06,171.06,171.06,171.06,171.06,171.06,171.06,171.06,171.06,171.06,171.06,171.06,171.06,171.06,171.06,171.06,171.06,171.06,171.06,171.06,171.06,171.06,171.06,171.06,171.06,171.06,171.06,171.06
171.43,171.43,171.43,171.43,171.43,171.43,171.43,171.43,171.43,171.43,171.43,171.43,171.43,171.43,171.43,171.43,171.43,171.43,171.43,171.43,171.43,171.43,171.43,171.43,171.43,171.43,171.43,171.43,171.43
171.8,171.8,171.8,171.8,171.8,171.8,171.8,171.8,171.8,171.8,171.8,171.8,171.8,171.8,171.8,171.8,171.8,171.8,171.8,171.8,171.8,171.8,171.8,171.8,171.8,171.8,171.8,171.8,171.8
172.17,172.17,172.17,172.17,172.17,172.17,172.17,172.17,172.17,172.17,172.17,172.17,172.17,172.17,172.17,172.17,172.17,172.17,172.17,172.17,172.17,172.17,172.17,172.17,172.17,172.17,172.17,172.17,172.17
172.54,172.54,172.54,172.54,172.54,172.54,172.54,172.54,172.54,172.54,172.54,172.54,172.54,172.54,172.54,172.54,172.54,172.54,172.54,172.54,172.54,172.54,172.54,172.54,172.54,172.54,172.54,172.54,172.54
172.910000000001,172.910000000001,172.910000000001,172.910000000001,172.910000000001,172.910000000001,172.910000000001,172.910000000001,172.910000000001,172.910000000001,172.910000000001,172.910000000001,172.910000000001,172.910000000001,172.910000000001,172.910000000001,172.910000000001,172.910000000001,172.910000000001,172.910000000001,172.910000000001,172.910000000001,172.910000000001,172.910000000001,172.910000000001,172.910000000001,172.910000000001,172.910000000001,172.910000000001
173.28,173.28,173.28,173.28,173.28,173.28,173.28,173.28,173.28,173.28,173.28,173.28,173.28,173.28,173.28,173.28,173.28,173.28,173.28,173.28,173.28,173.28,173.28,173.28,173.28,173.28,173.28,173.28,173.28
173.65,173.65,173.65,173.65,173.65,173.65,173.65,173.65,173.65,173.65,173.65,173.65,173.65,173.65,173.65,173.65,173.65,173.65,173.65,173.65,173.65,173.65,173.65,173.65,173.65,173.65,173.65,173.65,173.65
174.02,174.02,174.02,174.02,174.02,174.02,174.02,174.02,174.02,174.02,174.02,174.02,174.02,174.02,174.02,174.02,174.02,174.02,174.02,174.02,174.02,174.02,174.02,174.02,174.02,174.02,174.02,174.02,174.02
174.39,174.39,174.39,174.39,174.39,174.39,174.39,174.39,174.39,174.39,174.39,174.39,174.39,174.39,174.39,174.39,174.39,174.39,174.39,174.39,174.39,174.39,174.39,174.39,174.39,174.39,174.39,174.39,174.39
174.76,174.76,174.76,174.76,174.76,174.76,174.76,174.76,174.76,174.76,174.76,174.76,174.76,174.76,174.76,174.76,174.76,174.76,174.76,174.76,174.76,174.76,174.76,174.76,174.76,174.76,174.76,174.76,174.76
175.13,175.13,175.13,175.13,175.13,175.13,175.13,175.13,175.13,175.13,175.13,175.13,175.13,175.13,175.13,175.13,175.13,175.13,175.13,175.13,175.13,175.13,175.13,175.13,175.13,175.13,175.13,175.13,175.13
175.5,175.5,175.5,175.5,175.5,175.5,175.5,175.5,175.5,175.5,175.5,175.5,175.5,175.5,175.5,175.5,175.5,175.5,175.5,175.5,175.5,175.5,175.5,175.5,175.5,175.5,175.5,175.5,175.5
175.87,175.87,175.87,175.87,175.87,175.87,175.87,175.87,175.87,175.87,175.87,175.87,175.87,175.87,175.87,175.87,175.87,175.87,175.87,175.87,175.87,175.87,175.87,175.87,175.87,175.87,175.87,175.87,175.87
176.240000000001,176.240000000001,176.240000000001,176.240000000001,176.240000000001,176.240000000001,176.240000000001,176.240000000001,176.240000000001,176.240000000001,176.240000000001,176.240000000001,176.240000000001,176.240000000001,176.240000000001,176.240000000001,176.240000000001,176.240000000001,176.240000000001,176.240000000001,176.240000000001,176.240000000001,176.240000000001,176.240000000001,176.240000000001,176.240000000001,176.240000000001,176.240000000001,176.240000000001
176.610000000001,176.610000000001,176.610000000001,176.610000000001,176.610000000001,176.610000000001,176.610000000001,176.610000000001,176.610000000001,176.610000000001,176.610000000001,176.610000000001,176.610000000001,176.610000000001,176.610000000001,176.610000000001,176.610000000001,176.610000000001,176.610000000001,176.610000000001,176.610000000001,176.610000000001,176.610000000001,176.610000000001,176.610000000001,176.610000000001,176.610000000001,176.610000000001,176.610000000001
176.98,176.98,176.98,176.98,176.98,176.98,176.98,176.98,176.98,176.98,176.98,176.98,176.98,176.98,176.98,176.98,176.98,176.98,176.98,176.98,176.98,176.98,176.98,176.98,176.98,176.98,176.98,176.98,176.98
177.349999999999,177.349999999999,177.349999999999,177.349999999999,177.349999999999,177.349999999999,177.349999999999,177.349999999999,177.349999999999,177.349999999999,177.349999999999,177.349999999999,177.349999999999,177.349999999999,177.349999999999,177.349999999999,177.349999999999,177.349999999999,177.349999999999,177.349999999999,177.349999999999,177.349999999999,177.349999999999,177.349999999999,177.349999999999,177.349999999999,177.349999999999,177.349999999999,177.349999999999
177.72,177.72,177.72,177.72,177.72,177.72,177.72,177.72,177.72,177.72,177.72,177.72,177.72,177.72,177.72,177.72,177.72,177.72,177.72,177.72,177.72,177.72,177.72,177.72,177.72,177.72,177.72,177.72,177.72
178.09,178.09,178.09,178.09,178.09,178.09,178.09,178.09,178.09,178.09,178.09,178.09,178.09,178.09,178.09,178.09,178.09,178.09,178.09,178.09,178.09,178.09,178.09,178.09,178.09,178.09,178.09,178.09,178.09
178.46,178.46,178.46,178.46,178.46,178.46,178.46,178.46,178.46,178.46,178.46,178.46,178.46,178.46,178.46,178.46,178.46,178.46,178.46,178.46,178.46,178.46,178.46,178.46,178.46,178.46,178.46,178.46,178.46
178.830000000001,178.830000000001,178.830000000001,178.830000000001,178.830000000001,178.830000000001,178.830000000001,178.830000000001,178.830000000001,178.830000000001,178.830000000001,178.830000000001,178.830000000001,178.830000000001,178.830000000001,178.830000000001,178.830000000001,178.830000000001,178.830000000001,178.830000000001,178.830000000001,178.830000000001,178.830000000001,178.830000000001,178.830000000001,178.830000000001,178.830000000001,178.830000000001,178.830000000001
179.2,179.2,179.2,179.2,179.2,179.2,179.2,179.2,179.2,179.2,179.2,179.2,179.2,179.2,179.2,179.2,179.2,179.2,179.2,179.2,179.2,179.2,179.2,179.2,179.2,179.2,179.2,179.2,179.2
179.57,179.57,179.57,179.57,179.57,179.57,179.57,179.57,179.57,179.57,179.57,179.57,179.57,179.57,179.57,179.57,179.57,179.57,179.57,179.57,179.57,179.57,179.57,179.57,179.57,179.57,179.57,179.57,179.57
179.940000000001,179.940000000001,179.940000000001,179.940000000001,179.940000000001,179.940000000001,179.940000000001,179.940000000001,179.940000000001,179.940000000001,179.940000000001,179.940000000001,179.940000000001,179.940000000001,179.940000000001,179.940000000001,179.940000000001,179.940000000001,179.940000000001,179.940000000001,179.940000000001,179.940000000001,179.940000000001,179.940000000001,179.940000000001,179.940000000001,179.940000000001,179.940000000001,179.940000000001
180.31,180.31,180.31,180.31,180.31,180.31,180.31,180.31,180.31,180.31,180.31,180.31,180.31,180.31,180.31,180.31,180.31,180.31,180.31,180.31,180.31,180.31,180.31,180.31,180.31,180.31,180.31,180.31,180.31
180.68,180.68,180.68,180.68,180.68,180.68,180.68,180.68,180.68,180.68,180.68,180.68,180.68,180.68,180.68,180.68,180.68,180.68,180.68,180.68,180.68,180.68,180.68,180.68,180.68,180.68,180.68,180.68,180.68
181.050000000001,181.050000000001,181.050000000001,181.050000000001,181.050000000001,181.050000000001,181.050000000001,181.050000000001,181.050000000001,181.050000000001,181.050000000001,181.050000000001,181.050000000001,181.050000000001,181.050000000001,181.050000000001,181.050000000001,181.050000000001,181.050000000001,181.050000000001,181.050000000001,181.050000000001,181.050000000001,181.050000000001,181.050000000001,181.050000000001,181.050000000001,181.050000000001,181.050000000001
181.42,181.42,181.42,181.42,181.42,181.42,181.42,181.42,181.42,181.42,181.42,181.42,181.42,181.42,181.42,181.42,181.42,181.42,181.42,181.42,181.42,181.42,181.42,181.42,181.42,181.42,181.42,181.42,181.42
181.790000000001,181.790000000001,181.790000000001,181.790000000001,181.790000000001,181.790000000001,181.790000000001,181.790000000001,181.790000000001,181.790000000001,181.790000000001,181.790000000001,181.790000000001,181.790000000001,181.790000000001,181.790000000001,181.790000000001,181.790000000001,181.790000000001,181.790000000001,181.790000000001,181.790000000001,181.790000000001,181.790000000001,181.790000000001,181.790000000001,181.790000000001,181.790000000001,181.790000000001
182.16,182.16,182.16,182.16,182.16,182.16,182.16,182.16,182.16,182.16,182.16,182.16,182.16,182.16,182.16,182.16,182.16,182.16,182.16,182.16,182.16,182.16,182.16,182.16,182.16,182.16,182.16,182.16,182.16
182.529999999999,182.529999999999,182.529999999999,182.529999999999,182.529999999999,182.529999999999,182.529999999999,182.529999999999,182.529999999999,182.529999999999,182.529999999999,182.529999999999,182.529999999999,182.529999999999,182.529999999999,182.529999999999,182.529999999999,182.529999999999,182.529999999999,182.529999999999,182.529999999999,182.529999999999,182.529999999999,182.529999999999,182.529999999999,182.529999999999,182.529999999999,182.529999999999,182.529999999999
182.900000000001,182.900000000001,182.900000000001,182.900000000001,182.900000000001,182.900000000001,182.900000000001,182.900000000001,182.900000000001,182.900000000001,182.900000000001,182.900000000001,182.900000000001,182.900000000001,182.900000000001,182.900000000001,182.900000000001,182.900000000001,182.900000000001,182.900000000001,182.900000000001,182.900000000001,182.900000000001,182.900000000001,182.900000000001,182.900000000001,182.900000000001,182.900000000001,182.900000000001
183.27,183.27,183.27,183.27,183.27,183.27,183.27,183.27,183.27,183.27,183.27,183.27,183.27,183.27,183.27,183.27,183.27,183.27,183.27,183.27,183.27,183.27,183.27,183.27,183.27,183.27,183.27,183.27,183.27
183.640000000001,183.640000000001,183.640000000001,183.640000000001,183.640000000001,183.640000000001,183.640000000001,183.640000000001,183.640000000001,183.640000000001,183.640000000001,183.640000000001,183.640000000001,183.640000000001,183.640000000001,183.640000000001,183.640000000001,183.640000000001,183.640000000001,183.640000000001,183.640000000001,183.640000000001,183.640000000001,183.640000000001,183.640000000001,183.640000000001,183.640000000001,183.640000000001,183.640000000001
184.01,184.01,184.01,184.01,184.01,184.01,184.01,184.01,184.01,184.01,184.01,184.01,184.01,184.01,184.01,184.01,184.01,184.01,184.01,184.01,184.01,184.01,184.01,184.01,184.01,184.01,184.01,184.01,184.01
184.379999999999,184.379999999999,184.379999999999,184.379999999999,184.379999999999,184.379999999999,184.379999999999,184.379999999999,184.379999999999,184.379999999999,184.379999999999,184.379999999999,184.379999999999,184.379999999999,184.379999999999,184.379999999999,184.379999999999,184.379999999999,184.379999999999,184.379999999999,184.379999999999,184.379999999999,184.379999999999,184.379999999999,184.379999999999,184.379999999999,184.379999999999,184.379999999999,184.379999999999
184.75,184.75,184.75,184.75,184.75,184.75,184.75,184.75,184.75,184.75,184.75,184.75,184.75,184.75,184.75,184.75,184.75,184.75,184.75,184.75,184.75,184.75,184.75,184.75,184.75,184.75,184.75,184.75,184.75
185.120000000001,185.120000000001,185.120000000001,185.120000000001,185.120000000001,185.120000000001,185.120000000001,185.120000000001,185.120000000001,185.120000000001,185.120000000001,185.120000000001,185.120000000001,185.120000000001,185.120000000001,185.120000000001,185.120000000001,185.120000000001,185.120000000001,185.120000000001,185.120000000001,185.120000000001,185.120000000001,185.120000000001,185.120000000001,185.120000000001,185.120000000001,185.120000000001,185.120000000001
185.490000000002,185.490000000002,185.490000000002,185.490000000002,185.490000000002,185.490000000002,185.490000000002,185.490000000002,185.490000000002,185.490000000002,185.490000000002,185.490000000002,185.490000000002,185.490000000002,185.490000000002,185.490000000002,185.490000000002,185.490000000002,185.490000000002,185.490000000002,185.490000000002,185.490000000002,185.490000000002,185.490000000002,185.490000000002,185.490000000002,185.490000000002,185.490000000002,185.490000000002
185.860000000001,185.860000000001,185.860000000001,185.860000000001,185.860000000001,185.860000000001,185.860000000001,185.860000000001,185.860000000001,185.860000000001,185.860000000001,185.860000000001,185.860000000001,185.860000000001,185.860000000001,185.860000000001,185.860000000001,185.860000000001,185.860000000001,185.860000000001,185.860000000001,185.860000000001,185.860000000001,185.860000000001,185.860000000001,185.860000000001,185.860000000001,185.860000000001,185.860000000001
186.23,186.23,186.23,186.23,186.23,186.23,186.23,186.23,186.23,186.23,186.23,186.23,186.23,186.23,186.23,186.23,186.23,186.23,186.23,186.23,186.23,186.23,186.23,186.23,186.23,186.23,186.23,186.23,186.23
186.6,186.6,186.6,186.6,186.6,186.6,186.6,186.6,186.6,186.6,186.6,186.6,186.6,186.6,186.6,186.6,186.6,186.6,186.6,186.6,186.6,186.6,186.6,186.6,186.6,186.6,186.6,186.6,186.6
186.969999999999,186.969999999999,186.969999999999,186.969999999999,186.969999999999,186.969999999999,186.969999999999,186.969999999999,186.969999999999,186.969999999999,186.969999999999,186.969999999999,186.969999999999,186.969999999999,186.969999999999,186.969999999999,186.969999999999,186.969999999999,186.969999999999,186.969999999999,186.969999999999,186.969999999999,186.969999999999,186.969999999999,186.969999999999,186.969999999999,186.969999999999,186.969999999999,186.969999999999
187.34,187.34,187.34,187.34,187.34,187.34,187.34,187.34,187.34,187.34,187.34,187.34,187.34,187.34,187.34,187.34,187.34,187.34,187.34,187.34,187.34,187.34,187.34,187.34,187.34,187.34,187.34,187.34,187.34
187.710000000001,187.710000000001,187.710000000001,187.710000000001,187.710000000001,187.710000000001,187.710000000001,187.710000000001,187.710000000001,187.710000000001,187.710000000001,187.710000000001,187.710000000001,187.710000000001,187.710000000001,187.710000000001,187.710000000001,187.710000000001,187.710000000001,187.710000000001,187.710000000001,187.710000000001,187.710000000001,187.710000000001,187.710000000001,187.710000000001,187.710000000001,187.710000000001,187.710000000001
188.08,188.08,188.08,188.08,188.08,188.08,188.08,188.08,188.08,188.08,188.08,188.08,188.08,188.08,188.08,188.08,188.08,188.08,188.08,188.08,188.08,188.08,188.08,188.08,188.08,188.08,188.08,188.08,188.08
188.450000000001,188.450000000001,188.450000000001,188.450000000001,188.450000000001,188.450000000001,188.450000000001,188.450000000001,188.450000000001,188.450000000001,188.450000000001,188.450000000001,188.450000000001,188.450000000001,188.450000000001,188.450000000001,188.450000000001,188.450000000001,188.450000000001,188.450000000001,188.450000000001,188.450000000001,188.450000000001,188.450000000001,188.450000000001,188.450000000001,188.450000000001,188.450000000001,188.450000000001
188.82,188.82,188.82,188.82,188.82,188.82,188.82,188.82,188.82,188.82,188.82,188.82,188.82,188.82,188.82,188.82,188.82,188.82,188.82,188.82,188.82,188.82,188.82,188.82,188.82,188.82,188.82,188.82,188.82
189.190000000001,189.190000000001,189.190000000001,189.190000000001,189.190000000001,189.190000000001,189.190000000001,189.190000000001,189.190000000001,189.190000000001,189.190000000001,189.190000000001,189.190000000001,189.190000000001,189.190000000001,189.190000000001,189.190000000001,189.190000000001,189.190000000001,189.190000000001,189.190000000001,189.190000000001,189.190000000001,189.190000000001,189.190000000001,189.190000000001,189.190000000001,189.190000000001,189.190000000001
189.559999999999,189.559999999999,189.559999999999,189.559999999999,189.559999999999,189.559999999999,189.559999999999,189.559999999999,189.559999999999,189.559999999999,189.559999999999,189.559999999999,189.559999999999,189.559999999999,189.559999999999,189.559999999999,189.559999999999,189.559999999999,189.559999999999,189.559999999999,189.559999999999,189.559999999999,189.559999999999,189.559999999999,189.559999999999,189.559999999999,189.559999999999,189.559999999999,189.559999999999
189.93,189.93,189.93,189.93,189.93,189.93,189.93,189.93,189.93,189.93,189.93,189.93,189.93,189.93,189.93,189.93,189.93,189.93,189.93,189.93,189.93,189.93,189.93,189.93,189.93,189.93,189.93,189.93,189.93
190.300000000001,190.300000000001,190.300000000001,190.300000000001,190.300000000001,190.300000000001,190.300000000001,190.300000000001,190.300000000001,190.300000000001,190.300000000001,190.300000000001,190.300000000001,190.300000000001,190.300000000001,190.300000000001,190.300000000001,190.300000000001,190.300000000001,190.300000000001,190.300000000001,190.300000000001,190.300000000001,190.300000000001,190.300000000001,190.300000000001,190.300000000001,190.300000000001,190.300000000001
190.67,190.67,190.67,190.67,190.67,190.67,190.67,190.67,190.67,190.67,190.67,190.67,190.67,190.67,190.67,190.67,190.67,190.67,190.67,190.67,190.67,190.67,190.67,190.67,190.67,190.67,190.67,190.67,190.67
191.040000000001,191.040000000001,191.040000000001,191.040000000001,191.040000000001,191.040000000001,191.040000000001,191.040000000001,191.040000000001,191.040000000001,191.040000000001,191.040000000001,191.040000000001,191.040000000001,191.040000000001,191.040000000001,191.040000000001,191.040000000001,191.040000000001,191.040000000001,191.040000000001,191.040000000001,191.040000000001,191.040000000001,191.040000000001,191.040000000001,191.040000000001,191.040000000001,191.040000000001
191.41,191.41,191.41,191.41,191.41,191.41,191.41,191.41,191.41,191.41,191.41,191.41,191.41,191.41,191.41,191.41,191.41,191.41,191.41,191.41,191.41,191.41,191.41,191.41,191.41,191.41,191.41,191.41,191.41
191.779999999999,191.779999999999,191.779999999999,191.779999999999,191.779999999999,191.779999999999,191.779999999999,191.779999999999,191.779999999999,191.779999999999,191.779999999999,191.779999999999,191.779999999999,191.779999999999,191.779999999999,191.779999999999,191.779999999999,191.779999999999,191.779999999999,191.779999999999,191.779999999999,191.779999999999,191.779999999999,191.779999999999,191.779999999999,191.779999999999,191.779999999999,191.779999999999,191.779999999999
192.15,192.15,192.15,192.15,192.15,192.15,192.15,192.15,192.15,192.15,192.15,192.15,192.15,192.15,192.15,192.15,192.15,192.15,192.15,192.15,192.15,192.15,192.15,192.15,192.15,192.15,192.15,192.15,192.15
192.52,192.52,192.52,192.52,192.52,192.52,192.52,192.52,192.52,192.52,192.52,192.52,192.52,192.52,192.52,192.52,192.52,192.52,192.52,192.52,192.52,192.52,192.52,192.52,192.52,192.52,192.52,192.52,192.52
192.890000000001,192.890000000001,192.890000000001,192.890000000001,192.890000000001,192.890000000001,192.890000000001,192.890000000001,192.890000000001,192.890000000001,192.890000000001,192.890000000001,192.890000000001,192.890000000001,192.890000000001,192.890000000001,192.890000000001,192.890000000001,192.890000000001,192.890000000001,192.890000000001,192.890000000001,192.890000000001,192.890000000001,192.890000000001,192.890000000001,192.890000000001,192.890000000001,192.890000000001
193.26,193.26,193.26,193.26,193.26,193.26,193.26,193.26,193.26,193.26,193.26,193.26,193.26,193.26,193.26,193.26,193.26,193.26,193.26,193.26,193.26,193.26,193.26,193.26,193.26,193.26,193.26,193.26,193.26
193.630000000001,193.630000000001,193.630000000001,193.630000000001,193.630000000001,193.630000000001,193.630000000001,193.630000000001,193.630000000001,193.630000000001,193.630000000001,193.630000000001,193.630000000001,193.630000000001,193.630000000001,193.630000000001,193.630000000001,193.630000000001,193.630000000001,193.630000000001,193.630000000001,193.630000000001,193.630000000001,193.630000000001,193.630000000001,193.630000000001,193.630000000001,193.630000000001,193.630000000001
194,194,194,194,194,194,194,194,194,194,194,194,194,194,194,194,194,194,194,194,194,194,194,194,194,194,194,194,194
194.369999999999,194.369999999999,194.369999999999,194.369999999999,194.369999999999,194.369999999999,194.369999999999,194.369999999999,194.369999999999,194.369999999999,194.369999999999,194.369999999999,194.369999999999,194.369999999999,194.369999999999,194.369999999999,194.369999999999,194.369999999999,194.369999999999,194.369999999999,194.369999999999,194.369999999999,194.369999999999,194.369999999999,194.369999999999,194.369999999999,194.369999999999,194.369999999999,194.369999999999
194.740000000002,194.740000000002,194.740000000002,194.740000000002,194.740000000002,194.740000000002,194.740000000002,194.740000000002,194.740000000002,194.740000000002,194.740000000002,194.740000000002,194.740000000002,194.740000000002,194.740000000002,194.740000000002,194.740000000002,194.740000000002,194.740000000002,194.740000000002,194.740000000002,194.740000000002,194.740000000002,194.740000000002,194.740000000002,194.740000000002,194.740000000002,194.740000000002,194.740000000002
195.110000000001,195.110000000001,195.110000000001,195.110000000001,195.110000000001,195.110000000001,195.110000000001,195.110000000001,195.110000000001,195.110000000001,195.110000000001,195.110000000001,195.110000000001,195.110000000001,195.110000000001,195.110000000001,195.110000000001,195.110000000001,195.110000000001,195.110000000001,195.110000000001,195.110000000001,195.110000000001,195.110000000001,195.110000000001,195.110000000001,195.110000000001,195.110000000001,195.110000000001
195.480000000001,195.480000000001,195.480000000001,195.480000000001,195.480000000001,195.480000000001,195.480000000001,195.480000000001,195.480000000001,195.480000000001,195.480000000001,195.480000000001,195.480000000001,195.480000000001,195.480000000001,195.480000000001,195.480000000001,195.480000000001,195.480000000001,195.480000000001,195.480000000001,195.480000000001,195.480000000001,195.480000000001,195.480000000001,195.480000000001,195.480000000001,195.480000000001,195.480000000001
195.85,195.85,195.85,195.85,195.85,195.85,195.85,195.85,195.85,195.85,195.85,195.85,195.85,195.85,195.85,195.85,195.85,195.85,195.85,195.85,195.85,195.85,195.85,195.85,195.85,195.85,195.85,195.85,195.85
196.219999999999,196.219999999999,196.219999999999,196.219999999999,196.219999999999,196.219999999999,196.219999999999,196.219999999999,196.219999999999,196.219999999999,196.219999999999,196.219999999999,196.219999999999,196.219999999999,196.219999999999,196.219999999999,196.219999999999,196.219999999999,196.219999999999,196.219999999999,196.219999999999,196.219999999999,196.219999999999,196.219999999999,196.219999999999,196.219999999999,196.219999999999,196.219999999999,196.219999999999
196.59,196.59,196.59,196.59,196.59,196.59,196.59,196.59,196.59,196.59,196.59,196.59,196.59,196.59,196.59,196.59,196.59,196.59,196.59,196.59,196.59,196.59,196.59,196.59,196.59,196.59,196.59,196.59,196.59
196.960000000001,196.960000000001,196.960000000001,196.960000000001,196.960000000001,196.960000000001,196.960000000001,196.960000000001,196.960000000001,196.960000000001,196.960000000001,196.960000000001,196.960000000001,196.960000000001,196.960000000001,196.960000000001,196.960000000001,196.960000000001,196.960000000001,196.960000000001,196.960000000001,196.960000000001,196.960000000001,196.960000000001,196.960000000001,196.960000000001,196.960000000001,196.960000000001,196.960000000001
197.330000000002,197.330000000002,197.330000000002,197.330000000002,197.330000000002,197.330000000002,197.330000000002,197.330000000002,197.330000000002,197.330000000002,197.330000000002,197.330000000002,197.330000000002,197.330000000002,197.330000000002,197.330000000002,197.330000000002,197.330000000002,197.330000000002,197.330000000002,197.330000000002,197.330000000002,197.330000000002,197.330000000002,197.330000000002,197.330000000002,197.330000000002,197.330000000002,197.330000000002
197.700000000001,197.700000000001,197.700000000001,197.700000000001,197.700000000001,197.700000000001,197.700000000001,197.700000000001,197.700000000001,197.700000000001,197.700000000001,197.700000000001,197.700000000001,197.700000000001,197.700000000001,197.700000000001,197.700000000001,197.700000000001,197.700000000001,197.700000000001,197.700000000001,197.700000000001,197.700000000001,197.700000000001,197.700000000001,197.700000000001,197.700000000001,197.700000000001,197.700000000001
198.07,198.07,198.07,198.07,198.07,198.07,198.07,198.07,198.07,198.07,198.07,198.07,198.07,198.07,198.07,198.07,198.07,198.07,198.07,198.07,198.07,198.07,198.07,198.07,198.07,198.07,198.07,198.07,198.07
198.440000000001,198.440000000001,198.440000000001,198.440000000001,198.440000000001,198.440000000001,198.440000000001,198.440000000001,198.440000000001,198.440000000001,198.440000000001,198.440000000001,198.440000000001,198.440000000001,198.440000000001,198.440000000001,198.440000000001,198.440000000001,198.440000000001,198.440000000001,198.440000000001,198.440000000001,198.440000000001,198.440000000001,198.440000000001,198.440000000001,198.440000000001,198.440000000001,198.440000000001
198.809999999999,198.809999999999,198.809999999999,198.809999999999,198.809999999999,198.809999999999,198.809999999999,198.809999999999,198.809999999999,198.809999999999,198.809999999999,198.809999999999,198.809999999999,198.809999999999,198.809999999999,198.809999999999,198.809999999999,198.809999999999,198.809999999999,198.809999999999,198.809999999999,198.809999999999,198.809999999999,198.809999999999,198.809999999999,198.809999999999,198.809999999999,198.809999999999,198.809999999999
199.18,199.18,199.18,199.18,199.18,199.18,199.18,199.18,199.18,199.18,199.18,199.18,199.18,199.18,199.18,199.18,199.18,199.18,199.18,199.18,199.18,199.18,199.18,199.18,199.18,199.18,199.18,199.18,199.18
199.550000000003,199.550000000003,199.550000000003,199.550000000003,199.550000000003,199.550000000003,199.550000000003,199.550000000003,199.550000000003,199.550000000003,199.550000000003,199.550000000003,199.550000000003,199.550000000003,199.550000000003,199.550000000003,199.550000000003,199.550000000003,199.550000000003,199.550000000003,199.550000000003,199.550000000003,199.550000000003,199.550000000003,199.550000000003,199.550000000003,199.550000000003,199.550000000003,199.550000000003
