894.94,865.74,836.1,806.09,775.67,744.98,714.06,682.99,651.95,621.02,590.5,560.67,531.9,504.69,479.19,456.42,437,419.85,409.06,406.32,403.72,399.79,395.32,390.62,385.82,380.77,375.56,370.22,364.63
894.93,865.74,836.1,806.08,775.69,745,714.08,683.03,652,621.1,590.61,560.83,532.1,504.94,479.57,456.8,437.38,420.3,409.57,406.84,404.27,400.4,396,391.39,386.64,381.66,376.51,371.19,365.66
894.92,865.74,836.1,806.08,775.71,745.01,714.1,683.07,652.05,621.18,590.73,560.98,532.3,505.18,479.94,457.17,437.77,420.75,410.08,407.37,404.82,401.01,396.68,392.16,387.47,382.56,377.46,372.17,366.69
894.91,865.73,836.1,806.08,775.72,745.03,714.12,683.11,652.1,621.26,590.85,561.13,532.49,505.43,480.28,457.55,438.16,421.21,410.59,407.9,405.38,401.63,397.37,392.93,388.31,383.46,378.41,373.16,367.72
894.91,865.73,836.11,806.08,775.74,745.05,714.14,683.14,652.15,621.34,590.96,561.28,532.68,505.67,480.57,457.91,438.54,421.65,411.1,408.43,405.94,402.25,398.06,393.69,389.15,384.36,379.36,374.17,368.76
894.9,865.72,836.12,806.09,775.74,745.06,714.17,683.17,652.2,621.41,591.08,561.43,532.86,505.89,480.87,458.26,438.93,422.1,411.62,408.97,406.5,402.86,398.76,394.47,389.98,385.27,380.33,375.19,369.82
894.89,865.71,836.13,806.1,775.74,745.08,714.18,683.21,652.24,621.48,591.18,561.56,533.05,506.11,481.14,458.61,439.32,422.56,412.13,409.5,407.07,403.49,399.47,395.25,390.83,386.18,381.31,376.22,370.88
894.87,865.7,836.12,806.12,775.75,745.09,714.21,683.24,652.28,621.55,591.28,561.68,533.22,506.32,481.4,458.93,439.71,423.02,412.64,410.03,407.63,404.12,400.18,396.04,391.69,387.1,382.29,377.26,371.97
894.84,865.68,836.09,806.11,775.77,745.09,714.23,683.27,652.33,621.63,591.38,561.81,533.4,506.53,481.65,459.26,440.1,423.47,413.15,410.56,408.19,404.75,400.88,396.83,392.55,388.02,383.28,378.3,373.07
894.81,865.67,836.08,806.09,775.76,745.09,714.26,683.3,652.38,621.7,591.47,561.94,533.56,506.72,481.88,459.6,440.49,423.93,413.67,411.09,408.76,405.38,401.6,397.62,393.44,388.95,384.27,379.35,374.18
894.79,865.66,836.07,806.08,775.76,745.1,714.28,683.33,652.43,621.78,591.57,562.08,533.72,506.91,482.12,459.96,440.86,424.38,414.19,411.63,409.33,406.02,402.35,398.45,394.32,389.92,385.29,380.41,375.3
894.78,865.64,836.06,806.07,775.75,745.11,714.3,683.37,652.48,621.84,591.66,562.22,533.89,507.1,482.44,460.31,441.24,424.84,414.7,412.16,409.9,406.66,403.1,399.28,395.22,390.89,386.34,381.51,376.41
894.78,865.62,836.05,806.06,775.75,745.13,714.32,683.41,652.52,621.91,591.76,562.36,534.06,507.33,482.75,460.66,441.62,425.3,415.23,412.7,410.47,407.31,403.84,400.12,396.12,391.87,387.38,382.63,377.57
894.78,865.61,836.03,806.06,775.74,745.15,714.34,683.46,652.59,621.99,591.86,562.51,534.23,507.62,483.07,461.01,442.01,425.76,415.75,413.25,411.06,407.97,404.59,400.95,397.03,392.85,388.45,383.75,378.75
894.77,865.6,836.02,806.07,775.75,745.17,714.37,683.5,652.66,622.08,591.97,562.65,534.45,507.91,483.38,461.36,442.39,426.22,416.28,413.79,411.63,408.63,405.35,401.78,397.97,393.85,389.51,384.87,379.93
894.76,865.6,836.01,806.06,775.75,745.18,714.4,683.55,652.73,622.17,592.1,562.81,534.69,508.17,483.69,461.71,442.79,426.68,416.8,414.33,412.22,409.31,406.13,402.64,398.89,394.87,390.59,385.99,381.14
894.75,865.59,836.02,806.05,775.77,745.19,714.44,683.59,652.81,622.26,592.24,562.99,534.92,508.44,483.98,462.05,443.2,427.14,417.33,414.87,412.8,410,406.9,403.51,399.84,395.89,391.69,387.15,382.34
894.73,865.59,836.04,806.06,775.79,745.22,714.46,683.63,652.88,622.36,592.36,563.16,535.14,508.7,484.27,462.38,443.61,427.61,417.86,415.42,413.38,410.7,407.7,404.38,400.81,396.94,392.79,388.33,383.57
894.72,865.58,836.05,806.06,775.8,745.23,714.49,683.67,652.95,622.45,592.48,563.31,535.35,508.95,484.56,462.71,444.03,428.08,418.38,415.98,413.97,411.4,408.49,405.28,401.78,398,393.9,389.51,384.81
894.69,865.57,836.04,806.08,775.8,745.25,714.51,683.72,653.03,622.55,592.58,563.47,535.55,509.2,484.84,463.04,444.46,428.55,418.91,416.53,414.56,412.08,409.3,406.17,402.76,399.06,395.02,390.71,386.05
894.67,865.57,836.03,806.09,775.8,745.25,714.52,683.76,653.08,622.64,592.67,563.6,535.75,509.44,485.13,463.36,444.87,429.02,419.45,417.09,415.15,412.76,410.1,407.07,403.75,400.14,396.17,391.9,387.34
894.65,865.57,836.02,806.11,775.81,745.26,714.54,683.8,653.13,622.73,592.77,563.73,535.92,509.68,485.41,463.68,445.29,429.5,419.98,417.65,415.75,413.43,410.91,407.98,404.75,401.22,397.35,393.13,388.63
894.64,865.56,836,806.1,775.82,745.27,714.57,683.83,653.19,622.81,592.89,563.85,536.07,509.9,485.69,464,445.71,429.98,420.52,418.21,416.35,414.11,411.74,408.89,405.77,402.32,398.53,394.39,389.94
894.63,865.54,836,806.08,775.84,745.28,714.61,683.86,653.25,622.9,593.02,563.99,536.23,510.11,485.97,464.32,446.13,430.46,421.05,418.79,416.96,414.78,412.58,409.83,406.8,403.43,399.73,395.64,391.27
894.62,865.53,836,806.08,775.86,745.31,714.64,683.9,653.3,622.98,593.17,564.13,536.38,510.32,486.25,464.68,446.56,430.93,421.59,419.36,417.56,415.47,413.43,410.76,407.84,404.55,400.94,396.94,392.61
894.61,865.53,836,806.08,775.85,745.33,714.66,683.94,653.35,623.07,593.32,564.32,536.53,510.54,486.53,465.04,446.97,431.4,422.14,419.94,418.17,416.15,414.27,411.71,408.89,405.71,402.16,398.24,393.99
894.6,865.52,836,806.08,775.85,745.37,714.68,683.99,653.41,623.17,593.45,564.52,536.78,510.77,486.81,465.4,447.39,431.88,422.69,420.5,418.79,416.86,415.11,412.67,409.95,406.86,403.4,399.56,395.36
894.59,865.51,836,806.08,775.85,745.4,714.7,684.03,653.48,623.25,593.58,564.71,537.04,511.04,487.09,465.75,447.81,432.36,423.24,421.08,419.41,417.56,415.91,413.63,411.02,408.03,404.65,400.9,396.76
894.61,865.5,835.99,806.08,775.85,745.42,714.73,684.07,653.54,623.33,593.7,564.88,537.27,511.3,487.38,466.1,448.23,432.84,423.78,421.66,420.04,418.26,416.71,414.62,412.1,409.2,405.92,402.24,398.19
894.63,865.49,835.98,806.08,775.86,745.42,714.76,684.1,653.61,623.4,593.8,565.05,537.47,511.56,487.68,466.44,448.64,433.32,424.34,422.25,420.67,418.97,417.54,415.61,413.19,410.39,407.2,403.63,399.61
894.59,865.49,835.98,806.08,775.87,745.42,714.79,684.14,653.67,623.48,593.89,565.21,537.68,511.8,487.97,466.78,449.05,433.8,424.9,422.85,421.31,419.69,418.39,416.61,414.28,411.61,408.49,405.01,401.09
894.55,865.5,835.98,806.09,775.88,745.43,714.83,684.19,653.74,623.56,593.99,565.36,537.89,512.04,488.27,467.13,449.46,434.29,425.46,423.44,421.95,420.43,419.24,417.61,415.4,412.83,409.82,406.4,402.56
894.53,865.51,835.98,806.09,775.88,745.44,714.86,684.24,653.8,623.63,594.1,565.48,538.09,512.28,488.57,467.49,449.88,434.78,426.03,424.04,422.6,421.19,420.12,418.62,416.54,414.07,411.15,407.82,404.06
894.51,865.5,835.99,806.08,775.89,745.47,714.9,684.3,653.85,623.71,594.2,565.59,538.26,512.51,488.86,467.86,450.3,435.27,426.6,424.65,423.25,421.94,421,419.65,417.68,415.3,412.5,409.24,405.6
894.52,865.49,835.99,806.07,775.89,745.49,714.94,684.37,653.91,623.79,594.31,565.72,538.43,512.76,489.14,468.22,450.71,435.76,427.17,425.26,423.89,422.7,421.88,420.68,418.85,416.55,413.86,410.72,407.14
894.52,865.48,836,806.07,775.89,745.5,714.97,684.43,653.97,623.89,594.42,565.89,538.61,513.01,489.44,468.58,451.13,436.25,427.75,425.87,424.56,423.47,422.76,421.7,420.02,417.86,415.23,412.21,408.71
894.49,865.47,835.98,806.07,775.9,745.52,715.01,684.49,654.05,623.99,594.54,566.07,538.82,513.26,489.74,468.93,451.54,436.75,428.33,426.48,425.23,424.24,423.64,422.7,421.19,419.17,416.64,413.7,410.28
894.44,865.45,835.96,806.08,775.9,745.54,715.04,684.53,654.12,624.09,594.66,566.22,539.03,513.51,490.04,469.29,451.97,437.25,428.92,427.1,425.91,425.01,424.56,423.71,422.37,420.49,418.04,415.23,411.88
894.42,865.42,835.95,806.11,775.92,745.56,715.07,684.56,654.21,624.2,594.78,566.38,539.24,513.75,490.34,469.65,452.39,437.76,429.5,427.73,426.6,425.81,425.49,424.81,423.57,421.82,419.5,416.77,413.53
894.41,865.4,835.95,806.12,775.94,745.59,715.1,684.6,654.29,624.3,594.9,566.51,539.46,514,490.64,470.01,452.82,438.27,430.1,428.36,427.28,426.63,426.44,425.9,424.82,423.15,420.98,418.35,415.18
894.4,865.38,835.96,806.11,775.95,745.6,715.13,684.66,654.37,624.41,595.05,566.64,539.66,514.24,490.93,470.37,453.24,438.77,430.7,428.99,427.98,427.44,427.41,426.98,426.07,424.52,422.46,419.93,416.86
894.4,865.37,835.97,806.09,775.96,745.62,715.16,684.71,654.44,624.53,595.21,566.82,539.86,514.49,491.23,470.73,453.66,439.28,431.31,429.62,428.68,428.25,428.38,428.07,427.31,425.9,423.98,421.53,418.55
894.38,865.36,835.98,806.09,775.97,745.63,715.19,684.77,654.52,624.65,595.37,567.04,540.07,514.75,491.53,471.09,454.1,439.79,431.91,430.28,429.39,429.07,429.34,429.17,428.54,427.29,425.49,423.17,420.25
894.35,865.35,835.94,806.09,775.98,745.64,715.24,684.84,654.6,624.76,595.5,567.25,540.29,515,491.83,471.47,454.53,440.3,432.52,430.93,430.1,429.9,430.3,430.28,429.79,428.68,427.03,424.81,422.01
894.32,865.33,835.9,806.1,775.99,745.68,715.28,684.9,654.69,624.85,595.64,567.42,540.5,515.26,492.12,471.85,454.97,440.82,433.14,431.59,430.82,430.74,431.31,431.4,431.07,430.09,428.58,426.49,423.76
894.31,865.31,835.89,806.12,776.01,745.72,715.31,684.96,654.78,624.95,595.78,567.6,540.72,515.52,492.41,472.22,455.42,441.35,433.76,432.25,431.56,431.59,432.36,432.59,432.35,431.57,430.14,428.18,425.57
894.3,865.3,835.88,806.12,776.03,745.74,715.33,685.01,654.86,625.05,595.91,567.76,540.93,515.77,492.7,472.61,455.86,441.88,434.39,432.92,432.3,432.47,433.4,433.8,433.71,433.04,431.77,429.89,427.4
894.31,865.29,835.9,806.12,776.06,745.76,715.36,685.04,654.93,625.16,596.06,567.93,541.14,516.03,493.01,473,456.3,442.41,435.02,433.6,433.04,433.35,434.43,435.02,435.1,434.54,433.41,431.63,429.25
894.31,865.29,835.91,806.13,776.1,745.78,715.4,685.09,654.99,625.28,596.22,568.1,541.34,516.27,493.31,473.39,456.76,442.95,435.66,434.28,433.8,434.25,435.46,436.24,436.48,436.05,435.05,433.39,431.13
894.29,865.3,835.89,806.13,776.11,745.78,715.44,685.14,655.06,625.4,596.37,568.28,541.55,516.52,493.64,473.78,457.21,443.48,436.32,434.97,434.56,435.14,436.53,437.47,437.81,437.56,436.71,435.18,433
894.27,865.28,835.87,806.14,776.12,745.81,715.48,685.19,655.12,625.51,596.51,568.46,541.75,516.76,493.99,474.17,457.66,444.03,436.97,435.68,435.34,436.05,437.62,438.72,439.16,439.1,438.37,436.99,434.93
894.25,865.26,835.87,806.16,776.12,745.84,715.52,685.25,655.19,625.61,596.65,568.63,541.96,516.99,494.34,474.57,458.12,444.58,437.62,436.39,436.11,436.96,438.72,439.99,440.57,440.64,440.07,438.81,436.9
894.24,865.26,835.89,806.17,776.13,745.89,715.55,685.31,655.27,625.7,596.78,568.79,542.17,517.24,494.68,474.96,458.57,445.12,438.28,437.11,436.9,437.88,439.85,441.27,442.01,442.23,441.76,440.69,438.87
894.23,865.26,835.91,806.17,776.15,745.95,715.58,685.36,655.35,625.79,596.92,568.96,542.37,517.5,495.02,475.35,459.03,445.68,438.95,437.82,437.69,438.83,440.98,442.58,443.46,443.85,443.54,442.58,440.9
894.23,865.27,835.94,806.19,776.18,746.01,715.63,685.42,655.43,625.87,597.04,569.13,542.56,517.76,495.37,475.76,459.5,446.23,439.62,438.55,438.49,439.79,442.13,443.88,444.98,445.49,445.37,444.51,442.92
894.19,865.28,835.95,806.22,776.2,746.03,715.68,685.46,655.51,625.97,597.18,569.3,542.76,518.05,495.7,476.15,459.97,446.8,440.3,439.29,439.3,440.76,443.28,445.23,446.49,447.15,447.19,446.47,445
894.16,865.26,835.95,806.23,776.25,746.07,715.74,685.51,655.59,626.07,597.3,569.47,542.96,518.35,496.04,476.54,460.44,447.36,440.99,440.04,440.12,441.74,444.46,446.59,448.04,448.82,449,448.42,447.11
894.16,865.25,835.96,806.24,776.28,746.11,715.82,685.56,655.66,626.17,597.42,569.63,543.17,518.65,496.39,476.95,460.91,447.93,441.68,440.8,440.96,442.73,445.67,447.97,449.59,450.53,450.81,450.39,449.23
894.16,865.25,835.97,806.25,776.3,746.15,715.87,685.61,655.72,626.27,597.55,569.79,543.4,518.94,496.74,477.35,461.39,448.51,442.39,441.55,441.8,443.73,446.88,449.38,451.16,452.25,452.69,452.35,451.38
894.17,865.24,835.96,806.26,776.32,746.19,715.92,685.67,655.76,626.37,597.67,569.96,543.65,519.24,497.09,477.76,461.86,449.09,443.1,442.32,442.65,444.74,448.13,450.79,452.74,453.99,454.62,454.41,453.53
894.19,865.26,835.94,806.27,776.33,746.24,715.97,685.73,655.82,626.46,597.8,570.13,543.9,519.53,497.43,478.17,462.34,449.67,443.81,443.09,443.52,445.78,449.38,452.23,454.31,455.8,456.55,456.54,455.75
894.18,865.28,835.94,806.28,776.34,746.28,716.03,685.8,655.9,626.57,597.95,570.3,544.14,519.83,497.77,478.58,462.83,450.25,444.54,443.88,444.39,446.83,450.64,453.67,455.99,457.61,458.53,458.67,458.04
894.18,865.28,835.95,806.3,776.35,746.32,716.08,685.89,655.98,626.7,598.1,570.51,544.39,520.13,498.12,478.99,463.32,450.86,445.26,444.68,445.28,447.89,451.89,455.16,457.68,459.47,460.51,460.82,460.33
894.21,865.28,835.95,806.28,776.37,746.34,716.14,685.96,656.07,626.84,598.27,570.72,544.64,520.43,498.48,479.4,463.82,451.46,446,445.48,446.16,448.96,453.16,456.68,459.4,461.34,462.53,462.97,462.63
894.23,865.27,835.96,806.26,776.38,746.35,716.19,686.03,656.16,626.96,598.43,570.94,544.89,520.72,498.83,479.82,464.32,452.06,446.75,446.3,447.07,450.04,454.51,458.21,461.16,463.23,464.58,465.17,464.93
894.19,865.25,835.95,806.27,776.4,746.36,716.25,686.11,656.27,627.08,598.6,571.15,545.13,521.01,499.19,480.23,464.82,452.67,447.5,447.12,447.97,451.15,455.86,459.76,462.91,465.19,466.64,467.41,467.31
894.17,865.24,835.93,806.28,776.39,746.38,716.3,686.17,656.38,627.21,598.77,571.36,545.37,521.29,499.55,480.65,465.31,453.28,448.27,447.96,448.9,452.26,457.21,461.3,464.66,467.14,468.81,469.66,469.77
894.16,865.22,835.9,806.27,776.39,746.4,716.34,686.25,656.5,627.33,598.93,571.56,545.62,521.58,499.91,481.07,465.82,453.91,449.03,448.8,449.83,453.39,458.56,462.89,466.42,469.13,470.98,472.03,472.23
894.14,865.2,835.88,806.27,776.4,746.43,716.38,686.33,656.63,627.46,599.09,571.76,545.87,521.86,500.27,481.49,466.33,454.53,449.83,449.65,450.78,454.53,459.93,464.49,468.23,471.11,473.19,474.39,474.72
894.12,865.19,835.87,806.26,776.41,746.45,716.4,686.4,656.74,627.58,599.25,571.95,546.13,522.16,500.62,481.92,466.84,455.18,450.62,450.51,451.75,455.67,461.32,466.1,470.09,473.14,475.42,476.76,477.21
894.1,865.17,835.87,806.25,776.43,746.47,716.43,686.47,656.84,627.72,599.41,572.14,546.38,522.46,500.97,482.34,467.36,455.83,451.42,451.38,452.72,456.83,462.72,467.78,471.96,475.23,477.66,479.14,479.75
894.08,865.16,835.88,806.28,776.46,746.49,716.46,686.53,656.93,627.84,599.58,572.34,546.64,522.76,501.34,482.78,467.89,456.48,452.23,452.28,453.72,457.99,464.21,469.46,473.87,477.32,479.96,481.53,482.37
894.07,865.16,835.88,806.3,776.47,746.49,716.5,686.59,657,627.97,599.74,572.53,546.88,523.06,501.69,483.22,468.41,457.14,453.05,453.17,454.73,459.22,465.69,471.19,475.78,479.48,482.26,484.09,484.98
894.09,865.17,835.89,806.31,776.47,746.52,716.55,686.65,657.09,628.1,599.89,572.75,547.13,523.36,502.05,483.66,468.94,457.81,453.88,454.08,455.74,460.46,467.2,472.94,477.75,481.64,484.62,486.65,487.72
894.1,865.17,835.9,806.31,776.5,746.58,716.61,686.73,657.18,628.23,600.03,572.95,547.38,523.67,502.41,484.1,469.47,458.49,454.72,454.99,456.75,461.71,468.71,474.71,479.74,483.83,486.99,489.21,490.47
894.1,865.17,835.91,806.33,776.54,746.62,716.68,686.8,657.29,628.37,600.17,573.15,547.62,523.98,502.78,484.54,470.02,459.17,455.58,455.92,457.77,462.98,470.23,476.49,481.74,486.05,489.4,491.79,493.24
894.11,865.2,835.92,806.36,776.59,746.66,716.74,686.87,657.39,628.5,600.34,573.36,547.86,524.28,503.14,484.99,470.55,459.86,456.43,456.85,458.84,464.26,471.73,478.27,483.8,488.28,491.89,494.4,496.03
894.13,865.23,835.96,806.4,776.64,746.7,716.8,686.95,657.5,628.63,600.5,573.57,548.09,524.59,503.51,485.45,471.11,460.56,457.31,457.79,459.9,465.54,473.24,480.1,485.87,490.64,494.37,497.13,498.82
894.15,865.26,835.99,806.44,776.68,746.76,716.87,687.04,657.6,628.75,600.67,573.78,548.33,524.9,503.88,485.91,471.66,461.27,458.2,458.76,460.99,466.81,474.88,481.92,487.97,493,496.93,499.86,501.74
894.17,865.28,836.02,806.47,776.7,746.83,716.93,687.12,657.71,628.87,600.84,573.98,548.59,525.21,504.24,486.38,472.23,462,459.1,459.72,462.09,468.15,476.55,483.83,490.09,495.37,499.5,502.63,504.66
894.18,865.3,836.06,806.5,776.75,746.91,717,687.22,657.82,628.98,601,574.17,548.83,525.54,504.6,486.85,472.81,462.73,460.02,460.71,463.2,469.5,478.22,485.8,492.26,497.73,502.1,505.43,507.62
894.18,865.33,836.09,806.54,776.81,746.97,717.07,687.32,657.93,629.11,601.16,574.36,549.09,525.86,504.98,487.33,473.38,463.48,460.95,461.69,464.31,470.87,479.87,487.78,494.51,500.12,504.74,508.24,510.63
894.18,865.35,836.12,806.59,776.86,747.01,717.13,687.44,658.04,629.23,601.32,574.55,549.35,526.15,505.37,487.8,473.95,464.23,461.89,462.7,465.44,472.25,481.53,489.75,496.75,502.62,507.37,511.12,513.64
894.18,865.38,836.17,806.65,776.92,747.05,717.21,687.56,658.15,629.38,601.47,574.74,549.6,526.45,505.75,488.29,474.53,465.01,462.83,463.71,466.6,473.64,483.27,491.73,499.04,505.12,510.11,514.01,516.79
894.18,865.43,836.23,806.69,776.95,747.11,717.29,687.65,658.28,629.55,601.64,574.94,549.85,526.73,506.13,488.76,475.1,465.79,463.8,464.72,467.77,475.09,485,493.76,501.34,507.69,512.86,516.99,519.93
894.17,865.44,836.26,806.72,776.98,747.17,717.38,687.73,658.39,629.71,601.82,575.14,550.1,527.01,506.51,489.23,475.68,466.58,464.79,465.76,468.96,476.53,486.79,495.79,503.67,510.27,515.68,520,523.14
894.18,865.43,836.29,806.76,777.03,747.24,717.46,687.81,658.51,629.88,602.01,575.36,550.36,527.31,506.9,489.7,476.23,467.37,465.77,466.8,470.14,478.01,488.58,497.88,506,512.87,518.58,523.06,526.4
894.17,865.43,836.32,806.81,777.09,747.29,717.51,687.89,658.63,630.03,602.22,575.59,550.61,527.64,507.29,490.03,476.77,468.17,466.78,467.86,471.35,479.5,490.4,500.02,508.37,515.52,521.48,526.25,529.67
894.15,865.42,836.36,806.87,777.14,747.34,717.56,687.98,658.76,630.17,602.41,575.84,550.85,527.95,507.67,490.35,477.32,468.98,467.79,468.91,472.59,481.01,492.24,502.16,510.84,518.15,524.43,529.44,533.1
894.16,865.44,836.41,806.94,777.19,747.38,717.63,688.07,658.88,630.32,602.61,576.09,551.14,528.25,508.05,490.89,477.86,469.79,468.84,470,473.82,482.54,494.09,504.4,513.32,520.94,527.38,532.63,536.52
894.18,865.47,836.43,806.97,777.23,747.42,717.69,688.15,659,630.46,602.8,576.34,551.44,528.56,508.46,491.48,478.51,470.61,469.88,471.1,475.09,484.08,496.02,506.62,515.86,523.74,530.42,535.83,539.96
894.18,865.44,836.41,806.98,777.27,747.48,717.76,688.24,659.12,630.6,602.99,576.58,551.75,528.92,508.86,492.03,479.3,471.43,470.94,472.22,476.36,485.67,497.95,508.9,518.41,526.6,533.5,539.09,543.43
894.19,865.43,836.41,807.02,777.34,747.55,717.83,688.34,659.23,630.75,603.19,576.87,552.07,529.27,509.25,492.56,480.06,472.28,472.01,473.36,477.68,487.24,499.92,511.19,521,529.51,536.61,542.42,546.91
894.22,865.44,836.43,807.06,777.4,747.61,717.9,688.44,659.35,630.92,603.41,577.16,552.39,529.67,509.63,493.09,480.76,473.13,473.11,474.51,479,488.88,501.9,513.52,523.65,532.43,539.85,545.75,550.52
894.25,865.45,836.45,807.11,777.45,747.67,717.97,688.53,659.48,631.08,603.64,577.42,552.69,530.07,510.1,493.6,481.45,474,474.21,475.7,480.35,490.52,503.93,515.88,526.3,535.45,543.09,549.27,554.14
894.27,865.47,836.47,807.14,777.5,747.72,718.03,688.61,659.6,631.26,603.86,577.67,552.99,530.44,510.61,494.11,482.12,474.87,475.32,476.87,481.71,492.2,505.98,518.26,529.03,538.46,546.34,552.78,557.87
894.29,865.48,836.46,807.15,777.53,747.77,718.1,688.71,659.76,631.45,604.08,577.88,553.26,530.82,511.18,494.64,482.78,475.75,476.43,478.12,483.09,493.91,508.05,520.73,531.76,541.54,549.61,556.36,561.66
894.29,865.48,836.46,807.17,777.57,747.82,718.18,688.82,659.91,631.62,604.26,578.09,553.55,531.23,511.79,495.19,483.46,476.63,477.56,479.36,484.49,495.64,510.19,523.2,534.58,544.62,552.95,560,565.49
894.32,865.51,836.49,807.2,777.61,747.87,718.26,688.95,660.06,631.78,604.42,578.32,553.86,531.66,512.31,495.97,484.14,477.51,478.72,480.64,485.91,497.4,512.33,525.73,537.43,547.76,556.38,563.66,569.45
894.35,865.55,836.52,807.24,777.67,747.96,718.35,689.08,660.19,631.91,604.57,578.56,554.15,532.01,512.7,496.76,484.86,478.43,479.88,481.92,487.37,499.17,514.53,528.28,540.34,550.96,559.83,567.41,573.42
894.39,865.59,836.56,807.3,777.74,748.03,718.44,689.17,660.3,632.03,604.72,578.78,554.4,532.34,513.09,497.26,485.6,479.35,481.07,483.23,488.83,500.98,516.74,530.88,543.32,554.18,563.44,571.16,577.46
894.42,865.63,836.59,807.35,777.8,748.07,718.5,689.26,660.41,632.17,604.89,578.98,554.66,532.67,513.5,497.77,486.35,480.28,482.24,484.55,490.34,502.8,519.01,533.51,546.31,557.53,567.04,575.03,581.53
894.46,865.66,836.61,807.4,777.86,748.12,718.58,689.35,660.54,632.33,605.07,579.19,554.97,533,513.92,498.33,487.13,481.21,483.46,485.89,491.85,504.68,521.32,536.18,549.39,560.89,570.73,578.95,585.66
894.5,865.7,836.65,807.44,777.9,748.17,718.66,689.46,660.67,632.51,605.32,579.42,555.28,533.38,514.38,498.89,487.89,482.17,484.7,487.28,493.41,506.57,523.65,538.94,552.47,564.33,574.45,582.93,589.88
894.54,865.75,836.67,807.47,777.94,748.24,718.77,689.59,660.82,632.71,605.58,579.72,555.6,533.8,514.86,499.48,488.62,483.12,485.95,488.67,494.98,508.5,526.03,541.69,555.64,567.8,578.21,587.02,594.09
894.58,865.81,836.72,807.52,778,748.34,718.88,689.73,660.99,632.97,605.86,580.06,555.92,534.2,515.35,500.08,489.36,484.11,487.21,490.11,496.58,510.46,528.42,544.57,558.83,571.33,582.05,591.11,598.49
894.62,865.86,836.77,807.56,778.06,748.44,719.02,689.88,661.18,633.24,606.13,580.4,556.38,534.57,515.85,500.69,490.12,485.11,488.49,491.55,498.2,512.44,530.87,547.46,562.07,574.92,585.9,595.3,602.89
894.6,865.89,836.8,807.59,778.12,748.55,719.15,690.03,661.34,633.4,606.35,580.72,556.84,535.02,516.34,501.31,490.89,486.12,489.8,493.01,499.85,514.46,533.33,550.39,565.37,578.53,589.91,599.48,607.39
894.61,865.94,836.84,807.62,778.17,748.62,719.23,690.14,661.47,633.52,606.57,580.98,557.15,535.54,516.83,501.94,491.67,487.15,491.12,494.48,501.55,516.49,535.87,553.33,568.72,582.25,593.93,603.82,611.95
894.64,865.99,836.89,807.65,778.24,748.69,719.31,690.24,661.59,633.68,606.78,581.2,557.45,536.02,517.36,502.57,492.45,488.18,492.48,496.01,503.22,518.61,538.43,556.35,572.26,586.05,598.05,608.25,616.54
894.68,866,836.98,807.69,778.3,748.76,719.41,690.35,661.72,633.82,606.98,581.49,557.77,536.44,517.91,503.21,493.26,489.23,493.87,497.55,504.97,520.68,541.13,559.45,575.72,589.97,602.2,612.73,621.26
894.7,866,837.08,807.73,778.35,748.85,719.52,690.48,661.86,633.99,607.2,581.81,558.09,536.86,518.47,503.87,494.09,490.31,495.26,499.09,506.71,522.88,543.92,562.52,579.31,593.92,606.44,617.31,625.98
894.69,866.01,837.07,807.8,778.4,748.94,719.63,690.61,661.98,634.16,607.41,582.07,558.43,537.27,519.02,504.53,494.93,491.41,496.69,500.64,508.54,525.11,546.68,565.77,582.9,597.94,610.82,621.79,630.94
894.67,866.05,837.05,807.86,778.45,749.01,719.74,690.74,662.21,634.33,607.6,582.31,558.78,537.69,519.55,505.2,495.76,492.51,498.15,502.24,510.35,527.39,549.41,569.01,586.53,602.03,615.12,626.52,635.87
894.64,866.1,837.07,807.89,778.49,749.05,719.84,690.87,662.44,634.53,607.82,582.53,559.12,538.12,520.06,505.88,496.62,493.63,499.6,503.89,512.19,529.68,552.2,572.4,590.21,606.12,619.59,631.27,640.92
894.62,866.02,837.1,807.9,778.54,749.11,719.95,691.01,662.58,634.83,608.11,582.76,559.46,538.54,520.59,506.58,497.49,494.78,501.09,505.56,514.05,532.02,555.06,575.8,594.03,610.27,624.14,636.13,646.14
894.63,865.98,837.12,807.9,778.58,749.18,720.06,691.15,662.71,635.1,608.4,583.11,559.82,538.96,521.13,507.26,498.37,495.94,502.61,507.26,515.98,534.39,557.98,579.24,597.95,614.41,628.86,641.11,651.38
894.63,865.99,837.1,807.94,778.59,749.29,720.19,691.29,662.87,635.27,608.69,583.5,560.18,539.4,521.68,507.96,499.25,497.13,504.15,508.93,517.95,536.79,561.02,582.75,601.85,618.9,633.64,646.21,656.69
894.63,866.05,837.1,807.98,778.61,749.4,720.31,691.43,663.03,635.46,608.97,583.85,560.61,539.87,522.24,508.67,500.15,498.36,505.72,510.7,519.95,539.26,564.05,586.37,605.98,623.33,638.47,651.46,661.89
894.67,866.06,837.13,808.04,778.69,749.39,720.39,691.63,663.24,635.69,609.25,584.19,561.04,540.37,522.82,509.4,501.07,499.56,507.31,512.46,521.99,541.78,567.18,590.04,610.12,627.95,643.4,656.6,667.47
894.67,866.06,837.17,808.05,778.78,749.41,720.46,691.77,663.42,635.89,609.5,584.51,561.43,540.9,523.42,510.12,502,500.8,508.94,514.34,524.06,544.33,570.33,593.68,614.35,632.6,648.36,662.01,673.09
894.66,866.12,837.18,808.06,778.88,749.48,720.49,691.8,663.53,636.07,609.72,584.83,561.84,541.4,524.03,510.87,502.96,502.06,510.61,516.16,526.17,546.94,573.61,597.45,618.68,637.31,653.47,667.34,678.77
894.66,866.11,837.17,808.1,778.88,749.64,720.54,691.89,663.66,636.22,609.92,585.14,562.26,541.85,524.64,511.61,503.93,503.34,512.29,518.09,528.3,549.64,576.92,601.32,623.14,642.19,658.59,672.84,684.58
894.71,866.09,837.17,808.1,778.9,749.79,720.62,692.02,663.79,636.36,610.1,585.44,562.66,542.33,525.24,512.38,504.91,504.63,514.01,519.98,530.54,552.35,580.3,605.32,627.58,647.1,663.86,678.43,690.43
894.64,866.09,837.22,808.09,778.95,749.8,720.77,692.14,663.97,636.61,610.36,585.75,563.06,542.81,525.85,513.16,505.89,505.97,515.78,521.91,532.74,555.15,583.77,609.34,632.1,652.14,669.24,684.11,696.63
894.64,866.13,837.27,808.06,779,749.82,720.91,692.25,664.16,636.88,610.63,586.05,563.46,543.31,526.48,513.95,506.9,507.31,517.56,523.89,535.01,557.97,587.25,613.5,636.76,657.19,674.8,689.95,702.84
894.69,866.14,837.29,808.15,779.04,749.87,721,692.36,664.33,637.13,610.94,586.39,563.86,543.81,527.11,514.77,507.93,508.67,519.39,525.94,537.33,560.93,590.87,617.75,641.54,662.45,680.46,695.82,709.06
894.71,866.15,837.3,808.23,779.09,750.02,721.1,692.5,664.52,637.37,611.23,586.7,564.28,544.33,527.79,515.58,508.97,510.08,521.22,528,539.74,563.87,594.46,622.17,646.45,667.73,686.25,701.97,715.38
894.69,866.19,837.41,808.29,779.14,750.12,721.2,692.7,664.77,637.53,611.51,587,564.76,544.87,528.46,516.41,510.03,511.53,523.13,530.12,542.15,566.87,598.26,626.56,651.4,673.27,692.25,708.27,721.98
894.82,866.24,837.42,808.33,779.22,750.19,721.36,692.82,664.93,637.8,611.79,587.34,565.21,545.42,529.15,517.27,511.12,512.99,525.09,532.3,544.65,569.96,602.07,631.08,656.51,678.92,698.26,714.76,728.72
894.74,866.3,837.43,808.39,779.31,750.23,721.5,692.94,665.03,638.17,612.12,587.74,565.65,545.95,529.82,518.13,512.25,514.5,527.11,534.55,547.15,573.15,606.13,635.68,661.63,684.61,704.39,721.31,735.45
894.84,866.29,837.52,808.47,779.37,750.32,721.62,693.08,665.23,638.32,612.49,588.17,566.07,546.5,530.55,519.03,513.39,516.02,529.08,536.8,549.75,576.39,610.08,640.36,667.09,690.39,710.66,727.97,742.37
894.87,866.35,837.61,808.55,779.45,750.44,721.65,693.29,665.42,638.42,612.88,588.63,566.45,547.06,531.26,519.92,514.55,517.62,531.13,539.06,552.36,579.71,614.31,645.21,672.46,696.34,717.22,734.73,749.28
894.96,866.39,837.59,808.6,779.57,750.59,721.71,693.5,665.61,638.71,613.12,588.92,566.93,547.65,532,520.87,515.74,519.23,533.24,541.39,555.1,583.1,618.44,650.17,678.1,702.47,723.65,741.6,756.64
895.05,866.49,837.6,808.7,779.67,750.65,721.83,693.63,665.77,638.96,613.34,589.21,567.41,548.25,532.72,521.8,516.98,520.89,535.49,543.78,557.86,586.59,622.82,655.34,683.71,708.63,730.27,748.65,763.87
895.06,866.61,837.66,808.73,779.69,750.73,722.06,693.74,665.98,639.16,613.56,589.72,567.73,548.74,533.42,522.75,518.27,522.61,537.69,546.22,560.66,590.16,627.24,660.45,689.53,715.02,737.06,755.77,771.4
895.14,866.62,837.72,808.76,779.76,750.81,722.19,693.86,666.3,639.35,613.84,590.08,568.15,549.25,534.13,523.71,519.6,524.36,540.01,548.67,563.52,593.72,631.79,665.74,695.49,721.56,744.07,763.29,779.07
895.17,866.68,837.74,808.79,779.84,750.93,722.32,694.01,666.47,639.6,614.16,590.25,568.82,549.89,534.83,524.72,520.96,526.14,542.28,551.15,566.45,597.39,636.38,671.15,701.57,728.19,751.19,770.63,786.88
895.24,866.78,837.82,808.85,779.93,751.03,722.44,694.27,666.6,639.99,614.48,590.66,569.28,550.55,535.62,525.76,522.37,527.97,544.67,553.68,569.34,601.09,641.05,676.6,707.74,734.97,758.48,778.24,794.93
895.28,866.79,837.9,808.92,780,751.14,722.59,694.5,666.77,640.28,614.79,591.18,569.55,551.24,536.54,526.86,523.8,529.87,547.06,556.2,572.2,604.76,645.75,682.18,713.98,741.95,765.99,786.02,803.12
895.4,866.89,837.98,808.97,780.06,751.3,722.75,694.67,667.03,640.54,615.06,591.58,570.11,551.85,537.28,528,525.26,531.84,549.48,558.7,575.11,608.39,650.44,687.82,720.37,748.96,773.45,794.02,811.39
895.49,866.95,838.14,809.07,780.14,751.46,722.92,694.85,667.35,640.77,615.56,591.92,570.73,552.42,537.86,529.16,526.77,533.82,551.92,561.17,577.97,611.89,655.13,693.46,726.88,756.06,781.2,802.1,819.68
895.63,867.03,838.28,809.23,780.26,751.57,723.09,695.04,667.7,640.99,616.03,592.19,571.2,553.01,538.82,529.82,528.03,535.81,554.41,563.61,580.79,615.36,659.55,699.07,733.4,763.19,788.8,810.39,828.4
895.77,867.14,838.41,809.39,780.4,751.68,723.29,695.23,667.89,641.29,616.28,592.76,571.68,553.63,539.93,530.26,529.2,537.76,556.85,566.02,583.58,618.67,663.82,704.54,739.83,770.42,796.66,818.77,837.13
895.91,867.26,838.54,809.51,780.51,751.81,723.47,695.47,668.09,641.72,616.57,593.41,572.17,554.46,540.46,531.88,530.24,539.63,559.3,568.41,586.3,621.93,667.91,709.63,745.98,777.6,804.54,827.14,846
896.07,867.42,838.59,809.69,780.67,751.98,723.64,695.69,668.31,642.08,616.89,593.95,572.77,555.18,541.17,533.53,531.25,541.47,561.68,570.72,588.94,624.95,671.77,714.74,752.24,784.57,812.34,835.6,854.9
896.22,867.56,838.8,809.87,780.88,752.2,723.81,695.92,668.54,642.38,617.32,594.34,573.44,555.78,542.46,534.06,533.31,543.39,564.16,573.05,591.5,627.93,675.44,719.32,758.17,791.48,820.13,843.94,863.81
896.36,867.73,838.87,809.97,781.06,752.32,724.01,696.16,668.87,642.61,617.83,594.67,574.27,556.49,543.45,535.03,535.21,545.38,566.58,575.37,594.06,630.73,678.78,723.77,763.95,798.3,827.69,852.32,872.74
896.53,867.89,839.09,810.1,781.25,752.49,724.2,696.4,669.2,642.91,618.33,595.09,574.93,557.27,544.16,536.91,536.13,547.02,569.18,577.68,596.59,633.51,681.95,727.83,769.05,804.8,835.18,860.52,881.71
896.65,868.05,839.24,810.3,781.45,752.72,724.42,696.67,669.5,643.21,618.76,595.69,575.47,558.23,545.08,538.32,537.52,548.68,571.69,580.03,599.12,636.21,684.94,731.65,774.14,811.14,842.37,868.62,890.61
896.8,868.2,839.41,810.48,781.64,752.93,724.66,696.91,669.82,643.57,619.08,596.37,575.88,559.17,546.08,539.35,539.71,550.72,573.75,582.64,601.6,638.9,687.84,735.16,778.69,816.97,849.47,876.71,899.27
896.97,868.36,839.6,810.67,781.83,753.11,724.89,697.15,670.14,644.08,619.44,597.03,576.49,560.1,547.38,540.38,541.46,552.86,575.85,585.38,604.11,641.51,690.61,738.49,783.16,822.72,856.28,884.39,907.79
897.13,868.54,839.78,810.89,782.08,753.35,725.14,697.4,670.47,644.51,619.86,597.61,577.28,560.76,548.6,541.52,542.94,555.28,577.91,587.85,606.64,644.11,693.34,741.66,787.04,827.82,862.74,892.02,916.38
897.31,868.71,839.98,811.05,782.3,753.68,725.43,697.7,670.81,644.92,620.26,598.14,578.14,561.41,549.76,543.31,544.23,557.31,580.19,590.21,609.11,646.54,696,744.67,790.85,832.93,869.01,899.25,924.57
897.5,868.92,840.21,811.29,782.57,753.91,725.71,698.02,671.12,645.31,620.86,598.6,579,562.02,550.82,544.92,545.66,558.93,582.75,592.59,611.58,648.99,698.62,747.53,794.38,837.45,874.73,906.31,932.6
897.66,869.13,840.4,811.55,782.8,754.21,725.97,698.33,671.43,645.74,621.5,599.14,579.84,563.22,551.75,546.37,547.98,561.06,584.86,594.93,613.94,651.45,701.14,750.25,797.73,841.86,880.42,913.03,940.1
897.82,869.32,840.63,811.8,783.05,754.54,726.28,698.64,671.75,646.15,622.06,599.64,580.62,564.39,552.53,547.7,550.05,563.34,586.67,598.03,616.38,653.89,703.56,752.89,800.84,845.76,885.52,919.56,947.75
898.01,869.5,840.86,812.06,783.32,754.85,726.6,698.98,672.09,646.55,622.54,600.14,581.27,565.55,553.78,548.97,551.91,565.61,589.45,600.89,618.89,656.25,705.92,755.42,803.83,849.59,890.59,925.87,954.96
898.22,869.7,841.07,812.33,783.62,755.15,726.93,699.35,672.5,646.97,623.07,600.76,581.92,566.6,555.08,550.18,553.56,567.88,592.41,602.87,621.29,658.52,708.23,757.84,806.58,852.92,895.05,931.68,962.03
898.41,869.91,841.3,812.58,783.91,755.46,727.31,699.71,672.96,647.39,623.62,601.63,582.64,567.61,556.25,551.48,555.19,570,594.66,604.88,623.39,660.69,710.5,760.14,809.19,856.15,899.42,937.24,968.7
898.6,870.13,841.55,812.83,784.2,755.77,727.72,700.08,673.45,647.86,624.15,602.48,583.41,568.56,557.53,552.87,556.98,572.05,596.94,606.92,625.68,663.11,712.71,762.38,811.64,859.13,903.17,942.3,975.09
898.8,870.36,841.78,813.13,784.51,756.09,728.1,700.54,673.95,648.41,624.68,603.21,584.22,569.41,558.95,554.57,558.61,574.02,599.13,609.14,628.09,665.63,714.86,764.56,814,862.04,906.96,947.21,981.21
899.03,870.6,842.01,813.4,784.86,756.42,728.47,701.03,674.43,649.01,625.32,603.89,585.11,570.35,560.51,556.12,560.15,575.93,601.31,611.37,630.38,667.82,716.96,766.66,816.14,864.54,910.15,951.6,986.93
899.23,870.86,842.28,813.65,785.21,756.75,728.84,701.49,674.94,649.63,626.03,604.56,586.08,571.36,561.78,557.68,562.08,577.91,603.52,613.77,632.69,669.97,719.08,768.68,818.18,866.89,913.31,955.9,992.34
899.44,871.1,842.56,813.93,785.53,757.06,729.22,701.95,675.5,650.25,626.73,605.34,586.97,572.42,563,559.45,563.96,579.96,605.66,616.08,634.97,672.03,721.07,770.6,820.1,869.03,915.96,959.33,997.16
899.65,871.32,842.83,814.22,785.83,757.41,729.61,702.42,676.08,650.9,627.46,606.23,587.85,573.5,564.18,561.11,565.85,582.08,607.82,618.34,637.15,674.08,723.05,772.5,821.97,871.07,918.47,962.84,1001.8
899.89,871.57,843.1,814.52,786.14,757.8,729.98,702.89,676.64,651.55,628.22,607.14,588.83,574.62,565.46,562.7,567.71,584.21,609.96,620.52,639.31,676.12,724.92,774.28,823.73,872.89,920.68,965.7,1005.9
900.12,871.81,843.38,814.81,786.46,758.21,730.38,703.35,677.19,652.25,629.02,608.06,589.97,575.74,566.79,564.24,569.57,586.28,612.14,622.73,641.49,678.1,726.73,776.01,825.41,874.67,922.76,968.57,1009.9
900.35,872.07,843.66,815.12,786.78,758.65,730.84,703.8,677.74,652.95,629.81,608.99,591.11,576.9,568.13,565.79,571.39,588.3,614.29,624.9,643.59,680.05,728.51,777.64,826.95,876.25,924.56,970.89,1013.1
900.58,872.33,843.94,815.45,787.15,759,731.3,704.27,678.33,653.64,630.62,609.95,592.26,578.3,569.5,567.38,573.16,590.36,616.44,627.08,645.69,681.98,730.26,779.27,828.51,877.78,926.29,973.08,1016.3
900.81,872.58,844.21,815.77,787.52,759.41,731.7,704.78,678.9,654.32,631.45,610.94,593.43,579.7,570.96,568.96,574.94,592.36,618.55,629.3,647.8,683.91,731.96,780.78,829.89,879.1,927.77,974.87,1018.8
901.06,872.84,844.49,816.07,787.88,759.82,732.18,705.28,679.48,655.01,632.31,611.94,594.6,581.11,572.61,570.59,576.79,594.37,620.72,631.5,649.86,685.83,733.6,782.22,831.23,880.43,929.17,976.62,1021.4
901.29,873.1,844.78,816.4,788.23,760.21,732.75,705.8,680.05,655.73,633.18,612.96,595.78,582.55,574.23,572.29,578.65,596.32,622.87,633.71,651.92,687.7,735.24,783.65,832.5,881.56,930.34,978.03,1023.4
901.54,873.37,845.08,816.74,788.59,760.61,733.32,706.34,680.65,656.45,634.03,614.01,597.01,583.99,575.88,574.1,580.54,598.32,624.99,635.97,653.99,689.54,736.83,785.03,833.7,882.68,931.48,979.35,1025.2
901.79,873.65,845.38,817.07,788.99,761.04,733.79,706.95,681.29,657.17,634.91,615.06,598.26,585.42,577.59,576.01,582.4,600.52,627.09,638.17,656.1,691.39,738.41,786.41,834.85,883.67,932.41,980.39,1026.7
902.04,873.93,845.68,817.42,789.38,761.48,734.28,707.76,681.9,657.89,635.8,616.1,599.51,586.88,579.29,577.97,584.32,602.76,629.17,640.36,658.18,693.24,739.99,787.71,835.94,884.63,933.33,981.4,1028
902.29,874.21,845.97,817.78,789.78,761.95,734.75,708.32,682.52,658.65,636.68,617.17,600.78,588.39,580.99,579.91,586.46,605.04,631.23,642.55,660.27,695.07,741.52,788.97,836.98,885.51,934.08,982.15,1029.1
902.55,874.5,846.28,818.13,790.17,762.38,735.2,708.87,683.25,659.41,637.6,618.27,602.07,589.88,582.76,581.87,588.61,607.25,633.34,644.68,662.37,696.93,743.09,790.23,838,886.33,934.78,982.89,1030
902.81,874.79,846.58,818.49,790.55,762.82,735.7,709.49,684.03,660.17,638.5,619.36,603.37,591.39,584.5,583.83,590.79,609.46,635.46,646.81,664.38,698.82,744.63,791.48,838.97,887.11,935.39,983.43,1030.7
903.07,875.07,846.89,818.85,790.94,763.26,736.21,710.14,684.79,660.91,639.44,620.44,604.66,592.93,586.26,585.81,592.96,611.72,637.6,648.99,666.44,700.67,746.2,792.72,839.93,887.83,935.94,983.93,1031.3
903.34,875.35,847.22,819.21,791.35,763.72,736.74,710.76,685.4,661.65,640.38,621.55,605.98,594.49,588.05,587.82,595.14,614.02,639.76,651.2,668.55,702.54,747.76,793.95,840.86,888.54,936.44,984.3,1031.7
903.6,875.63,847.56,819.57,791.78,764.19,737.29,711.39,686.24,662.55,641.29,622.67,607.33,596.05,589.86,589.82,597.31,616.33,641.98,653.46,670.69,704.49,749.34,795.21,841.79,889.2,936.88,984.62,1032
903.87,875.92,847.89,819.95,792.21,764.64,737.87,712.08,687.13,663.48,642.23,623.8,608.68,597.64,591.64,591.83,599.52,618.63,644.22,655.71,672.87,706.46,750.99,796.5,842.73,889.84,937.29,984.87,1032.1
904.13,876.21,848.22,820.33,792.64,765.11,738.46,712.77,687.94,664.38,643.19,624.96,610.03,599.24,593.44,593.9,601.78,620.97,646.63,658.02,675.13,708.53,752.74,797.83,843.7,890.47,937.65,985.06,1032.3
904.39,876.51,848.55,820.72,793.07,765.56,739.07,713.42,688.67,665.32,644.17,626.11,611.42,600.84,595.3,595.94,604.01,623.4,649.02,660.47,677.57,710.76,754.54,799.23,844.67,891.13,938.01,985.2,1032.3
904.66,876.81,848.89,821.11,793.5,766.03,739.66,714.06,689.39,666.26,645.16,627.29,612.83,602.47,597.2,598.05,606.31,625.83,651.47,663.09,680.16,713.15,756.49,800.7,845.75,891.79,938.36,985.32,1032.2
904.94,877.1,849.23,821.51,793.94,766.54,740.25,714.68,690.12,667.23,646.26,628.5,614.26,604.16,599.17,600.29,608.69,628.38,654.13,665.91,682.92,715.76,758.68,802.32,846.87,892.49,938.72,985.41,1032.1
905.22,877.4,849.59,821.92,794.35,767.09,740.85,715.37,690.83,668.2,647.54,629.69,615.74,605.89,601.19,602.56,611.22,631.12,657.02,668.92,685.97,718.66,761.07,804.09,848.08,893.26,939.07,985.48,1032
905.5,877.71,849.96,822.32,794.76,767.62,741.44,716.11,691.57,669.15,649.02,630.9,617.21,607.72,603.32,604.94,613.98,634.14,660.32,672.28,689.54,722.12,763.76,806.08,849.5,894.09,939.49,985.57,1031.8
905.78,878.03,850.33,822.71,795.17,768.17,742.05,716.83,692.3,670.14,650.33,632.12,618.73,609.61,605.63,607.6,616.95,637.35,663.95,676.48,693.66,726.21,767.11,808.37,851.08,895.06,939.95,985.67,1031.6
906.07,878.34,850.7,823.09,795.6,768.73,742.65,717.58,693.06,671.26,651.57,633.85,620.31,611.55,608.06,610.59,620.63,641.5,668.17,681.69,699.13,731.32,771.13,811.16,852.83,896.17,940.49,985.82,1031.4
906.36,878.66,851.06,823.48,796,769.3,743.32,718.3,693.88,672.7,652.76,635.6,621.9,613.63,610.69,613.92,624.87,646.58,673.93,688.21,706.03,737.4,776.01,814.49,855.02,897.43,941.18,986.01,1031.2
906.64,879,851.42,823.86,796.47,769.87,743.98,719.04,694.78,673.81,654.08,637.41,623.51,615.8,613.52,617.62,629.81,652.95,681.75,696.85,715.09,746.19,782.03,818.59,857.64,899,942,986.29,1031.1
906.94,879.33,851.79,824.27,796.99,770.44,744.66,719.78,695.69,674.79,655.31,638.96,625.29,618.05,616.55,621.77,635.32,660.86,692.15,710.22,727.43,758.21,790.57,823.65,860.93,900.95,943,986.7,1031
907.23,879.66,852.15,824.69,797.5,771.01,745.37,720.5,696.6,675.8,656.59,640.52,627.71,620.31,619.73,626.2,641.79,671.31,705.68,728.61,747.46,774.89,801.95,830.59,864.86,903.29,944.37,987.2,1031
907.52,879.99,852.53,825.11,798.01,771.69,746.06,721.22,697.51,676.87,658,642.18,630.03,622.65,623.07,630.92,648.71,683.18,724.05,751.49,774.9,797.72,817.24,839.53,870.29,906.2,946.03,987.96,1031.2
907.8,880.33,852.89,825.51,798.54,772.33,746.74,721.94,698.48,677.93,659.48,643.89,632.42,625.1,626.55,636.03,656.22,695.36,744.52,778.28,808.91,837.16,837.76,851.31,877.04,910.12,947.98,988.95,1031.4
908.09,880.67,853.27,825.93,799.05,772.93,747.33,722.65,699.49,679.07,660.96,645.28,634.82,627.66,630.24,641.3,663.89,708.2,766.27,805.52,848.32,892.12,871.47,866.56,885.88,915.17,950.78,990.23,1031.9
908.4,881.02,853.66,826.35,799.57,773.54,747.93,723.61,700.51,680.25,662.46,646.65,637.28,630.75,633.89,646.69,671.71,720.6,787.5,828.93,884.99,956.62,921.52,890.2,897.58,921.36,954.33,992,1032.6
908.71,881.37,854.05,826.77,800.13,774.14,748.55,724.55,701.66,681.46,663.98,648.27,639.79,634.17,637.65,652.25,679.61,732.71,805.98,849.59,912.71,1027.2,992.3,922.77,914.41,929.56,958.76,994.31,1033.5
909.03,881.72,854.45,827.2,800.7,774.74,749.2,725.38,702.87,682.69,665.49,649.98,642.37,637.82,641.46,657.77,687.58,744.3,822.28,866.78,934.09,1079.5,1085.7,968.72,936.23,941.22,964.43,997.31,1035
909.34,882.07,854.85,827.67,801.27,775.33,749.87,726.21,704.17,683.93,667.01,651.79,644.76,641.45,645.33,663.35,695.41,755.43,837.21,881.48,949.69,1109.2,1195.2,1035.3,965.96,955.92,972.39,1001.2,1037
909.65,882.45,855.25,828.15,801.83,775.9,750.54,727.06,705.33,685.19,668.58,653.78,647.21,645.04,649.15,668.95,703.03,765.99,850.77,894.4,962.33,1124.5,1281.5,1135,1007.9,975.22,982.64,1006.5,1039.4
909.98,882.86,855.63,828.65,802.4,776.47,751.23,727.96,706.45,686.34,670.16,655.95,649.65,648.56,652.87,674.57,710.58,776.16,862.76,906.12,973.55,1130.8,1341.3,1245.2,1068.2,1001.4,995.72,1013.4,1043
910.3,883.23,856,829.17,802.95,777.07,751.97,728.88,707.57,687.41,671.78,658.2,652.26,652.2,657.02,680.03,718.03,785.66,873.66,916.6,983.25,1134.4,1361.9,1360.7,1145.5,1038.9,1012.8,1022,1047.7
910.63,883.59,856.42,829.7,803.51,777.69,752.8,729.81,708.73,688.43,673.51,660.52,654.92,655.89,661.71,685.54,725.3,794.57,883.96,925.91,991.43,1137.3,1361.2,1451.9,1238.9,1085.5,1036.5,1033.6,1053.5
910.95,883.97,856.85,830.27,804.07,778.33,753.66,730.83,709.87,689.83,675.24,662.89,657.36,659.54,665.84,690.95,732.44,803.11,893.2,934.29,998.78,1139.7,1356,1502.3,1341.9,1143.5,1065.7,1048.7,1061.2
911.28,884.34,857.22,830.82,804.62,778.96,754.54,731.9,711.03,691.27,677.03,665.3,659.85,662.83,670.35,696.42,739.25,811.35,901.61,942.3,1005.5,1141.7,1348.8,1527,1433.6,1221.1,1103,1067.5,1071.3
911.62,884.71,857.64,831.37,805.16,779.58,755.4,732.97,712.18,692.7,678.8,667.78,662.34,666.25,675.49,701.86,745.78,819.19,909.7,949.3,1011.5,1143.4,1341.7,1533,1511.1,1307.5,1152.1,1090.4,1083.6
911.96,885.09,858.13,831.87,805.68,780.18,756.29,734.09,713.33,694.12,680.49,670.21,664.8,669.7,679.19,707.39,752.19,826.42,917.11,955.91,1016.9,1145.1,1335.4,1528,1565.6,1397.2,1212.7,1122.1,1098.9
912.31,885.48,858.6,832.35,806.18,780.8,757.2,735.2,714.13,695.63,682.25,672.67,667.31,673.13,683.56,712.55,758.46,833.36,923.85,962.13,1022,1146.5,1329.6,1519.8,1593.2,1481.3,1283.4,1161.6,1120.1
912.66,885.88,859.07,832.84,806.71,781.63,758.11,736.2,715,697.58,684.05,675.18,669.76,676.57,689.05,717.77,764.18,839.99,930.11,967.79,1026.7,1147.8,1324.2,1510,1607.6,1543.7,1360,1208.3,1146.6
913.01,886.28,859.53,833.35,807.51,782.45,759.03,737.22,716.04,699.6,685.92,677.58,672.28,679.9,694.1,722.9,769.55,846.24,936.23,973,1030.8,1149,1319.7,1499.7,1613.1,1590.9,1435.9,1263.9,1178
913.35,886.67,860,833.87,808.26,783.2,759.95,738.23,717.32,701.7,687.79,679.93,675.1,683.28,698.95,727.55,774.73,852.17,941.72,978.11,1034.8,1150.1,1315.6,1489.4,1611.3,1624.7,1503.9,1329.9,1215.9
913.71,887.08,860.46,834.41,808.95,783.97,760.89,739.22,718.69,703.36,689.67,682.29,678.26,686.73,703.48,731.95,780.83,857.74,946.88,982.77,1038.5,1151.1,1311.7,1479.7,1605,1645.2,1562.5,1398.8,1263.3
914.08,887.49,860.92,834.96,809.61,784.75,761.79,740.2,720.09,704.94,691.4,684.61,681.35,690.07,707.82,736.02,786.79,862.84,951.86,987.16,1042,1152,1308.2,1470.8,1597.8,1655.1,1606.7,1466.6,1316.3
914.45,887.91,861.38,835.52,810.27,785.47,762.71,741.24,721.49,706.43,693.24,686.83,684.4,693.4,712.21,740.1,792.4,867.93,956.38,991.32,1045.1,1153,1305.1,1462.7,1589.6,1659.7,1637.3,1527.7,1374.2
914.81,888.35,861.85,836.11,810.92,786.23,763.67,742.27,722.89,708.02,695.3,689.14,687.35,696.74,716.4,744.4,797.19,872.87,960.85,995.15,1048.3,1153.8,1302.1,1455.1,1581.5,1660.1,1659.5,1577.8,1435.8
915.2,888.8,862.33,836.71,811.56,787,764.62,743.34,724.3,709.65,697.42,691.55,690.39,700.09,720.53,749.73,801.98,878.02,965.03,998.85,1051.2,1154.6,1299.3,1448,1573.5,1657.2,1675,1618.7,1493.4
915.57,889.24,862.82,837.31,812.2,787.79,765.6,744.48,725.76,711.32,699.55,694.09,693.43,703.45,724.74,754.73,806.63,883.17,968.99,1002.3,1053.9,1155.4,1296.8,1441.6,1565.6,1653.1,1682.6,1649.7,1548.1
915.96,889.67,863.3,837.91,812.83,788.62,766.58,745.65,727.17,713,701.58,696.56,696.8,706.7,728.7,759.67,811.18,888,972.88,1005.6,1056.5,1156.1,1294.3,1435.6,1558,1648.1,1686.9,1669.4,1596.4
916.34,890.12,863.82,838.51,813.49,789.48,767.56,746.84,728.61,714.72,703.62,698.8,700.28,709.96,732.53,764.29,815.55,892.62,976.7,1008.9,1058.9,1156.8,1292.2,1430,1550.7,1642.5,1688.9,1683.7,1629.9
916.73,890.57,864.33,839.12,814.19,790.36,768.59,748.04,730.06,716.44,705.61,701.07,703.88,713.08,736.37,768.82,819.84,896.98,980.37,1012.1,1061.3,1157.5,1290,1424.7,1543.9,1636.6,1688.5,1693.6,1657.1
917.13,891.04,864.83,839.73,814.93,791.29,769.63,749.25,731.49,718.15,707.65,703.43,707.02,716.06,740.12,773.16,824.04,901.19,983.95,1015.2,1063.5,1158.1,1288.1,1419.8,1537.4,1630.8,1686.7,1699.5,1677
917.52,891.5,865.35,840.34,815.66,792.2,770.71,750.45,732.92,719.91,709.64,705.83,710.04,718.78,743.94,777.5,828.2,905.19,987.33,1018.1,1065.7,1158.7,1286.3,1415.2,1531.3,1624.9,1684.4,1703,1690.1
917.93,891.97,865.87,840.97,816.39,793.15,771.8,751.63,734.37,721.67,711.63,708.3,712.94,721.71,747.69,781.77,832.25,909.1,990.52,1020.9,1067.8,1159.2,1284.5,1410.9,1525.3,1619.2,1681.4,1704.9,1698.6
918.33,892.44,866.41,841.59,817.11,794.07,772.95,752.78,735.87,723.41,713.69,710.75,715.77,725.07,751.34,785.9,836.25,912.85,993.72,1023.7,1069.9,1159.8,1282.8,1406.8,1519.7,1613.5,1677.8,1705.3,1704.5
918.75,892.93,866.94,842.22,817.87,794.94,773.97,753.87,737.37,725.15,715.8,713.22,718.66,728.6,754.98,790.01,840.12,916.53,996.69,1026.3,1071.9,1160.3,1281.3,1403,1514.3,1608,1674.2,1704.3,1708.3
919.17,893.41,867.48,842.85,818.63,795.83,774.93,755.42,738.97,726.92,717.89,715.65,721.5,732.13,758.48,794.2,843.91,920.12,999.6,1028.8,1073.8,1160.9,1279.8,1399.3,1509.1,1602.7,1670.4,1702.8,1710.3
919.59,893.89,868.03,843.49,819.4,796.74,775.96,756.87,740.74,728.69,719.97,718.13,724.32,735.53,762.04,798.22,847.55,923.52,1002.4,1031.2,1075.7,1161.4,1278.3,1395.9,1504.3,1597.5,1666.5,1700.8,1711.5
920,894.38,868.6,844.15,820.17,797.66,777.02,758,742.54,730.4,722.09,720.6,727.14,738.82,765.47,802.17,851.07,926.93,1005.1,1033.6,1077.5,1162,1277,1392.5,1499.7,1592.5,1662.6,1698.2,1712
920.44,894.88,869.16,844.81,820.95,798.57,778.1,759.17,744.37,732.18,724.22,723.02,729.88,742.04,768.95,805.97,854.51,930.18,1007.8,1035.9,1079.2,1162.6,1275.7,1389.4,1495.2,1587.6,1658.8,1695.5,1711.9
920.87,895.37,869.71,845.48,821.74,799.5,779.18,760.36,745.95,733.93,726.36,725.43,732.67,745.24,772.35,809.62,857.9,933.39,1010.3,1038.1,1080.9,1163.1,1274.6,1386.5,1490.9,1582.9,1654,1692.8,1711.4
921.3,895.87,870.28,846.15,822.52,800.43,780.27,761.59,747.45,735.71,728.52,727.83,735.5,748.34,775.68,813.32,861.21,936.51,1012.8,1040.4,1082.5,1163.7,1273.4,1383.6,1486.8,1578.4,1649.3,1689.8,1710.6
921.74,896.38,870.84,846.83,823.32,801.39,781.36,762.83,749,737.37,730.73,730.2,738.27,751.48,778.99,816.83,864.45,939.53,1015.2,1042.5,1084.1,1164.3,1272.3,1380.9,1482.8,1573.9,1644.7,1686.7,1709.5
922.2,896.89,871.41,847.53,824.12,802.35,782.46,764.13,750.56,738.65,733.02,732.55,741.01,754.54,782.22,820.35,867.72,942.51,1017.5,1044.5,1085.7,1164.8,1271.3,1378.4,1479,1569.6,1640.2,1683.5,1708.2
922.65,897.41,872.01,848.23,824.94,803.3,783.58,765.42,752.14,740.05,735.38,734.71,743.75,757.63,785.5,823.74,870.96,945.37,1019.9,1046.4,1087.2,1165.3,1270.4,1376,1475.5,1565.4,1635.8,1680.3,1706.7
923.09,897.92,872.6,848.95,825.73,804.25,784.69,766.73,753.7,741.6,737.87,736.89,746.49,760.75,788.7,827,874.11,948.25,1022.1,1048.4,1088.8,1165.8,1269.5,1373.7,1472,1561.3,1631.5,1677.1,1705.1
923.55,898.45,873.22,849.66,826.56,805.24,785.82,768.04,755.3,743.22,740.4,738.86,749.2,763.82,791.82,830.3,877.36,951.04,1024.3,1050.3,1090.2,1166.4,1268.6,1371.5,1468.7,1557.3,1627.4,1673.9,1703.4
924.01,898.98,873.84,850.38,827.4,806.22,786.98,769.39,756.87,744.9,742.55,741.04,751.92,766.91,795,833.54,880.58,953.73,1026.5,1052.2,1091.7,1166.9,1267.8,1369.4,1465.4,1553.4,1623.4,1670.8,1701.5
924.49,899.51,874.45,851.1,828.22,807.2,788.16,770.71,758.44,746.86,744.67,743.73,754.59,770.01,798.05,836.68,883.7,956.4,1028.6,1054,1093,1167.4,1267,1367.4,1462.3,1549.6,1619.4,1667.6,1699.6
924.96,900.05,875.08,851.84,829.08,808.2,789.32,772.06,760.06,748.87,746.72,746.43,757.29,773.14,801.08,839.82,886.83,959,1030.6,1055.9,1094.4,1167.9,1266.2,1365.4,1459.4,1546,1615.7,1664.6,1697.6
925.43,900.6,875.73,852.58,829.92,809.21,790.5,773.44,761.67,750.78,748.8,749.18,759.86,776.21,804.06,842.95,889.85,961.58,1032.6,1057.5,1095.8,1168.4,1265.5,1363.5,1456.5,1542.4,1611.9,1661.3,1695.6
925.91,901.15,876.37,853.32,830.75,810.22,791.68,774.81,763.27,752.69,750.85,751.79,762.41,779.3,806.95,846.01,892.8,964.12,1034.5,1059.3,1097.1,1168.9,1264.9,1361.8,1453.7,1538.9,1608.4,1658.3,1693.5
926.39,901.7,877.01,854.07,831.61,811.23,792.88,776.19,764.87,754.58,752.91,754.39,764.91,782.38,809.81,849.04,895.82,966.55,1036.5,1060.9,1098.4,1169.5,1264.3,1360.1,1451.1,1535.5,1605,1655.3,1691.4
926.88,902.26,877.65,854.82,832.46,812.26,794.06,777.57,766.48,756.43,754.98,756.87,767.37,785.43,812.58,852.06,898.71,969.01,1038.4,1062.6,1099.7,1169.9,1263.8,1358.4,1448.5,1532.2,1601.7,1652.2,1689.2
927.38,902.83,878.3,855.57,833.33,813.29,795.25,778.96,768.12,758.32,757.02,759.38,769.86,788.43,815.3,855.03,901.56,971.36,1040.2,1064.2,1100.9,1170.5,1263.3,1356.8,1446,1528.9,1598.4,1649.3,1687
927.9,903.39,878.96,856.34,834.21,814.33,796.44,780.37,769.75,760.16,759.1,761.79,772.31,791.41,817.97,857.92,904.37,973.69,1042,1065.9,1102.2,1171,1262.9,1355.1,1443.5,1525.8,1595.4,1646.5,1684.8
928.41,903.95,879.63,857.12,835.1,815.37,797.65,781.77,771.34,762.01,761.19,764.18,774.8,794.29,820.62,860.77,907.15,975.98,1043.8,1067.4,1103.4,1171.5,1262.4,1353.6,1441.1,1522.8,1592.3,1643.6,1682.6
928.9,904.51,880.29,857.89,835.99,816.43,798.86,783.19,772.97,763.86,763.25,766.5,777.27,797.09,823.25,863.6,909.93,978.23,1045.6,1069,1104.6,1172,1261.9,1352,1438.8,1519.9,1589.5,1640.7,1680.3
929.36,905.08,880.97,858.66,836.86,817.48,800.09,784.63,774.57,765.71,765.31,768.88,779.73,799.81,825.87,866.4,912.71,980.46,1047.3,1070.5,1105.8,1172.6,1261.5,1350.6,1436.5,1517.3,1586.8,1638,1678
929.9,905.65,881.64,859.43,837.77,818.54,801.28,786.04,776.18,767.54,767.37,771.21,782.22,802.52,828.45,869.16,915.42,982.59,1049,1071.9,1106.9,1173,1261.1,1349.2,1434.3,1514.8,1584.2,1635.4,1675.6
930.49,906.28,882.31,860.21,838.66,819.61,802.5,787.46,777.79,769.37,769.44,773.5,784.71,805.17,831.06,871.89,918.07,984.75,1050.6,1073.4,1108.1,1173.6,1260.7,1347.7,1432.3,1512.4,1581.3,1632.9,1673.4
931.06,906.91,882.98,861,839.58,820.68,803.72,788.87,779.42,771.2,771.46,775.78,787.14,807.81,833.63,874.52,920.7,986.82,1052.2,1074.7,1109.2,1174.1,1260.3,1346.4,1430.3,1510.3,1578.2,1630.7,1671.1
931.58,907.46,883.7,861.78,840.51,821.75,804.96,790.29,781.04,773.02,773.54,778.05,789.56,810.37,836.21,877.13,923.23,988.88,1053.8,1076.2,1110.3,1174.7,1260,1345.1,1428.5,1508.2,1574.9,1628.6,1668.6
932.11,908,884.44,862.58,841.46,822.81,806.19,791.72,782.67,774.84,775.57,780.28,791.98,812.98,838.79,879.76,925.78,990.91,1055.4,1077.6,1111.4,1175.2,1259.5,1343.8,1426.7,1505.8,1571.4,1625.4,1666.4
932.64,908.59,885.26,863.39,842.38,823.88,807.42,793.15,784.27,776.64,777.6,782.48,794.4,815.54,841.32,882.3,928.27,992.92,1057,1079,1112.5,1175.7,1259.2,1342.7,1425.1,1503.1,1568.2,1622.1,1664.3
933.17,909.17,886.12,864.18,843.34,824.95,808.64,794.58,785.87,778.45,779.67,784.72,796.8,818.04,843.89,884.82,930.73,994.91,1058.6,1080.4,1113.6,1176.2,1259,1341.5,1423.5,1500.3,1565.2,1619.3,1662.1
933.69,909.77,886.92,864.98,844.33,826.03,809.89,796.02,787.48,780.26,781.71,786.94,799.21,820.54,846.4,887.3,933.11,996.88,1060.1,1081.7,1114.6,1176.7,1259,1340.3,1422,1497.6,1562.5,1616.9,1659.7
934.23,910.38,887.65,865.77,845.35,827.09,811.17,797.45,789.11,782.09,783.7,789.13,801.56,823.02,848.98,889.73,935.46,998.79,1061.6,1083,1115.7,1177.3,1258.8,1339.2,1420.6,1494.9,1559.8,1614.5,1657.9
934.77,911,888.37,866.54,846.37,828.14,812.44,798.86,790.73,783.91,785.73,791.32,803.96,825.45,851.47,892.17,937.79,1000.6,1063.1,1084.3,1116.7,1177.7,1258.2,1338.2,1419.3,1492.4,1557.2,1612.4,1656.4
935.31,911.61,889.08,867.33,847.39,829.17,813.69,800.28,792.37,785.69,787.71,793.51,806.28,827.84,853.96,894.53,940.07,1002.6,1064.5,1085.6,1117.7,1178.2,1257.7,1337.2,1418,1489.9,1554.9,1610.4,1655
935.86,912.23,889.8,868.12,848.42,830.21,814.95,801.69,793.96,787.48,789.7,795.65,808.6,830.25,856.43,896.89,942.3,1004.4,1065.9,1086.9,1118.7,1178.6,1257.5,1336.8,1416.6,1487.6,1552.6,1608.5,1653
936.4,912.85,890.52,868.9,849.45,831.25,816.26,803.1,795.55,789.31,791.69,797.82,810.87,832.65,858.83,899.23,944.47,1006.2,1067.4,1088.1,1119.8,1179.1,1257.3,1336.7,1414.4,1485.3,1550.4,1606.8,1650.3
936.94,913.46,891.23,869.68,850.47,832.3,817.57,804.5,797.16,791.11,793.68,799.96,813.17,835.01,861.23,901.56,946.69,1008,1068.8,1089.4,1120.8,1179.6,1257.2,1335.7,1412.1,1483.2,1548.3,1605.1,1647.6
937.48,914.08,891.95,870.46,851.49,833.34,818.88,805.87,798.77,792.91,795.67,802.08,815.42,837.35,863.67,903.87,948.82,1009.8,1070.1,1090.6,1121.7,1180.1,1257.1,1334.7,1410,1481.3,1546.4,1603,1645.1
938.02,914.69,892.67,871.24,852.52,834.42,820.17,807.23,800.34,794.71,797.64,804.16,817.71,839.69,866.04,906.12,950.93,1011.5,1071.5,1091.8,1122.7,1180.6,1256.9,1333.8,1408.3,1479.8,1544.7,1600.9,1642.6
938.57,915.31,893.38,872.02,853.54,835.49,821.47,808.6,801.93,796.52,799.59,806.26,819.94,841.97,868.4,908.34,952.98,1013.3,1072.9,1093,1123.7,1181.1,1256.8,1333,1407,1478.5,1543.1,1598.1,1640.4
939.11,915.92,894.1,872.8,854.57,836.55,822.78,809.97,803.56,798.35,801.52,808.38,822.17,844.29,870.74,910.57,955.05,1015,1074.1,1094.2,1124.6,1181.6,1256.7,1332.2,1405.8,1477.3,1541.9,1595.4,1638.2
939.65,916.54,894.82,873.58,855.6,837.62,824.09,811.35,805.16,800.18,803.45,810.46,824.37,846.55,873.05,912.77,957.06,1016.7,1075.5,1095.3,1125.6,1182,1256.5,1331.3,1404.6,1475.9,1540.3,1592.9,1636.1
940.19,917.15,895.53,874.36,856.62,838.68,825.4,812.72,806.77,802,805.34,812.56,826.56,848.78,875.31,914.95,959.09,1018.4,1076.8,1096.5,1126.4,1182.6,1256.4,1330.6,1403.6,1474.6,1537.4,1590.5,1634.2
940.73,917.77,896.25,875.14,857.65,839.75,826.7,814.1,808.36,803.8,807.27,814.65,828.71,851.02,877.55,917.06,961.05,1020,1078,1097.7,1127.4,1183.1,1256.4,1329.9,1402.5,1473,1534.8,1588.2,1632.4
941.28,918.39,896.97,875.92,858.68,840.81,828.01,815.47,809.96,805.59,809.16,816.68,830.9,853.25,879.79,919.19,963.01,1021.7,1079.4,1098.8,1128.3,1183.6,1256.3,1329.2,1401.5,1471.3,1532.4,1586.1,1630.8
941.82,919,897.68,876.7,859.7,841.88,829.32,816.85,811.58,807.39,811.08,818.72,833.02,855.42,882.05,921.28,964.95,1023.3,1080.6,1099.8,1129.3,1184,1256.2,1328.6,1400.5,1469.3,1530.3,1584,1629.3
942.36,919.62,898.4,877.49,860.73,842.94,830.63,818.22,813.2,809.19,812.98,820.76,835.15,857.61,884.24,923.34,966.89,1024.9,1081.9,1101,1130.2,1184.6,1256.1,1328,1399.6,1467.4,1528.3,1582.3,1628
942.9,920.23,899.11,878.27,861.76,844.01,831.94,819.6,814.82,810.99,814.87,822.79,837.26,859.78,886.37,925.4,968.79,1026.5,1083.1,1102.1,1131,1185.1,1256.1,1327.3,1398.7,1465.6,1526.5,1580.6,1626.9
943.44,920.85,899.83,879.05,862.78,845.08,833.25,820.97,816.44,812.79,816.75,824.85,839.37,861.92,888.5,927.43,970.65,1028.1,1084.3,1103.3,1132,1185.6,1256,1326.8,1397.8,1464,1524.6,1579.1,1625.4
943.99,921.46,900.55,879.83,863.81,846.14,834.56,822.35,818.06,814.59,818.63,826.92,841.42,864.01,890.65,929.46,972.49,1029.7,1085.5,1104.3,1132.9,1186.1,1256,1326.2,1397,1462.4,1523,1577.7,1623.7
944.53,922.08,901.26,880.61,864.83,847.21,835.87,823.72,819.68,816.39,820.52,828.99,843.46,866.11,892.74,931.43,974.32,1031.2,1086.7,1105.4,1133.8,1186.6,1256,1325.6,1396.2,1460.9,1521.4,1576.4,1621.7
945.07,922.69,901.98,881.39,865.86,848.27,837.18,825.1,821.3,818.18,822.4,831.06,845.51,868.22,894.83,933.43,976.1,1032.7,1087.9,1106.4,1134.6,1187.2,1256,1325.2,1395.4,1459.3,1519.9,1575,1619.4
945.61,923.31,902.7,882.17,866.89,849.34,838.48,826.47,822.92,819.98,824.28,833.12,847.55,870.3,896.9,935.39,977.91,1034.2,1089.1,1107.5,1135.5,1187.7,1256,1324.7,1394.7,1457.9,1518.4,1573.8,1617.3
946.15,923.92,903.41,882.95,867.91,850.4,839.79,827.85,824.54,821.78,826.17,835.19,849.59,872.35,898.97,937.32,979.68,1035.7,1090.2,1108.6,1136.4,1188.2,1256.1,1324.2,1393.6,1456.5,1517,1571.9,1615.2
946.7,924.54,904.13,883.73,868.94,851.47,841.1,829.22,826.16,823.58,828.05,837.26,851.64,874.4,901.04,939.22,981.47,1037.2,1091.4,1109.6,1137.2,1188.7,1256.1,1323.8,1392.6,1455.1,1515.6,1569.8,1613.3
947.24,925.16,904.85,884.51,869.97,852.54,842.41,830.6,827.78,825.38,829.93,839.32,853.68,876.46,903.1,941.11,983.21,1038.7,1092.6,1110.6,1138.1,1189.2,1256.1,1323.4,1391.6,1453.8,1514.3,1567.8,1611.5
947.78,925.77,905.56,885.29,870.99,853.6,843.72,831.97,829.4,827.18,831.82,841.39,855.72,878.51,905.17,943.04,984.94,1040.1,1093.7,1111.7,1139,1189.8,1256.2,1323,1390.6,1452.5,1513,1565.8,1609.8
948.32,926.39,906.28,886.07,872.02,854.67,845.03,833.35,831.02,828.98,833.7,843.46,857.77,880.56,907.24,944.96,986.65,1041.6,1094.9,1112.7,1139.8,1190.3,1256.3,1322.6,1389.6,1451.3,1511.8,1564,1608.2
948.86,927,907,886.86,873.05,855.73,846.34,834.72,832.64,830.77,835.58,845.52,859.81,882.62,909.3,946.88,988.37,1043,1096,1113.7,1140.7,1190.8,1256.3,1322.2,1388.8,1450.1,1510.6,1562.1,1606.6
949.41,927.62,907.71,887.64,874.07,856.8,847.65,836.1,834.26,832.57,837.47,847.59,861.85,884.67,911.37,948.8,990.09,1044.4,1097,1114.6,1141.4,1191.3,1256.4,1321.8,1387.9,1448.9,1509.5,1560.4,1605.2
949.95,928.23,908.43,888.42,875.1,857.86,848.96,837.47,835.88,834.37,839.35,849.66,863.9,886.72,913.44,950.72,991.81,1045.7,1098.1,1115.6,1142.2,1191.8,1256.5,1321.5,1387,1447.9,1508.4,1558.7,1603.7
950.49,928.85,909.15,889.2,876.12,858.93,850.26,838.85,837.5,836.17,841.23,851.72,865.94,888.77,915.5,952.65,993.53,1047.1,1099.3,1116.6,1143,1192.4,1256.6,1321.2,1386.2,1446.8,1507.3,1557.1,1602.4
951.03,929.46,909.86,889.98,877.15,859.99,851.57,840.22,839.12,837.97,843.11,853.79,867.98,890.83,917.57,954.57,995.25,1048.4,1100.4,1117.6,1143.9,1192.8,1256.7,1320.9,1385.4,1445.8,1505.8,1555.4,1601
951.57,930.08,910.58,890.76,878.18,861.06,852.88,841.59,840.74,839.77,845,855.86,870.03,892.88,919.64,956.49,996.97,1049.8,1101.6,1118.6,1144.8,1193.3,1256.8,1320.7,1384.5,1444.8,1504.2,1554,1599.8
952.12,930.7,911.3,891.54,879.2,862.13,854.19,842.97,842.36,841.56,846.88,857.92,872.07,894.93,921.7,958.41,998.69,1051.1,1102.7,1119.5,1145.6,1193.8,1257,1320.4,1383.6,1443.9,1502.5,1552.5,1598.7
952.66,931.31,912.01,892.32,880.23,863.19,855.5,844.34,843.98,843.36,848.76,859.99,874.11,896.98,923.77,960.33,1000.4,1052.5,1103.9,1120.5,1146.5,1194.3,1257.2,1320.1,1382.8,1443.1,1500.9,1551.2,1597.5
953.2,931.93,912.73,893.1,881.26,864.26,856.81,845.72,845.6,845.16,850.65,862.06,876.16,899.04,925.84,962.25,1002.1,1053.8,1105.1,1121.5,1147.4,1194.8,1257.4,1319.9,1381.9,1442.4,1499.4,1549.8,1596.5
953.74,932.54,913.45,893.88,882.28,865.32,858.12,847.09,847.21,846.96,852.53,864.12,878.2,901.09,927.9,964.18,1003.8,1055.2,1106.2,1122.4,1148.2,1195.3,1257.5,1319.7,1381.1,1441.8,1497.7,1548.5,1595.6
954.28,933.16,914.16,894.66,883.31,866.39,859.43,848.47,848.83,848.76,854.41,866.19,880.24,903.14,929.97,966.1,1005.6,1056.5,1107.4,1123.4,1149.1,1195.7,1257.7,1319.5,1380.3,1441.3,1496.3,1547.3,1594.6
954.83,933.77,914.88,895.45,884.34,867.45,860.73,849.84,850.45,850.56,856.3,868.26,882.29,905.2,932.04,968.02,1007.3,1057.9,1108.5,1124.4,1150,1196.2,1257.9,1319.3,1379.5,1440.7,1494.8,1546.2,1592.8
955.37,934.39,915.6,896.23,885.36,868.52,862.04,851.22,852.07,852.36,858.18,870.32,884.33,907.25,934.1,969.94,1009,1059.2,1109.7,1125.3,1150.9,1196.7,1258.1,1319.1,1378.7,1439.8,1493.5,1545.1,1590.9
955.91,935,916.31,897.01,886.39,869.59,863.35,852.59,853.69,854.15,860.06,872.39,886.37,909.3,936.17,971.86,1010.7,1060.6,1110.9,1126.3,1151.7,1197.2,1258.3,1318.9,1377.9,1439,1492.1,1544.2,1589.1
956.45,935.62,917.03,897.79,887.41,870.65,864.66,853.97,855.31,855.95,861.95,874.46,888.42,911.35,938.24,973.79,1012.4,1061.9,1112,1127.3,1152.6,1197.7,1258.5,1318.7,1377.1,1438.1,1491.1,1543.5,1587.4
956.99,936.23,917.75,898.57,888.44,871.72,865.97,855.34,856.93,857.75,863.83,876.52,890.46,913.41,940.3,975.71,1014.2,1063.3,1113.2,1128.2,1153.5,1198.2,1258.7,1318.5,1376.3,1437.2,1489.9,1543.1,1585.9
957.54,936.85,918.46,899.35,889.47,872.78,867.28,856.72,858.55,859.55,865.71,878.59,892.5,915.46,942.37,977.63,1015.9,1064.6,1114.3,1129.2,1154.3,1198.6,1258.9,1318.3,1375.5,1436.4,1488.7,1542.7,1584.3
958.08,937.47,919.18,900.13,890.49,873.85,868.59,858.09,860.17,861.35,867.6,880.66,894.55,917.51,944.44,979.55,1017.6,1066,1115.5,1130.2,1155.2,1199.1,1259.1,1318.2,1374.7,1435.5,1487.5,1542.3,1582.9
958.62,938.08,919.89,900.91,891.52,874.91,869.9,859.47,861.79,863.15,869.48,882.72,896.59,919.56,946.5,981.47,1019.3,1067.3,1116.6,1131.1,1156.1,1199.6,1259.3,1318,1373.9,1434.6,1486.3,1541.9,1581.6
959.16,938.69,920.6,901.69,892.55,875.97,871.21,860.85,863.41,864.95,871.36,884.78,898.63,921.61,948.56,983.39,1021,1068.6,1117.7,1132,1157,1200.1,1259.5,1317.8,1373.1,1433.7,1485.1,1541.5,1580.3
959.7,939.3,921.31,902.47,893.58,877.03,872.52,862.23,865.03,866.75,873.24,886.84,900.67,923.66,950.62,985.31,1022.7,1069.9,1118.8,1132.9,1157.9,1200.6,1259.7,1317.6,1372.3,1432.8,1483.9,1541.1,1579
960.24,939.91,922.02,903.25,894.61,878.09,873.83,863.61,866.65,868.55,875.12,888.9,902.71,925.71,952.68,987.23,1024.4,1071.2,1119.9,1133.8,1158.8,1201.1,1259.9,1317.4,1371.5,1431.9,1482.7,1540.7,1577.7
960.78,940.52,922.73,904.03,895.64,879.15,875.14,864.99,868.27,870.35,877,890.96,904.75,927.759999999999,954.74,989.150000000001,1026.1,1072.5,1121,1134.7,1159.7,1201.6,1260.1,1317.2,1370.7,1431,1481.5,1540.3,1576.4
961.32,941.13,923.440000000001,904.81,896.67,880.21,876.45,866.37,869.89,872.15,878.88,893.02,906.79,929.809999999999,956.799999999999,991.07,1027.8,1073.8,1122.1,1135.6,1160.6,1202.1,1260.3,1317,1369.9,1430.1,1480.3,1539.9,1575.1
961.86,941.740000000001,924.15,905.59,897.699999999999,881.27,877.76,867.75,871.51,873.95,880.76,895.08,908.830000000001,931.860000000001,958.86,992.990000000001,1029.5,1075.1,1123.2,1136.5,1161.5,1202.6,1260.5,1316.8,1369.1,1429.2,1479.1,1539.5,1573.8
962.4,942.35,924.860000000001,906.37,898.73,882.33,879.07,869.13,873.13,875.75,882.64,897.14,910.870000000001,933.91,960.92,994.910000000001,1031.2,1076.4,1124.3,1137.4,1162.4,1203.1,1260.7,1316.6,1368.3,1428.3,1477.9,1539.1,1572.5
962.94,942.960000000001,925.570000000001,907.15,899.76,883.389999999999,880.379999999999,870.51,874.75,877.549999999999,884.52,899.200000000001,912.910000000001,935.959999999999,962.98,996.83,1032.9,1077.7,1125.4,1138.3,1163.3,1203.6,1260.9,1316.4,1367.5,1427.4,1476.7,1538.7,1571.2
963.48,943.570000000002,926.280000000001,907.93,900.790000000001,884.45,881.69,871.89,876.37,879.349999999999,886.399999999999,901.260000000001,914.95,938.009999999998,965.039999999999,998.750000000002,1034.6,1079,1126.5,1139.2,1164.2,1204.1,1261.1,1316.2,1366.7,1426.5,1475.5,1538.3,1569.9
964.019999999999,944.18,926.99,908.710000000001,901.82,885.51,883,873.27,877.99,881.15,888.280000000001,903.32,916.99,940.059999999999,967.099999999999,1000.67,1036.3,1080.3,1127.6,1140.1,1165.1,1204.6,1261.3,1316,1365.9,1425.6,1474.3,1537.9,1568.6
964.559999999999,944.790000000001,927.700000000001,909.49,902.85,886.57,884.309999999999,874.65,879.610000000001,882.949999999999,890.16,905.379999999999,919.030000000001,942.109999999999,969.16,1002.59,1038,1081.6,1128.7,1141,1166,1205.1,1261.5,1315.8,1365.1,1424.7,1473.1,1537.5,1567.3
965.099999999999,945.400000000001,928.41,910.27,903.879999999999,887.629999999999,885.619999999999,876.030000000001,881.230000000001,884.749999999998,892.039999999999,907.440000000001,921.070000000002,944.16,971.219999999999,1004.51,1039.7,1082.9,1129.8,1141.9,1166.9,1205.6,1261.7,1315.6,1364.3,1423.8,1471.9,1537.1,1566
965.639999999999,946.01,929.119999999999,911.049999999999,904.909999999998,888.689999999999,886.93,877.41,882.85,886.549999999999,893.92,909.5,923.110000000001,946.210000000001,973.279999999999,1006.43,1041.4,1084.2,1130.9,1142.8,1167.8,1206.1,1261.9,1315.4,1363.5,1422.9,1470.7,1536.7,1564.7
966.179999999998,946.620000000001,929.830000000002,911.83,905.939999999999,889.75,888.24,878.790000000001,884.469999999999,888.35,895.800000000001,911.560000000001,925.150000000001,948.26,975.34,1008.35,1043.1,1085.5,1132,1143.7,1168.7,1206.6,1262.1,1315.2,1362.7,1422,1469.5,1536.3,1563.4
966.719999999999,947.23,930.540000000001,912.609999999999,906.969999999999,890.809999999999,889.549999999999,880.17,886.09,890.15,897.68,913.620000000001,927.190000000001,950.309999999999,977.4,1010.27,1044.8,1086.8,1133.1,1144.6,1169.6,1207.1,1262.3,1315,1361.9,1421.1,1468.3,1535.9,1562.1
967.26,947.84,931.25,913.389999999999,908,891.869999999999,890.859999999999,881.549999999999,887.710000000001,891.949999999999,899.559999999999,915.68,929.230000000001,952.359999999999,979.459999999999,1012.19,1046.5,1088.1,1134.2,1145.5,1170.5,1207.6,1262.5,1314.8,1361.1,1420.2,1467.1,1535.5,1560.8
967.799999999999,948.450000000003,931.960000000001,914.17,909.030000000001,892.929999999998,892.169999999998,882.93,889.33,893.749999999998,901.439999999999,917.740000000002,931.270000000002,954.409999999998,981.519999999999,1014.11,1048.2,1089.4,1135.3,1146.4,1171.4,1208.1,1262.7,1314.6,1360.3,1419.3,1465.9,1535.1,1559.5
968.339999999997,949.060000000001,932.670000000002,914.950000000001,910.060000000001,893.99,893.479999999998,884.309999999999,890.949999999999,895.549999999997,903.319999999998,919.800000000001,933.309999999999,956.459999999999,983.579999999998,1016.03,1049.9,1090.7,1136.4,1147.3,1172.3,1208.6,1262.9,1314.4,1359.5,1418.4,1464.7,1534.7,1558.2
968.880000000001,949.670000000002,933.380000000001,915.73,911.09,895.049999999999,894.790000000001,885.690000000001,892.57,897.35,905.199999999997,921.860000000001,935.349999999999,958.509999999998,985.639999999999,1017.95,1051.6,1092,1137.5,1148.2,1173.2,1209.1,1263.1,1314.2,1358.7,1417.5,1463.5,1534.3,1556.9
969.419999999998,950.279999999999,934.09,916.510000000002,912.119999999999,896.110000000001,896.099999999999,887.07,894.190000000002,899.149999999998,907.080000000002,923.919999999998,937.389999999999,960.559999999998,987.699999999997,1019.87,1053.3,1093.3,1138.6,1149.1,1174.1,1209.6,1263.3,1314,1357.9,1416.6,1462.3,1533.9,1555.6
969.959999999999,950.890000000003,934.799999999999,917.290000000001,913.149999999998,897.169999999998,897.41,888.450000000001,895.809999999998,900.949999999997,908.959999999999,925.98,939.43,962.610000000001,989.759999999998,1021.79,1055,1094.6,1139.7,1150,1175,1210.1,1263.5,1313.8,1357.1,1415.7,1461.1,1533.5,1554.3
970.499999999996,951.5,935.510000000002,918.07,914.18,898.23,898.720000000001,889.830000000002,897.43,902.75,910.84,928.040000000001,941.470000000001,964.659999999996,991.82,1023.71,1056.7,1095.9,1140.8,1150.9,1175.9,1210.6,1263.7,1313.6,1356.3,1414.8,1459.9,1533.10000000001,1552.99999999999
971.040000000001,952.110000000001,936.220000000001,918.849999999999,915.209999999999,899.290000000001,900.029999999999,891.209999999999,899.049999999999,904.549999999999,912.720000000001,930.099999999999,943.510000000002,966.709999999999,993.879999999997,1025.63,1058.4,1097.2,1141.9,1151.8,1176.8,1211.1,1263.9,1313.4,1355.5,1413.89999999999,1458.7,1532.7,1551.69999999999
971.579999999998,952.720000000001,936.93,919.630000000001,916.239999999998,900.349999999999,901.34,892.59,900.670000000002,906.349999999999,914.599999999999,932.16,945.550000000003,968.760000000002,995.939999999999,1027.55,1060.1,1098.5,1143,1152.69999999999,1177.69999999999,1211.6,1264.1,1313.2,1354.7,1413,1457.5,1532.3,1550.39999999999
972.119999999999,953.330000000002,937.639999999999,920.41,917.27,901.41,902.649999999998,893.970000000001,902.290000000001,908.149999999998,916.48,934.220000000001,947.59,970.809999999998,998,1029.47,1061.8,1099.8,1144.1,1153.6,1178.6,1212.1,1264.3,1313,1353.9,1412.1,1456.3,1531.9,1549.1
972.66,953.939999999999,938.349999999999,921.189999999999,918.299999999999,902.469999999998,903.959999999999,895.350000000002,903.91,909.949999999997,918.359999999997,936.280000000002,949.630000000001,972.860000000001,1000.06,1031.39,1063.5,1101.1,1145.2,1154.5,1179.5,1212.6,1264.5,1312.8,1353.1,1411.2,1455.1,1531.50000000001,1547.8
973.200000000001,954.549999999999,939.060000000001,921.970000000001,919.329999999998,903.529999999999,905.27,896.73,905.529999999999,911.75,920.240000000002,938.34,951.670000000002,974.91,1002.12,1033.31,1065.2,1102.4,1146.3,1155.39999999999,1180.39999999999,1213.1,1264.7,1312.6,1352.3,1410.3,1453.9,1531.10000000001,1546.49999999999
973.739999999998,955.16,939.770000000004,922.75,920.359999999997,904.59,906.579999999998,898.110000000001,907.150000000001,913.549999999999,922.120000000003,940.400000000001,953.710000000003,976.959999999999,1004.18,1035.23,1066.9,1103.7,1147.4,1156.29999999999,1181.29999999999,1213.6,1264.9,1312.4,1351.50000000001,1409.39999999999,1452.7,1530.7,1545.19999999999
974.279999999999,955.77,940.480000000003,923.529999999999,921.389999999999,905.649999999998,907.889999999999,899.490000000002,908.769999999997,915.349999999999,924,942.460000000003,955.750000000004,979.009999999998,1006.24,1037.15000000001,1068.6,1105,1148.5,1157.2,1182.2,1214.10000000001,1265.10000000001,1312.2,1350.7,1408.5,1451.5,1530.3,1543.89999999999
974.82,956.379999999997,941.190000000002,924.309999999998,922.419999999998,906.709999999999,909.199999999997,900.869999999999,910.389999999999,917.149999999998,925.880000000001,944.52,957.790000000001,981.059999999998,1008.3,1039.07,1070.3,1106.3,1149.6,1158.1,1183.1,1214.6,1265.3,1312,1349.9,1407.6,1450.3,1529.9,1542.6
975.360000000001,956.990000000002,941.900000000001,925.09,923.450000000001,907.769999999997,910.509999999998,902.25,912.009999999998,918.949999999997,927.759999999998,946.580000000002,959.830000000002,983.109999999997,1010.36,1040.99,1072,1107.6,1150.7,1158.99999999999,1183.99999999999,1215.1,1265.5,1311.8,1349.1,1406.7,1449.1,1529.50000000001,1541.3
975.899999999998,957.600000000002,942.610000000001,925.869999999999,924.48,908.829999999998,911.82,903.630000000001,913.630000000001,920.75,929.639999999999,948.640000000003,961.870000000003,985.16,1012.42,1042.91,1073.7,1108.9,1151.8,1159.89999999999,1184.89999999999,1215.6,1265.7,1311.6,1348.3,1405.8,1447.9,1529.10000000001,1539.99999999999
976.439999999999,958.209999999999,943.32,926.649999999998,925.509999999998,909.889999999999,913.129999999997,905.009999999998,915.250000000004,922.549999999999,931.52,950.700000000001,963.910000000003,987.209999999999,1014.48,1044.83000000001,1075.39999999999,1110.2,1152.89999999999,1160.8,1185.8,1216.1,1265.9,1311.4,1347.50000000001,1404.89999999999,1446.7,1528.7,1538.69999999999
976.979999999996,958.820000000003,944.029999999999,927.43,926.540000000001,910.949999999997,914.439999999999,906.389999999999,916.869999999999,924.349999999999,933.399999999998,952.760000000002,965.950000000004,989.259999999998,1016.54,1046.75000000001,1077.1,1111.5,1154,1161.7,1186.7,1216.60000000001,1266.10000000001,1311.2,1346.7,1404,1445.5,1528.3,1537.39999999999
977.519999999997,959.43,944.740000000002,928.209999999999,927.57,912.009999999998,915.749999999996,907.77,918.490000000002,926.149999999998,935.279999999999,954.820000000003,967.990000000002,991.309999999998,1018.6,1048.67,1078.8,1112.8,1155.1,1162.6,1187.6,1217.1,1266.3,1311,1345.9,1403.1,1444.3,1527.9,1536.1
978.059999999998,960.040000000001,945.450000000004,928.989999999998,928.599999999999,913.069999999996,917.059999999998,909.149999999998,920.110000000001,927.949999999997,937.16,956.880000000001,970.030000000002,993.360000000001,1020.66,1050.59,1080.5,1114.1,1156.2,1163.49999999999,1188.49999999999,1217.6,1266.5,1310.8,1345.1,1402.2,1443.1,1527.50000000001,1534.8
978.599999999999,960.650000000001,946.160000000003,929.770000000004,929.630000000005,914.130000000001,918.369999999995,910.529999999999,921.73,929.749999999996,939.039999999997,958.940000000002,972.07,995.409999999996,1022.72,1052.51,1082.2,1115.4,1157.3,1164.39999999999,1189.39999999999,1218.1,1266.7,1310.6,1344.3,1401.3,1441.9,1527.10000000001,1533.49999999999
979.139999999999,961.260000000002,946.870000000003,930.549999999996,930.659999999996,915.189999999995,919.68,911.91,923.349999999999,931.549999999999,940.919999999998,961,974.110000000001,997.459999999999,1024.78,1054.43,1083.89999999999,1116.7,1158.39999999999,1165.3,1190.3,1218.6,1266.9,1310.4,1343.50000000001,1400.39999999999,1440.7,1526.7,1532.19999999999
979.68,961.870000000003,947.580000000002,931.330000000002,931.690000000002,916.25,920.989999999998,913.290000000001,924.970000000001,933.349999999999,942.799999999996,963.060000000005,976.150000000001,999.509999999995,1026.84,1056.35000000001,1085.6,1118,1159.5,1166.2,1191.2,1219.10000000001,1267.10000000001,1310.2,1342.7,1399.5,1439.5,1526.3,1530.89999999999
980.219999999994,962.479999999996,948.290000000001,932.110000000001,932.720000000001,917.309999999998,922.300000000003,914.670000000006,926.590000000004,935.150000000001,944.68,965.120000000003,978.190000000002,1001.56,1028.89999999999,1058.27,1087.3,1119.3,1160.6,1167.1,1192.1,1219.6,1267.3,1310,1341.9,1398.6,1438.3,1525.9,1529.6
980.760000000002,963.089999999997,949,932.889999999999,933.749999999993,918.370000000003,923.609999999993,916.049999999996,928.209999999999,936.949999999997,946.560000000005,967.18,980.230000000003,1003.61,1030.96,1060.19,1089,1120.6,1161.7,1167.99999999999,1192.99999999999,1220.1,1267.5,1309.8,1341.1,1397.7,1437.1,1525.50000000001,1528.3
981.300000000003,963.700000000004,949.709999999999,933.669999999998,934.779999999999,919.429999999993,924.919999999998,917.43,929.830000000002,938.749999999993,948.439999999995,969.239999999998,982.270000000004,1005.66,1033.02,1062.11,1090.7,1121.9,1162.8,1168.89999999999,1193.89999999999,1220.6,1267.7,1309.6,1340.3,1396.8,1435.9,1525.1,1527
981.839999999997,964.310000000005,950.419999999998,934.450000000004,935.809999999998,920.489999999998,926.229999999996,918.809999999998,931.449999999997,940.549999999996,950.32,971.300000000003,984.309999999998,1007.71,1035.07999999999,1064.03,1092.39999999999,1123.2,1163.89999999999,1169.8,1194.8,1221.1,1267.9,1309.4,1339.50000000001,1395.89999999999,1434.7,1524.70000000001,1525.7
982.379999999997,964.919999999998,951.130000000005,935.229999999996,936.840000000004,921.549999999996,927.540000000001,920.190000000002,933.07,942.349999999999,952.199999999997,973.360000000001,986.350000000006,1009.75999999999,1037.14,1065.95,1094.1,1124.5,1164.99999999999,1170.69999999999,1195.69999999999,1221.6,1268.10000000001,1309.2,1338.7,1394.99999999999,1433.5,1524.3,1524.39999999999
982.919999999998,965.529999999999,951.840000000004,936.010000000002,937.869999999995,922.610000000001,928.849999999999,921.57,934.689999999995,944.150000000001,954.080000000002,975.420000000006,988.389999999999,1011.81,1039.2,1067.87,1095.8,1125.8,1166.1,1171.6,1196.6,1222.10000000001,1268.3,1309,1337.9,1394.09999999999,1432.3,1523.90000000001,1523.09999999999
983.459999999999,966.139999999999,952.550000000003,936.789999999994,938.900000000001,923.669999999998,930.159999999996,922.950000000004,936.309999999998,945.949999999997,955.959999999999,977.480000000003,990.430000000008,1013.86,1041.25999999999,1069.79000000001,1097.5,1127.1,1167.2,1172.49999999999,1197.49999999999,1222.6,1268.5,1308.8,1337.1,1393.2,1431.09999999999,1523.5,1521.79999999999
984,966.75,953.260000000002,937.57,939.93,924.729999999996,931.469999999994,924.329999999994,937.93,947.749999999993,957.839999999997,979.540000000001,992.470000000001,1015.91,1043.32,1071.71,1099.19999999999,1128.39999999999,1168.3,1173.39999999999,1198.39999999999,1223.1,1268.7,1308.6,1336.30000000001,1392.29999999999,1429.89999999999,1523.10000000002,1520.49999999999
984.539999999994,967.360000000008,953.970000000001,938.349999999999,940.959999999992,925.789999999994,932.779999999999,925.709999999999,939.550000000003,949.549999999996,959.720000000001,981.599999999999,994.510000000009,1017.96,1045.38,1073.63,1100.89999999999,1129.7,1169.39999999999,1174.29999999999,1199.29999999999,1223.6,1268.9,1308.39999999999,1335.5,1391.39999999999,1428.7,1522.70000000001,1519.19999999998
985.079999999994,967.970000000001,954.68,939.129999999997,941.989999999998,926.849999999999,934.089999999997,927.089999999997,941.170000000006,951.349999999999,961.599999999999,983.660000000003,996.550000000003,1020.01,1047.44,1075.55,1102.6,1131,1170.49999999999,1175.19999999999,1200.19999999999,1224.1,1269.10000000001,1308.2,1334.7,1390.5,1427.5,1522.3,1517.89999999999
985.620000000003,968.580000000002,955.389999999999,939.909999999996,943.019999999997,927.909999999996,935.400000000001,928.470000000001,942.790000000001,953.150000000001,963.480000000003,985.720000000001,998.590000000004,1022.06,1049.5,1077.47,1104.3,1132.3,1171.6,1176.1,1201.1,1224.60000000001,1269.3,1308,1333.90000000001,1389.59999999999,1426.3,1521.90000000001,1516.59999999999
986.159999999996,969.190000000002,956.099999999999,940.690000000002,944.050000000003,928.970000000001,936.709999999992,929.849999999999,944.410000000003,954.949999999997,965.360000000001,987.780000000006,1000.63,1024.10999999999,1051.56,1079.39000000001,1106,1133.6,1172.7,1176.99999999999,1201.99999999999,1225.1,1269.5,1307.8,1333.10000000001,1388.7,1425.09999999999,1521.5,1515.29999999999
986.699999999997,969.800000000003,956.809999999998,941.469999999994,945.079999999994,930.029999999992,938.019999999997,931.230000000003,946.029999999999,956.749999999993,967.239999999998,989.840000000004,1002.67000000001,1026.16,1053.62,1081.31,1107.69999999999,1134.89999999999,1173.8,1177.89999999999,1202.89999999999,1225.6,1269.7,1307.59999999999,1332.3,1387.79999999999,1423.89999999999,1521.10000000002,1513.99999999999
987.239999999998,970.409999999996,957.519999999997,942.25,946.110000000001,931.089999999997,939.329999999994,932.610000000001,947.650000000001,958.549999999996,969.119999999995,991.900000000009,1004.71000000001,1028.21,1055.68,1083.23000000001,1109.39999999999,1136.2,1174.89999999999,1178.79999999999,1203.79999999999,1226.1,1269.90000000001,1307.39999999999,1331.5,1386.89999999999,1422.7,1520.70000000001,1512.69999999998
987.779999999999,971.019999999997,958.230000000003,943.029999999999,947.139999999999,932.149999999994,940.639999999999,933.989999999998,949.269999999997,960.349999999999,971,993.959999999999,1006.75000000001,1030.25999999999,1057.74,1085.15,1111.1,1137.5,1175.99999999999,1179.69999999999,1204.69999999999,1226.60000000001,1270.10000000001,1307.2,1330.7,1386,1421.5,1520.3,1511.39999999999
988.32,971.630000000005,958.940000000002,943.809999999998,948.169999999998,933.209999999999,941.949999999997,935.369999999995,950.889999999999,962.150000000001,972.880000000005,996.020000000004,1008.79,1032.31,1059.8,1087.07,1112.8,1138.8,1177.09999999999,1180.59999999999,1205.59999999999,1227.09999999999,1270.3,1307,1329.90000000001,1385.09999999999,1420.3,1519.90000000001,1510.09999999999
988.860000000001,972.240000000005,959.650000000001,944.589999999997,949.199999999997,934.269999999997,943.259999999995,936.75,952.510000000002,963.949999999997,974.760000000002,998.080000000002,1010.83000000001,1034.36,1061.86,1088.99000000001,1114.5,1140.1,1178.2,1181.49999999999,1206.49999999999,1227.60000000001,1270.5,1306.8,1329.10000000001,1384.2,1419.09999999999,1519.5,1508.79999999999
989.399999999994,972.849999999999,960.360000000008,945.370000000003,950.229999999996,935.329999999994,944.569999999992,938.129999999997,954.130000000005,965.749999999993,976.639999999999,1000.14000000001,1012.87,1036.41,1063.92,1090.91,1116.19999999999,1141.39999999999,1179.3,1182.39999999999,1207.39999999998,1228.09999999999,1270.7,1306.59999999999,1328.3,1383.29999999999,1417.89999999999,1519.10000000002,1507.49999999999
989.940000000002,973.459999999999,961.070000000007,946.149999999994,951.260000000002,936.389999999992,945.879999999997,939.510000000002,955.75,967.549999999996,978.519999999997,1002.2,1014.91000000001,1038.45999999999,1065.98,1092.83000000001,1117.89999999999,1142.7,1180.39999999999,1183.29999999999,1208.29999999999,1228.60000000001,1270.90000000001,1306.39999999999,1327.5,1382.39999999999,1416.7,1518.70000000001,1506.19999999998
990.479999999996,974.07,961.780000000006,946.93,952.289999999994,937.449999999997,947.189999999995,940.889999999999,957.369999999995,969.349999999999,980.400000000001,1004.26000000001,1016.95,1040.51,1068.03999999999,1094.75000000001,1119.6,1144,1181.5,1184.2,1209.2,1229.10000000001,1271.10000000001,1306.2,1326.7,1381.5,1415.5,1518.3,1504.89999999999
991.019999999997,974.68,962.490000000005,947.709999999992,953.32,938.509999999995,948.5,942.269999999997,958.989999999998,971.150000000001,982.279999999999,1006.32,1018.99000000001,1042.56,1070.1,1096.67,1121.3,1145.3,1182.59999999999,1185.09999999999,1210.09999999999,1229.59999999999,1271.3,1306,1325.90000000001,1380.59999999999,1414.3,1517.90000000001,1503.59999999999
991.559999999998,975.290000000001,963.200000000004,948.489999999998,954.349999999999,939.57,949.80999999999,943.649999999994,960.610000000001,972.949999999997,984.160000000003,1008.38,1021.03000000001,1044.60999999999,1072.16,1098.59,1123,1146.59999999999,1183.7,1186,1211,1230.10000000001,1271.5,1305.8,1325.10000000001,1379.7,1413.09999999999,1517.5,1502.29999999999
992.099999999999,975.900000000001,963.910000000003,949.269999999997,955.380000000005,940.62999999999,951.119999999995,945.029999999999,962.229999999996,974.749999999993,986.039999999994,1010.44,1023.07000000001,1046.66,1074.21999999999,1100.51,1124.69999999999,1147.89999999999,1184.79999999999,1186.89999999998,1211.89999999998,1230.59999999999,1271.7,1305.59999999999,1324.3,1378.79999999999,1411.89999999999,1517.10000000002,1500.99999999999
992.639999999999,976.510000000002,964.620000000003,950.049999999996,956.409999999996,941.689999999995,952.429999999993,946.409999999996,963.849999999999,976.549999999996,987.919999999998,1012.50000000001,1025.11000000001,1048.71,1076.28,1102.43000000001,1126.39999999999,1149.2,1185.89999999999,1187.79999999999,1212.79999999999,1231.10000000001,1271.90000000001,1305.39999999999,1323.5,1377.89999999999,1410.7,1516.70000000001,1499.69999999998
993.18,977.120000000003,965.330000000002,950.830000000002,957.439999999995,942.75,953.739999999998,947.790000000001,965.470000000001,978.349999999999,989.800000000003,1014.56,1027.15,1050.75999999999,1078.34,1104.35000000001,1128.1,1150.5,1187,1188.7,1213.7,1231.60000000001,1272.10000000001,1305.2,1322.7,1377,1409.5,1516.3,1498.39999999999
993.719999999994,977.730000000003,966.040000000001,951.610000000001,958.470000000001,943.809999999998,955.050000000003,949.170000000006,967.090000000004,980.150000000001,991.68,1016.62,1029.19,1052.81,1080.39999999999,1106.27,1129.8,1151.8,1188.09999999999,1189.59999999999,1214.59999999999,1232.09999999999,1272.3,1305,1321.90000000001,1376.09999999999,1408.3,1515.90000000001,1497.09999999999
994.259999999995,978.339999999997,966.75,952.389999999999,959.499999999993,944.870000000003,956.359999999993,950.550000000003,968.710000000006,981.949999999997,993.560000000005,1018.68000000001,1031.23,1054.86,1082.46,1108.19000000001,1131.49999999999,1153.09999999999,1189.2,1190.5,1215.5,1232.60000000001,1272.5,1304.8,1321.10000000001,1375.2,1407.09999999999,1515.5,1495.79999999999
994.800000000003,978.949999999997,967.459999999999,953.169999999998,960.529999999999,945.929999999993,957.669999999998,951.93,970.330000000002,983.749999999993,995.439999999995,1020.74,1033.27,1056.91,1084.52,1110.11000000002,1133.2,1154.39999999999,1190.29999999999,1191.39999999998,1216.39999999998,1233.09999999999,1272.7,1304.59999999999,1320.3,1374.29999999999,1405.89999999999,1515.10000000002,1494.49999999999
995.339999999997,979.560000000005,968.169999999998,953.950000000004,961.559999999998,946.989999999998,958.979999999996,953.309999999998,971.949999999997,985.549999999996,997.32,1022.8,1035.31,1058.96,1086.57999999999,1112.03000000001,1134.89999999999,1155.7,1191.39999999999,1192.29999999999,1217.29999999999,1233.60000000001,1272.90000000001,1304.39999999999,1319.5,1373.39999999999,1404.7,1514.70000000001,1493.19999999998
995.87999999999,980.170000000006,968.879999999997,954.729999999996,962.590000000004,948.049999999996,960.290000000001,954.690000000002,973.57,987.349999999999,999.199999999997,1024.86,1037.35000000001,1061.00999999999,1088.64,1113.95000000001,1136.59999999999,1157,1192.5,1193.2,1218.2,1234.10000000001,1273.10000000001,1304.2,1318.7,1372.5,1403.5,1514.3,1491.89999999999
996.419999999998,980.779999999999,969.590000000004,955.510000000002,963.619999999995,949.110000000001,961.599999999999,956.07,975.190000000002,989.150000000001,1001.08,1026.92000000001,1039.39,1063.06,1090.7,1115.87,1138.3,1158.3,1193.59999999999,1194.09999999999,1219.09999999999,1234.59999999999,1273.3,1304,1317.90000000001,1371.59999999999,1402.3,1513.90000000001,1490.59999999999
996.959999999992,981.390000000014,970.300000000003,956.289999999994,964.650000000001,950.169999999998,962.909999999996,957.450000000004,976.809999999998,990.949999999997,1002.96,1028.98,1041.43000000001,1065.10999999999,1092.75999999999,1117.78999999999,1139.99999999999,1159.59999999999,1194.7,1195,1220,1235.10000000001,1273.5,1303.8,1317.10000000001,1370.7,1401.09999999999,1513.5,1489.29999999999
997.499999999985,982,971.010000000009,957.069999999992,965.68,951.229999999996,964.219999999994,958.830000000002,978.43,992.749999999993,1004.84,1031.04000000001,1043.47,1067.15999999999,1094.81999999999,1119.71000000001,1141.7,1160.89999999999,1195.79999999999,1195.89999999998,1220.89999999998,1235.59999999999,1273.7,1303.59999999999,1316.3,1369.79999999999,1399.89999999999,1513.10000000002,1487.99999999999
998.040000000008,982.610000000001,971.720000000001,957.849999999991,966.709999999992,952.289999999994,965.529999999999,960.209999999999,980.050000000003,994.549999999996,1006.72,1033.1,1045.51000000001,1069.21000000001,1096.87999999999,1121.63,1143.39999999999,1162.2,1196.89999999999,1196.79999999999,1221.79999999999,1236.10000000001,1273.90000000001,1303.39999999999,1315.5,1368.89999999999,1398.7,1512.70000000001,1486.69999999998
998.580000000002,983.220000000001,972.430000000008,958.630000000005,967.740000000005,953.349999999999,966.839999999997,961.589999999997,981.670000000006,996.349999999999,1008.6,1035.16,1047.55,1071.25999999999,1098.94,1123.55,1145.09999999999,1163.5,1198,1197.7,1222.7,1236.60000000001,1274.10000000001,1303.2,1314.7,1368,1397.5,1512.3,1485.39999999999
999.119999999995,983.830000000002,973.139999999999,959.410000000003,968.770000000004,954.410000000003,968.149999999994,962.970000000001,983.289999999994,998.149999999994,1010.48,1037.22,1049.59,1073.31,1101,1125.47,1146.8,1164.8,1199.09999999999,1198.59999999999,1223.59999999999,1237.09999999999,1274.3,1303,1313.90000000001,1367.09999999999,1396.3,1511.90000000001,1484.09999999999
999.660000000003,984.440000000002,973.850000000006,960.189999999988,969.799999999988,955.469999999987,969.460000000006,964.349999999999,984.910000000003,999.950000000004,1012.36,1039.28,1051.63,1075.36,1103.06,1127.39,1148.49999999999,1166.09999999999,1200.2,1199.5,1224.5,1237.60000000001,1274.5,1302.8,1313.10000000001,1366.2,1395.09999999999,1511.5,1482.79999999999
1000.2,985.050000000003,974.559999999998,960.970000000001,970.830000000002,956.529999999999,970.76999999999,965.729999999996,986.529999999999,1001.75,1014.24000000001,1041.34000000001,1053.67000000001,1077.40999999999,1105.12,1129.31000000001,1150.2,1167.39999999999,1201.29999999999,1200.39999999998,1225.39999999998,1238.09999999999,1274.7,1302.59999999999,1312.3,1365.29999999999,1393.89999999999,1511.10000000002,1481.49999999999
1000.73999999999,985.660000000003,975.270000000004,961.75,971.860000000001,957.589999999997,972.079999999987,967.110000000001,988.150000000009,1003.54999999999,1016.12,1043.40000000001,1055.71000000001,1079.45999999999,1107.17999999999,1131.23000000001,1151.89999999999,1168.7,1202.39999999999,1201.29999999999,1226.29999999999,1238.60000000001,1274.90000000001,1302.39999999999,1311.5,1364.39999999999,1392.7,1510.70000000001,1480.19999999998
1001.28,986.270000000004,975.979999999996,962.529999999999,972.889999999999,958.649999999994,973.389999999999,968.490000000005,989.770000000004,1005.34999999999,1017.99999999999,1045.46000000001,1057.75,1081.50999999999,1109.23999999999,1133.15000000001,1153.59999999999,1170,1203.5,1202.2,1227.2,1239.10000000001,1275.10000000001,1302.2,1310.7,1363.5,1391.5,1510.3,1478.89999999999
1001.81999999999,986.880000000005,976.690000000002,963.309999999998,973.919999999998,959.709999999992,974.699999999997,969.87000000001,991.389999999999,1007.14999999999,1019.88,1047.52,1059.79000000001,1083.56,1111.29999999999,1135.07000000001,1155.3,1171.3,1204.59999999999,1203.09999999999,1228.09999999999,1239.59999999999,1275.3,1302,1309.90000000001,1362.59999999999,1390.3,1509.90000000001,1477.59999999999
1002.35999999999,987.489999999991,977.399999999994,964.089999999997,974.949999999997,960.76999999999,976.009999999995,971.25,993.010000000009,1008.95,1021.75999999999,1049.58000000002,1061.83,1085.61,1113.36,1136.99000000001,1156.99999999999,1172.59999999999,1205.7,1204,1229,1240.10000000001,1275.5,1301.8,1309.10000000001,1361.7,1389.09999999999,1509.5,1476.29999999999
1002.90000000001,988.099999999991,978.110000000001,964.869999999995,975.979999999996,961.830000000002,977.319999999992,972.630000000005,994.62999999999,1010.75,1023.64,1051.64000000001,1063.87000000001,1087.66,1115.42,1138.91000000002,1158.7,1173.89999999999,1206.79999999999,1204.89999999998,1229.89999999998,1240.59999999999,1275.7,1301.59999999999,1308.3,1360.79999999999,1387.89999999999,1509.10000000002,1474.99999999999
1003.44,988.709999999992,978.819999999992,965.650000000009,977.009999999995,962.889999999999,978.62999999999,974.009999999995,996.25,1012.54999999999,1025.52,1053.7,1065.91,1089.70999999999,1117.48,1140.83,1160.39999999999,1175.2,1207.89999999999,1205.79999999999,1230.79999999999,1241.10000000001,1275.90000000001,1301.39999999999,1307.5,1359.89999999999,1386.7,1508.70000000001,1473.69999999998
1003.98,989.320000000007,979.529999999999,966.429999999993,978.039999999994,963.949999999983,979.940000000002,975.389999999999,997.869999999995,1014.34999999999,1027.39999999999,1055.75999999999,1067.95000000001,1091.75999999999,1119.53999999999,1142.75,1162.09999999999,1176.5,1208.99999999999,1206.69999999998,1231.69999999998,1241.59999999999,1276.10000000001,1301.2,1306.70000000001,1358.99999999999,1385.5,1508.30000000002,1472.39999999999
1004.52,989.930000000008,980.239999999991,967.209999999992,979.070000000007,965.009999999995,981.249999999985,976.76999999999,999.490000000005,1016.14999999999,1029.28,1057.82000000001,1069.99000000001,1093.80999999998,1121.59999999999,1144.67,1163.8,1177.8,1210.09999999999,1207.59999999999,1232.59999999999,1242.10000000001,1276.30000000002,1301,1305.90000000001,1358.09999999999,1384.3,1507.89999999999,1471.10000000001
1005.06,990.540000000008,980.949999999997,967.990000000005,980.100000000006,966.069999999992,982.559999999998,978.149999999994,1001.11,1017.95,1031.15999999999,1059.88,1072.03,1095.86,1123.65999999999,1146.59,1165.49999999999,1179.09999999999,1211.2,1208.5,1233.5,1242.60000000001,1276.5,1300.8,1305.10000000001,1357.2,1383.09999999999,1507.50000000003,1469.79999999999
1005.59999999999,991.150000000009,981.660000000003,968.770000000004,981.12999999999,967.130000000005,983.869999999995,979.529999999999,1002.73,1019.75,1033.04000000001,1061.94,1074.07000000001,1097.91,1125.72,1148.51000000001,1167.2,1180.39999999999,1212.29999999999,1209.39999999998,1234.39999999998,1243.09999999999,1276.7,1300.59999999999,1304.3,1356.29999999999,1381.89999999999,1507.10000000001,1468.49999999997
1006.14,991.760000000009,982.369999999995,969.549999999988,982.160000000003,968.189999999988,985.179999999993,980.910000000003,1004.35000000001,1021.54999999999,1034.92,1064,1076.11000000002,1099.95999999999,1127.78,1150.43000000001,1168.89999999999,1181.7,1213.39999999999,1210.29999999999,1235.29999999999,1243.60000000001,1276.90000000001,1300.39999999999,1303.5,1355.39999999999,1380.69999999998,1506.70000000001,1467.19999999998
1006.67999999999,992.369999999995,983.080000000016,970.330000000002,983.190000000002,969.249999999985,986.489999999991,982.289999999994,1005.97,1023.34999999999,1036.79999999999,1066.06000000001,1078.15000000001,1102.00999999999,1129.84,1152.35000000001,1170.59999999999,1183,1214.49999999999,1211.19999999998,1236.19999999998,1244.09999999999,1277.10000000001,1300.2,1302.70000000001,1354.49999999999,1379.5,1506.30000000002,1465.89999999999
1007.22,992.979999999996,983.790000000008,971.110000000001,984.219999999987,970.309999999998,987.799999999988,983.669999999998,1007.59,1025.14999999999,1038.68000000001,1068.12000000001,1080.19,1104.06,1131.89999999999,1154.27,1172.3,1184.3,1215.59999999999,1212.09999999999,1237.09999999999,1244.60000000001,1277.30000000002,1300,1301.90000000001,1353.59999999999,1378.29999999999,1505.89999999999,1464.60000000001
1007.75999999999,993.589999999997,984.500000000015,971.889999999999,985.25,971.369999999995,989.110000000001,985.050000000003,1009.20999999999,1026.95,1040.56,1070.18000000001,1082.23,1106.10999999999,1133.95999999999,1156.19,1173.99999999999,1185.59999999999,1216.7,1213,1238,1245.10000000001,1277.5,1299.8,1301.10000000001,1352.69999999998,1377.10000000001,1505.50000000003,1463.29999999999
1008.3,994.199999999997,985.210000000006,972.669999999984,986.279999999999,972.429999999993,990.419999999998,986.430000000008,1010.83,1028.75,1042.44,1072.24000000001,1084.27000000002,1108.16,1136.01999999999,1158.11000000002,1175.7,1186.89999999999,1217.79999999999,1213.89999999998,1238.89999999998,1245.59999999999,1277.7,1299.59999999999,1300.3,1351.79999999999,1375.89999999999,1505.10000000001,1461.99999999997
1008.84,994.809999999998,985.920000000013,973.449999999997,987.309999999998,973.489999999991,991.729999999981,987.809999999998,1012.45,1030.54999999999,1044.31999999999,1074.30000000002,1086.31000000001,1110.21000000001,1138.08,1160.03000000001,1177.39999999999,1188.2,1218.89999999999,1214.79999999999,1239.79999999999,1246.10000000001,1277.90000000001,1299.39999999999,1299.5,1350.89999999999,1374.69999999998,1504.70000000001,1460.69999999998
1009.37999999999,995.419999999998,986.630000000005,974.229999999996,988.339999999997,974.549999999988,993.039999999994,989.190000000002,1014.07000000001,1032.34999999999,1046.2,1076.36000000002,1088.35000000001,1112.25999999999,1140.14,1161.95000000001,1179.09999999999,1189.5,1219.99999999999,1215.69999999998,1240.69999999998,1246.59999999999,1278.10000000001,1299.2,1298.70000000001,1350,1373.5,1504.30000000002,1459.39999999999
1009.92,996.029999999999,987.340000000011,975.009999999995,989.369999999995,975.610000000001,994.349999999991,990.569999999992,1015.69,1034.14999999999,1048.08,1078.42,1090.39,1114.31,1142.2,1163.87,1180.79999999999,1190.79999999999,1221.09999999999,1216.59999999999,1241.59999999999,1247.10000000001,1278.3,1299,1297.90000000002,1349.09999999998,1372.29999999999,1503.90000000002,1458.09999999998
1010.45999999999,996.640000000014,988.050000000003,975.790000000008,990.399999999994,976.669999999998,995.660000000003,991.949999999997,1017.31,1035.95,1049.95999999999,1080.48,1092.43000000001,1116.36,1144.25999999999,1165.79000000001,1182.49999999999,1192.09999999999,1222.2,1217.49999999999,1242.49999999999,1247.60000000001,1278.5,1298.79999999999,1297.10000000001,1348.19999999998,1371.10000000001,1503.50000000003,1456.79999999996
1010.99999999999,997.250000000015,988.760000000009,976.569999999992,991.429999999993,977.729999999996,996.970000000001,993.330000000002,1018.93000000001,1037.75,1051.84000000001,1082.53999999999,1094.47000000002,1118.40999999999,1146.31999999999,1167.71000000001,1184.2,1193.39999999999,1223.29999999999,1218.39999999998,1243.39999999998,1248.09999999999,1278.7,1298.59999999999,1296.30000000002,1347.29999999999,1369.89999999999,1503.10000000001,1455.49999999997
1011.53999999999,997.860000000001,989.470000000001,977.349999999991,992.459999999992,978.789999999994,998.279999999984,994.709999999992,1020.55,1039.54999999999,1053.72,1084.60000000001,1096.51000000001,1120.45999999999,1148.37999999999,1169.63,1185.89999999999,1194.7,1224.39999999999,1219.29999999999,1244.29999999999,1248.60000000001,1278.90000000001,1298.39999999999,1295.5,1346.39999999999,1368.69999999998,1502.70000000001,1454.19999999998
1012.08,998.470000000001,990.180000000008,978.130000000005,993.490000000005,979.849999999991,999.589999999997,996.089999999997,1022.17,1041.34999999999,1055.59999999999,1086.66,1098.55,1122.50999999999,1150.43999999999,1171.55,1187.59999999999,1196,1225.49999999999,1220.19999999998,1245.19999999998,1249.09999999999,1279.10000000001,1298.2,1294.69999999998,1345.5,1367.5,1502.30000000002,1452.89999999999
1012.62,999.080000000002,990.889999999999,978.910000000003,994.520000000004,980.910000000003,1000.89999999999,997.470000000001,1023.78999999999,1043.14999999999,1057.48,1088.72,1100.59,1124.56,1152.5,1173.47,1189.29999999999,1197.29999999999,1226.59999999999,1221.09999999999,1246.09999999999,1249.60000000001,1279.3,1298,1293.90000000002,1344.59999999998,1366.29999999999,1501.90000000002,1451.59999999998
1013.16,999.690000000002,991.600000000006,979.689999999988,995.549999999988,981.969999999987,1002.21000000001,998.850000000006,1025.41,1044.95,1059.36,1090.78,1102.63000000002,1126.61,1154.56,1175.39000000001,1190.99999999999,1198.59999999999,1227.7,1221.99999999999,1246.99999999999,1250.10000000001,1279.5,1297.79999999999,1293.10000000001,1343.69999999998,1365.10000000001,1501.50000000003,1450.29999999996
1013.7,1000.3,992.309999999998,980.470000000001,996.580000000002,983.029999999999,1003.51999999999,1000.23,1027.03,1046.75,1061.24000000001,1092.84000000001,1104.67000000001,1128.65999999999,1156.62,1177.31000000001,1192.7,1199.89999999999,1228.79999999999,1222.89999999998,1247.89999999998,1250.59999999999,1279.7,1297.60000000001,1292.30000000002,1342.79999999999,1363.89999999999,1501.10000000001,1448.99999999997
1014.23999999999,1000.91,993.020000000004,981.25,997.610000000001,984.089999999997,1004.82999999999,1001.61,1028.65000000001,1048.54999999999,1063.12,1094.90000000001,1106.71000000001,1130.70999999999,1158.67999999999,1179.23000000001,1194.39999999999,1201.2,1229.89999999999,1223.79999999999,1248.79999999999,1251.10000000001,1279.90000000001,1297.39999999999,1291.5,1341.89999999999,1362.69999999998,1500.70000000001,1447.69999999998
1014.78,1001.52,993.729999999996,982.029999999999,998.639999999985,985.149999999994,1006.14,1002.99000000001,1030.27,1050.34999999999,1065,1096.96000000001,1108.75,1132.75999999999,1160.73999999999,1181.15000000001,1196.09999999999,1202.5,1230.99999999999,1224.69999999998,1249.69999999998,1251.59999999999,1280.10000000001,1297.19999999998,1290.69999999998,1341,1361.5,1500.30000000002,1446.39999999999
1015.31999999999,1002.13,994.440000000002,982.809999999998,999.669999999998,986.209999999992,1007.45,1004.37000000001,1031.89,1052.14999999999,1066.88,1099.02,1110.79000000001,1134.81,1162.79999999999,1183.07000000001,1197.79999999999,1203.79999999999,1232.09999999999,1225.59999999999,1250.59999999999,1252.10000000001,1280.29999999999,1297,1289.90000000002,1340.09999999998,1360.29999999999,1499.90000000002,1445.09999999998
1015.85999999999,1002.73999999999,995.149999999994,983.589999999997,1000.7,987.26999999999,1008.75999999999,1005.75,1033.51000000001,1053.95,1068.75999999999,1101.08000000002,1112.83000000002,1136.86,1164.86,1184.99000000002,1199.49999999999,1205.09999999999,1233.2,1226.49999999999,1251.49999999999,1252.60000000001,1280.50000000003,1296.79999999999,1289.10000000001,1339.19999999998,1359.10000000001,1499.50000000003,1443.79999999996
