1098.8,1065.3,1031.3,996.97,962.3,927.47,892.67,858.45,824.28,791.56,759.08,728.84,699.58,672.24,647.26,623.89,604.37,584.53,572.39,568.52,564.64,556.63,544.49,532.2,519.97,507.65,495.27,482.79,470.32
1098.6,1065.2,1031.3,996.95,962.34,927.61,892.91,858.77,824.73,792.12,759.72,729.6,700.31,673.29,648.2,625.14,605.61,585.82,573.81,569.99,566.15,558.22,546.16,533.99,521.84,509.6,497.3,484.93,472.52
1098.4,1065.1,1031.2,996.92,962.39,927.75,893.15,859.09,825.18,792.67,760.37,730.36,701.04,674.35,649.14,626.38,606.85,587.12,575.23,571.45,567.66,559.81,547.83,535.77,523.7,511.55,499.33,487.06,474.72
1098.1,1065,1031,996.9,962.43,927.9,893.39,859.42,825.64,793.22,761.01,731.13,701.77,675.4,650.08,627.63,608.07,588.42,576.64,572.92,569.18,561.39,549.49,537.56,525.57,513.5,501.35,489.18,476.93
1097.9,1064.8,1030.9,996.89,962.47,928.03,893.63,859.74,826.1,793.76,761.7,731.9,702.49,676.45,651.02,628.87,609.25,589.91,578.07,574.38,570.69,562.98,551.17,539.34,527.43,515.46,503.41,491.31,479.16
1097.7,1064.7,1030.9,996.88,962.54,928.18,893.89,860.06,826.56,794.31,762.43,732.65,703.41,677.5,651.98,630.1,610.42,591.5,579.51,575.86,572.19,564.55,552.84,541.12,529.32,517.41,505.48,493.44,481.38
1097.5,1064.6,1030.8,996.87,962.6,928.33,894.14,860.39,827.03,794.85,763.15,733.4,704.36,678.52,653.1,631.31,611.58,593.09,580.95,577.33,573.69,566.12,554.5,542.88,531.19,519.38,507.52,495.58,483.59
1097.3,1064.5,1030.7,996.88,962.67,928.48,894.4,860.72,827.5,795.39,763.88,734.15,705.32,679.55,654.22,632.51,612.71,595.07,582.54,578.84,575.16,567.66,556.17,544.64,533.05,521.35,509.57,497.72,485.8
1097.1,1064.3,1030.6,996.89,962.75,928.65,894.67,861.05,827.97,795.93,764.6,734.9,706.29,680.51,655.42,633.7,613.86,597.07,584.26,580.39,576.54,569.05,557.79,546.4,534.92,523.31,511.63,499.86,488.02
1097,1064.2,1030.6,996.9,962.84,928.8,894.94,861.39,828.44,796.46,765.33,735.65,707.26,681.46,656.73,635.01,615.35,598.85,585.99,581.93,577.9,570.44,559.4,548.16,536.79,525.28,513.69,502.03,490.27
1096.8,1064.1,1030.6,996.92,962.93,928.97,895.21,861.72,828.92,796.99,766.05,736.39,708.23,682.41,658.06,636.33,617.02,600.02,587.5,583.48,579.46,571.97,561,549.92,538.66,527.26,515.75,504.17,492.51
1096.7,1064,1030.5,996.94,963.02,929.14,895.49,862.05,829.39,797.52,766.77,737.14,709.19,683.33,659.31,637.59,618.68,601.21,588.97,585.05,581.12,573.7,562.75,551.71,540.53,529.21,517.82,506.32,494.76
1096.6,1063.9,1030.5,996.96,963.12,929.3,895.77,862.39,829.86,798.04,767.48,737.88,710.15,684.25,660.53,638.74,620.06,602.47,590.44,586.62,582.79,575.42,564.51,553.52,542.44,531.2,519.9,508.49,496.99
1096.4,1063.8,1030.5,996.97,963.23,929.47,896.05,862.73,830.35,798.55,768.2,738.61,711.09,685.18,661.74,639.9,621.43,603.78,591.94,588.18,584.4,577.1,566.27,555.34,544.34,533.21,521.99,510.66,499.24
1096.3,1063.7,1030.4,997,963.33,929.64,896.34,863.07,830.83,799.07,768.9,739.35,712.03,686.12,662.89,641.05,622.78,605.09,593.43,589.72,586.01,578.77,568.04,557.19,546.26,535.23,524.08,512.83,501.48
1096.1,1063.6,1030.4,997.03,963.44,929.8,896.63,863.42,831.31,799.61,769.61,740.1,712.97,687.05,664.03,642.19,624.09,606.45,594.92,591.26,587.6,580.45,569.8,559.03,548.2,537.24,526.2,515.01,503.72
1096,1063.4,1030.4,997.07,963.56,930.01,896.93,863.78,831.79,800.14,770.32,740.84,713.88,687.99,665.17,643.34,625.41,607.8,596.41,592.8,589.16,582.11,571.54,560.87,550.14,539.26,528.31,517.2,505.99
1095.8,1063.3,1030.4,997.11,963.68,930.21,897.22,864.17,832.28,800.67,771.02,741.6,714.8,688.94,666.28,644.51,626.73,609.15,597.9,594.34,590.74,583.76,573.28,562.71,552.09,541.29,530.41,519.39,508.27
1095.7,1063.3,1030.4,997.15,963.81,930.42,897.52,864.55,832.76,801.21,771.71,742.35,715.72,689.89,667.38,645.66,628.04,610.52,599.4,595.86,592.31,585.4,575.04,564.56,554.03,543.32,532.52,521.58,510.56
1095.6,1063.2,1030.3,997.2,963.94,930.63,897.82,864.95,833.24,801.75,772.41,743.1,716.64,690.85,668.48,646.82,629.36,611.9,600.88,597.38,593.88,587.04,576.78,566.41,555.96,545.34,534.65,523.78,512.85
1095.5,1063.1,1030.3,997.26,964.06,930.85,898.13,865.36,833.74,802.35,773.11,743.85,717.55,691.8,669.58,647.98,630.66,613.28,602.36,598.91,595.44,588.66,578.51,568.25,557.88,547.36,536.78,526,515.13
1095.3,1063,1030.3,997.32,964.2,931.07,898.43,865.77,834.22,802.96,773.8,744.61,718.45,692.75,670.69,649.15,631.96,614.66,603.86,600.43,597,590.27,580.24,570.09,559.82,549.38,538.91,528.23,517.44
1095.2,1063,1030.3,997.39,964.34,931.29,898.74,866.18,834.71,803.57,774.48,745.37,719.35,693.71,671.8,650.33,633.26,616.04,605.34,601.94,598.55,591.89,581.97,571.94,561.76,551.42,541.02,530.44,519.75
1095.1,1062.9,1030.4,997.46,964.48,931.51,899.04,866.59,835.2,804.17,775.17,746.16,720.26,694.69,672.9,651.51,634.55,617.42,606.82,603.45,600.09,593.52,583.71,573.76,563.7,553.45,543.13,532.65,522.05
1095,1062.8,1030.4,997.53,964.62,931.75,899.34,867,835.7,804.79,775.86,746.99,721.16,695.66,674,652.69,635.86,618.81,608.29,604.96,601.62,595.14,585.43,575.58,565.62,555.49,545.25,534.87,524.36
1094.9,1062.8,1030.4,997.6,964.77,931.99,899.66,867.41,836.2,805.41,776.54,747.81,722.07,696.64,675.09,653.86,637.16,620.2,609.78,606.48,603.17,596.75,587.14,577.41,567.55,557.52,547.39,537.09,526.65
1094.8,1062.7,1030.4,997.67,964.92,932.23,899.96,867.83,836.7,806.01,777.24,748.63,722.97,697.61,676.19,655.04,638.45,621.6,611.27,608,604.72,598.36,588.87,579.24,569.48,559.55,549.52,539.31,528.94
1094.7,1062.6,1030.4,997.75,965.07,932.47,900.28,868.24,837.21,806.63,777.93,749.45,723.88,698.6,677.28,656.23,639.74,622.98,612.76,609.52,606.28,599.98,590.59,581.06,571.41,561.58,551.64,541.52,531.24
1094.6,1062.6,1030.4,997.83,965.21,932.7,900.59,868.65,837.71,807.24,778.62,750.25,724.78,699.58,678.38,657.42,641.04,624.37,614.23,611.02,607.81,601.59,592.31,582.87,573.33,563.61,553.77,543.73,533.54
1094.5,1062.6,1030.4,997.91,965.37,932.94,900.9,869.06,838.22,807.84,779.31,751.06,725.68,700.56,679.48,658.6,642.33,625.75,615.71,612.53,609.34,603.2,594.02,584.7,575.26,565.64,555.9,545.94,535.84
1094.4,1062.5,1030.4,997.99,965.54,933.18,901.22,869.47,838.72,808.45,780,751.86,726.58,701.55,680.57,659.79,643.63,627.15,617.19,614.04,610.87,604.8,595.73,586.52,577.18,567.67,558.02,548.15,538.15
1094.3,1062.5,1030.5,998.08,965.7,933.42,901.54,869.87,839.22,809.05,780.68,752.66,727.49,702.55,681.66,660.99,644.93,628.54,618.68,615.55,612.41,606.41,597.45,588.34,579.1,569.69,560.14,550.36,540.48
1094.2,1062.5,1030.5,998.18,965.88,933.67,901.85,870.27,839.73,809.64,781.37,753.44,728.39,703.54,682.75,662.16,646.22,629.93,620.16,617.06,613.96,608.01,599.16,590.15,581.01,571.71,562.26,552.59,542.81
1094.2,1062.5,1030.5,998.29,966.07,933.92,902.16,870.67,840.23,810.24,782.06,754.23,729.28,704.54,683.84,663.35,647.5,631.32,621.64,618.56,615.49,609.61,600.86,591.96,582.92,573.73,564.38,554.78,545.12
1094.1,1062.4,1030.6,998.4,966.25,934.17,902.47,871.07,840.74,810.82,782.76,755,730.17,705.54,684.93,664.55,648.77,632.71,623.11,620.06,617.02,611.21,602.57,593.76,584.84,575.75,566.49,556.98,547.42
1094.1,1062.4,1030.6,998.51,966.44,934.44,902.79,871.47,841.25,811.4,783.45,755.76,731.07,706.55,686.01,665.74,650.07,634.1,624.58,621.56,618.55,612.81,604.27,595.57,586.75,577.76,568.6,559.18,549.72
1094,1062.4,1030.7,998.63,966.63,934.7,903.12,871.89,841.77,811.99,784.14,756.54,731.96,707.57,687.1,666.94,651.35,635.49,626.05,623.05,620.07,614.4,605.97,597.37,588.66,579.76,570.71,561.39,552.01
1094,1062.4,1030.8,998.74,966.81,934.97,903.44,872.31,842.3,812.57,784.87,757.35,732.86,708.6,688.19,668.14,652.64,636.88,627.52,624.54,621.59,615.98,607.66,599.17,590.56,581.76,572.81,563.58,554.3
1093.9,1062.4,1030.9,998.86,966.99,935.25,903.75,872.77,842.81,813.16,785.6,758.19,733.77,709.64,689.28,669.35,653.92,638.27,628.98,626.04,623.1,617.55,609.33,600.96,592.46,583.76,574.92,565.77,556.58
1093.8,1062.4,1030.9,998.98,967.16,935.53,904.04,873.3,843.29,813.9,786.33,759.02,734.69,710.69,690.38,670.59,655.2,639.66,630.44,627.54,624.61,619.13,611.03,602.74,594.35,585.76,577.02,567.96,558.85
1093.8,1062.4,1030.9,999.08,967.33,935.82,904.34,873.84,843.77,814.7,787.07,759.94,735.61,711.75,691.48,671.82,656.48,641.04,631.91,629.03,626.12,620.7,612.72,604.54,596.22,587.76,579.11,570.15,561.13
1093.8,1062.4,1031,999.19,967.51,936.11,904.72,874.31,844.27,815.49,787.81,760.86,736.54,712.8,692.58,673.04,657.77,642.44,633.38,630.51,627.64,622.28,614.41,606.32,598.1,589.76,581.2,572.32,563.41
1093.6,1062.4,1031,999.3,967.69,936.41,905.1,874.75,844.81,816.16,788.51,761.76,737.46,713.86,693.68,674.27,659.05,643.83,634.85,631.99,629.15,623.86,616.09,608.12,599.98,591.74,583.26,574.49,565.68
1093.6,1062.4,1031,999.43,967.88,936.7,905.48,875.2,845.37,816.8,789.2,762.61,738.36,714.9,694.79,675.49,660.33,645.22,636.32,633.48,630.66,625.42,617.76,609.9,601.86,593.71,585.33,576.67,567.95
1093.5,1062.3,1031.1,999.57,968.09,936.97,905.89,875.61,845.91,817.43,789.88,763.46,739.26,715.92,695.88,676.68,661.61,646.61,637.77,634.97,632.18,627,619.44,611.66,603.74,595.68,587.39,578.83,570.21
1093.4,1062.4,1031.1,999.7,968.29,937.25,906.29,876.01,846.46,818,790.6,764.27,740.15,716.94,696.96,677.87,662.89,647.99,639.23,636.45,633.68,628.58,621.1,613.45,605.62,597.64,589.46,580.97,572.45
1093.4,1062.4,1031.2,999.86,968.5,937.52,906.68,876.42,847,818.56,791.32,765.04,741.04,717.94,698.04,679.06,664.16,649.36,640.69,637.92,635.17,630.14,622.75,615.22,607.48,599.6,591.5,583.13,574.67
1093.4,1062.5,1031.3,1000,968.71,937.78,907.06,876.84,847.55,819.13,792.03,765.81,741.92,718.93,699.13,680.25,665.43,650.73,642.13,639.41,636.68,631.69,624.39,616.99,609.33,601.54,593.53,585.29,576.87
1093.3,1062.6,1031.4,1000.2,968.93,938.05,907.44,877.28,848.09,819.7,792.73,766.56,742.81,719.93,700.23,681.44,666.7,652.1,643.59,640.88,638.17,633.25,626.05,618.78,611.18,603.48,595.55,587.44,579.07
1093.3,1062.6,1031.5,1000.3,969.17,938.34,907.83,877.71,848.63,820.27,793.44,767.3,743.7,720.9,701.31,682.61,667.97,653.47,645.03,642.36,639.67,634.82,627.72,620.5,613.03,605.43,597.6,589.59,581.27
1093.3,1062.6,1031.6,1000.5,969.42,938.64,908.24,878.14,849.18,820.85,794.15,768.06,744.59,721.86,702.39,683.75,669.23,654.82,646.47,643.82,641.16,636.39,629.4,622.21,614.88,607.36,599.62,591.73,583.46
1093.2,1062.6,1031.7,1000.7,969.66,938.94,908.64,878.58,849.72,821.43,794.87,768.81,745.47,722.82,703.48,684.9,670.5,656.17,647.9,645.28,642.65,637.93,631.05,623.92,616.73,609.31,601.63,593.85,585.64
1093.1,1062.6,1031.7,1000.8,969.88,939.2,909.03,879.02,850.27,822.01,795.57,769.57,746.36,723.76,704.54,686.04,671.76,657.52,649.34,646.74,644.13,639.46,632.69,625.65,618.56,611.22,603.63,595.95,587.84
1093.1,1062.7,1031.8,1000.9,970.1,939.47,909.41,879.45,850.83,822.6,796.29,770.32,747.23,724.7,705.61,687.17,673,658.86,650.76,648.2,645.61,641,634.34,627.37,620.38,613.12,605.62,598.02,590.02
1093.1,1062.7,1031.9,1001.1,970.32,939.74,909.79,879.89,851.4,823.2,797.02,771.1,748.12,725.63,706.68,688.3,674.24,660.2,652.17,649.64,647.08,642.53,635.95,629.08,622.19,615.02,607.61,600.09,592.18
1093,1062.7,1032,1001.2,970.53,940,910.16,880.32,851.95,823.81,797.76,771.87,749.02,726.58,707.76,689.43,675.48,661.54,653.59,651.08,648.56,644.06,637.56,630.79,623.99,616.9,609.59,602.15,594.34
1093,1062.8,1032.1,1001.4,970.73,940.26,910.52,880.75,852.49,824.4,798.48,772.65,749.93,727.53,708.83,690.57,676.72,662.87,655,652.53,650.02,645.59,639.18,632.49,625.79,618.78,611.56,604.2,596.47
1093.1,1062.9,1032.2,1001.5,970.95,940.53,910.88,881.19,853.02,825,799.19,773.42,750.82,728.48,709.9,691.71,677.98,664.19,656.41,653.97,651.49,647.11,640.77,634.19,627.57,620.65,613.52,606.22,598.59
1093.1,1062.9,1032.3,1001.6,971.2,940.84,911.24,881.63,853.56,825.6,799.9,774.19,751.71,729.42,710.97,692.85,679.23,665.51,657.83,655.4,652.96,648.62,642.38,635.87,629.35,622.5,615.46,608.22,600.71
1093.1,1062.9,1032.4,1001.8,971.43,941.15,911.61,882.09,854.1,826.26,800.6,774.98,752.6,730.37,712.04,693.99,680.47,666.82,659.22,656.81,654.4,650.13,643.97,637.55,631.13,624.35,617.4,610.22,602.8
1093.2,1063,1032.5,1002,971.69,941.47,911.98,882.55,854.63,826.92,801.31,775.8,753.49,731.32,713.1,695.13,681.72,668.15,660.62,658.23,655.84,651.62,645.54,639.22,632.87,626.19,619.34,612.23,604.89
1093.2,1063,1032.7,1002.2,971.97,941.82,912.39,883.04,855.17,827.57,802.02,776.63,754.37,732.29,714.15,696.24,682.94,669.46,662.01,659.64,657.29,653.12,647.12,640.88,634.6,628.01,621.24,614.2,606.96
1093.2,1063.1,1032.8,1002.4,972.24,942.16,912.8,883.56,855.74,828.23,802.75,777.47,755.26,733.25,715.19,697.35,684.16,670.76,663.38,661.05,658.72,654.6,648.69,642.53,636.33,629.82,623.14,616.17,609.02
1093.2,1063.2,1032.9,1002.6,972.51,942.5,913.21,884.07,856.33,828.9,803.48,778.33,756.17,734.25,716.23,698.46,685.37,672.06,664.77,662.45,660.15,656.09,650.24,644.17,638.04,631.6,625.02,618.13,611.07
1093.3,1063.2,1033.1,1002.7,972.77,942.84,913.61,884.56,856.9,829.56,804.22,779.18,757.07,735.26,717.28,699.57,686.58,673.36,666.14,663.84,661.57,657.56,651.79,645.79,639.74,633.38,626.89,620.07,613.08
1093.3,1063.3,1033.2,1002.9,973.03,943.18,914,885.03,857.45,830.21,804.93,780.01,757.98,736.27,718.34,700.68,687.79,674.65,667.51,665.23,662.97,659.02,653.33,647.41,641.44,635.17,628.76,621.98,615.08
1093.2,1063.4,1033.3,1003.1,973.27,943.51,914.39,885.51,858.01,830.86,805.64,780.82,758.87,737.27,719.4,701.81,689.01,675.94,668.86,666.62,664.39,660.47,654.86,649.02,643.11,636.91,630.59,623.88,617.08
1093.2,1063.4,1033.4,1003.2,973.5,943.82,914.77,885.97,858.56,831.51,806.34,781.63,759.76,738.27,720.46,702.94,690.22,677.23,670.22,668.01,665.79,661.92,656.39,650.64,644.79,638.66,632.4,625.78,619.04
1093.2,1063.5,1033.5,1003.4,973.73,944.13,915.14,886.42,859.08,832.14,807.04,782.42,760.63,739.26,721.52,704.07,691.44,678.52,671.59,669.39,667.2,663.37,657.9,652.22,646.44,640.41,634.21,627.67,621.02
1093.2,1063.5,1033.6,1003.6,973.96,944.43,915.51,886.87,859.62,832.76,807.73,783.2,761.5,740.23,722.56,705.18,692.64,679.8,672.95,670.76,668.59,664.81,659.42,653.81,648.09,642.13,635.99,629.51,622.95
1093.1,1063.5,1033.6,1003.7,974.17,944.71,915.85,887.31,860.14,833.37,808.42,783.98,762.36,741.2,723.59,706.28,693.83,681.08,674.28,672.12,669.96,666.24,660.92,655.4,649.74,643.84,637.77,631.35,624.85
1093.1,1063.5,1033.8,1003.9,974.39,945,916.21,887.76,860.65,833.97,809.09,784.76,763.22,742.15,724.61,707.39,695.02,682.35,675.62,673.48,671.35,667.67,662.4,656.97,651.36,645.54,639.53,633.19,626.74
1093.1,1063.6,1033.9,1004.1,974.61,945.28,916.56,888.21,861.17,834.57,809.77,785.54,764.06,743.09,725.63,708.53,696.22,683.61,676.95,674.84,672.73,669.1,663.9,658.53,652.96,647.23,641.27,635,628.59
1093.1,1063.6,1033.9,1004.2,974.84,945.56,916.92,888.67,861.71,835.18,810.45,786.32,764.92,744.02,726.65,709.67,697.41,684.88,678.27,676.19,674.1,670.5,665.38,660.09,654.57,648.91,642.99,636.8,630.44
1093,1063.6,1034,1004.4,975.07,945.83,917.28,889.14,862.27,835.81,811.17,787.12,765.79,744.96,727.67,710.8,698.6,686.15,679.61,677.54,675.46,671.9,666.85,661.64,656.17,650.56,644.68,638.57,632.26
1093,1063.6,1034.1,1004.6,975.32,946.13,917.64,889.6,862.82,836.44,811.89,787.91,766.67,745.91,728.7,711.91,699.78,687.41,680.92,678.87,676.82,673.31,668.32,663.17,657.75,652.22,646.38,640.32,634.04
1093,1063.6,1034.2,1004.8,975.59,946.47,918.07,890.07,863.37,837.06,812.6,788.7,767.55,746.85,729.74,713.01,700.95,688.66,682.21,680.19,678.15,674.79,669.82,664.72,659.32,653.86,648.07,642.09,635.83
1093,1063.7,1034.3,1005,975.87,946.82,918.49,890.55,863.92,837.67,813.3,789.47,768.42,747.78,730.77,714.11,702.13,689.92,683.52,681.49,679.47,676.27,671.31,666.27,660.88,655.49,649.72,643.82,637.58
1093.1,1063.8,1034.5,1005.2,976.13,947.15,918.91,891.02,864.47,838.28,814.01,790.24,769.28,748.7,731.79,715.19,703.29,691.16,684.79,682.78,680.78,677.7,672.79,667.8,662.46,657.12,651.38,645.54,639.32
1093.1,1063.9,1034.6,1005.4,976.39,947.46,919.31,891.47,865,838.87,814.7,791,770.15,749.62,732.82,716.28,704.46,692.39,686.06,684.06,682.07,679.05,674.25,669.29,664,658.7,653.01,647.25,641.06
1093.1,1064,1034.8,1005.6,976.65,947.78,919.72,891.92,865.53,839.44,815.37,791.74,770.99,750.51,733.82,717.38,705.62,693.62,687.34,685.35,683.36,680.42,675.71,670.78,665.54,660.26,654.63,648.9,642.74
1093.2,1064.1,1035,1005.8,976.89,948.09,920.12,892.38,866.05,840,816.05,792.48,771.83,751.4,734.82,718.5,706.76,694.84,688.58,686.62,684.63,681.72,677.16,672.26,667.08,661.83,656.24,650.54,644.44
1093.2,1064.2,1035.1,1005.9,977.13,948.36,920.48,892.8,866.57,840.53,816.72,793.22,772.68,752.28,735.8,719.6,707.9,696.05,689.83,687.87,685.89,683.01,678.59,673.71,668.58,663.35,657.82,652.14,646.11
1093.2,1064.3,1035.3,1006.1,977.36,948.63,920.86,893.22,867.07,841.06,817.39,793.94,773.52,753.23,736.8,720.7,709.04,697.26,691.08,689.12,687.16,684.3,680.03,675.15,670.09,664.87,659.39,653.72,647.75
1093.2,1064.4,1035.4,1006.3,977.58,948.9,921.23,893.64,867.58,841.58,818.06,794.66,774.35,754.18,737.8,721.8,710.16,698.46,692.31,690.36,688.43,685.57,681.43,676.58,671.59,666.37,660.96,655.31,649.42
1093.2,1064.4,1035.4,1006.4,977.79,949.17,921.57,894.07,868.08,842.19,818.72,795.43,775.18,755.14,738.8,722.9,711.29,699.68,693.56,691.62,689.68,686.84,682.83,678,673.05,667.85,662.5,656.87,651.03
1093.2,1064.5,1035.6,1006.6,978.01,949.44,921.92,894.51,868.57,842.83,819.39,796.24,776,756.11,739.79,724,712.4,700.88,694.79,692.86,690.92,688.09,684.22,679.41,674.53,669.33,664.05,658.42,652.64
1093.2,1064.6,1035.7,1006.8,978.21,949.73,922.26,894.94,869.07,843.48,820.05,797.05,776.81,757.08,740.78,725.11,713.52,702.06,696.01,694.08,692.14,689.34,685.54,680.8,675.96,670.78,665.55,659.94,654.23
1093.2,1064.6,1035.8,1006.9,978.4,950.03,922.58,895.39,869.55,844.13,820.72,797.89,777.62,758.05,741.77,726.21,714.64,703.26,697.2,695.29,693.38,690.59,686.86,682.18,677.38,672.23,667.03,661.44,655.78
1093.2,1064.6,1035.9,1007.1,978.6,950.33,922.91,895.85,870.02,844.79,821.39,798.74,778.43,759.02,742.73,727.29,715.73,704.43,698.4,696.5,694.6,691.82,688.15,683.56,678.79,673.68,668.51,662.94,657.31
1093.2,1064.7,1036,1007.3,978.8,950.64,923.24,896.3,870.49,845.45,822.05,799.58,779.25,759.99,743.69,728.37,716.82,705.61,699.6,697.7,695.8,693.03,689.39,684.9,680.15,675.08,669.93,664.41,658.79
1093.2,1064.7,1036,1007.4,979.01,950.95,923.57,896.76,870.93,846.09,822.66,800.41,780.04,760.95,744.64,729.45,717.9,706.78,700.79,698.9,697,694.26,690.62,686.25,681.51,676.49,671.34,665.87,660.24
1093.2,1064.7,1036.1,1007.6,979.23,951.26,923.91,897.22,871.36,846.73,823.25,801.24,780.82,761.91,745.58,730.53,719,707.94,701.98,700.09,698.19,695.46,691.84,687.58,682.87,677.89,672.75,667.32,661.7
1093.2,1064.8,1036.2,1007.7,979.46,951.57,924.25,897.67,871.8,847.37,823.84,802.08,781.59,762.86,746.53,731.6,720.08,709.1,703.15,701.27,699.38,696.66,693.05,688.9,684.19,679.26,674.12,668.74,663.12
1093.2,1064.8,1036.2,1007.8,979.69,951.88,924.59,898.1,872.28,847.97,824.38,802.92,782.41,763.79,747.47,732.67,721.16,710.26,704.32,702.45,700.57,697.85,694.27,690.21,685.52,680.63,675.5,670.16,664.53
1093.2,1064.8,1036.3,1008,979.93,952.19,924.94,898.52,872.76,848.56,824.92,803.77,783.24,764.71,748.4,733.72,722.24,711.4,705.48,703.62,701.74,699.03,695.47,691.51,686.82,681.98,676.86,671.56,665.94
1093.1,1064.9,1036.4,1008.2,980.16,952.5,925.29,898.97,873.29,849.16,825.48,804.6,784.06,765.62,749.33,734.78,723.3,712.53,706.64,704.78,702.92,700.21,696.67,692.8,688.11,683.31,678.2,672.93,667.31
1093.1,1064.9,1036.5,1008.3,980.4,952.8,925.66,899.44,873.88,849.77,826.23,805.21,784.83,766.49,750.26,735.79,724.36,713.66,707.78,705.94,704.09,701.38,697.86,694.09,689.4,684.64,679.53,674.31,668.69
1093.1,1064.9,1036.6,1008.5,980.63,953.1,926.03,899.91,874.48,850.37,826.98,805.83,785.6,767.34,751.18,736.79,725.41,714.77,708.92,707.09,705.25,702.56,699.03,695.35,690.66,685.94,680.84,675.65,670.04
1093.1,1065,1036.7,1008.7,980.87,953.41,926.42,900.39,875.04,850.97,827.71,806.46,786.38,768.19,752.09,737.79,726.46,715.88,710.06,708.24,706.4,703.73,700.21,696.6,691.93,687.24,682.13,676.98,671.36
1093.1,1065,1036.8,1008.9,981.1,953.72,926.82,900.85,875.57,851.55,828.41,807.18,787.19,769.05,753.03,738.78,727.5,716.98,711.19,709.37,707.54,704.89,701.39,697.84,693.19,688.52,683.42,678.31,672.69
1093.1,1065.1,1036.9,1009,981.32,954.03,927.22,901.32,876.11,852.12,829.12,807.89,788,769.9,753.98,739.77,728.55,718.07,712.31,710.49,708.68,706.04,702.57,699.02,694.41,689.76,684.68,679.57,673.98
1093.2,1065.2,1037,1009.2,981.55,954.33,927.59,901.76,876.61,852.7,829.8,808.6,788.8,770.74,754.92,740.76,729.59,719.17,713.43,711.62,709.81,707.2,703.76,700.2,695.65,691,685.94,680.84,675.27
1093.2,1065.2,1037.2,1009.4,981.79,954.63,927.95,902.19,877.1,853.27,830.44,809.3,789.57,771.59,755.82,741.72,730.6,720.24,714.53,712.72,710.93,708.34,704.91,701.37,696.87,692.22,687.19,682.09,676.55
1093.2,1065.3,1037.3,1009.6,982.02,954.93,928.31,902.62,877.58,853.84,831.08,810.01,790.36,772.44,756.73,742.67,731.62,721.3,715.63,713.83,712.05,709.46,706.06,702.52,698.07,693.42,688.42,683.31,677.78
1093.2,1065.4,1037.4,1009.8,982.24,955.22,928.63,903.03,878.02,854.42,831.71,810.73,791.13,773.28,757.64,743.63,732.64,722.37,716.72,714.94,713.16,710.58,707.2,703.65,699.27,694.62,689.64,684.52,679.03
1093.2,1065.4,1037.6,1010,982.46,955.5,928.95,903.44,878.45,855,832.32,811.46,791.9,774.13,758.54,744.58,733.64,723.42,717.8,716.03,714.25,711.69,708.31,704.78,700.45,695.8,690.84,685.72,680.25
1093.2,1065.5,1037.7,1010.1,982.67,955.79,929.27,903.84,878.87,855.57,832.92,812.18,792.67,774.98,759.45,745.53,734.65,724.47,718.88,717.12,715.35,712.79,709.43,705.9,701.62,696.98,692.02,686.91,681.45
1093.2,1065.6,1037.9,1010.3,982.86,956.06,929.56,904.21,879.28,856.12,833.42,812.89,793.44,775.8,760.36,746.49,735.66,725.51,719.96,718.2,716.45,713.9,710.56,707.02,702.79,698.15,693.2,688.09,682.65
1093.2,1065.7,1037.9,1010.4,983.06,956.34,929.84,904.58,879.69,856.66,833.87,813.58,794.21,776.61,761.26,747.43,736.65,726.54,721.02,719.26,717.53,714.99,711.65,708.11,703.93,699.28,694.36,689.24,683.82
1093.2,1065.7,1038,1010.6,983.26,956.61,930.12,904.95,880.09,857.2,834.33,814.25,794.98,777.42,762.15,748.36,737.65,727.58,722.07,720.33,718.61,716.07,712.74,709.21,705.07,700.42,695.51,690.39,684.99
1093.2,1065.7,1038.1,1010.8,983.46,956.87,930.5,905.33,880.67,857.59,835.1,814.81,795.73,778.19,763.04,749.27,738.63,728.59,723.12,721.39,719.67,717.15,713.83,710.3,706.2,701.54,696.65,691.53,686.13
1093.3,1065.8,1038.2,1010.9,983.66,957.13,930.88,905.7,881.26,857.96,835.93,815.33,796.47,778.95,763.92,750.16,739.6,729.6,724.15,722.44,720.72,718.22,714.89,711.38,707.3,702.65,697.76,692.63,687.25
1093.3,1065.8,1038.2,1011,983.86,957.39,931.27,906.08,881.84,858.35,836.74,815.85,797.21,779.71,764.8,751.06,740.59,730.61,725.2,723.49,721.78,719.28,715.97,712.46,708.4,703.75,698.88,693.74,688.38
1093.3,1065.8,1038.4,1011.2,984.08,957.66,931.66,906.45,882.37,858.9,837.4,816.53,798,780.49,765.7,751.96,741.57,731.61,726.24,724.53,722.83,720.33,717.02,713.51,709.49,704.84,699.98,694.83,689.48
1093.3,1065.9,1038.5,1011.3,984.29,957.93,932.05,906.81,882.91,859.45,838.07,817.21,798.79,781.27,766.59,752.87,742.54,732.6,727.27,725.57,723.87,721.38,718.07,714.57,710.58,705.91,701.07,695.9,690.56
1093.3,1065.9,1038.5,1011.5,984.51,958.22,932.43,907.22,883.44,860.01,838.73,817.89,799.59,782.05,767.48,753.78,743.52,733.6,728.29,726.6,724.92,722.43,719.13,715.62,711.66,706.99,702.15,696.98,691.64
1093.3,1066,1038.6,1011.6,984.73,958.55,932.76,907.76,883.99,860.61,839.36,818.58,800.36,782.84,768.37,754.68,744.48,734.59,729.29,727.62,725.94,723.47,720.16,716.65,712.72,708.05,703.21,698.03,692.7
1093.3,1066,1038.7,1011.7,984.96,958.87,933.08,908.29,884.53,861.21,839.99,819.27,801.13,783.65,769.24,755.58,745.44,735.58,730.3,728.63,726.96,724.49,721.19,717.68,713.76,709.1,704.26,699.07,693.74
1093.3,1066,1038.8,1011.9,985.19,959.16,933.44,908.74,885.03,861.79,840.61,819.95,801.89,784.45,770.1,756.49,746.39,736.56,731.3,729.65,727.98,725.51,722.21,718.71,714.81,710.14,705.31,700.12,694.77
1093.3,1066,1038.9,1012,985.42,959.41,933.82,909.07,885.46,862.33,841.22,820.62,802.63,785.24,770.96,757.38,747.34,737.54,732.29,730.64,728.98,726.52,723.22,719.72,715.83,711.15,706.32,701.12,695.78
1093.2,1066.1,1039.1,1012.1,985.66,959.65,934.21,909.4,885.9,862.87,841.82,821.29,803.38,786.03,771.81,758.28,748.29,738.51,733.28,731.64,729.98,727.52,724.23,720.73,716.85,712.17,707.34,702.13,696.79
1093.2,1066.1,1039.2,1012.3,985.91,959.9,934.59,909.75,886.35,863.39,842.43,821.95,804.12,786.81,772.67,759.18,749.23,739.48,734.27,732.63,730.98,728.52,725.23,721.73,717.87,713.18,708.35,703.13,697.8
1093.2,1066.2,1039.3,1012.5,986.16,960.14,934.95,910.11,886.81,863.9,843.03,822.6,804.85,787.6,773.52,760.06,750.16,740.45,735.26,733.61,731.98,729.5,726.21,722.72,718.87,714.17,709.33,704.11,698.77
1093.2,1066.2,1039.4,1012.7,986.4,960.39,935.31,910.48,887.28,864.41,843.62,823.26,805.58,788.38,774.37,760.96,751.09,741.41,736.24,734.59,732.96,730.5,727.21,723.71,719.85,715.15,710.32,705.08,699.74
1093.2,1066.3,1039.5,1012.8,986.63,960.64,935.66,910.86,887.75,864.92,844.23,823.91,806.3,789.16,775.21,761.85,752.01,742.37,737.2,735.57,733.94,731.48,728.19,724.68,720.83,716.12,711.29,706.04,700.7
1093.2,1066.3,1039.6,1012.9,986.86,960.89,936,911.25,888.23,865.43,844.83,824.56,807.03,789.94,776.05,762.73,752.93,743.31,738.16,736.54,734.91,732.46,729.15,725.64,721.79,717.07,712.24,706.99,701.64
1093.2,1066.4,1039.7,1013.1,987.08,961.14,936.35,911.63,888.69,865.95,845.42,825.2,807.76,790.72,776.88,763.6,753.85,744.26,739.12,737.5,735.88,733.42,730.12,726.61,722.75,718.03,713.19,707.95,702.58
1093.2,1066.5,1039.8,1013.2,987.29,961.42,936.69,912.03,889.16,866.46,846.01,825.85,808.47,791.49,777.71,764.47,754.75,745.2,740.06,738.44,736.83,734.37,731.07,727.56,723.71,718.98,714.13,708.87,703.5
1093.2,1066.5,1039.9,1013.4,987.51,961.71,937.03,912.41,889.62,866.97,846.6,826.49,809.19,792.25,778.53,765.34,755.65,746.13,741.01,739.39,737.78,735.32,732.02,728.5,724.66,719.92,715.06,709.79,704.4
1093.2,1066.5,1040,1013.6,987.73,961.99,937.36,912.81,890.08,867.48,847.19,827.14,809.9,793.02,779.35,766.21,756.55,747.07,741.96,740.35,738.74,736.28,732.97,729.45,725.61,720.85,715.98,710.7,705.3
1093.2,1066.6,1040.2,1013.8,987.96,962.27,937.7,913.22,890.55,868,847.79,827.8,810.61,793.78,780.18,767.08,757.46,747.99,742.9,741.29,739.68,737.22,733.9,730.37,726.53,721.76,716.9,711.6,706.19
1093.2,1066.6,1040.3,1013.9,988.18,962.55,938.05,913.63,891.03,868.53,848.38,828.45,811.32,794.55,780.99,767.94,758.36,748.92,743.83,742.22,740.61,738.15,734.83,731.3,727.45,722.67,717.8,712.5,707.07
1093.3,1066.7,1040.4,1014.1,988.41,962.82,938.39,914.03,891.5,869.05,848.97,829.1,812.04,795.32,781.8,768.8,759.24,749.83,744.75,743.15,741.55,739.08,735.75,732.22,728.36,723.58,718.69,713.38,707.94
1093.3,1066.8,1040.5,1014.3,988.63,963.09,938.72,914.42,891.96,869.58,849.57,829.75,812.75,796.08,782.61,769.66,760.13,750.74,745.68,744.07,742.47,740.01,736.68,733.14,729.26,724.47,719.57,714.25,708.79
1093.3,1066.9,1040.6,1014.4,988.85,963.36,939.06,914.82,892.42,870.11,850.16,830.4,813.45,796.85,783.42,770.51,761.01,751.65,746.59,744.99,743.39,740.92,737.59,734.04,730.16,725.36,720.45,715.12,709.65
1093.3,1066.9,1040.7,1014.6,989.06,963.62,939.39,915.21,892.88,870.65,850.74,831.05,814.15,797.61,784.22,771.36,761.89,752.56,747.5,745.9,744.3,741.83,738.49,734.94,731.05,726.24,721.32,715.98,710.49
1093.3,1067,1040.8,1014.7,989.27,963.88,939.72,915.62,893.34,871.18,851.32,831.71,814.85,798.37,785.02,772.2,762.76,753.46,748.4,746.8,745.2,742.73,739.39,735.83,731.92,727.11,722.18,716.83,711.32
1093.3,1067,1040.9,1014.8,989.48,964.14,940.05,916.03,893.8,871.71,851.9,832.35,815.55,799.13,785.82,773.04,763.63,754.35,749.31,747.72,746.12,743.64,740.29,736.72,732.8,727.99,723.04,717.67,712.16
1093.3,1067,1041,1015,989.7,964.41,940.38,916.44,894.26,872.24,852.48,833,816.24,799.88,786.61,773.87,764.48,755.24,750.2,748.61,747.01,744.53,741.18,737.61,733.67,728.85,723.89,718.5,712.97
1093.3,1067.1,1041.1,1015.1,989.91,964.7,940.71,916.85,894.71,872.77,853.07,833.66,816.94,800.63,787.41,774.7,765.34,756.12,751.09,749.5,747.91,745.42,742.06,738.49,734.54,729.7,724.72,719.33,713.79
1093.3,1067.2,1041.2,1015.3,990.13,964.99,941.04,917.26,895.16,873.3,853.65,834.31,817.64,801.38,788.21,775.53,766.2,757,751.98,750.39,748.8,746.31,742.95,739.36,735.41,730.55,725.56,720.16,714.6
1093.4,1067.3,1041.3,1015.5,990.34,965.27,941.37,917.67,895.62,873.84,854.24,834.96,818.34,802.11,788.98,776.35,767.04,757.87,752.86,751.27,749.69,747.2,743.82,740.22,736.25,731.38,726.38,720.96,715.39
1093.4,1067.3,1041.4,1015.7,990.55,965.56,941.7,918.08,896.07,874.38,854.82,835.6,819.03,802.85,789.76,777.16,767.89,758.73,753.73,752.15,750.57,748.08,744.69,741.08,737.1,732.22,727.2,721.77,716.18
1093.4,1067.3,1041.5,1015.8,990.76,965.85,942.03,918.49,896.52,874.91,855.41,836.25,819.72,803.58,790.54,777.97,768.74,759.6,754.6,753.02,751.44,748.96,745.56,741.94,737.94,733.05,728.02,722.58,716.97
1093.4,1067.4,1041.7,1016,990.97,966.13,942.36,918.9,896.97,875.44,855.99,836.89,820.41,804.27,791.3,778.75,769.57,760.45,755.45,753.88,752.3,749.82,746.41,742.79,738.77,733.88,728.83,723.37,717.76
1093.4,1067.4,1041.7,1016.2,991.17,966.42,942.68,919.31,897.4,875.97,856.58,837.53,821.09,804.97,792.07,779.53,770.4,761.3,756.32,754.75,753.17,750.69,747.28,743.63,739.61,734.7,729.64,724.17,718.53
1093.4,1067.5,1041.8,1016.3,991.38,966.7,943,919.72,897.84,876.5,857.13,838.12,821.74,805.67,792.82,780.3,771.21,762.13,757.18,755.61,754.03,751.55,748.13,744.48,740.44,735.51,730.44,724.95,719.3
1093.4,1067.6,1042,1016.5,991.58,966.99,943.31,920.14,898.25,877.04,857.64,838.62,822.33,806.35,793.57,781.05,772.02,762.96,758.02,756.45,754.89,752.4,748.97,745.32,741.27,736.32,731.24,725.72,720.06
1093.4,1067.7,1042.1,1016.7,991.78,967.28,943.62,920.56,898.67,877.58,858.15,839.12,822.93,807.02,794.31,781.79,772.83,763.78,758.87,757.3,755.75,753.26,749.82,746.15,742.08,737.14,732.03,726.51,720.84
1093.4,1067.7,1042.1,1016.9,991.98,967.57,943.92,920.98,899.07,878.11,858.63,839.78,823.5,807.77,795.02,782.59,773.63,764.6,759.7,758.15,756.6,754.11,750.66,746.99,742.89,737.94,732.81,727.28,721.59
1093.4,1067.7,1042.2,1017,992.18,967.86,944.22,921.4,899.46,878.63,859.07,840.55,824.03,808.56,795.73,783.44,774.43,765.42,760.54,758.99,757.45,754.95,751.5,747.81,743.7,738.73,733.59,728.05,722.34
1093.4,1067.8,1042.4,1017.2,992.37,968.14,944.51,921.81,899.83,879.15,859.51,841.32,824.57,809.36,796.43,784.29,775.23,766.24,761.36,759.82,758.28,755.79,752.32,748.63,744.51,739.53,734.38,728.81,723.1
1093.5,1067.9,1042.5,1017.3,992.57,968.43,944.79,922.21,900.2,879.68,859.99,842.03,825.26,810.15,797.18,785.11,776.04,767.06,762.19,760.65,759.11,756.62,753.14,749.45,745.31,740.32,735.15,729.58,723.84
1093.5,1067.9,1042.6,1017.5,992.76,968.71,945.08,922.61,900.56,880.21,860.48,842.73,825.97,810.94,797.93,785.92,776.84,767.87,763.01,761.47,759.94,757.44,753.96,750.25,746.1,741.11,735.92,730.34,724.59
1093.5,1068,1042.7,1017.7,992.95,969,945.37,923,900.93,880.73,860.98,843.42,826.69,811.72,798.67,786.72,777.65,768.68,763.84,762.3,760.77,758.26,754.79,751.06,746.9,741.89,736.69,731.09,725.33
1093.5,1068.1,1042.8,1017.8,993.14,969.27,945.67,923.39,901.42,881.23,861.64,844.01,827.4,812.41,799.43,787.49,778.44,769.51,764.65,763.12,761.58,759.07,755.6,751.87,747.69,742.67,737.46,731.85,726.08
1093.5,1068.1,1042.8,1018,993.33,969.54,945.97,923.77,901.91,881.73,862.3,844.6,828.11,813.1,800.2,788.26,779.25,770.33,765.47,763.94,762.4,759.89,756.41,752.67,748.47,743.45,738.23,732.6,726.82
1093.5,1068.2,1042.9,1018.1,993.53,969.82,946.29,924.15,902.4,882.22,862.94,845.18,828.81,813.78,800.96,789.01,780.05,771.15,766.29,764.75,763.22,760.7,757.22,753.47,749.26,744.23,739,733.35,727.56
1093.5,1068.3,1043,1018.3,993.75,970.08,946.68,924.52,902.91,882.7,863.56,845.74,829.5,814.43,801.72,789.75,780.86,771.97,767.1,765.56,764.03,761.51,758.02,754.27,750.05,745.01,739.77,734.11,728.31
1093.6,1068.4,1043.1,1018.5,993.97,970.34,947.06,924.88,903.42,883.18,864.16,846.3,830.19,815.09,802.48,790.49,781.65,772.79,767.92,766.38,764.84,762.32,758.81,755.06,750.83,745.77,740.52,734.86,729.04
1093.6,1068.4,1043.3,1018.7,994.21,970.59,947.44,925.24,903.91,883.65,864.76,846.85,830.87,815.74,803.23,791.23,782.45,773.6,768.72,767.18,765.64,763.12,759.61,755.85,751.61,746.54,741.28,735.61,729.78
1093.6,1068.4,1043.4,1018.8,994.46,970.84,947.8,925.59,904.39,884.1,865.35,847.39,831.54,816.38,803.98,791.98,783.25,774.42,769.53,767.99,766.45,763.92,760.42,756.65,752.38,747.31,742.05,736.37,730.53
1093.6,1068.5,1043.6,1019,994.71,971.09,948.16,925.95,904.88,884.56,865.93,847.94,832.22,817.03,804.73,792.73,784.04,775.24,770.33,768.78,767.24,764.71,761.21,757.44,753.17,748.09,742.82,737.12,731.27
1093.6,1068.6,1043.7,1019.1,994.96,971.33,948.52,926.29,905.34,885,866.5,848.46,832.87,817.7,805.47,793.53,784.83,776.05,771.14,769.59,768.04,765.51,762,758.23,753.96,748.86,743.59,737.87,732.02
1093.6,1068.6,1043.8,1019.2,995.2,971.58,948.87,926.63,905.79,885.43,867.06,848.99,833.53,818.37,806.2,794.34,785.62,776.86,771.94,770.39,768.83,766.3,762.78,759.01,754.74,749.64,744.36,738.62,732.78
1093.7,1068.6,1043.9,1019.3,995.44,971.82,949.22,926.97,906.25,885.87,867.61,849.52,834.18,819.04,806.94,795.15,786.4,777.65,772.74,771.19,769.63,767.11,763.57,759.8,755.53,750.41,745.13,739.38,733.53
1093.7,1068.7,1044.1,1019.5,995.67,972.06,949.55,927.3,906.67,886.35,868.14,850.17,834.8,819.78,807.67,795.94,787.19,778.44,773.53,771.98,770.42,767.9,764.36,760.59,756.32,751.19,745.9,740.13,734.29
1093.7,1068.8,1044.2,1019.6,995.9,972.3,949.89,927.64,907.11,886.84,868.67,850.82,835.43,820.52,808.4,796.74,787.97,779.22,774.31,772.77,771.22,768.69,765.15,761.37,757.1,751.97,746.68,740.89,735.05
1093.7,1068.8,1044.3,1019.8,996.13,972.57,950.22,928.01,907.53,887.35,869.2,851.47,836.04,821.27,809.1,797.49,788.72,779.97,775.09,773.55,772.01,769.48,765.94,762.15,757.89,752.74,747.46,741.65,735.8
1093.7,1068.9,1044.4,1020,996.34,972.86,950.53,928.44,907.94,887.91,869.7,852.11,836.63,822.01,809.73,798.11,789.41,780.68,775.84,774.32,772.8,770.27,766.73,762.94,758.68,753.52,748.24,742.43,736.58
1093.7,1068.9,1044.5,1020.2,996.57,973.14,950.84,928.88,908.35,888.45,870.2,852.76,837.21,822.74,810.36,798.72,790.11,781.4,776.6,775.09,773.58,771.06,767.52,763.71,759.46,754.29,749.02,743.2,737.36
1093.8,1069,1044.6,1020.3,996.78,973.44,951.14,929.3,908.75,888.98,870.69,853.41,837.77,823.46,810.94,799.48,790.76,782.1,777.35,775.86,774.36,771.84,768.3,764.5,760.25,755.08,749.81,743.97,738.14
1093.8,1069.1,1044.7,1020.5,996.99,973.74,951.43,929.71,909.14,889.51,871.16,854.05,838.3,824.15,811.5,800.36,791.36,782.79,778.1,776.61,775.13,772.62,769.09,765.29,761.05,755.88,750.61,744.76,738.91
1093.8,1069.2,1044.8,1020.7,997.21,974.04,951.73,930.12,909.54,890.04,871.63,854.69,838.84,824.85,812.05,801.26,791.96,783.49,778.85,777.37,775.92,773.41,769.87,766.07,761.84,756.66,751.4,745.54,739.68
1093.8,1069.3,1045,1020.9,997.39,974.31,952.02,930.52,909.92,890.55,872.1,855.3,839.36,825.54,812.74,802.07,792.74,784.27,779.61,778.15,776.7,774.19,770.65,766.85,762.65,757.45,752.2,746.33,740.46
1093.9,1069.4,1045.1,1021,997.59,974.58,952.31,930.92,910.31,891.06,872.56,855.91,839.87,826.23,813.44,802.86,793.58,785.07,780.39,778.93,777.48,774.97,771.43,767.64,763.45,758.25,753.01,747.13,741.25
1093.9,1069.4,1045.2,1021.2,997.78,974.86,952.6,931.32,910.7,891.57,873.03,856.51,840.42,826.92,814.15,803.65,794.4,785.87,781.16,779.71,778.26,775.75,772.22,768.43,764.25,759.05,753.81,747.93,742.03
1093.9,1069.5,1045.3,1021.4,997.98,975.14,952.9,931.71,911.09,892.07,873.51,857.09,841.12,827.58,814.93,804.32,795.19,786.63,781.94,780.49,779.03,776.54,773,769.22,765.08,759.86,754.63,748.75,742.83
1094,1069.6,1045.4,1021.6,998.18,975.41,953.2,932.11,911.48,892.56,874,857.67,841.82,828.23,815.7,804.99,795.97,787.38,782.73,781.27,779.81,777.32,773.79,770,765.9,760.69,755.45,749.56,743.65
1094,1069.7,1045.5,1021.7,998.38,975.7,953.5,932.51,911.89,893.04,874.54,858.24,842.51,828.88,816.46,805.67,796.74,788.14,783.51,782.05,780.59,778.1,774.58,770.79,766.71,761.5,756.28,750.38,744.46
1094,1069.7,1045.6,1021.9,998.57,975.98,953.81,932.9,912.29,893.53,875.13,858.8,843.18,829.5,817.18,806.35,797.51,788.92,784.3,782.83,781.37,778.88,775.37,771.58,767.55,762.33,757.11,751.21,745.3
1094,1069.8,1045.7,1022,998.77,976.26,954.12,933.29,912.69,894.01,875.73,859.35,843.85,830.13,817.91,807.02,798.27,789.71,785.08,783.61,782.14,779.66,776.16,772.38,768.38,763.16,757.94,752.06,746.13
1094.1,1069.8,1045.8,1022.3,998.98,976.56,954.43,933.68,913.16,894.48,876.3,859.89,844.51,830.76,818.63,807.7,799.02,790.5,785.86,784.39,782.92,780.44,776.95,773.18,769.22,764,758.77,752.9,746.96
1094.1,1069.9,1045.9,1022.4,999.19,976.86,954.73,934.06,913.63,894.94,876.85,860.43,845.16,831.39,819.33,808.38,799.77,791.28,786.63,785.16,783.7,781.22,777.74,773.98,770.07,764.84,759.62,753.77,747.82
1094.1,1070,1046,1022.6,999.41,977.15,955.06,934.43,914.1,895.39,877.41,860.98,845.8,832.02,820.05,809.06,800.52,792.06,787.41,785.95,784.48,782,778.53,774.78,770.91,765.69,760.47,754.64,748.68
1094.1,1070,1046.1,1022.8,999.62,977.43,955.42,934.8,914.56,895.86,877.96,861.53,846.44,832.64,820.74,809.74,801.26,792.83,788.18,786.72,785.26,782.78,779.32,775.59,771.75,766.55,761.32,755.52,749.55
1094.1,1070.1,1046.3,1023,999.84,977.72,955.78,935.17,915.01,896.32,878.52,862.08,847.07,833.26,821.44,810.42,802,793.59,788.96,787.5,786.04,783.57,780.13,776.41,772.58,767.42,762.19,756.41,750.45
1094.2,1070.2,1046.4,1023.2,1000.1,978,956.14,935.53,915.46,896.78,879.07,862.62,847.71,833.89,822.13,811.1,802.75,794.36,789.74,788.28,786.82,784.36,780.92,777.22,773.41,768.3,763.07,757.31,751.35
1094.2,1070.3,1046.5,1023.4,1000.3,978.28,956.49,935.88,915.9,897.23,879.62,863.17,848.34,834.5,822.82,811.78,803.48,795.14,790.52,789.07,787.61,785.16,781.73,778.04,774.25,769.19,763.96,758.23,752.25
1094.2,1070.4,1046.7,1023.6,1000.6,978.55,956.84,936.24,916.35,897.69,880.16,863.73,848.97,835.12,823.5,812.46,804.21,795.91,791.3,789.85,788.39,785.96,782.54,778.87,775.09,770.09,764.87,759.17,753.18
1094.3,1070.5,1046.8,1023.8,1000.8,978.8,957.17,936.59,916.79,898.15,880.7,864.27,849.59,835.74,824.17,813.14,804.94,796.68,792.08,790.63,789.17,786.75,783.35,779.69,775.92,771,765.77,760.1,754.12
1094.3,1070.6,1047,1024,1001,979.05,957.5,936.94,917.24,898.62,881.25,864.82,850.22,836.35,824.85,813.81,805.67,797.44,792.86,791.42,789.97,787.55,784.18,780.54,776.77,771.93,766.7,761.06,755.07
1094.4,1070.7,1047.1,1024.1,1001.3,979.32,957.84,937.31,917.69,899.08,881.79,865.37,850.83,836.96,825.52,814.49,806.41,798.21,793.65,792.2,790.76,788.35,785.01,781.38,777.62,772.87,767.64,762.03,756.04
1094.4,1070.8,1047.3,1024.3,1001.5,979.59,958.19,937.68,918.13,899.55,882.33,865.91,851.44,837.57,826.2,815.17,807.15,798.98,794.43,792.99,791.55,789.16,785.84,782.22,778.48,773.8,768.57,763.01,757.02
1094.4,1070.9,1047.4,1024.4,1001.7,979.86,958.53,938.05,918.59,900.02,882.87,866.45,852.05,838.18,826.87,815.86,807.88,799.76,795.2,793.77,792.34,789.98,786.68,783.08,779.36,774.76,769.54,764.02,758.02
1094.5,1071,1047.6,1024.7,1002,980.13,958.88,938.42,919.05,900.49,883.41,866.99,852.66,838.8,827.54,816.54,808.62,800.53,795.99,794.56,793.13,790.79,787.53,783.93,780.24,775.73,770.52,765.05,759.04
1094.5,1071.1,1047.8,1024.8,1002.3,980.39,959.23,938.81,919.51,900.96,883.94,867.53,853.27,839.42,828.22,817.29,809.36,801.29,796.79,795.36,793.94,791.6,788.36,784.79,781.11,776.7,771.49,766.08,760.06
1094.6,1071.2,1047.9,1025,1002.5,980.67,959.57,939.19,919.96,901.43,884.48,868.08,853.88,840.04,828.91,818.03,810.09,802.06,797.58,796.16,794.75,792.43,789.2,785.68,782,777.71,772.5,767.14,761.12
1094.7,1071.2,1048,1025.2,1002.8,980.96,959.92,939.56,920.42,901.89,885,868.62,854.49,840.67,829.6,818.77,810.83,802.83,798.37,796.96,795.56,793.25,790.03,786.56,782.89,778.72,773.51,768.2,762.2
1094.7,1071.3,1048.1,1025.3,1003,981.24,960.27,939.95,920.86,902.35,885.52,869.16,855.11,841.29,830.27,819.49,811.56,803.61,799.18,797.77,796.38,794.08,790.88,787.46,783.8,779.74,774.52,769.28,763.28
1094.7,1071.4,1048.3,1025.5,1003.2,981.5,960.61,940.32,921.3,902.81,886.04,869.69,855.72,841.93,830.95,820.21,812.3,804.39,799.99,798.59,797.2,794.91,791.75,788.37,784.73,780.79,775.59,770.37,764.4
1094.8,1071.6,1048.4,1025.6,1003.5,981.77,960.94,940.69,921.73,903.25,886.54,870.23,856.31,842.57,831.63,820.93,813.04,805.17,800.78,799.41,798.02,795.75,792.61,789.28,785.65,781.85,776.65,771.45,765.53
1094.9,1071.7,1048.6,1025.8,1003.7,982.04,961.27,941.05,922.16,903.68,887.05,870.78,856.91,843.21,832.31,821.65,813.79,805.95,801.6,800.23,798.86,796.61,793.5,790.22,786.59,782.88,777.73,772.54,766.67
1095,1071.7,1048.8,1026,1003.9,982.34,961.63,941.44,922.6,904.13,887.56,871.32,857.51,843.87,832.98,822.38,814.52,806.73,802.42,801.06,799.69,797.47,794.39,791.18,787.55,783.9,778.84,773.67,767.86
1095,1071.8,1048.9,1026.2,1004.2,982.63,961.99,941.82,923.04,904.59,888.08,871.87,858.11,844.51,833.65,823.09,815.27,807.52,803.23,801.89,800.53,798.33,795.28,792.14,788.51,784.9,779.95,774.79,769.06
1095,1071.9,1049,1026.4,1004.4,982.9,962.33,942.2,923.48,905.04,888.61,872.42,858.71,845.17,834.32,823.8,816.02,808.31,804.05,802.73,801.38,799.21,796.2,793.09,789.53,785.92,781.09,775.92,770.27
1095.1,1072,1049.1,1026.6,1004.6,983.17,962.65,942.56,923.91,905.5,889.13,872.99,859.32,845.82,834.99,824.53,816.77,809.1,804.88,803.56,802.23,800.08,797.12,794.03,790.56,786.94,782.26,777.1,771.52
1095.2,1072.1,1049.3,1026.8,1004.9,983.43,962.98,942.94,924.33,905.97,889.66,873.56,859.93,846.46,835.68,825.26,817.52,809.9,805.72,804.4,803.08,800.97,798.05,794.99,791.6,787.97,783.44,778.29,772.78
1095.3,1072.2,1049.5,1027,1005.2,983.73,963.32,943.32,924.76,906.43,890.19,874.13,860.54,847.12,836.36,825.98,818.27,810.7,806.55,805.24,803.93,801.87,799.02,795.98,792.66,789.03,784.66,779.51,774.08
1095.3,1072.3,1049.6,1027.2,1005.4,984.03,963.67,943.7,925.19,906.89,890.72,874.7,861.16,847.77,837.04,826.7,819.03,811.5,807.39,806.09,804.8,802.77,799.98,796.96,793.72,790.11,785.91,780.78,775.43
1095.4,1072.4,1049.8,1027.4,1005.7,984.32,964.02,944.09,925.62,907.36,891.24,875.27,861.77,848.42,837.73,827.44,819.79,812.3,808.24,806.96,805.66,803.68,800.96,797.97,794.79,791.17,787.15,782.03,776.78
1095.5,1072.5,1050,1027.6,1005.9,984.6,964.35,944.46,926.05,907.84,891.77,875.85,862.37,849.07,838.41,828.17,820.55,813.11,809.09,807.82,806.54,804.59,801.95,799.01,795.86,792.29,788.44,783.34,778.14
1095.6,1072.6,1050.1,1027.8,1006.2,984.88,964.68,944.84,926.47,908.31,892.29,876.42,862.98,849.72,839.1,828.9,821.32,813.92,809.95,808.69,807.43,805.51,802.93,800.07,796.94,793.4,789.73,784.68,779.51
1095.7,1072.8,1050.3,1028,1006.4,985.17,965.02,945.23,926.9,908.79,892.82,877,863.58,850.37,839.79,829.63,822.08,814.75,810.82,809.58,808.33,806.46,803.95,801.12,798.05,794.53,791.03,786,780.88
1095.8,1072.9,1050.4,1028.2,1006.7,985.47,965.36,945.63,927.34,909.28,893.35,877.58,864.18,851.02,840.48,830.36,822.85,815.56,811.7,810.47,809.24,807.41,804.97,802.17,799.19,795.72,792.24,787.4,782.29
1095.8,1073,1050.6,1028.4,1006.9,985.78,965.72,946.04,927.77,909.78,893.88,878.15,864.8,851.68,841.18,831.09,823.64,816.4,812.59,811.37,810.16,808.36,805.99,803.2,800.33,796.92,793.45,788.82,783.72
1095.8,1073.1,1050.8,1028.7,1007.1,986.1,966.08,946.43,928.21,910.29,894.42,878.72,865.42,852.34,841.88,831.83,824.43,817.24,813.49,812.28,811.09,809.34,807.02,804.3,801.48,798.14,794.67,790.23,785.15
1095.9,1073.2,1050.9,1028.9,1007.4,986.43,966.43,946.82,928.65,910.8,894.96,879.28,866.03,853.01,842.58,832.57,825.21,818.07,814.38,813.19,812.02,810.32,808.05,805.41,802.62,799.41,795.95,791.75,786.65
1096,1073.3,1051,1029.1,1007.7,986.75,966.8,947.23,929.1,911.31,895.5,879.83,866.65,853.68,843.29,833.3,826.01,818.93,815.29,814.13,812.97,811.3,809.09,806.52,803.76,800.67,797.22,793.26,788.18
1096.1,1073.5,1051.2,1029.3,1008,987.07,967.17,947.65,929.55,911.82,896.04,880.41,867.28,854.34,844,834.04,826.8,819.79,816.21,815.07,813.94,812.29,810.16,807.69,804.95,801.99,798.53,794.77,789.7
1096.1,1073.6,1051.3,1029.5,1008.2,987.39,967.53,948.06,930,912.32,896.58,881.01,867.9,854.99,844.7,834.79,827.6,820.65,817.14,816.02,814.9,813.3,811.23,808.87,806.16,803.33,799.89,796.28,791.32
1096.1,1073.7,1051.5,1029.6,1008.4,987.7,967.88,948.46,930.42,912.83,897.12,881.59,868.52,855.65,845.41,835.55,828.4,821.53,818.08,816.99,815.89,814.35,812.33,810.07,807.38,804.68,801.27,797.79,792.95
1096.2,1073.8,1051.6,1029.9,1008.6,988.01,968.22,948.85,930.84,913.33,897.65,882.19,869.14,856.3,846.13,836.29,829.21,822.4,819.03,817.96,816.88,815.41,813.46,811.32,808.67,806.03,802.7,799.29,794.59
1096.3,1073.9,1051.7,1030.1,1008.9,988.32,968.57,949.25,931.27,913.82,898.18,882.78,869.75,856.95,846.85,837.05,830.04,823.28,819.99,818.94,817.89,816.45,814.6,812.58,809.97,807.38,804.16,800.77,796.36
1096.4,1074.1,1051.9,1030.3,1009.1,988.65,968.92,949.65,931.69,914.33,898.72,883.39,870.36,857.6,847.56,837.8,830.86,824.17,820.96,819.94,818.91,817.53,815.77,813.85,811.29,808.75,805.64,802.26,798.12
1096.5,1074.2,1052,1030.5,1009.4,988.96,969.26,950.06,932.12,914.82,899.26,884,870.99,858.25,848.28,838.57,831.68,825.06,821.94,820.94,819.94,818.62,816.94,815.13,812.69,810.16,807.2,803.81,799.9
1096.5,1074.3,1052.1,1030.7,1009.6,989.27,969.58,950.46,932.52,915.31,899.79,884.62,871.63,858.9,849.01,839.34,832.53,825.97,822.92,821.95,820.97,819.72,818.12,816.41,814.1,811.59,808.78,805.41,801.71
1096.6,1074.5,1052.2,1030.9,1009.8,989.59,969.9,950.86,932.93,915.8,900.31,885.23,872.25,859.58,849.74,840.1,833.36,826.88,823.92,822.98,822.03,820.86,819.4,817.7,815.54,813.03,810.36,807.02,803.54
1096.7,1074.5,1052.3,1031.1,1010,989.93,970.22,951.29,933.35,916.3,900.82,885.85,872.88,860.3,850.48,840.86,834.2,827.78,824.91,824,823.09,822,820.69,819,817.03,814.58,811.97,808.71,805.34
1096.7,1074.5,1052.4,1031.3,1010.3,990.27,970.53,951.73,933.8,916.85,901.36,886.47,873.5,861.02,851.21,841.63,835.06,828.71,825.95,825.07,824.17,823.17,821.99,820.3,818.53,816.13,813.58,810.47,807.1
1096.7,1074.6,1052.6,1031.5,1010.5,990.62,970.86,952.18,934.25,917.39,901.89,887.08,874.13,861.76,851.96,842.4,835.92,829.66,827,826.15,825.28,824.36,823.3,821.76,820.02,817.75,815.21,812.22,808.87
1096.8,1074.7,1052.8,1031.7,1010.8,990.95,971.19,952.63,934.71,917.94,902.4,887.7,874.75,862.5,852.72,843.18,836.79,830.62,828.07,827.23,826.4,825.54,824.6,823.23,821.51,819.47,816.95,814.1,810.72
1096.8,1074.8,1053,1031.9,1011.1,991.22,971.52,953.08,935.17,918.5,902.9,888.33,875.38,863.25,853.47,843.96,837.68,831.59,829.16,828.36,827.57,826.78,825.94,824.72,822.98,821.18,818.68,816.02,812.65
1096.9,1074.9,1053.2,1032.2,1011.4,991.5,971.85,953.51,935.61,919.09,903.41,888.95,876.01,864,854.24,844.83,838.57,832.56,830.25,829.49,828.74,828.03,827.31,826.31,824.63,822.9,820.46,817.94,814.59
1097,1075,1053.5,1032.4,1011.7,991.75,972.22,953.94,936.05,919.7,903.93,889.61,876.65,864.75,855.02,845.72,839.48,833.56,831.36,830.65,829.93,829.31,828.67,827.88,826.29,824.64,822.36,819.85,816.65
1097,1075.1,1053.7,1032.6,1012,992.02,972.63,954.37,936.52,920.29,904.46,890.27,877.29,865.5,855.79,846.62,840.4,834.56,832.49,831.82,831.14,830.64,830.19,829.42,828.02,826.38,824.27,821.76,818.78
1097.2,1075.3,1053.9,1032.7,1012.2,992.26,973.02,954.79,936.99,920.84,904.97,890.93,877.92,866.26,856.56,847.52,841.33,835.58,833.64,833,832.37,831.97,831.72,830.94,829.86,828.24,826.28,823.74,820.91
1097.3,1075.6,1054.1,1032.9,1012.5,992.49,973.39,955.16,937.52,921.36,905.48,891.58,878.55,867.06,857.34,848.44,842.26,836.62,834.84,834.24,833.64,833.35,833.26,832.49,831.69,830.1,828.35,825.87,823.17
1097.5,1075.7,1054.3,1033,1012.7,992.72,973.8,955.54,938.07,921.8,906.04,892.21,879.2,867.86,858.14,849.4,843.21,837.67,836.03,835.5,834.94,834.75,834.82,834.24,833.52,832.04,830.43,827.99,825.43
1097.6,1075.8,1054.4,1033.3,1013,992.96,974.21,955.88,938.59,922.23,906.62,892.8,879.8,868.67,858.92,850.36,844.17,838.74,837.27,836.78,836.28,836.17,836.39,835.99,835.35,834.11,832.53,830.25,827.72
1097.7,1076,1054.5,1033.6,1013.2,993.37,974.63,956.24,939.11,922.63,907.26,893.41,880.4,869.48,859.66,851.33,845.15,839.81,838.52,838.08,837.63,837.62,838.01,837.85,837.2,836.17,834.62,832.59,830.08
1097.8,1076.2,1054.6,1033.9,1013.5,993.79,975.05,956.69,939.61,923.05,907.93,894.06,881.11,870.31,860.41,852.31,846.14,840.9,839.79,839.4,839,839.1,839.63,839.78,839.2,838.35,836.81,834.93,832.45
1098,1076.4,1054.9,1034.2,1013.7,994.29,975.38,957.17,940.11,923.54,908.58,894.71,881.84,871.13,861.13,853.3,847.14,842,841.08,840.75,840.4,840.66,841.36,841.7,841.2,840.58,839.12,837.42,834.98
1098.1,1076.5,1055.2,1034.4,1014.1,994.72,975.68,957.74,940.57,924.09,909.24,895.32,882.66,871.94,861.87,854.3,848.17,843.21,842.39,842.11,841.82,842.24,843.16,843.56,843.34,842.82,841.46,839.89,837.6
1098.2,1076.7,1055.6,1034.6,1014.5,995.02,976.08,958.24,941.02,924.78,909.89,895.93,883.52,872.74,862.77,855.29,849.2,844.5,843.75,843.54,843.31,843.84,844.98,845.42,845.53,845.07,843.96,842.44,840.21
1098.2,1076.9,1055.8,1034.7,1014.8,995.26,976.48,958.66,941.44,925.43,910.52,896.54,884.37,873.5,863.69,856.29,850.23,845.81,845.1,844.97,844.8,845.47,846.82,847.41,847.75,847.33,846.51,845.07,843.11
1098.3,1077,1055.8,1035.1,1015.1,995.48,976.94,959.06,941.84,925.97,911.09,897.2,885.23,874.11,864.71,857.26,851.26,847.16,846.5,846.44,846.34,847.13,848.68,849.43,850.07,849.77,849.12,847.71,846.02
1098.4,1077,1056,1035.4,1015.3,995.9,977.37,959.47,942.44,926.57,911.64,898.05,886.02,874.8,865.78,858.18,852.32,848.5,847.91,847.93,847.91,848.85,850.59,851.53,852.43,852.24,851.81,850.51,848.95
1098.6,1077.2,1056.3,1035.7,1015.6,996.33,977.77,959.91,943.05,927.21,912.24,898.9,886.8,875.74,866.77,859.11,853.4,849.84,849.33,849.44,849.52,850.58,852.53,853.72,854.72,854.78,854.51,853.32,851.87
1098.8,1077.4,1056.5,1036,1015.9,996.75,978.14,960.38,943.67,927.71,912.88,899.76,887.39,876.71,867.74,860.08,854.64,851.2,850.78,850.98,851.17,852.4,854.52,855.92,857.03,857.39,857.24,856.25,854.81
1099,1077.7,1056.8,1036.3,1016.4,997.18,978.52,960.96,944.21,928.14,913.8,900.46,887.95,877.75,868.59,861.11,855.95,852.68,852.2,852.54,852.84,854.2,856.57,858.21,859.49,860.03,859.94,859.25,857.99
1099.1,1078,1057.1,1036.7,1016.9,997.61,979.1,961.53,944.69,928.99,914.61,901.01,889.04,878.64,869.4,862.35,857.23,854.13,853.61,854.11,854.56,856.12,858.66,860.49,862.04,862.77,862.81,862.28,861.16
1099.4,1078.2,1057.4,1037.1,1017.3,998.06,979.68,962.1,945.33,929.78,915.23,901.8,890.06,879.31,870.48,863.55,858.49,855.37,855.32,855.77,856.27,858.02,860.78,862.88,864.63,865.51,865.77,865.52,864.42
1099.6,1078.4,1057.7,1037.4,1017.5,998.5,980.24,962.56,945.98,930.45,915.84,902.66,890.79,880.17,871.62,864.63,859.69,856.64,857.27,857.58,857.91,859.82,862.95,865.25,867.29,868.38,868.79,868.77,867.74
1099.7,1078.7,1058,1037.7,1018,998.91,980.46,963.07,946.65,930.98,916.47,903.46,891.51,881.16,872.58,865.71,860.83,858.36,858.99,859.37,859.64,861.61,865.14,867.7,869.96,871.28,871.94,872.03,871.14
1099.9,1079,1058.3,1038,1018.4,999.23,980.9,963.65,947.09,931.45,917.32,904.2,892.2,882.18,873.57,866.8,862.22,860.06,860.52,861.13,861.64,863.73,867.35,870.19,872.75,874.28,875.12,875.31,874.72
1100.1,1079.1,1058.6,1038.5,1018.9,999.7,981.5,964.08,947.53,932.29,918.05,904.8,893.2,883.21,874.61,867.99,863.67,861.77,862.4,862.96,863.58,865.93,869.71,872.8,875.55,877.32,878.45,878.7,878.3
1100.3,1079.3,1058.9,1038.9,1019.2,1000.3,982.03,964.6,948.29,932.98,918.61,905.72,894.3,884.14,875.73,869.26,865.2,863.4,864.51,864.91,865.35,867.92,872.11,875.44,878.46,880.45,881.78,882.18,882.12
1100.5,1079.6,1059.2,1039.1,1019.7,1000.8,982.49,965.23,948.93,933.53,919.45,906.71,895.13,885.14,876.89,870.73,866.65,864.87,866.32,866.87,867.29,869.84,874.52,878.14,881.38,883.63,885.24,885.77,885.94
1100.9,1080,1059.4,1039.4,1020.1,1001.3,983.04,965.93,949.55,934.32,920.31,907.45,896.07,886.28,878.1,872.19,867.67,866.67,868,868.83,869.52,872.25,876.97,880.9,884.41,886.9,888.7,889.51,889.93
1101,1080.3,1059.9,1040,1020.5,1001.8,983.79,966.49,950.2,935.1,921.06,908.34,897.18,887.32,879.34,873.17,868.98,868.83,870.15,870.83,871.56,874.69,879.55,883.77,887.49,890.27,892.31,893.31,893.97
1101.3,1080.6,1060.3,1040.3,1020.9,1002.3,984.39,967.07,951.01,935.88,921.9,909.3,898.19,888.33,880.6,874.42,870.69,870.43,872.36,872.84,873.39,876.73,882.18,886.67,890.7,893.72,895.95,897.31,898.03
1101.7,1081,1060.6,1040.7,1021.6,1002.9,985,967.96,951.71,936.59,922.8,910.27,899.19,889.37,881.97,876.08,872.54,871.77,874.31,875.05,875.69,878.93,884.86,889.67,893.93,897.28,899.74,901.35,902.07
1102,1081.2,1061,1041.3,1021.9,1003.3,985.63,968.58,952.36,937.51,923.74,911.21,900.19,890.64,883.45,877.8,874.4,873.39,876.36,877.31,878.22,881.7,887.68,892.69,897.33,900.95,903.56,905.59,906.34
1102.3,1081.8,1061.5,1041.7,1022.5,1004,986.22,969.32,953.39,938.33,924.54,912.19,901.25,891.98,884.71,879.48,875.96,875.18,878.59,879.67,880.71,884.42,890.59,895.94,900.8,904.71,907.62,909.82,910.75
1102.7,1082.2,1061.9,1042.1,1023,1004.5,986.78,970.02,954.05,939.02,925.56,913.3,902.34,893.22,885.97,880.91,877.66,877.34,880.79,882.04,883.19,887.13,893.58,899.21,904.39,908.56,911.67,914.15,915.31
1103.1,1082.5,1062.4,1042.9,1023.7,1005.1,987.48,970.66,954.88,940.25,926.57,914.21,903.49,894.45,887.26,882.33,879.5,879.43,882.94,884.38,885.71,889.93,896.64,902.72,908.08,912.44,915.97,918.51,919.97
1103.5,1082.9,1062.9,1043.2,1024.1,1005.8,988.15,971.36,955.72,940.95,927.28,915.37,904.79,895.75,888.8,883.78,881.37,881.54,885.19,886.8,888.3,892.78,899.84,906.26,911.85,916.46,920.31,923.07,924.87
1103.9,1083.5,1063.3,1043.8,1025,1006.5,988.88,972.19,956.44,941.87,928.7,916.62,905.97,897.19,890.24,885.39,883.33,883.78,887.58,889.29,890.94,895.71,903.14,909.86,915.74,920.54,924.91,927.75,929.94
1104.3,1084,1063.8,1044.4,1025.4,1007.1,989.72,973.03,957.3,942.93,929.54,917.46,907.28,898.6,891.68,887.3,885.4,885.97,890.13,891.93,893.68,898.68,906.52,913.62,919.7,924.89,929.5,932.66,935.16
1104.7,1084.3,1064.5,1045,1026,1008,990.6,973.86,958.26,943.75,930.55,918.99,908.73,900.03,893.49,889.06,887.04,888.19,892.87,894.71,896.52,901.73,910.02,917.43,923.89,929.28,934.2,937.77,940.46
1105,1084.8,1065,1045.5,1026.7,1008.6,991.15,974.79,959.25,944.68,931.82,920.03,909.73,901.51,895.05,890.41,889.13,890.8,895.44,897.53,899.44,904.98,913.55,921.38,928.1,933.95,939.03,943.02,945.83
1105.6,1085.4,1065.5,1046.2,1027.5,1009.2,992.1,975.86,960.16,945.83,932.8,921.1,911.38,903.17,896.67,892.71,891.39,892.9,897.77,900.22,902.5,908.29,917.26,925.4,932.48,938.72,944,948.35,951.25
1106,1085.9,1066,1046.9,1028.1,1010,992.87,976.49,961.14,947.02,933.8,922.63,912.74,904.38,898.47,894.6,893.23,895.13,901.19,903.28,905.47,911.73,921.05,929.56,937.09,943.66,949.17,953.72,957.16
1106.5,1086.3,1066.7,1047.4,1028.7,1010.9,993.68,977.35,962.45,948.09,935.13,923.83,913.91,906.2,900.35,896.44,895.69,898.12,904.29,906.41,908.42,914.94,924.99,933.94,941.76,948.77,954.43,959.49,963.13
1106.9,1086.8,1067.3,1048,1029.6,1011.8,994.52,978.3,963.34,949.02,936.49,924.98,915.68,907.96,901.95,898.69,898.02,900.61,907.18,909.59,911.9,918.51,929.08,938.44,946.67,953.93,960.04,965.36,969.19
1107.4,1087.5,1067.9,1048.8,1030.3,1012.4,995.44,979.37,964.21,950.27,937.75,926.39,917.17,909.3,903.91,900.89,900.09,903.44,910.44,913,915.48,922.46,933.4,943.11,951.71,959.27,965.87,971.45,975.47
1108,1088.2,1068.4,1049.5,1031,1013.2,996.45,980.3,965.25,951.31,938.9,927.91,918.49,911.37,906.11,903.01,902.98,906.56,913.84,916.55,919.2,926.58,937.92,948.09,956.97,965.02,971.9,977.7,981.98
1108.6,1088.6,1069.2,1050.2,1031.7,1014.2,997.22,981.24,966.46,952.51,940.15,929.37,920.11,913.22,907.66,905.33,905.57,909.66,917.6,920.29,923.1,930.89,942.78,953.35,962.58,971.06,978.31,984.15,988.98
1109.2,1089.2,1069.9,1050.9,1032.6,1015.2,998.07,982.45,967.56,953.83,941.59,930.71,921.96,914.8,910.11,907.95,908.36,913.25,921.78,924.44,927.06,935.38,947.88,958.79,968.63,977.43,984.88,991.07,996.13
1109.7,1089.9,1070.6,1051.6,1033.4,1015.9,999.11,983.43,968.55,955.26,942.9,932.45,923.63,916.64,912.48,909.89,911.38,916.5,925.04,928.52,931.56,939.95,953.34,964.82,975.03,983.95,991.63,998.38,1003.6
1110.3,1090.7,1071.2,1052.5,1034.3,1016.7,1000.2,984.44,969.93,956.57,944.38,934.1,925.17,919.08,914.55,912.87,914.5,919.76,929.71,933.05,936.47,945.61,959.15,971.23,981.84,990.96,999.08,1006.1,1011.4
1110.8,1091.4,1072,1053.3,1035.1,1017.7,1001.2,985.47,971.18,957.75,946.03,935.61,927.34,921.05,916.72,915.91,917.46,924.41,934.43,938.11,941.4,951.37,965.59,978.04,989.26,998.45,1006.9,1014,1019.6
1111.6,1092,1072.7,1054.2,1035.9,1018.8,1002.1,986.7,972.38,959.25,947.67,937.33,929.35,922.96,919.94,918.75,921.12,928.24,938.61,943.05,947.32,957.5,972.8,985.46,997.13,1006.8,1015.3,1022.5,1028.4
1112.2,1092.6,1073.4,1055,1036.9,1019.7,1003.3,987.95,973.55,960.87,949.1,939.38,931.21,925.64,922.43,921.62,925.05,933.02,945.29,949.36,953.58,964.68,980.62,993.95,1005.6,1015.8,1024.2,1031.6,1037.9
1112.8,1093.2,1074.3,1055.8,1037.9,1020.7,1004.6,989.16,975.09,962.35,950.83,941.39,933.34,928.27,925.08,925.72,928.96,938.4,950.72,956.01,960.53,972.51,989.33,1003.3,1015.4,1025.5,1034,1041.6,1047.7
1113.4,1094,1075.1,1056.6,1038.9,1021.7,1005.8,990.44,976.59,963.68,952.92,943.21,936.03,930.72,928.55,929.3,933.39,943.88,957.66,963.3,968.7,981.89,999.59,1013.9,1026.4,1036.4,1044.7,1052.5,1058.1
1114,1094.8,1075.9,1057.6,1039.9,1022.9,1006.9,991.86,978.01,965.55,954.81,945.35,938.59,933.48,932.42,933.28,939.4,949.27,966.41,972.32,978.18,992.89,1011.9,1026.2,1038.5,1048.6,1056.5,1064.3,1069.9
1114.7,1095.6,1076.6,1058.6,1040.9,1024.1,1008.1,993.37,979.48,967.5,956.48,948.01,941.11,937.31,936.02,938.63,945.33,958.75,976.49,983.48,989.78,1005.5,1026.2,1041.1,1052.4,1062.5,1070.1,1077.1,1082.8
1115.5,1096.3,1077.5,1059.6,1041.9,1025.3,1009.4,994.76,981.23,969.29,958.78,950.61,944.02,941.03,939.87,944.86,951.97,969.75,988.69,997.39,1004.5,1021.6,1043.7,1058.3,1069.4,1077.9,1085.5,1091.7,1096.5
1116.3,1097,1078.6,1060.5,1043,1026.6,1010.9,996.16,983.09,971.07,961.41,953.02,947.68,944.71,945.84,951.08,960.89,981.24,1006.4,1015.8,1023.6,1043.4,1065.6,1079.3,1089.9,1096.5,1102.8,1108.4,1112.2
1117,1097.9,1079.5,1061.4,1044.3,1028,1012.2,997.85,984.91,973.23,963.89,955.99,951.46,948.91,951.7,956.94,972.06,993,1027.5,1038.2,1047.3,1071.9,1096.3,1105.1,1114.6,1119.6,1123.2,1126.8,1129.7
1117.7,1098.8,1080.4,1062.5,1045.6,1029,1013.7,999.71,986.71,975.75,966.22,959.63,955.05,954.26,957.21,966.21,983.01,1006.3,1049.6,1063.2,1075.1,1106,1136.7,1141.3,1144.8,1147.4,1148.1,1147.9,1149.4
1118.4,1099.7,1081.4,1063.7,1046.8,1030.4,1015.6,1001.3,988.81,978.07,968.94,963.24,958.97,959.78,963.34,975.17,992.08,1026.7,1070.5,1087.8,1102.6,1143.3,1185.9,1190.2,1184.9,1180.5,1177.2,1173.7,1171.4
1119.3,1100.6,1082.3,1064.9,1048,1032,1017.2,1003.1,991.19,980.42,972.32,966.4,963.68,965.12,970.85,983.07,1004.1,1041.3,1087.6,1107.3,1125.8,1177.1,1237.6,1249.6,1237.7,1223,1212.1,1204,1198
1120.2,1101.5,1083.4,1066.2,1049.3,1033.6,1018.6,1005.5,993.46,983.11,975.44,969.71,968.86,970.07,978.54,990.86,1015.4,1053.7,1104,1123.7,1144.1,1200.1,1282.1,1312.6,1300.3,1277.7,1254.1,1239.6,1228.6
1121.2,1102.4,1084.5,1067.4,1050.6,1035,1020.2,1007.5,995.57,986.25,978.42,974.16,973.28,975.2,985.56,999.86,1025.3,1066.1,1117.3,1137.6,1158.1,1214.2,1307.1,1367.9,1364.4,1339.4,1308.6,1281.2,1264.4
1122,1103.6,1085.7,1068.4,1052.1,1036.6,1022.1,1009.5,998.07,989.28,981.75,978.38,977.3,981.31,992.27,1009.3,1034.3,1077.6,1129.1,1149.1,1169.6,1224.1,1318,1401.8,1421.7,1402.1,1368.6,1332.3,1305.1
1122.9,1104.7,1086.8,1069.8,1053.6,1038.2,1024.3,1011.4,1000.9,992.01,985.83,982.18,983.03,987.51,998.64,1017.6,1042.9,1088,1139.5,1158.9,1179,1231.3,1322.6,1414.4,1461.3,1458.6,1428.8,1388.2,1352.7
1123.9,1105.8,1088,1071.3,1055,1040,1026.3,1013.8,1003.5,994.8,989.63,986.06,988.25,993,1005,1025.1,1051.9,1097.1,1148.6,1167.5,1186.7,1236.9,1324.2,1416.9,1479.4,1501.1,1483.6,1443.3,1404
1125.1,1106.8,1089.4,1072.6,1056.6,1042,1028.2,1016.4,1006,998.3,993.19,990.49,993.09,999.64,1011.4,1032.3,1061.3,1105,1156.5,1174.8,1193.5,1241.5,1324.6,1414.7,1486.3,1524.6,1525.7,1493,1454.1
1126.1,1107.9,1090.9,1074,1058.4,1043.8,1030.4,1018.9,1008.8,1001.5,996.56,995.04,997.67,1005.8,1018,1039.3,1069.5,1112.1,1163.3,1181.3,1199.4,1245.4,1324.6,1410.8,1486.1,1536.6,1551.7,1533.4,1500.1
1127.2,1109.2,1092.2,1075.5,1060.3,1045.5,1032.9,1021.2,1012,1004.5,1000.6,999.51,1002.3,1011.6,1025.2,1046,1076.8,1120.1,1169.2,1187.1,1204.9,1249.1,1324.4,1406.5,1482.3,1540.5,1568,1561,1538.4
1128.3,1110.5,1093.5,1077.2,1062,1047.7,1035.2,1023.7,1015,1008,1004.4,1004.2,1007.1,1017.1,1031.9,1052.3,1083.7,1127.1,1174.7,1192.1,1209.8,1252.6,1324.5,1402.6,1477.1,1539.2,1576.7,1579.4,1566.5
1129.4,1111.9,1094.8,1079,1063.7,1049.9,1037.3,1026.7,1017.9,1011.7,1008.1,1008.8,1012.7,1022.2,1038.1,1059.2,1090,1133.6,1180.3,1197,1214.1,1255.5,1324.7,1399.2,1471.6,1535.3,1579.9,1591.5,1586.5
1130.5,1113.3,1096.2,1080.6,1065.3,1052.2,1039.5,1029.6,1020.8,1015.3,1012,1013.1,1018.1,1027.3,1043.9,1065.9,1096.2,1139.4,1185.4,1201.6,1218.2,1258.1,1324.8,1396.3,1466.4,1530,1579.4,1598.8,1600.8
1131.7,1114.6,1097.8,1082.4,1067.4,1054.3,1042.1,1032.4,1024,1018.9,1016.4,1017.2,1023.3,1032.6,1049.4,1072.4,1102.2,1145,1190.1,1205.9,1222,1260.7,1325,1393.7,1461.5,1524.4,1576.4,1602.2,1611
1133.1,1116,1099.5,1084.1,1069.6,1056.4,1044.9,1035,1027.5,1022.1,1020.6,1021.4,1028.1,1038.4,1054.6,1078.1,1106.9,1150.3,1194.4,1209.8,1225.5,1263,1325.1,1391.5,1457.1,1518.9,1572.2,1603,1617.6
1134.4,1117.4,1101.2,1085.7,1071.7,1058.6,1047.5,1037.5,1030.9,1025.6,1024.7,1026.2,1032.8,1043.9,1059.7,1083.5,1113.3,1155.2,1198.5,1213.5,1228.8,1265.2,1325.4,1389.5,1453.1,1513.6,1567.3,1601.9,1621.4
1135.8,1118.7,1102.9,1087.5,1073.8,1060.7,1050.2,1040.4,1034.2,1029.4,1028.5,1031.1,1037.2,1049.3,1065.6,1088.8,1119.1,1159.6,1202.2,1217,1232,1267.3,1325.6,1387.7,1449.5,1508.8,1562.3,1599.4,1623.1
1137.1,1120.1,1104.6,1089.2,1076,1063,1052.8,1043.6,1037.3,1033.4,1032.3,1035.7,1041.7,1054.3,1071.2,1093.7,1124.1,1164.2,1205.7,1220.2,1234.8,1269.3,1325.9,1386.1,1446.1,1504.2,1557.2,1596.2,1623.1
1138.6,1121.6,1106.4,1091.2,1078,1065.6,1055.3,1046.8,1040.4,1037.1,1036.1,1040.1,1046.5,1059.1,1076.5,1098.6,1128.9,1168.6,1209.2,1223.4,1237.7,1271.3,1326.3,1384.7,1443.1,1500,1552.4,1592.6,1622
1139.9,1123.2,1108,1093.2,1080.2,1068.2,1057.9,1049.9,1043.6,1040.9,1039.8,1044.5,1051.5,1063.7,1081.6,1103.9,1133.5,1172.8,1212.8,1226.5,1240.5,1273.2,1326.7,1383.4,1440.3,1496,1547.7,1588.7,1620.2
1141.3,1124.7,1109.8,1095.4,1082.4,1070.7,1060.6,1053,1046.7,1044.6,1044,1048.6,1056.3,1068.3,1086.5,1109,1137.8,1176.9,1216.1,1229.6,1243.2,1275.1,1327.2,1382.3,1437.8,1492.3,1543.2,1584.7,1617.7
1142.7,1126.4,1111.6,1097.5,1084.5,1073.3,1063.2,1056.1,1049.9,1048.2,1048.3,1052.6,1060.9,1072.6,1091.2,1113.9,1142.1,1180.7,1219.3,1232.5,1245.8,1277,1327.8,1381.4,1435.6,1488.9,1539,1580.8,1615
1144.2,1128.1,1113.5,1099.4,1086.8,1075.9,1065.8,1059.2,1053.5,1051.8,1052.5,1056.7,1065.5,1077,1095.8,1118.6,1146.3,1184.5,1222.4,1235.2,1248.3,1278.9,1328.5,1380.7,1433.5,1485.8,1535,1576.8,1611.9
1145.9,1129.9,1115.3,1101.5,1089.1,1078.4,1068.5,1062.2,1057,1055.4,1056.4,1060.6,1070,1081.9,1100.3,1123.2,1150.1,1188,1225.3,1238,1250.8,1280.7,1329.1,1380.1,1431.6,1482.9,1531.2,1573.1,1608.9
1147.4,1131.5,1117.2,1103.4,1091.4,1081,1071.3,1065.3,1060.5,1058.9,1060.5,1064.5,1074.3,1086.6,1104.6,1127.6,1154.3,1191.6,1228.2,1240.6,1253.1,1282.3,1329.8,1379.6,1430.1,1480.3,1527.6,1569.4,1605.7
1148.9,1133.1,1119.1,1105.5,1093.7,1083.5,1074.1,1068.4,1063.9,1062.4,1064.4,1068.4,1078.5,1091.1,1108.8,1131.8,1158.4,1194.9,1231,1243.1,1255.4,1284,1330.4,1379.2,1428.5,1477.8,1524.3,1565.9,1602.5
1150.6,1135,1121.2,1107.7,1096.2,1086.1,1077,1071.5,1067.3,1066,1068.3,1072.4,1082.7,1095.4,1113,1135.9,1162.3,1198.2,1233.7,1245.6,1257.7,1285.7,1331.1,1378.9,1427.2,1475.6,1521.3,1562.5,1599.4
1152.2,1136.9,1123.2,1110,1098.5,1088.8,1079.8,1074.6,1070.7,1069.5,1072.1,1076.6,1086.8,1099.8,1117.1,1140,1166.1,1201.4,1236.4,1248,1259.9,1287.4,1331.9,1378.5,1426,1473.5,1518.3,1559.4,1596.4
1153.8,1138.7,1125.1,1112.3,1101,1091.4,1082.7,1077.7,1074.1,1073,1076,1080.7,1090.8,1104,1121,1143.9,1169.8,1204.5,1239,1250.4,1262,1289,1332.6,1378.3,1424.8,1471.6,1515.6,1556.3,1593.4
1155.5,1140.5,1127.2,1114.5,1103.4,1094,1085.7,1080.8,1077.4,1076.6,1079.7,1084.7,1094.8,1108.1,1125,1147.7,1173.5,1207.5,1241.5,1252.7,1264.2,1290.6,1333.4,1378.2,1423.8,1469.7,1513,1553.4,1590.5
1157.1,1142.3,1129.2,1116.8,1105.9,1096.8,1088.7,1083.9,1080.7,1080.1,1083.4,1088.5,1098.6,1112.1,1128.8,1151.5,1177,1210.6,1243.9,1255,1266.2,1292.2,1334.1,1378.1,1422.9,1468.1,1510.6,1550.6,1587.7
1158.8,1144.2,1131.2,1119.1,1108.4,1099.5,1091.7,1087.1,1083.9,1083.7,1087.1,1092.4,1102.6,1116,1132.6,1155.2,1180.4,1213.5,1246.4,1257.2,1268.2,1293.7,1334.9,1378,1422,1466.5,1508.3,1548,1585
1160.5,1146,1133.3,1121.3,1110.9,1102.1,1094.7,1090.2,1087.1,1087.3,1090.6,1096.2,1106.3,1119.9,1136.3,1158.7,1183.8,1216.3,1248.7,1259.4,1270.2,1295.3,1335.7,1378.1,1421.2,1465,1506.2,1545.6,1582.5
1162.2,1147.8,1135.4,1123.6,1113.4,1104.8,1097.7,1093.4,1090.2,1090.8,1094.3,1099.9,1110.2,1123.7,1140,1162.3,1187,1219.1,1251,1261.5,1272.2,1296.8,1336.5,1378.1,1420.5,1463.5,1504.1,1543.1,1579.9
1163.9,1149.8,1137.5,1125.8,1115.9,1107.5,1100.5,1096.6,1093.3,1094.6,1097.8,1103.6,1113.9,1127.5,1143.6,1165.7,1190.3,1221.8,1253.3,1263.6,1274.1,1298.3,1337.4,1378.2,1419.9,1462.1,1502.2,1540.9,1577.5
1165.6,1151.8,1139.7,1128.1,1118.4,1110.1,1103.5,1099.7,1096.8,1098.6,1101.3,1107.1,1117.6,1131.1,1147.2,1169.1,1193.4,1224.5,1255.5,1265.7,1276,1299.8,1338.2,1378.4,1419.3,1460.9,1500.4,1538.7,1574.9
1167.5,1153.8,1141.8,1130.3,1120.9,1112.8,1106.3,1102.7,1100,1101.9,1104.4,1110.6,1121.2,1134.7,1150.7,1172.5,1196.5,1227.2,1257.7,1267.7,1277.9,1301.3,1339,1378.5,1418.8,1459.6,1498.7,1536.6,1572.4
1169.4,1155.8,1144,1132.6,1123.4,1115.5,1109.2,1105.8,1103.2,1105.1,1107.6,1115.2,1124.8,1138.3,1154.3,1175.7,1199.6,1229.9,1259.9,1269.8,1279.7,1302.8,1339.9,1378.6,1418.4,1458.5,1497.1,1534.6,1569.9
1171.2,1157.7,1146.1,1134.9,1125.9,1118.2,1112.1,1108.8,1106.4,1108.4,1111.1,1119.2,1128.1,1141.8,1157.7,1179,1202.5,1232.5,1262.1,1271.8,1281.6,1304.3,1340.8,1378.9,1418,1457.4,1495.5,1532.7,1567.6
1173.1,1159.7,1148.3,1137.2,1128.5,1120.9,1115,1111.9,1109.6,1111.7,1114.5,1122.6,1131.5,1145.3,1161.1,1182.2,1205.5,1235,1264.2,1273.8,1283.4,1305.8,1341.6,1379.1,1417.6,1456.4,1494.1,1530.9,1565.3
1174.9,1161.7,1150.5,1139.7,1131,1123.5,1117.9,1114.9,1112.8,1115,1118.1,1126,1135.1,1148.9,1164.6,1185.3,1208.4,1237.6,1266.4,1275.7,1285.2,1307.3,1342.6,1379.4,1417.4,1455.6,1492.7,1529.2,1563.2
1176.8,1163.7,1152.7,1142.1,1133.5,1126.3,1120.8,1117.9,1116,1118.3,1121.6,1129.4,1138.7,1152.4,1168.2,1188.3,1211.2,1240,1268.4,1277.7,1287,1308.7,1343.5,1379.8,1417.1,1454.8,1491.4,1527.6,1561.2
1178.7,1165.9,1154.8,1144.5,1136.1,1129,1123.6,1120.9,1119.2,1121.6,1125,1132.8,1142.3,1155.7,1171.7,1191.4,1214.1,1242.4,1270.4,1279.6,1288.8,1310.2,1344.3,1380.1,1416.9,1454,1490.2,1526,1559.2
1180.5,1168.1,1157.1,1146.9,1138.5,1131.7,1126.5,1123.9,1122.3,1124.8,1128.3,1136.1,1145.7,1159,1175.1,1194.3,1216.9,1244.8,1272.5,1281.5,1290.6,1311.5,1345.3,1380.5,1416.8,1453.3,1489.1,1524.5,1557.2
1182.4,1170.3,1159.2,1149.4,1141.1,1134.4,1129.3,1126.9,1125.4,1128,1131.6,1139.4,1149.1,1162.3,1178.3,1197.3,1219.7,1247.1,1274.5,1283.3,1292.3,1313,1346.2,1380.9,1416.6,1452.6,1488,1523.1,1555.4
1184.2,1172.5,1161.4,1151.9,1143.5,1137.2,1132.1,1129.9,1128.6,1131.3,1134.9,1142.7,1152.3,1165.5,1181.4,1200.2,1222.4,1249.4,1276.5,1285.2,1294,1314.4,1347.2,1381.4,1416.5,1452,1486.9,1521.7,1553.7
1186.1,1174.6,1163.5,1154.3,1146,1139.9,1134.9,1132.9,1131.6,1134.4,1138.2,1145.9,1155.6,1168.7,1184.5,1203,1225.2,1251.8,1278.5,1287,1295.7,1315.8,1348.1,1381.8,1416.5,1451.4,1486,1520.4,1552
1188,1176.8,1165.6,1156.8,1148.4,1142.7,1137.7,1135.9,1134.6,1137.6,1141.4,1149.2,1158.9,1171.7,1187.6,1205.8,1227.9,1254.1,1280.4,1288.9,1297.4,1317.3,1349.1,1382.3,1416.5,1450.9,1485,1519,1550.4
1190,1178.9,1167.8,1159.3,1150.9,1145.5,1140.4,1138.8,1137.8,1140.7,1144.7,1152.4,1162,1174.9,1190.6,1208.7,1230.5,1256.4,1282.3,1290.7,1299.1,1318.7,1350.1,1382.8,1416.5,1450.4,1484.2,1517.7,1548.8
1192,1181.1,1169.9,1161.6,1153.3,1148.2,1143.1,1141.7,1140.9,1143.9,1147.9,1155.6,1165.2,1177.9,1193.5,1211.4,1233,1258.7,1284.2,1292.5,1300.8,1320.1,1351,1383.3,1416.6,1450,1483.4,1516.4,1547.3
1193.9,1183.2,1172.1,1163.9,1156.1,1150.8,1146.1,1144.6,1144,1146.9,1151.1,1158.7,1168.4,1181,1196.5,1214.2,1235.6,1260.9,1286.1,1294.2,1302.5,1321.5,1351.9,1383.8,1416.6,1449.6,1482.6,1515.3,1545.9
1195.9,1185.4,1174.3,1166.2,1158.8,1153.5,1149,1147.6,1147.1,1150,1154.2,1161.8,1171.5,1183.9,1199.3,1216.9,1238,1263.1,1288,1296,1304.1,1322.9,1352.9,1384.3,1416.7,1449.3,1481.9,1514.1,1544.6
1197.9,1187.6,1176.4,1168.5,1161.4,1156.2,1151.9,1150.4,1150.2,1153,1157.4,1164.9,1174.6,1187,1202.2,1219.5,1240.5,1265.3,1289.9,1297.8,1305.8,1324.3,1353.9,1384.9,1416.9,1449,1481.3,1513,1543.2
1199.8,1189.7,1178.6,1170.8,1164.1,1158.9,1154.9,1153.3,1153.3,1156,1160.6,1167.9,1177.6,1189.9,1205.1,1222.2,1242.9,1267.4,1291.7,1299.6,1307.5,1325.7,1354.9,1385.4,1417,1448.8,1480.6,1512,1542
1201.8,1191.9,1180.7,1173.1,1166.8,1161.5,1157.8,1156.2,1156.4,1158.9,1163.7,1170.9,1180.7,1192.8,1207.9,1224.8,1245.3,1269.5,1293.5,1301.2,1309,1327,1355.9,1386,1417.2,1448.5,1480,1511.1,1540.8
1203.7,1194,1182.9,1175.4,1169.5,1164.2,1160.7,1159.1,1159.6,1161.8,1166.8,1173.9,1183.7,1195.6,1210.6,1227.5,1247.7,1271.6,1295.3,1303,1310.6,1328.4,1356.9,1386.6,1417.4,1448.3,1479.6,1510.1,1539.6
1205.7,1196.2,1185,1177.7,1172.2,1166.9,1163.7,1162,1162.7,1164.7,1169.8,1176.8,1186.7,1198.5,1213.4,1230.1,1250.1,1273.7,1297.1,1304.6,1312.3,1329.8,1357.9,1387.3,1417.6,1448.2,1479.1,1509.3,1538.6
1207.7,1198.3,1187.2,1180,1174.8,1169.6,1166.6,1164.8,1165.8,1167.6,1172.9,1179.8,1189.7,1201.3,1216.1,1232.6,1252.5,1275.8,1298.9,1306.4,1313.9,1331.2,1358.9,1387.9,1417.9,1448,1478.6,1508.5,1537.5
1209.6,1200.5,1189.4,1182.3,1177.5,1172.3,1169.6,1167.7,1169,1170.4,1175.9,1183,1192.6,1204.1,1218.8,1235.1,1254.8,1277.9,1300.7,1308,1315.5,1332.6,1360,1388.6,1418.1,1448,1478.1,1507.7,1536.5
1211.6,1202.7,1191.5,1184.6,1180.2,1174.9,1172.5,1170.6,1172.1,1173.3,1179,1186.1,1195.4,1206.8,1221.5,1237.6,1257.2,1279.9,1302.5,1309.8,1317,1334,1361,1389.2,1418.4,1447.9,1477.7,1506.9,1535.5
1213.5,1204.8,1193.7,1186.9,1182.9,1177.6,1175.5,1173.5,1175.2,1176.2,1182.1,1189.3,1198.3,1209.5,1224.2,1240,1259.5,1282,1304.3,1311.4,1318.7,1335.4,1362.1,1389.9,1418.7,1447.9,1477.4,1506.3,1534.6
1215.5,1207,1195.8,1189.2,1185.6,1180.3,1178.4,1176.3,1178.4,1179.1,1185.1,1192.4,1201.2,1212.1,1226.9,1242.5,1261.7,1284,1306.1,1313.1,1320.2,1336.8,1363.2,1390.7,1419.1,1447.9,1477.1,1505.6,1533.8
1217.5,1209.1,1198,1191.5,1188.3,1183,1181.3,1179.2,1181.5,1181.9,1188.2,1195.5,1204,1214.8,1229.6,1244.8,1263.8,1286,1307.8,1314.8,1321.9,1338.1,1364.2,1391.4,1419.5,1447.9,1476.9,1505,1532.9
1219.4,1211.3,1200.2,1193.8,1190.9,1185.7,1184.3,1182.1,1184.7,1184.8,1191.3,1198.7,1206.9,1217.5,1232.3,1247.1,1265.9,1288.1,1309.5,1316.4,1323.4,1339.6,1365.3,1392.1,1419.9,1448,1476.6,1504.4,1532.1
1221.4,1213.5,1202.3,1196.1,1193.6,1188.4,1187.2,1184.9,1187.8,1187.7,1194.3,1201.8,1209.8,1220.2,1235,1249.4,1268,1290.2,1311.2,1318.1,1324.9,1340.9,1366.4,1392.9,1420.3,1448.1,1476.4,1503.9,1531.3
1223.4,1215.6,1204.5,1198.4,1196.3,1191,1190.2,1187.8,1190.9,1190.5,1197.4,1204.9,1212.7,1222.9,1237.6,1251.7,1270.1,1292.3,1312.9,1319.6,1326.5,1342.2,1367.4,1393.6,1420.8,1448.2,1476.2,1503.4,1530.7
1225.3,1217.8,1206.6,1200.7,1199,1193.7,1193.1,1190.7,1194.1,1193.4,1200.5,1208.1,1215.5,1225.5,1240.3,1254,1272.3,1294.4,1314.7,1321.1,1328,1343.6,1368.5,1394.3,1421.1,1448.4,1476,1503,1530
1227.3,1219.9,1208.8,1203,1201.7,1196.4,1196.1,1193.6,1197.2,1196.3,1203.5,1211.2,1218.4,1228.2,1243,1256.3,1274.4,1296.5,1316.4,1322.6,1329.5,1344.9,1369.4,1395.1,1421.6,1448.5,1475.8,1502.5,1529.5
1229.2,1222.1,1210.9,1205.3,1204.3,1199.1,1199,1196.4,1200.4,1199.2,1206.6,1214.4,1221.3,1230.9,1245.7,1258.6,1276.5,1298.6,1318.1,1324.2,1331,1346.3,1370.4,1395.9,1422.1,1448.7,1475.7,1502.1,1528.9
1231.2,1224.2,1213.1,1207.6,1207,1201.8,1201.9,1199.3,1203.5,1202,1209.7,1217.5,1224.2,1233.6,1248.4,1260.9,1278.6,1300.8,1319.8,1325.7,1332.6,1347.6,1371.3,1396.6,1422.7,1448.9,1475.6,1501.7,1528.2
1233.2,1226.4,1215.3,1209.9,1209.7,1204.4,1204.9,1202.2,1206.6,1204.9,1212.7,1220.6,1227,1236.3,1251,1263.2,1280.7,1302.9,1321.6,1327.2,1334.1,1349,1372.3,1397.4,1423.2,1449.1,1475.6,1501.4,1527.5
1235.1,1228.6,1217.4,1212.2,1212.4,1207.1,1207.8,1205.1,1209.8,1207.8,1215.8,1223.8,1229.9,1239,1253.7,1265.5,1282.8,1305,1323.3,1328.8,1335.6,1350.3,1373.3,1398.2,1423.8,1449.2,1475.6,1501.2,1527
1237.1,1230.7,1219.6,1214.5,1215.1,1209.8,1210.8,1207.9,1212.9,1210.7,1218.8,1226.9,1232.8,1241.6,1256.4,1267.8,1284.9,1307.1,1325,1330.3,1337.2,1351.6,1374.2,1398.9,1424.4,1449.4,1475.6,1501,1526.5
1239.1,1232.8,1221.8,1216.8,1217.8,1212.5,1213.8,1210.7,1216,1213.6,1221.8,1230,1235.7,1244.2,1259.1,1270.1,1287,1309.2,1326.7,1331.8,1338.8,1352.9,1375.1,1399.6,1425,1449.6,1475.6,1500.8,1526
1241.1,1234.9,1224,1219.1,1220.5,1215.2,1216.8,1213.5,1219.1,1216.5,1224.8,1233.1,1238.6,1246.8,1261.8,1272.4,1289.1,1311.3,1328.4,1333.3,1340.4,1354.2,1376,1400.3,1425.6,1449.8,1475.6,1500.6,1525.5
1243.1,1237,1226.2,1221.4,1223.2,1217.9,1219.8,1216.3,1222.2,1219.4,1227.8,1236.2,1241.5,1249.4,1264.5,1274.7,1291.2,1313.4,1330.1,1334.8,1342,1355.5,1376.9,1401,1426.2,1450,1475.6,1500.4,1525
1245.1,1239.1,1228.4,1223.7,1225.9,1220.6,1222.8,1219.1,1225.3,1222.3,1230.8,1239.3,1244.4,1252,1267.2,1277,1293.3,1315.5,1331.8,1336.3,1343.6,1356.8,1377.8,1401.7,1426.8,1450.2,1475.6,1500.2,1524.5
1247.1,1241.2,1230.6,1226,1228.6,1223.3,1225.8,1221.9,1228.4,1225.2,1233.8,1242.4,1247.3,1254.6,1269.9,1279.3,1295.4,1317.6,1333.5,1337.8,1345.2,1358.1,1378.7,1402.4,1427.4,1450.4,1475.6,1500,1524
1249.1,1243.3,1232.8,1228.3,1231.3,1226,1228.8,1224.7,1231.5,1228.1,1236.8,1245.5,1250.2,1257.2,1272.6,1281.6,1297.5,1319.7,1335.2,1339.3,1346.8,1359.4,1379.6,1403.1,1428,1450.6,1475.6,1499.8,1523.5
1251.1,1245.4,1235,1230.6,1234,1228.7,1231.8,1227.5,1234.6,1231,1239.8,1248.6,1253.1,1259.8,1275.3,1283.9,1299.6,1321.8,1336.9,1340.8,1348.4,1360.7,1380.5,1403.8,1428.6,1450.8,1475.6,1499.6,1523
1253.1,1247.5,1237.2,1232.9,1236.7,1231.4,1234.8,1230.3,1237.7,1233.9,1242.8,1251.7,1256,1262.4,1278,1286.2,1301.7,1323.9,1338.6,1342.3,1350,1362,1381.4,1404.5,1429.2,1451,1475.6,1499.4,1522.5
1255.1,1249.6,1239.4,1235.2,1239.4,1234.1,1237.8,1233.1,1240.8,1236.8,1245.8,1254.8,1258.9,1265,1280.7,1288.5,1303.8,1326,1340.3,1343.8,1351.6,1363.3,1382.3,1405.2,1429.8,1451.2,1475.6,1499.2,1522
1257.1,1251.7,1241.6,1237.5,1242.1,1236.8,1240.8,1235.9,1243.9,1239.7,1248.8,1257.9,1261.8,1267.6,1283.4,1290.8,1305.9,1328.1,1342,1345.3,1353.2,1364.6,1383.2,1405.9,1430.4,1451.4,1475.6,1499,1521.5
1259.1,1253.8,1243.8,1239.8,1244.8,1239.5,1243.8,1238.7,1247,1242.6,1251.8,1261,1264.7,1270.2,1286.1,1293.1,1308,1330.2,1343.7,1346.8,1354.8,1365.9,1384.1,1406.6,1431,1451.6,1475.6,1498.8,1521
1261.1,1255.9,1246,1242.1,1247.5,1242.2,1246.8,1241.5,1250.1,1245.5,1254.8,1264.1,1267.6,1272.8,1288.8,1295.4,1310.1,1332.3,1345.4,1348.3,1356.4,1367.2,1385,1407.3,1431.6,1451.8,1475.6,1498.6,1520.5
1263.1,1258,1248.2,1244.4,1250.2,1244.9,1249.8,1244.3,1253.2,1248.4,1257.8,1267.2,1270.5,1275.4,1291.5,1297.7,1312.2,1334.4,1347.1,1349.8,1358,1368.5,1385.9,1408,1432.2,1452,1475.6,1498.4,1520
1265.1,1260.1,1250.4,1246.7,1252.9,1247.6,1252.8,1247.1,1256.3,1251.3,1260.8,1270.3,1273.4,1278,1294.2,1300,1314.3,1336.5,1348.8,1351.3,1359.6,1369.8,1386.8,1408.7,1432.8,1452.2,1475.6,1498.2,1519.5
1267.1,1262.2,1252.6,1249,1255.6,1250.3,1255.8,1249.9,1259.4,1254.2,1263.8,1273.4,1276.3,1280.6,1296.9,1302.3,1316.4,1338.6,1350.5,1352.8,1361.2,1371.1,1387.7,1409.4,1433.4,1452.4,1475.6,1498,1519
1269.1,1264.3,1254.8,1251.3,1258.3,1253,1258.8,1252.7,1262.5,1257.1,1266.8,1276.5,1279.2,1283.2,1299.6,1304.6,1318.5,1340.7,1352.2,1354.3,1362.8,1372.4,1388.6,1410.1,1434,1452.6,1475.6,1497.8,1518.5
1271.1,1266.40000000001,1257,1253.6,1261,1255.7,1261.8,1255.5,1265.6,1260,1269.8,1279.6,1282.09999999999,1285.8,1302.3,1306.9,1320.6,1342.8,1353.9,1355.8,1364.40000000001,1373.7,1389.5,1410.8,1434.6,1452.8,1475.6,1497.6,1518
1273.1,1268.5,1259.2,1255.9,1263.7,1258.4,1264.8,1258.3,1268.7,1262.9,1272.8,1282.7,1285,1288.4,1305,1309.2,1322.7,1344.9,1355.6,1357.3,1366,1375,1390.4,1411.5,1435.2,1453,1475.6,1497.4,1517.5
1275.1,1270.6,1261.4,1258.2,1266.4,1261.1,1267.8,1261.1,1271.8,1265.8,1275.8,1285.8,1287.9,1291,1307.7,1311.5,1324.8,1347,1357.3,1358.8,1367.6,1376.3,1391.3,1412.2,1435.8,1453.2,1475.6,1497.2,1517
1277.1,1272.7,1263.6,1260.5,1269.1,1263.8,1270.8,1263.9,1274.9,1268.7,1278.8,1288.9,1290.8,1293.6,1310.4,1313.8,1326.9,1349.1,1359,1360.3,1369.2,1377.6,1392.2,1412.9,1436.4,1453.4,1475.6,1497,1516.5
1279.1,1274.8,1265.8,1262.8,1271.8,1266.5,1273.8,1266.7,1278,1271.6,1281.8,1292,1293.7,1296.2,1313.1,1316.1,1329,1351.2,1360.7,1361.8,1370.8,1378.9,1393.1,1413.6,1437,1453.6,1475.6,1496.8,1516
1281.1,1276.90000000001,1268,1265.1,1274.5,1269.2,1276.8,1269.5,1281.1,1274.5,1284.8,1295.1,1296.59999999999,1298.8,1315.8,1318.4,1331.1,1353.3,1362.4,1363.3,1372.40000000001,1380.2,1394,1414.3,1437.6,1453.8,1475.6,1496.6,1515.5
1283.1,1279,1270.2,1267.4,1277.2,1271.9,1279.8,1272.3,1284.2,1277.40000000001,1287.8,1298.2,1299.5,1301.4,1318.5,1320.7,1333.2,1355.4,1364.1,1364.8,1374,1381.5,1394.90000000001,1415,1438.20000000001,1454.00000000001,1475.6,1496.4,1515
1285.1,1281.1,1272.39999999999,1269.7,1279.89999999999,1274.6,1282.8,1275.10000000001,1287.30000000001,1280.3,1290.8,1301.30000000001,1302.4,1304,1321.2,1323,1335.30000000001,1357.5,1365.8,1366.3,1375.6,1382.8,1395.8,1415.7,1438.8,1454.2,1475.6,1496.2,1514.5
1287.1,1283.2,1274.59999999999,1272,1282.59999999999,1277.3,1285.8,1277.90000000001,1290.4,1283.2,1293.8,1304.4,1305.3,1306.6,1323.9,1325.3,1337.4,1359.6,1367.5,1367.8,1377.2,1384.1,1396.7,1416.4,1439.4,1454.4,1475.6,1496,1514
1289.1,1285.3,1276.8,1274.3,1285.3,1280,1288.8,1280.7,1293.5,1286.1,1296.8,1307.5,1308.2,1309.2,1326.6,1327.6,1339.50000000001,1361.7,1369.2,1369.3,1378.8,1385.4,1397.60000000001,1417.1,1440.00000000001,1454.6,1475.6,1495.8,1513.5
1291.1,1287.4,1278.99999999999,1276.6,1287.99999999999,1282.7,1291.8,1283.50000000001,1296.60000000001,1289,1299.8,1310.60000000001,1311.1,1311.8,1329.3,1329.9,1341.60000000001,1363.8,1370.9,1370.8,1380.4,1386.7,1398.5,1417.8,1440.60000000001,1454.8,1475.6,1495.6,1513
1293.1,1289.50000000001,1281.19999999999,1278.9,1290.69999999999,1285.4,1294.8,1286.30000000001,1299.7,1291.9,1302.8,1313.7,1313.99999999999,1314.39999999999,1332.00000000001,1332.2,1343.7,1365.89999999999,1372.6,1372.3,1382.00000000001,1387.99999999999,1399.4,1418.50000000001,1441.2,1455.00000000001,1475.6,1495.4,1512.5
1295.10000000001,1291.60000000001,1283.39999999999,1281.2,1293.39999999999,1288.10000000001,1297.8,1289.10000000001,1302.8,1294.8,1305.8,1316.8,1316.89999999999,1317,1334.7,1334.5,1345.8,1368,1374.3,1373.8,1383.60000000001,1389.3,1400.3,1419.2,1441.8,1455.2,1475.6,1495.2,1512
1297.1,1293.7,1285.6,1283.5,1296.1,1290.8,1300.8,1291.9,1305.9,1297.7,1308.8,1319.9,1319.8,1319.6,1337.4,1336.8,1347.9,1370.1,1376,1375.3,1385.2,1390.6,1401.2,1419.9,1442.4,1455.4,1475.6,1495,1511.5
1299.1,1295.8,1287.8,1285.8,1298.8,1293.5,1303.8,1294.7,1309.00000000001,1300.60000000001,1311.8,1323.00000000001,1322.7,1322.2,1340.1,1339.1,1350.00000000001,1372.2,1377.7,1376.8,1386.8,1391.9,1402.10000000001,1420.6,1443.00000000001,1455.6,1475.6,1494.8,1511
1301.1,1297.9,1289.99999999999,1288.1,1301.49999999999,1296.2,1306.8,1297.50000000001,1312.10000000001,1303.5,1314.8,1326.10000000001,1325.6,1324.8,1342.8,1341.4,1352.10000000001,1374.3,1379.4,1378.3,1388.4,1393.2,1403,1421.3,1443.60000000001,1455.8,1475.6,1494.6,1510.5
1303.1,1300.00000000001,1292.19999999999,1290.4,1304.19999999999,1298.9,1309.8,1300.30000000001,1315.2,1306.4,1317.8,1329.2,1328.49999999999,1327.39999999999,1345.50000000001,1343.7,1354.2,1376.39999999999,1381.1,1379.8,1390.00000000001,1394.49999999999,1403.9,1422.00000000001,1444.2,1456.00000000001,1475.6,1494.4,1510
1305.10000000001,1302.10000000001,1294.39999999999,1292.7,1306.89999999999,1301.60000000001,1312.8,1303.10000000001,1318.3,1309.3,1320.8,1332.3,1331.39999999999,1330,1348.2,1346,1356.3,1378.5,1382.8,1381.3,1391.60000000001,1395.8,1404.8,1422.7,1444.8,1456.2,1475.6,1494.2,1509.5
1307.1,1304.2,1296.6,1295,1309.6,1304.3,1315.8,1305.9,1321.4,1312.2,1323.8,1335.4,1334.3,1332.6,1350.9,1348.3,1358.4,1380.6,1384.5,1382.8,1393.2,1397.1,1405.7,1423.4,1445.4,1456.4,1475.6,1494,1509
1309.1,1306.3,1298.8,1297.3,1312.3,1307,1318.8,1308.7,1324.50000000001,1315.10000000001,1326.8,1338.50000000001,1337.2,1335.2,1353.6,1350.6,1360.50000000001,1382.7,1386.2,1384.3,1394.8,1398.4,1406.60000000001,1424.1,1446.00000000001,1456.6,1475.6,1493.8,1508.5
1311.1,1308.4,1300.99999999999,1299.6,1314.99999999999,1309.7,1321.8,1311.50000000001,1327.60000000001,1318,1329.8,1341.60000000001,1340.1,1337.8,1356.3,1352.9,1362.60000000001,1384.8,1387.9,1385.8,1396.4,1399.7,1407.5,1424.8,1446.60000000001,1456.8,1475.6,1493.6,1508
1313.1,1310.50000000001,1303.19999999999,1301.9,1317.69999999999,1312.4,1324.8,1314.30000000001,1330.7,1320.9,1332.8,1344.7,1342.99999999999,1340.39999999999,1359.00000000001,1355.2,1364.7,1386.89999999999,1389.6,1387.3,1398.00000000001,1400.99999999999,1408.4,1425.50000000001,1447.2,1457.00000000001,1475.6,1493.4,1507.5
1315.10000000001,1312.60000000001,1305.39999999999,1304.2,1320.39999999999,1315.10000000001,1327.8,1317.10000000001,1333.8,1323.8,1335.8,1347.8,1345.89999999999,1343,1361.7,1357.5,1366.8,1389,1391.3,1388.8,1399.60000000001,1402.3,1409.3,1426.2,1447.8,1457.2,1475.6,1493.2,1507
1317.1,1314.7,1307.6,1306.5,1323.1,1317.8,1330.8,1319.9,1336.9,1326.7,1338.8,1350.9,1348.8,1345.6,1364.4,1359.8,1368.9,1391.1,1393,1390.3,1401.2,1403.6,1410.2,1426.9,1448.4,1457.4,1475.6,1493,1506.5
1319.1,1316.8,1309.8,1308.8,1325.8,1320.5,1333.8,1322.7,1340.00000000001,1329.60000000001,1341.8,1354.00000000001,1351.7,1348.2,1367.1,1362.1,1371.00000000001,1393.2,1394.7,1391.8,1402.8,1404.9,1411.10000000001,1427.6,1449.00000000001,1457.6,1475.6,1492.8,1506
1321.1,1318.9,1311.99999999999,1311.1,1328.49999999999,1323.2,1336.8,1325.50000000001,1343.10000000001,1332.5,1344.8,1357.10000000001,1354.6,1350.8,1369.8,1364.4,1373.10000000001,1395.3,1396.4,1393.3,1404.4,1406.2,1412,1428.3,1449.60000000001,1457.8,1475.6,1492.6,1505.5
1323.1,1321.00000000001,1314.19999999999,1313.4,1331.19999999999,1325.9,1339.8,1328.30000000001,1346.2,1335.4,1347.8,1360.2,1357.49999999999,1353.39999999999,1372.50000000001,1366.7,1375.2,1397.39999999999,1398.1,1394.8,1406.00000000001,1407.49999999999,1412.9,1429.00000000001,1450.2,1458.00000000001,1475.6,1492.4,1505
1325.1,1323.10000000001,1316.39999999999,1315.7,1333.89999999999,1328.60000000001,1342.8,1331.10000000001,1349.30000000001,1338.3,1350.8,1363.30000000001,1360.39999999999,1355.99999999999,1375.2,1369,1377.30000000001,1399.49999999999,1399.8,1396.3,1407.60000000001,1408.8,1413.8,1429.7,1450.80000000001,1458.2,1475.6,1492.2,1504.5
1327.10000000001,1325.20000000001,1318.59999999999,1318,1336.59999999999,1331.3,1345.8,1333.90000000001,1352.4,1341.2,1353.8,1366.4,1363.29999999999,1358.6,1377.9,1371.3,1379.4,1401.6,1401.5,1397.8,1409.20000000001,1410.1,1414.7,1430.4,1451.4,1458.40000000001,1475.6,1492,1504
1329.1,1327.3,1320.8,1320.3,1339.3,1334,1348.8,1336.7,1355.50000000001,1344.10000000001,1356.8,1369.50000000001,1366.2,1361.2,1380.6,1373.6,1381.50000000001,1403.7,1403.2,1399.3,1410.8,1411.4,1415.60000000001,1431.1,1452.00000000001,1458.60000000001,1475.6,1491.8,1503.5
1331.1,1329.40000000001,1322.99999999999,1322.6,1341.99999999999,1336.7,1351.8,1339.50000000001,1358.60000000001,1347.00000000001,1359.8,1372.60000000001,1369.09999999999,1363.8,1383.3,1375.89999999999,1383.60000000001,1405.8,1404.9,1400.8,1412.40000000001,1412.7,1416.50000000001,1431.8,1452.60000000002,1458.8,1475.6,1491.59999999999,1503
1333.1,1331.50000000001,1325.19999999999,1324.89999999999,1344.69999999999,1339.4,1354.8,1342.30000000001,1361.70000000001,1349.90000000001,1362.8,1375.70000000001,1371.99999999999,1366.39999999999,1386,1378.2,1385.70000000001,1407.89999999999,1406.60000000001,1402.3,1414.00000000001,1414,1417.40000000001,1432.5,1453.20000000001,1459,1475.6,1491.39999999999,1502.5
1335.1,1333.60000000001,1327.39999999999,1327.2,1347.39999999999,1342.10000000001,1357.8,1345.10000000001,1364.80000000001,1352.8,1365.8,1378.80000000001,1374.89999999999,1368.99999999999,1388.7,1380.5,1387.80000000001,1409.99999999999,1408.3,1403.8,1415.60000000001,1415.3,1418.3,1433.2,1453.8,1459.2,1475.6,1491.2,1502
1337.10000000001,1335.70000000001,1329.59999999999,1329.5,1350.09999999999,1344.8,1360.8,1347.90000000001,1367.9,1355.7,1368.8,1381.9,1377.79999999999,1371.6,1391.4,1382.8,1389.9,1412.09999999999,1410,1405.3,1417.2,1416.59999999999,1419.2,1433.90000000001,1454.40000000001,1459.40000000001,1475.6,1491,1501.5
1339.1,1337.8,1331.8,1331.8,1352.8,1347.5,1363.8,1350.7,1371.00000000001,1358.60000000001,1371.8,1385.00000000001,1380.7,1374.2,1394.1,1385.09999999999,1392.00000000001,1414.2,1411.7,1406.79999999999,1418.80000000002,1417.89999999999,1420.10000000001,1434.60000000001,1455,1459.60000000001,1475.6,1490.8,1501
1341.09999999999,1339.90000000001,1333.99999999999,1334.1,1355.49999999999,1350.2,1366.8,1353.50000000001,1374.10000000001,1361.50000000001,1374.8,1388.10000000001,1383.59999999999,1376.79999999999,1396.80000000001,1387.39999999999,1394.10000000002,1416.29999999999,1413.40000000001,1408.3,1420.40000000001,1419.2,1421.00000000001,1435.3,1455.60000000002,1459.8,1475.6,1490.59999999999,1500.5
1343.1,1342.00000000001,1336.19999999999,1336.39999999999,1358.19999999999,1352.9,1369.8,1356.30000000001,1377.20000000001,1364.40000000001,1377.8,1391.20000000001,1386.49999999999,1379.39999999999,1399.5,1389.7,1396.20000000001,1418.39999999999,1415.10000000001,1409.8,1422.00000000001,1420.5,1421.90000000001,1436,1456.20000000001,1460,1475.6,1490.39999999999,1500
1345.10000000001,1344.10000000001,1338.39999999999,1338.7,1360.89999999999,1355.60000000001,1372.8,1359.10000000001,1380.3,1367.3,1380.8,1394.3,1389.39999999999,1382,1402.2,1392,1398.3,1420.5,1416.8,1411.3,1423.60000000001,1421.8,1422.8,1436.7,1456.8,1460.2,1475.6,1490.2,1499.5
1347.09999999999,1346.2,1340.59999999999,1341,1363.59999999999,1358.3,1375.8,1361.90000000001,1383.40000000001,1370.2,1383.8,1397.40000000001,1392.3,1384.59999999999,1404.90000000001,1394.3,1400.40000000001,1422.59999999999,1418.5,1412.8,1425.2,1423.09999999999,1423.7,1437.40000000001,1457.40000000001,1460.40000000001,1475.6,1490,1499
1349.10000000001,1348.30000000002,1342.79999999999,1343.3,1366.29999999999,1361,1378.79999999999,1364.70000000001,1386.5,1373.10000000001,1386.79999999999,1400.5,1395.19999999998,1387.2,1407.60000000001,1396.59999999999,1402.5,1424.7,1420.2,1414.29999999999,1426.80000000002,1424.39999999999,1424.60000000001,1438.10000000001,1458,1460.60000000001,1475.6,1489.8,1498.5
1351.09999999999,1350.40000000001,1344.99999999999,1345.59999999999,1368.99999999999,1363.7,1381.8,1367.50000000001,1389.60000000002,1376.00000000001,1389.8,1403.60000000002,1398.09999999999,1389.79999999999,1410.3,1398.89999999999,1404.60000000002,1426.79999999999,1421.90000000001,1415.8,1428.40000000001,1425.7,1425.50000000001,1438.8,1458.60000000002,1460.8,1475.6,1489.59999999999,1498
1353.10000000001,1352.50000000001,1347.19999999998,1347.89999999999,1371.69999999998,1366.40000000001,1384.8,1370.30000000002,1392.70000000001,1378.90000000001,1392.8,1406.70000000001,1400.99999999999,1392.39999999999,1413,1401.2,1406.70000000001,1428.89999999999,1423.60000000001,1417.3,1430.00000000001,1427,1426.40000000001,1439.5,1459.20000000001,1461,1475.6,1489.39999999999,1497.5
1355.10000000001,1354.60000000001,1349.39999999999,1350.2,1374.39999999999,1369.10000000001,1387.8,1373.10000000001,1395.8,1381.8,1395.8,1409.8,1403.89999999999,1395,1415.7,1403.5,1408.8,1431,1425.3,1418.8,1431.60000000001,1428.3,1427.3,1440.2,1459.8,1461.2,1475.6,1489.2,1497
1357.09999999999,1356.7,1351.59999999999,1352.5,1377.09999999999,1371.8,1390.8,1375.90000000001,1398.90000000001,1384.7,1398.8,1412.90000000001,1406.8,1397.59999999999,1418.40000000001,1405.8,1410.90000000001,1433.09999999999,1427,1420.3,1433.2,1429.59999999999,1428.2,1440.90000000001,1460.40000000001,1461.40000000001,1475.6,1489,1496.5
1359.10000000001,1358.80000000002,1353.79999999999,1354.8,1379.79999999999,1374.5,1393.79999999999,1378.70000000001,1402,1387.60000000001,1401.79999999999,1416,1409.69999999998,1400.2,1421.10000000001,1408.09999999999,1413,1435.2,1428.7,1421.79999999999,1434.80000000002,1430.89999999999,1429.10000000001,1441.60000000001,1461,1461.60000000001,1475.6,1488.8,1496
1361.09999999999,1360.90000000001,1355.99999999999,1357.09999999999,1382.49999999999,1377.2,1396.8,1381.50000000001,1405.10000000002,1390.50000000001,1404.8,1419.10000000002,1412.59999999999,1402.79999999999,1423.8,1410.39999999999,1415.10000000002,1437.29999999999,1430.40000000001,1423.3,1436.40000000001,1432.2,1430.00000000001,1442.3,1461.60000000002,1461.8,1475.6,1488.59999999999,1495.5
