12428,12054,11688,11308,10952,10570,10220,9851.7,9476.9,9125,8758.3,8407.3,8104.9,7812.1,7526.9,7232.2,6937.5,6606.7,6338.1,6252.2,6168.7,5998.6,5700,5416.3,5125.5,4824.5,4533.1,4250,3961.4
12494,12119,11753,11377,11016,10639,10284,9914.5,9544.1,9187,8820.4,8463.6,8156.8,7864,7574.5,7279.2,6984,6656.3,6383.6,6297.7,6218.3,6043.6,5748.6,5460.4,5169.5,4872.5,4580.1,4293.1,4004.5
12560,12184,11818,11446,11081,10708,10347,9977.3,9611.4,9249.1,8882.4,8519.9,8208.8,7916,7622.1,7326.3,7030.6,6705.9,6429.1,6343.2,6267.9,6088.6,5797.1,5504.4,5213.5,4920.6,4627.1,4336.2,4047.6
12626,12249,11883,11515,11145,10777,10411,10040,9678.7,9311.1,8944.4,8578.8,8260.7,7967.8,7669.7,7373.6,7077.1,6755.6,6474.6,6388.7,6315.3,6133.6,5845.7,5548.4,5257.6,4967.8,4674.1,4381.1,4090.7
12692,12318,11948,11583,11209,10846,10474,10103,9743.1,9373.1,9007.5,8644.5,8312.7,8019.2,7717.3,7424.4,7123.6,6801.9,6520.1,6434.2,6360.8,6182.1,5894.2,5597.3,5301.6,5011.4,4721.1,4428.1,4134.9
12762,12388,12016,11648,11274,10910,10537,10168,9805.2,9436.5,9073.1,8710.2,8365.2,8070.5,7767.9,7475.2,7173.8,6847.9,6569.3,6481.5,6406.8,6231.1,5940.4,5646.4,5349.3,5054.9,4768.7,4475.1,4181.4
12833,12458,12086,11714,11343,10973,10603,10235,9868.7,9503.7,9138.8,8771.5,8417.8,8118.8,7818.6,7525.9,7224.5,6896.4,6619.4,6531.1,6456.4,6280.4,5985.3,5695.2,5397.8,5101.4,4816.2,4522.1,4227.9
12899,12529,12155,11783,11412,11040,10671,10303,9935.9,9570.9,9200.9,8832.8,8473.2,8166.4,7870.1,7576.7,7275,6947.1,6669.6,6580.7,6506.1,6330.1,6031.3,5743.8,5446.4,5149.4,4861.9,4569.1,4274.8
12965,12596,12225,11851,11481,11108,10739,10371,10003,9633,9263,8897.3,8529.4,8216.2,7922,7627.6,7325.2,6997.8,6719.8,6630.9,6556.1,6379.7,6080.4,5792.1,5494.9,5197.5,4906,4616.3,4321.8
13034,12662,12295,11921,11550,11177,10807,10438,10066,9695,9328.2,8962.9,8590,8268.1,7973.8,7679,7375.5,7048,6770,6681.1,6606.3,6429.3,6129.5,5837.1,5543.5,5245.5,4950,4663.8,4368.8
13104,12729,12365,11991,11619,11246,10874,10501,10129,9760.4,9394.7,9027,8655.7,8320.1,8025.1,7730.3,7426.2,7098.2,6819.6,6731,6656.3,6479,6179,5882.1,5592,5293.5,4997.5,4711.3,4415.9
13175,12800,12435,12060,11687,11315,10938,10564,10195,9826.9,9461.2,9089.1,8721.4,8372,8076.5,7781.6,7477,7148.4,6869.3,6780.6,6705.9,6528.6,6228.6,5931.7,5640.6,5341.9,5045,4758.9,4462.9
13245,12871,12504,12129,11756,11384,11001,10632,10262,9893.7,9527.6,9152.5,8787.1,8424,8127.8,7833,7528.2,7198.5,6919.2,6830.3,6755.6,6578.2,6278,5984.3,5689.1,5390.4,5094.7,4806.4,4510.2
13318,12946,12574,12199,11825,11453,11075,10700,10330,9961,9594.1,9222.6,8852.7,8487.4,8179.2,7884.3,7579.5,7250.5,6969.4,6880.5,6805.2,6627.9,6327.1,6036.4,5737.7,5439,5146.7,4853.9,4557.7
13394,13020,12644,12268,11894,11521,11148,10771,10397,10028,9660.6,9292.7,8917.8,8552.3,8233.4,7935.7,7632.3,7305.5,7019.6,6930.7,6854.8,6677.5,6376.2,6085.5,5786.2,5487.5,5198.8,4901.4,4605.2
13467,13089,12714,12338,11963,11589,11217,10844,10466,10096,9727,9359.5,8982.7,8617.6,8289.7,7987,7687.3,7360.5,7069.8,6980.9,6906.8,6727.1,6429.6,6134.6,5834.8,5536.1,5246.9,4948.9,4652.2
13538,13159,12784,12407,12032,11658,11285,10914,10537,10163,9793.5,9426,9051.1,8683.3,8344.7,8038.4,7742.1,7411.2,7120,7031.1,6961.1,6780.2,6483.4,6183.7,5883.3,5587.1,5294.9,4996.8,4699.2
13610,13234,12853,12478,12101,11727,11353,10981,10609,10234,9860,9492,9122,8748.8,8396.7,8089.7,7793.5,7462,7174,7083,7015.1,6834.6,6535,6232.8,5934,5639.2,5342.9,5044.9,4748.7
13685,13310,12926,12552,12170,11799,11422,11048,10677,10305,9929.5,9557.6,9191.2,8813.7,8448.6,8145.9,7844.8,7515.5,7229,7137.4,7065.3,6887.5,6584.7,6283,5987.1,5691.3,5391,5093.8,4800.2
13760,13380,13000,12625,12244,11873,11492,11116,10745,10373,10000,9625.2,9256.9,8878.6,8513.2,8202.2,7899.2,7570.4,7283.7,7191.8,7115.5,6937.7,6634.7,6336.8,6040.3,5743.9,5439,5145.3,4851.6
13835,13450,13075,12695,12317,11943,11564,11185,10816,10440,10070,9696.1,9322.7,8948.6,8578.1,8258,7954.8,7624.2,7338.1,7246.8,7169.1,6987.9,6688.4,6390.5,6093.5,5796.5,5491.5,5196.8,4899.1
13909,13524,13149,12765,12391,12012,11637,11257,10888,10510,10137,9766.5,9392.8,9018.7,8646.4,8313.6,8010.4,7675,7392.3,7301.8,7224.1,7042.1,6742.2,6443.8,6146.7,5846.1,5544.1,5248.7,4946.6
13985,13599,13224,12839,12466,12083,11711,11330,10957,10582,10205,9833,9462.8,9088.7,8716.5,8369.5,8066,7725.8,7443,7356.8,7278.8,7096.5,6796.4,6497,6197.5,5894.6,5596.4,5300.7,4996.1
14060,13674,13298,12912,12540,12156,11784,11403,11025,10654,10277,9899.5,9530.2,9158.8,8786.3,8425.7,8121.7,7781,7493.8,7411.8,7333.2,7150.8,6850.7,6550.6,6246.6,5944.4,5648.4,5352.7,5047.6
14135,13749,13373,12987,12613,12228,11857,11475,11096,10726,10349,9970.4,9596.7,9227.1,8855.5,8482.5,8177.9,7836.6,7547.4,7465.5,7387.6,7205.2,6905.1,6605,6296.2,5997.6,5700.5,5404.8,5099.1
14211,13824,13447,13061,12687,12302,11929,11548,11168,10799,10420,10042,9665.3,9292.7,8924.8,8551.7,8234.2,7892.2,7602.4,7516.2,7442.5,7259.7,6959.5,6659.4,6349.4,6050.8,5753.7,5456.8,5151.1
14286,13899,13522,13136,12760,12375,12003,11621,11241,10871,10491,10113,9736.2,9359.1,8994.9,8621,8290,7947.8,7657.6,7567,7497.5,7314.7,7013.8,6713.1,6402.5,6104,5806.8,5509.3,5203.1
14362,13976,13596,13210,12834,12449,12076,11694,11313,10942,10562,10184,9807.1,9430,9064.9,8690.8,8345.6,8003.4,7713.2,7625.7,7552.9,7369.7,7068.2,6766.9,6458.9,6157.1,5859.7,5561.8,5255.2
14437,14055,13670,13287,12908,12523,12150,11767,11385,11014,10634,10255,9878,9500.9,9135,8760.9,8403.2,8059.1,7768.8,7684.9,7608.5,7424.6,7122.6,6821,6516.8,6210.5,5912.3,5614.4,5307.2
14512,14133,13745,13366,12983,12601,12223,11840,11462,11086,10706,10326,9948.9,9574.9,9205.1,8830.6,8463.7,8114.7,7828.6,7742,7664,7479.6,7176.9,6875.4,6573.8,6264.3,5964.9,5667,5359.2
14590,14208,13819,13443,13056,12680,12296,11913,11539,11158,10777,10398,10024,9649.3,9275.1,8899.8,8525,8174.8,7888.5,7797.7,7718.9,7534.6,7231.3,6929.7,6628.2,6318.1,6018.1,5719.6,5415.8
14669,14284,13897,13516,13130,12755,12369,11986,11612,11231,10849,10474,10100,9721.7,9345.2,8969.2,8594.2,8235.4,7945.7,7853.1,7773.9,7589.6,7285.7,6984.1,6682.5,6375.2,6071.3,5772.2,5472.4
14747,14358,13976,13591,13209,12829,12443,12063,11685,11303,10921,10550,10172,9792.6,9415.3,9039.3,8663.5,8293,8001.3,7908.1,7829.5,7645,7340.7,7038.5,6736.4,6432.5,6127.1,5824.8,5527
14822,14433,14053,13671,13288,12902,12521,12140,11757,11375,10993,10622,10243,9863.5,9485.3,9109.3,8732.7,8348.7,8056.9,7963.1,7885.1,7704.9,7395.7,7092.8,6790.1,6488.2,6184.4,5879,5579.6
14898,14512,14129,13749,13362,12976,12599,12214,11830,11448,11070,10694,10313,9934.4,9555.4,9179.4,8802,8406.7,8112.6,8023,7943.1,7764.8,7453.8,7147.2,6846,6542.6,6240.9,5936.2,5632.4
14979,14592,14206,13824,13436,13051,12673,12288,11905,11525,11147,10766,10384,10006,9630.4,9249.5,8873.6,8471.6,8168.2,8083.6,8003,7821,7513.1,7203.5,6904.6,6597.4,6294.7,5993.5,5689
15059,14672,14285,13898,13513,13129,12746,12364,11982,11602,11223,10838,10456,10081,9705.7,9322,8948,8536.5,8227.9,8141.4,8062,7876,7570.7,7262.7,6962.9,6655.3,6348.4,6047.1,5745.7
15139,14751,14364,13977,13592,13207,12824,12441,12059,11679,11300,10911,10533,10156,9778,9396.4,9021.7,8605.5,8287.8,8197,8117.6,7932.9,7625.7,7321.9,7017.3,6713.2,6405.5,6100.3,5800.3
15219,14830,14443,14056,13671,13285,12902,12519,12137,11756,11373,10987,10609,10232,9848.9,9470.9,9091.8,8674.8,8348.2,8253.7,8173.2,7992.8,7680.7,7381.2,7071.7,6768.6,6463.4,6155.6,5853.5
15299,14911,14522,14135,13749,13364,12980,12597,12216,11830,11445,11064,10685,10307,9921.3,9545.3,9161.8,8746.8,8408.8,8314.3,8233.2,8052.5,7740.6,7440.4,7129.2,6823,6519.7,6213.5,5907.2
15379,14990,14601,14214,13827,13443,13058,12675,12293,11902,11519,11140,10761,10380,9995.8,9619.8,9235.8,8820.4,8472.1,8374.9,8293.8,8108.8,7800.5,7496.8,7188.5,6878.7,6573.5,6271.4,5964.4
15458,15069,14680,14293,13906,13522,13136,12753,12370,11978,11596,11216,10837,10451,10070,9695.1,9310.2,8894.2,8541.4,8438.8,8354,8165.1,7860.4,7551.8,7247.5,6937.3,6627.3,6329.3,6021.7
15537,15149,14760,14372,13986,13600,13215,12831,12443,12055,11673,11292,10912,10523,10146,9770.4,9384.7,8968.7,8610.7,8503,8413.9,8224,7920.3,7608,7306,6995.8,6685.6,6387.2,6079
15617,15229,14840,14452,14065,13678,13293,12908,12516,12132,11750,11369,10988,10599,10221,9845.1,9459.1,9043.1,8684.2,8572.6,8476.9,8283.9,7980.2,7667.2,7364.6,7054.4,6744.1,6445.1,6136.2
15697,15309,14920,14531,14144,13757,13371,12985,12595,12209,11827,11446,11064,10676,10296,9919.6,9533.6,9117.6,8757.8,8646.2,8550.5,8344.1,8040.1,7726.5,7424.4,7112.9,6802.7,6503,6193.7
15777,15388,14999,14610,14223,13836,13449,13063,12678,12288,11904,11523,11140,10752,10372,9994.4,9608,9192,8832,8720,8624.1,8404.7,8100,7786.3,7484.3,7171.8,6861.2,6560.2,6251.6
15857,15467,15078,14689,14302,13915,13527,13142,12758,12369,11980,11599,11217,10828,10448,10070,9682.5,9266.4,8906.4,8794.4,8698.4,8466.4,8159.9,7846.2,7543.8,7231,6919.8,6614.6,6309.5
15940,15552,15157,14769,14380,13993,13605,13220,12835,12451,12057,11676,11293,10907,10524,10145,9757.8,9340.9,8980.5,8868.9,8772.9,8539.9,8219.8,7906.1,7603,7290.3,6978.3,6669,6367.4
16025,15637,15239,14853,14458,14073,13684,13298,12912,12528,12134,11752,11370,10987,10600,10220,9833.1,9415.3,9054.1,8942.5,8846.8,8613.5,8280.2,7966,7662.3,7349.5,7036.9,6729.4,6425.3
16107,15716,15323,14936,14541,14157,13763,13376,12991,12605,12214,11829,11447,11065,10675,10296,9911.2,9489.8,9127.8,9016.1,8920.4,8687.1,8340.7,8025.9,7722.2,7408.7,7096,6791.5,6483.4
16186,15795,15405,15015,14624,14239,13846,13454,13069,12683,12295,11907,11524,11141,10751,10371,9990,9565.1,9202.2,9090.2,8994.2,8760.7,8402.9,8085.8,7782.1,7467.9,7155.2,6852.4,6542
16267,15879,15485,15094,14705,14317,13929,13534,13147,12761,12376,11987,11600,11217,10832,10446,10067,9643.9,9276.7,9164.7,9068.7,8836.3,8467.8,8145.7,7841.4,7527.1,7216.1,6911.7,6600.5
16352,15964,15566,15178,14784,14396,14008,13617,13225,12842,12454,12068,11679,11294,10913,10525,10142,9722.7,9354.7,9239.1,9143.3,8914.2,8533.3,8210.3,7900.7,7586.6,7279.6,6970.9,6659.1
16436,16045,15650,15262,14866,14480,14086,13698,13306,12923,12533,12146,11760,11370,10989,10605,10218,9798.4,9433.5,9313.6,9221.2,8991.6,8611.2,8275.2,7960.6,7646.5,7342.8,7029.4,6717.6
16521,16124,15734,15342,14949,14563,14167,13777,13388,13004,12614,12223,11839,11452,11065,10683,10293,9873.7,9510,9388.5,9299.1,9066,8689.1,8337.4,8021.2,7706.8,7402,7088,6778.8
16606,16206,15817,15421,15033,14643,14251,13855,13470,13082,12696,12303,11916,11534,11145,10759,10368,9951.3,9584.4,9467.3,9374.4,9140.4,8763.8,8398,8081.6,7770.3,7461.3,7146.9,6841.5
16686,16291,15901,15503,15117,14722,14334,13938,13553,13161,12773,12385,11994,11611,11225,10836,10448,10030,9660.2,9546.1,9448.9,9218.7,8837.4,8462.6,8141.5,7833.7,7520.5,7206.2,6903.3
16766,16375,15981,15588,15200,14804,14417,14020,13633,13242,12851,12465,12076,11687,11304,10917,10528,10108,9740,9624.9,9525.7,9297.5,8913.2,8536.2,8201.4,7895,7579.7,7266.5,6961.8
16850,16459,16061,15672,15279,14886,14499,14104,13711,13324,12931,12542,12158,11766,11380,10998,10608,10183,9819.8,9703.8,9605.5,9376.4,8992,8609.8,8265.6,7955.6,7640.5,7329.9,7020.4
16933,16543,16145,15756,15358,14970,14578,14188,13791,13407,13013,12620,12239,11847,11458,11073,10689,10259,9894.2,9780.7,9685.1,9455.2,9070.2,8683.4,8330.5,8017.8,7704.7,7393.4,7079.5
17018,16628,16228,15840,15442,15054,14657,14271,13874,13490,13095,12702,12321,11928,11538,11148,10767,10339,9968.7,9856,9763.9,9532.7,9144.7,8756.9,8395.5,8082,7768.9,7453.6,7138.7
17103,16712,16312,15924,15526,15137,14740,14353,13957,13568,13178,12783,12398,12010,11619,11228,10842,10418,10047,9932.4,9842.7,9607.1,9219.1,8833.5,8460.4,8145.8,7828.8,7513.5,7199.9
17187,16796,16396,16008,15609,15221,14823,14436,14040,13646,13260,12866,12475,12091,11700,11308,10919,10498,10127,10011,9918.4,9681.7,9297.3,8911.4,8528.4,8206.4,7888.7,7575.4,7263.4
17271,16880,16480,16091,15693,15304,14907,14519,14122,13728,13342,12949,12554,12172,11780,11389,11000,10578,10206,10090,9993.7,9761.4,9376.1,8989.6,8606.3,8267,7951.4,7638.9,7326.9
17357,16965,16565,16175,15777,15387,14990,14602,14205,13810,13424,13031,12636,12253,11861,11470,11080,10658,10286,10170,10072,9841.2,9454.9,9068.5,8684.2,8330.4,8015.6,7702.5,7391.1
17446,17050,16651,16259,15861,15470,15073,14686,14288,13893,13507,13112,12718,12334,11942,11550,11161,10739,10366,10250,10152,9920.2,9533.8,9147.3,8762.1,8394.6,8080,7766.6,7455.2
17534,17134,16740,16343,15947,15554,15156,14769,14371,13976,13589,13194,12800,12416,12023,11631,11242,10819,10446,10329,10231,9999.1,9612.6,9226.1,8840,8463.3,8144.9,7830.8,7515.6
17619,17217,16827,16426,16035,15638,15239,14852,14455,14060,13672,13276,12883,12498,12105,11712,11323,10899,10525,10409,10311,10078,9691.4,9304.9,8918.5,8537.8,8209.8,7891.9,7574.8
17704,17302,16911,16510,16121,15721,15323,14935,14538,14146,13755,13358,12965,12580,12187,11794,11403,10979,10605,10489,10391,10158,9770.2,9383.8,8997.3,8612.8,8270.4,7952.5,7636.1
17788,17387,16994,16594,16204,15805,15408,15017,14621,14232,13837,13441,13046,12661,12268,11875,11484,11060,10685,10570,10471,10238,9850,9462.6,9076.1,8690.7,8331,8015.1,7700.2
17871,17474,17079,16678,16287,15889,15496,15100,14703,14315,13918,13523,13132,12743,12350,11956,11565,11140,10765,10650,10550,10318,9929.8,9541.4,9154.9,8768.6,8397.5,8079.2,7764.4
17956,17562,17164,16764,16371,15973,15582,15184,14786,14397,14001,13605,13219,12825,12431,12037,11647,11221,10846,10730,10634,10397,10009,9620.2,9233.8,8846.5,8466.8,8143.6,7828.6
18041,17648,17248,16852,16455,16059,15666,15268,14870,14481,14083,13687,13301,12906,12511,12118,11732,11302,10928,10810,10718,10477,10088,9700.4,9312.6,8924.4,8539.3,8208.5,7892.8
18129,17732,17332,16939,16538,16148,15750,15354,14958,14565,14166,13774,13383,12988,12593,12200,11817,11383,11013,10891,10800,10557,10169,9784.6,9391.4,9005.2,8617.2,8273.4,7957.5
18217,17818,17419,17024,16622,16233,15833,15441,15044,14648,14249,13862,13465,13070,12675,12283,11898,11463,11096,10971,10880,10641,10253,9868.7,9473.6,9088.4,8695.5,8338.3,8022.4
18302,17907,17508,17110,16710,16316,15917,15527,15128,14730,14333,13945,13548,13152,12759,12368,11978,11546,11177,11055,10960,10726,10337,9947.6,9556.8,9170.5,8778.7,8403.3,8087.3
18386,17996,17593,17198,16798,16401,16004,15610,15212,14816,14420,14028,13632,13239,12846,12453,12060,11631,11258,11139,11040,10808,10417,10026,9637.9,9249.3,8861.9,8475.8,8152.2
18473,18079,17676,17286,16883,16489,16091,15694,15299,14903,14507,14110,13718,13326,12930,12535,12142,11715,11338,11221,11122,10888,10498,10106,9716.7,9328.1,8941.6,8553.7,8217.2
18563,18163,17763,17370,16967,16576,16176,15776,15387,14989,14590,14191,13804,13409,13011,12616,12226,11796,11419,11302,11207,10969,10578,10186,9796.6,9406.9,9020.5,8631.9,8282.1
18652,18252,17851,17454,17054,16660,16260,15860,15470,15071,14672,14276,13887,13490,13095,12702,12311,11877,11503,11384,11292,11054,10658,10267,9880.8,9485.8,9099.3,8710.7,8347
18740,18340,17940,17542,17142,16744,16346,15949,15553,15155,14759,14363,13970,13575,13182,12789,12395,11958,11588,11469,11373,11139,10741,10352,9965,9568.3,9178.1,8789.5,8415.4
18827,18428,18028,17630,17230,16833,16435,16037,15639,15243,14847,14449,14057,13661,13269,12871,12476,12038,11671,11554,11454,11220,10825,10435,10045,9652.5,9257.9,8872.7,8484.7
18911,18517,18116,17719,17319,16921,16520,16124,15728,15329,14930,14532,14144,13746,13350,12953,12559,12123,11752,11635,11538,11301,10907,10516,10125,9734.8,9341.1,8955.9,8560.7
18995,18603,18200,17807,17406,17005,16603,16212,15813,15412,15013,14615,14227,13829,13432,13037,12645,12209,11834,11716,11623,11385,10988,10597,10208,9814.5,9424.3,9035.3,8643.9
19085,18687,18286,17892,17490,17089,16688,16296,15896,15495,15098,14702,14309,13912,13518,13124,12731,12293,11920,11800,11706,11470,11070,10681,10292,9894.9,9507.5,9113.3,8726.9
19175,18774,18374,17976,17574,17175,16776,16380,15981,15583,15186,14790,14394,13999,13604,13208,12813,12375,12006,11885,11787,11553,11155,10765,10374,9978.1,9590.7,9193.7,8809.2
19265,18863,18463,18063,17662,17263,16865,16467,16069,15671,15273,14877,14481,14085,13688,13290,12895,12458,12087,11969,11869,11634,11240,10847,10454,10061,9671.7,9277.9,8891.4
19356,18952,18551,18151,17751,17351,16953,16555,16157,15759,15360,14964,14566,14167,13771,13373,12980,12543,12168,12050,11954,11716,11325,10927,10534,10145,9751.4,9361.9,8970.6
19441,19043,18639,18239,17839,17439,17041,16643,16245,15846,15448,15048,14649,14250,13855,13460,13067,12628,12253,12133,12039,11801,11411,11010,10620,10230,9832.5,9445.1,9049.4
19525,19133,18726,18328,17928,17527,17129,16730,16332,15933,15536,15131,14733,14337,13942,13547,13153,12714,12339,12219,12121,11886,11492,11094,10705,10312,9915.7,9528.3,9130.9
19616,19221,18812,18415,18016,17616,17216,16818,16419,16021,15624,15216,14820,14424,14028,13633,13239,12801,12425,12304,12202,11972,11573,11178,10789,10392,9999,9608.6,9214.1
19708,19308,18903,18500,18104,17704,17304,16906,16506,16107,15707,15304,14908,14512,14115,13720,13323,12887,12510,12390,12288,12057,11656,11264,10873,10474,10083,9688.3,9297.6
19799,19395,18996,18586,18190,17793,17393,16994,16591,16190,15790,15391,14995,14599,14203,13806,13405,12973,12596,12476,12374,12139,11741,11349,10955,10559,10167,9770.2,9381.8
19889,19483,19084,18679,18275,17881,17478,17082,16674,16275,15877,15478,15082,14686,14289,13892,13488,13056,12682,12563,12460,12221,11827,11434,11036,10643,10252,9853.4,9466
19982,19572,19169,18771,18365,17965,17562,17169,16761,16362,15964,15566,15169,14772,14375,13976,13574,13138,12767,12649,12545,12305,11912,11519,11119,10727,10338,9936.9,9549.2
20075,19663,19260,18857,18458,18050,17648,17252,16848,16450,16051,15653,15257,14858,14462,14059,13660,13222,12849,12735,12630,12390,11997,11604,11204,10811,10420,10021,9632.4
20165,19756,19353,18943,18546,18142,17738,17336,16936,16538,16139,15740,15344,14946,14550,14143,13748,13308,12931,12821,12717,12476,12083,11690,11289,10896,10499,10105,9716.3
20257,19850,19445,19036,18630,18234,17828,17426,17024,16627,16226,15829,15431,15033,14633,14229,13835,13394,13017,12905,12803,12562,12170,11775,11374,10982,10581,10191,9800.5
20352,19944,19537,19129,18719,18323,17919,17515,17113,16714,16315,15917,15519,15120,14716,14316,13921,13481,13103,12985,12889,12648,12255,11862,11459,11067,10665,10276,9884.7
20449,20038,19626,19219,18811,18413,18009,17606,17201,16801,16403,16004,15606,15208,14801,14403,14008,13567,13190,13068,12975,12734,12340,11946,11545,11152,10749,10360,9968.9
20547,20131,19716,19311,18902,18500,18098,17696,17290,16889,16490,16092,15693,15295,14887,14491,14094,13654,13276,13155,13062,12821,12426,12027,11630,11237,10834,10444,10053
20648,20227,19814,19404,18992,18586,18188,17785,17381,16978,16578,16179,15781,15382,14974,14578,14182,13742,13362,13243,13148,12907,12512,12108,11715,11322,10920,10529,10137
20751,20324,19910,19498,19087,18679,18278,17873,17471,17068,16666,16266,15868,15470,15061,14665,14269,13828,13448,13329,13234,12993,12599,12194,11800,11408,11005,10613,10222
20855,20424,20004,19594,19184,18772,18368,17962,17559,17158,16755,16354,15955,15557,15149,14752,14355,13914,13534,13415,13320,13079,12685,12280,11886,11493,11090,10697,10307
20962,20530,20106,19692,19279,18864,18456,18051,17647,17247,16844,16443,16043,15644,15241,14840,14441,14001,13621,13501,13407,13166,12771,12370,11971,11578,11175,10782,10392
21066,20637,20209,19791,19373,18957,18547,18143,17737,17334,16934,16532,16131,15732,15333,14926,14529,14089,13707,13588,13493,13252,12857,12459,12056,11663,11260,10868,10476
21171,20743,20308,19887,19471,19055,18643,18236,17826,17424,17021,16621,16219,15819,15420,15013,14616,14175,13795,13677,13579,13338,12944,12547,12143,11748,11347,10953,10561
21283,20849,20413,19986,19569,19153,18739,18330,17917,17517,17108,16709,16308,15906,15508,15099,14702,14262,13882,13768,13667,13424,13030,12633,12229,11834,11437,11038,10645
21397,20957,20524,20089,19670,19249,18836,18425,18008,17609,17199,16795,16396,15994,15595,15187,14788,14348,13968,13857,13754,13510,13116,12719,12315,11921,11526,11123,10730
21512,21067,20629,20196,19771,19346,18931,18516,18101,17699,17291,16883,16486,16082,15682,15275,14876,14435,14054,13944,13840,13597,13202,12806,12401,12006,11611,11208,10816
21629,21179,20738,20302,19873,19445,19026,18606,18194,17791,17382,16975,16577,16171,15770,15367,14963,14523,14145,14031,13926,13684,13289,12892,12491,12091,11696,11294,10901
21754,21295,20853,20407,19978,19545,19128,18704,18290,17882,17472,17067,16665,16260,15859,15459,15053,14614,14237,14117,14013,13772,13375,12978,12580,12177,11783,11379,10986
21884,21416,20963,20515,20084,19647,19230,18803,18386,17975,17567,17160,16751,16350,15947,15546,15145,14705,14325,14204,14099,13862,13461,13064,12668,12263,11869,11466,11071
22015,21543,21078,20627,20192,19757,19329,18905,18483,18070,17662,17252,16840,16442,16036,15633,15235,14792,14412,14291,14186,13953,13547,13151,12754,12350,11954,11556,11157
22144,21669,21198,20749,20302,19865,19432,19007,18581,18165,17756,17343,16933,16533,16125,15722,15322,14880,14498,14378,14273,14041,13634,13237,12840,12441,12040,11645,11242
22279,21796,21327,20868,20414,19970,19540,19110,18681,18261,17849,17434,17027,16625,16216,15810,15409,14966,14584,14465,14363,14128,13721,13323,12926,12532,12125,11731,11327
22419,21922,21453,20985,20534,20085,19649,19215,18786,18362,17949,17531,17121,16717,16306,15899,15497,15052,14672,14551,14453,14214,13813,13409,13013,12618,12212,11817,11415
22563,22061,21579,21105,20649,20200,19759,19321,18893,18466,18050,17629,17216,16810,16397,15989,15584,15142,14764,14641,14542,14300,13905,13499,13099,12705,12299,11902,11505
22708,22201,21710,21231,20764,20316,19871,19429,18998,18567,18146,17728,17312,16903,16488,16079,15674,15234,14855,14732,14629,14387,13990,13591,13185,12791,12390,11988,11593
22854,22341,21847,21360,20888,20435,19984,19538,19102,18667,18242,17828,17409,16997,16581,16170,15764,15324,14941,14820,14716,14478,14075,13680,13273,12877,12480,12074,11679
23011,22485,21985,21488,21021,20554,20100,19648,19207,18776,18346,17928,17507,17091,16675,16264,15857,15413,15028,14906,14807,14568,14165,13765,13360,12963,12567,12160,11765
23166,22635,22123,21629,21151,20674,20215,19762,19316,18885,18450,18029,17605,17189,16773,16361,15952,15502,15120,14994,14897,14654,14256,13851,13450,13049,12653,12249,11849
23331,22789,22270,21770,21277,20802,20334,19880,19430,18994,18556,18131,17703,17285,16871,16454,16047,15595,15211,15085,14988,14740,14344,13940,13539,13136,12739,12339,11936
23499,22947,22418,21912,21413,20933,20458,19999,19547,19105,18663,18234,17803,17380,16966,16546,16143,15688,15303,15178,15081,14833,14429,14031,13628,13225,12825,12429,12026
23670,23112,22575,22053,21554,21064,20587,20123,19661,19217,18772,18338,17904,17478,17062,16642,16234,15781,15396,15271,15174,14924,14516,14122,13717,13314,12913,12515,12117
23839,23276,22733,22207,21693,21199,20713,20246,19780,19330,18882,18444,18012,17581,17163,16742,16325,15877,15489,15364,15265,15015,14606,14210,13805,13402,13002,12601,12204
24021,23441,22890,22357,21839,21335,20842,20371,19903,19447,18993,18551,18119,17687,17264,16841,16421,15972,15582,15457,15358,15106,14698,14299,13894,13493,13090,12690,12291
24201,23618,23052,22509,21991,21482,20979,20497,20030,19569,19109,18664,18228,17793,17367,16940,16519,16068,15676,15551,15451,15198,14793,14389,13985,13582,13179,12779,12378
24392,23796,23224,22672,22143,21626,21117,20630,20153,19688,19227,18777,18337,17900,17471,17041,16620,16163,15769,15644,15544,15291,14889,14480,14076,13671,13268,12867,12467
24578,23978,23401,22842,22295,21773,21259,20767,20279,19806,19347,18893,18450,18007,17575,17148,16723,16259,15865,15737,15637,15386,14979,14571,14164,13759,13356,12956,12555
24775,24166,23575,23007,22458,21924,21402,20901,20417,19939,19467,19014,18563,18117,17683,17254,16825,16360,15960,15835,15732,15484,15072,14662,14257,13848,13445,13043,12642
24978,24354,23758,23177,22620,22080,21549,21039,20551,20069,19590,19138,18676,18232,17794,17358,16925,16463,16056,15935,15832,15582,15167,14756,14350,13938,13538,13131,12730
25180,24557,23937,23352,22787,22241,21704,21185,20688,20197,19721,19255,18793,18346,17905,17463,17031,16566,16157,16036,15932,15680,15264,14851,14440,14031,13631,13221,12819
25390,24751,24127,23532,22955,22402,21857,21335,20830,20331,19853,19375,18916,18459,18013,17574,17138,16668,16257,16136,16030,15777,15360,14949,14530,14124,13719,13313,12906
25605,24954,24327,23714,23129,22563,22020,21486,20974,20470,19985,19502,19038,18576,18124,17684,17243,16773,16360,16236,16130,15875,15457,15044,14625,14217,13807,13404,12995
25824,25164,24527,23905,23307,22734,22180,21643,21118,20610,20119,19632,19160,18694,18239,17794,17351,16879,16463,16338,16233,15976,15555,15140,14725,14310,13898,13498,13086
26038,25372,24729,24096,23493,22908,22343,21801,21267,20755,20256,19763,19286,18821,18361,17912,17463,16984,16571,16443,16334,16081,15653,15235,14824,14408,13994,13589,13177
26259,25584,24933,24294,23682,23087,22518,21965,21420,20907,20400,19902,19415,18949,18482,18032,17579,17090,16678,16550,16441,16188,15754,15335,14919,14507,14091,13679,13268
26490,25805,25138,24496,23874,23273,22690,22129,21581,21058,20545,20039,19549,19077,18609,18148,17696,17201,16789,16660,16549,16291,15857,15438,15012,14602,14184,13770,13359
26723,26024,25353,24702,24075,23459,22865,22292,21746,21210,20692,20180,19686,19206,18734,18263,17813,17315,16897,16769,16660,16392,15962,15540,15114,14695,14277,13864,13455
26949,26249,25568,24907,24273,23646,23046,22466,21907,21364,20841,20325,19823,19338,18860,18392,17933,17429,17007,16878,16767,16503,16067,15643,15214,14791,14378,13961,13550
27176,26480,25789,25122,24477,23844,23232,22647,22075,21527,20987,20468,19963,19474,18988,18518,18051,17543,17121,16989,16878,16616,16173,15745,15320,14896,14478,14057,13645
27417,26708,26013,25339,24687,24041,23421,22832,22249,21689,21141,20621,20105,19607,19118,18642,18171,17664,17240,17101,16989,16727,16283,15847,15425,15000,14576,14156,13740
27664,26946,26241,25557,24896,24247,23615,23011,22423,21859,21302,20774,20253,19750,19253,18770,18294,17786,17356,17219,17107,16835,16395,15952,15528,15099,14675,14256,13838
27909,27181,26472,25782,25106,24456,23813,23200,22605,22030,21468,20927,20401,19893,19392,18904,18424,17908,17478,17339,17223,16949,16508,16062,15629,15199,14776,14358,13937
28155,27419,26699,26006,25325,24666,24015,23394,22791,22198,21637,21086,20554,20039,19533,19038,18554,18034,17597,17460,17342,17065,16621,16173,15736,15307,14878,14460,14037
28401,27657,26938,26235,25544,24880,24216,23596,22973,22377,21802,21249,20713,20186,19674,19175,18683,18160,17719,17579,17461,17188,16736,16290,15849,15416,14980,14561,14136
28659,27909,27176,26460,25772,25094,24432,23793,23162,22568,21978,21415,20871,20334,19821,19316,18820,18289,17844,17699,17586,17312,16849,16404,15960,15524,15089,14662,14236
28912,28162,27414,26698,25998,25307,24649,23991,23363,22756,22159,21587,21030,20491,19970,19460,18960,18423,17974,17828,17714,17431,16970,16517,16070,15631,15198,14765,14339
29169,28408,27663,26936,26229,25537,24860,24194,23559,22946,22346,21759,21195,20649,20124,19606,19099,18558,18103,17956,17841,17550,17090,16630,16183,15740,15303,14873,14443
29427,28658,27915,27178,26459,25760,25076,24410,23766,23134,22527,21937,21367,20812,20278,19755,19240,18695,18235,18087,17970,17683,17211,16753,16305,15852,15409,14980,14548
29683,28915,28158,27423,26696,25988,25295,24622,23969,23337,22720,22118,21544,20981,20435,19905,19384,18833,18368,18218,18101,17816,17335,16878,16423,15967,15523,15089,14654
29946,29175,28407,27670,26942,26222,25524,24838,24178,23538,22914,22304,21723,21152,20591,20057,19535,18973,18504,18356,18235,17944,17465,16999,16538,16086,15637,15195,14761
30218,29440,28667,27917,27184,26460,25752,25058,24393,23739,23107,22495,21902,21327,20758,20212,19686,19118,18644,18497,18375,18077,17598,17120,16657,16205,15753,15308,14867
30490,29702,28925,28165,27425,26692,25979,25283,24609,23947,23306,22689,22086,21502,20924,20377,19842,19265,18785,18638,18516,18214,17731,17250,16783,16321,15869,15423,14974
30767,29967,29187,28422,27671,26939,26217,25514,24827,24160,23508,22882,22276,21679,21096,20538,20002,19415,18930,18780,18657,18352,17864,17379,16908,16439,15986,15540,15087
31031,30232,29451,28680,27918,27183,26454,25743,25050,24378,23717,23078,22463,21858,21275,20707,20159,19573,19076,18926,18798,18493,17998,17512,17034,16566,16106,15654,15198
31307,30508,29716,28936,28175,27427,26690,25973,25278,24596,23927,23284,22652,22042,21450,20880,20324,19734,19223,19074,18943,18638,18139,17643,17161,16693,16227,15769,15315
31591,30779,29983,29199,28432,27676,26931,26217,25504,24819,24138,23492,22851,22239,21631,21054,20492,19889,19377,19220,19090,18785,18283,17781,17296,16818,16354,15885,15433
31875,31048,30255,29465,28683,27927,27181,26458,25741,25041,24358,23705,23059,22432,21817,21233,20665,20049,19537,19377,19243,18935,18422,17920,17430,16943,16479,16004,15553
32154,31326,30528,29730,28941,28178,27431,26694,25974,25270,24577,23918,23262,22626,22010,21413,20838,20212,19697,19533,19399,19087,18562,18059,17565,17080,16606,16129,15674
32432,31606,30799,29993,29204,28439,27682,26936,26209,25499,24806,24130,23472,22824,22208,21599,21012,20382,19857,19691,19564,19244,18712,18202,17704,17218,16734,16255,15795
32713,31892,31074,30262,29475,28701,27933,27187,26448,25729,25032,24347,23683,23032,22402,21785,21191,20553,20021,19857,19726,19400,18868,18347,17842,17352,16865,16386,15916
32999,32172,31344,30541,29744,28958,28185,27437,26691,25970,25260,24574,23895,23240,22602,21978,21376,20733,20191,20025,19887,19556,19023,18497,17984,17488,16997,16516,16039
33286,32461,31629,30814,30005,29220,28444,27692,26942,26213,25492,24796,24121,23454,22807,22171,21565,20912,20365,20198,20055,19722,19177,18650,18132,17629,17136,16649,16168
33579,32744,31908,31092,30279,29487,28711,27945,27187,26450,25728,25020,24343,23669,23013,22375,21753,21093,20538,20375,20224,19890,19336,18806,18280,17774,17273,16784,16297
33871,33030,32194,31379,30561,29756,28973,28204,27438,26697,25964,25249,24565,23884,23217,22575,21951,21279,20715,20549,20402,20061,19502,18963,18431,17920,17412,16920,16429
34165,33321,32479,31658,30835,30025,29237,28459,27691,26948,26209,25486,24787,24098,23431,22775,22148,21466,20901,20727,20578,20232,19665,19122,18587,18066,17554,17057,16563
34464,33611,32770,31932,31110,30298,29506,28717,27951,27194,26458,25726,25017,24318,23649,22987,22343,21660,21084,20907,20753,20407,19839,19287,18740,18214,17703,17199,16700
34761,33898,33058,32220,31395,30577,29768,28979,28208,27447,26703,25969,25253,24547,23871,23199,22548,21853,21273,21093,20944,20591,20012,19455,18903,18368,17854,17342,16841
35066,34195,33339,32507,31674,30849,30042,29253,28470,27700,26947,26208,25491,24775,24090,23408,22752,22052,21466,21281,21137,20774,20186,19619,19068,18526,18005,17483,16982
35367,34496,33635,32789,31956,31135,30318,29521,28732,27962,27199,26460,25730,25009,24308,23630,22966,22256,21659,21474,21325,20956,20364,19787,19233,18688,18159,17630,17123
35669,34797,33934,33080,32238,31417,30592,29787,28997,28218,27454,26706,25970,25241,24536,23857,23184,22468,21862,21668,21516,21151,20546,19961,19399,18847,18314,17784,17268
35966,35092,34228,33374,32529,31696,30873,30067,29259,28479,27709,26947,26210,25476,24768,24080,23400,22675,22061,21875,21712,21346,20732,20142,19567,19010,18471,17938,17414
36268,35397,34529,33668,32822,31979,31153,30343,29532,28748,27967,27202,26464,25719,25004,24304,23621,22891,22261,22073,21919,21536,20929,20328,19741,19178,18629,18091,17565
36573,35698,34827,33956,33108,32269,31436,30622,29801,29009,28229,27463,26713,25966,25244,24531,23842,23105,22473,22274,22119,21740,21122,20514,19919,19352,18797,18251,17719
36881,36001,35128,34257,33404,32555,31715,30901,30081,29282,28498,27718,26961,26214,25484,24761,24068,23319,22687,22487,22327,21944,21314,20704,20102,19526,18964,18411,17875
37189,36309,35423,34557,33703,32851,32003,31183,30360,29550,28762,27984,27209,26467,25725,25002,24295,23538,22900,22701,22535,22149,21508,20897,20292,19705,19129,18577,18034
37500,36611,35728,34860,33997,33138,32295,31462,30639,29822,29028,28239,27471,26718,25970,25243,24530,23761,23114,22917,22749,22352,21712,21090,20478,19879,19304,18742,18193
37814,36919,36036,35158,34298,33425,32580,31744,30918,30098,29294,28501,27733,26969,26219,25485,24767,23988,23335,23137,22967,22569,21921,21286,20667,20062,19484,18910,18354
38129,37233,36344,35467,34593,33728,32867,32030,31196,30378,29564,28773,27988,27221,26467,25727,25005,24216,23562,23358,23187,22787,22128,21486,20860,20250,19664,19083,18518
38445,37541,36652,35768,34889,34026,33162,32322,31481,30657,29837,29039,28250,27478,26719,25975,25239,24449,23790,23578,23408,23004,22342,21692,21056,20443,19844,19263,18691
38760,37850,36960,36070,35195,34326,33453,32607,31763,30938,30116,29313,28524,27743,26974,26223,25475,24690,24017,23802,23633,23224,22550,21898,21262,20635,20027,19439,18866
39075,38167,37271,36378,35498,34621,33753,32902,32053,31220,30399,29585,28790,28002,27230,26473,25721,24925,24245,24036,23865,23447,22764,22110,21463,20832,20218,19618,19042
39392,38479,37578,36686,35799,34919,34059,33195,32342,31504,30684,29856,29056,28271,27492,26723,25971,25166,24482,24270,24093,23678,22984,22328,21665,21030,20412,19806,19222
39711,38801,37891,36994,36105,35227,34354,33491,32634,31792,30960,30134,29331,28542,27748,26974,26226,25414,24723,24504,24325,23905,23208,22541,21878,21228,20608,19996,19402
40036,39124,38206,37300,36413,35529,34650,33782,32924,32081,31239,30420,29610,28808,28018,27235,26486,25656,24962,24739,24566,24133,23441,22754,22090,21434,20805,20186,19582
40359,39440,38528,37617,36719,35831,34949,34077,33223,32366,31529,30704,29889,29077,28287,27499,26738,25902,25199,24984,24808,24374,23667,22976,22305,21646,21004,20378,19764
40681,39757,38843,37931,37033,36136,35251,34377,33516,32663,31825,30986,30162,29351,28553,27767,26996,26156,25450,25225,25049,24614,23899,23207,22524,21859,21205,20573,19959
41006,40079,39155,38250,37348,36442,35559,34679,33810,32962,32111,31268,30440,29628,28819,28029,27250,26408,25696,25478,25297,24849,24131,23434,22743,22067,21414,20772,20154
41335,40402,39479,38561,37654,36757,35867,34980,34107,33252,32394,31551,30723,29906,29094,28294,27507,26662,25947,25724,25539,25095,24364,23660,22970,22284,21621,20976,20351
41656,40725,39799,38882,37969,37069,36175,35286,34408,33543,32683,31840,31005,30186,29371,28566,27773,26928,26195,25977,25786,25347,24609,23890,23196,22506,21841,21187,20550
41984,41052,40121,39203,38290,37379,36483,35594,34710,33838,32980,32137,31287,30465,29645,28837,28039,27187,26451,26229,26040,25593,24851,24130,23428,22732,22060,21392,20752
42323,41379,40441,39519,38606,37694,36792,35902,35012,34146,33276,32426,31584,30742,29922,29112,28307,27446,26710,26482,26292,25839,25103,24368,23656,22958,22274,21607,20957
42650,41701,40769,39842,38917,38004,37109,36213,35320,34448,33571,32714,31873,31031,30206,29391,28580,27707,26977,26742,26552,26094,25351,24609,23888,23184,22499,21819,21163
42975,42033,41098,40164,39240,38324,37416,36520,35628,34745,33876,33009,32162,31317,30489,29664,28857,27980,27238,27001,26811,26351,25596,24855,24126,23414,22725,22034,21373
43303,42360,41420,40487,39562,38644,37734,36833,35936,35047,34177,33312,32458,31599,30771,29945,29126,28252,27504,27264,27077,26604,25846,25105,24367,23653,22951,22257,21588
43634,42690,41747,40814,39885,38965,38056,37146,36242,35355,34483,33607,32749,31895,31054,30226,29401,28517,27763,27530,27334,26870,26099,25354,24612,23892,23184,22483,21805
43970,43020,42080,41134,40207,39282,38373,37457,36557,35669,34782,33907,33044,32187,31343,30508,29682,28790,28033,27796,27594,27136,26359,25601,24858,24131,23416,22710,22023
44309,43350,42406,41461,40531,39604,38689,37775,36865,35976,35084,34210,33340,32482,31631,30790,29972,29064,28306,28064,27867,27402,26618,25853,25104,24364,23643,22943,22245
44645,43684,42736,41791,40856,39925,39005,38086,37174,36281,35393,34514,33637,32777,31920,31079,30255,29341,28576,28341,28138,27665,26877,26104,25350,24608,23881,23175,22475
44984,44020,43071,42122,41177,40249,39324,38403,37494,36599,35699,34818,33938,33073,32215,31375,30541,29623,28853,28617,28403,27928,27136,26363,25606,24860,24124,23409,22702
45317,44361,43406,42453,41510,40578,39647,38722,37810,36909,36013,35126,34244,33368,32510,31664,30822,29906,29127,28887,28679,28204,27406,26629,25865,25107,24369,23648,22934
45654,44692,43728,42784,41836,40897,39966,39045,38126,37219,36323,35431,34544,33668,32805,31953,31104,30188,29408,29156,28955,28481,27678,26889,26124,25357,24614,23881,23171
45992,45028,44063,43120,42169,41224,40295,39368,38451,37537,36627,35732,34852,33971,33101,32242,31390,30476,29690,29438,29234,28754,27950,27154,26377,25617,24860,24127,23405
46329,45367,44405,43451,42500,41554,40619,39692,38768,37849,36936,36042,35154,34274,33397,32542,31679,30765,29973,29720,29516,29030,28224,27424,26636,25869,25119,24373,23648
46670,45705,44740,43784,42834,41885,40947,40016,39085,38165,37256,36354,35460,34579,33699,32841,31974,31054,30253,30003,29798,29306,28494,27696,26903,26127,25366,24612,23885
47013,46042,45071,44111,43170,42216,41274,40341,39409,38485,37572,36675,35772,34886,33998,33131,32269,31343,30540,30290,30080,29583,28769,27967,27176,26389,25617,24869,24129
47361,46380,45417,44448,43497,42547,41599,40669,39733,38807,37895,36990,36079,35193,34305,33429,32564,31631,30829,30572,30363,29866,29045,28237,27441,26654,25873,25116,24369
47699,46720,45756,44787,43833,42883,41933,40994,40058,39130,38214,37300,36395,35507,34613,33730,32865,31920,31118,30860,30652,30150,29321,28509,27710,26916,26137,25366,24622
48038,47059,46099,45121,44165,43215,42263,41318,40389,39451,38534,37612,36707,35815,34919,34031,33168,32216,31406,31154,30941,30444,29608,28785,27985,27191,26398,25623,24874
48378,47403,46443,45458,44504,43547,42597,41648,40713,39774,38850,37934,37019,36124,35231,34339,33471,32512,31693,31449,31236,30733,29897,29067,28257,27456,26666,25889,25127
48722,47741,46778,45800,44844,43883,42933,41979,41037,40103,39173,38254,37335,36437,35535,34639,33765,32810,31990,31744,31527,31022,30181,29346,28533,27720,26929,26149,25382
49070,48087,47111,46143,45176,44211,43268,42310,41362,40423,39492,38570,37651,36753,35841,34945,34067,33107,32292,32039,31819,31303,30460,29624,28811,27996,27193,26419,25632
49419,48432,47454,46486,45510,44557,43598,42646,41696,40749,39820,38889,37968,37067,36157,35263,34378,33408,32593,32327,32114,31598,30748,29916,29087,28272,27463,26682,25901
49761,48776,47800,46831,45853,44894,43936,42983,42026,41082,40146,39218,38290,37384,36470,35576,34678,33714,32887,32620,32408,31896,31043,30203,29373,28548,27736,26945,26164
50110,49126,48151,47175,46196,45231,44273,43313,42360,41412,40467,39542,38609,37700,36781,35882,34983,34014,33188,32922,32705,32191,31339,30491,29653,28823,28013,27213,26428
50463,49475,48495,47514,46533,45569,44607,43650,42688,41743,40798,39866,38927,38019,37097,36197,35302,34324,33494,33223,33007,32491,31626,30778,29936,29108,28295,27484,26691
50808,49821,48839,47852,46869,45906,44944,43983,43023,42073,41129,40187,39254,38335,37414,36513,35612,34630,33794,33522,33302,32790,31927,31071,30230,29391,28578,27760,26956
51153,50163,49176,48195,47217,46248,45281,44314,43360,42400,41459,40519,39582,38656,37730,36830,35922,34943,34091,33832,33605,33086,32229,31367,30522,29675,28853,28034,27225
51496,50508,49518,48539,47564,46582,45616,44648,43699,42736,41789,40845,39906,38977,38052,37146,36232,35247,34396,34141,33907,33393,32524,31660,30805,29969,29133,28314,27499
51841,50856,49872,48889,47904,46924,45952,44985,44030,43073,42117,41176,40235,39300,38374,37462,36543,35554,34704,34445,34219,33692,32816,31958,31101,30253,29422,28594,27776
52194,51207,50218,49236,48248,47270,46301,45326,44362,43406,42450,41506,40563,39626,38697,37782,36860,35873,35013,34750,34531,33996,33119,32259,31395,30537,29705,28870,28055
52544,51557,50571,49579,48595,47614,46642,45669,44698,43737,42786,41836,40892,39950,39018,38098,37179,36189,35331,35061,34838,34305,33422,32551,31682,30830,29989,29156,28328
52893,51898,50916,49926,48939,47958,46989,46003,45036,44070,43121,42163,41222,40283,39346,38415,37502,36506,35641,35371,35148,34612,33724,32847,31978,31123,30284,29441,28608
53244,52253,51263,50271,49278,48302,47328,46345,45379,44411,43453,42496,41553,40609,39678,38743,37824,36816,35956,35688,35458,34922,34028,33158,32282,31416,30575,29725,28895
53595,52598,51609,50619,49625,48646,47668,46686,45718,44748,43792,42827,41881,40939,40003,39068,38139,37130,36272,35999,35769,35232,34340,33462,32585,31710,30860,30009,29177
53946,52944,51957,50969,49971,48992,48012,47035,46056,45088,44133,43160,42213,41269,40327,39392,38461,37447,36588,36310,36079,35542,34647,33760,32879,32009,31154,30302,29462
54293,53293,52307,51312,50325,49345,48354,47379,46402,45432,44471,43499,42541,41599,40655,39713,38785,37766,36901,36627,36393,35852,34957,34070,33187,32317,31453,30589,29755
54648,53649,52656,51661,50674,49689,48698,47714,46744,45766,44808,43846,42876,41926,40986,40042,39109,38087,37213,36940,36709,36164,35267,34382,33495,32619,31747,30883,30040
55000,54001,53007,52007,51016,50034,49048,48056,47087,46109,45136,44184,43210,42260,41316,40372,39436,38408,37530,37261,37032,36486,35579,34687,33799,32917,32045,31185,30330
55351,54352,53351,52362,51367,50379,49390,48404,47431,46456,45474,44517,43550,42589,41644,40702,39758,38735,37858,37582,37350,36806,35895,34995,34103,33224,32351,31479,30629
55703,54703,53699,52707,51715,50724,49734,48754,47775,46796,45816,44852,43887,42929,41976,41032,40088,39055,38177,37896,37668,37115,36212,35311,34410,33528,32648,31778,30922
56054,55050,54055,53055,52065,51076,50088,49108,48117,47140,46165,45195,44225,43263,42312,41363,40415,39383,38500,38220,37987,37441,36528,35616,34720,33832,32946,32082,31214
56401,55402,54402,53411,52419,51424,50429,49453,48461,47484,46507,45530,44562,43600,42639,41689,40739,39712,38828,38541,38314,37765,36849,35926,35030,34136,33254,32380,31512
56750,55758,54762,53767,52770,51778,50779,49798,48805,47828,46846,45872,44905,43937,42979,42025,41075,40036,39155,38868,38635,38082,37161,36249,35341,34445,33560,32678,31814
57110,56115,55114,54120,53114,52125,51129,50142,49151,48168,47184,46219,45245,44275,43313,42358,41408,40366,39476,39192,38962,38405,37479,36568,35658,34755,33864,32978,32112
57462,56466,55456,54466,53462,52470,51478,50487,49505,48517,47528,46559,45582,44610,43650,42689,41739,40697,39806,39516,39286,38730,37798,36878,35968,35066,34171,33288,32409
57811,56816,55808,54813,53817,52817,51824,50833,49851,48857,47874,46903,45923,44948,43987,43026,42075,41029,40131,39841,39615,39063,38125,37194,36282,35380,34481,33596,32707
58166,57168,56164,55164,54165,53173,52172,51185,50201,49206,48223,47247,46261,45291,44325,43359,42402,41361,40458,40169,39945,39387,38443,37521,36604,35697,34796,33906,33009
58516,57520,56512,55521,54516,53530,52528,51533,50542,49551,48571,47591,46603,45626,44658,43700,42739,41689,40788,40500,40276,39711,38768,37843,36925,36017,35110,34216,33321
58872,57866,56864,55872,54867,53883,52883,51887,50892,49898,48915,47939,46956,45970,45002,44035,43075,42015,41117,40836,40606,40039,39096,38166,37249,36333,35420,34523,33631
59225,58218,57216,56225,55219,54231,53228,52234,51242,50248,49260,48281,47291,46322,45348,44376,43407,42351,41446,41168,40929,40361,39425,38492,37570,36649,35731,34828,33941
59578,58569,57573,56579,55571,54583,53573,52580,51587,50601,49613,48620,47636,46660,45686,44713,43744,42692,41780,41500,41262,40696,39755,38816,37889,36962,36044,35143,34245
59935,58920,57931,56931,55918,54934,53926,52936,51935,50951,49955,48969,47986,47003,46030,45058,44088,43032,42118,41832,41590,41032,40083,39142,38215,37283,36367,35459,34558
60283,59273,58287,57278,56274,55282,54279,53291,52286,51303,50305,49314,48334,47353,46376,45399,44431,43364,42452,42173,41929,41364,40409,39472,38536,37605,36688,35779,34875
60631,59628,58635,57625,56626,55630,54630,53637,52637,51651,50655,49660,48679,47699,46720,45737,44774,43704,42784,42504,42261,41699,40746,39802,38860,37931,37006,36096,35187
60980,59980,58987,57975,56979,55982,54982,53987,52988,51997,51005,50011,49024,48035,47064,46076,45114,44047,43121,42838,42598,42033,41082,40125,39189,38255,37324,36412,35499
61333,60331,59331,58328,57336,56332,55333,54345,53336,52342,51350,50359,49375,48378,47409,46420,45449,44389,43461,43175,42937,42365,41409,40459,39519,38580,37651,36729,35808
61678,60684,59688,58683,57692,56689,55694,54697,53688,52698,51697,50710,49727,48732,47756,46764,45788,44721,43804,43512,43274,42697,41749,40795,39849,38905,37975,37056,36133
62022,61038,60046,59035,58040,57046,56047,55045,54041,53044,52048,51059,50069,49077,48095,47108,46129,45058,44141,43850,43608,43035,42081,41127,40181,39235,38299,37374,36450
62366,61391,60403,59386,58388,57393,56394,55392,54393,53392,52399,51412,50418,49423,48435,47449,46473,45402,44481,44192,43951,43372,42412,41456,40512,39565,38624,37692,36767
62710,61744,60761,59738,58741,57745,56741,55746,54748,53747,52750,51760,50759,49774,48779,47795,46822,45746,44824,44525,44290,43709,42748,41788,40845,39896,38948,38017,37093
63055,62097,61118,60096,59093,58103,57098,56095,55105,54099,53099,52106,51113,50124,49136,48149,47171,46086,45157,44866,44623,44051,43085,42128,41172,40231,39272,38338,37413
63399,62450,61476,60453,59446,58455,57446,56447,55454,54450,53451,52452,51460,50469,49479,48496,47520,46424,45499,45211,44962,44385,43413,42460,41503,40556,39608,38667,37737
63743,62803,61833,60811,59798,58808,57803,56799,55801,54802,53804,52807,51811,50821,49821,48840,47859,46774,45846,45550,45314,44724,43751,42798,41838,40885,39944,38992,38062
64088,63156,62191,61168,60151,59161,58151,57151,56156,55152,54156,53163,52162,51176,50167,49186,48198,47124,46190,45892,45659,45071,44095,43137,42175,41219,40275,39322,38386
64432,63510,62548,61526,60504,59513,58499,57503,56504,55502,54511,53510,52513,51523,50522,49536,48544,47470,46531,46236,45997,45409,44436,43475,42504,41551,40601,39658,38707
64776,63863,62906,61883,60856,59866,58846,57856,56852,55857,54861,53861,52862,51869,50868,49884,48894,47811,46877,46584,46338,45750,44774,43814,42839,41882,40935,39985,39035
65121,64216,63263,62241,61209,60218,59194,58208,57208,56209,55208,54213,53208,52223,51223,50228,49236,48162,47227,46934,46684,46094,45120,44149,43181,42214,41267,40320,39371
65465,64569,63621,62599,61562,60571,59542,58561,57565,56561,55562,54565,53557,52571,51574,50578,49583,48510,47567,47282,47024,46438,45460,44482,43523,42551,41598,40646,39704
65809,64922,63979,62956,61914,60924,59890,58914,57922,56914,55915,54915,53914,52926,51925,50929,49938,48855,47916,47621,47368,46782,45803,44825,43858,42891,41930,40978,40035
66154,65275,64336,63314,62267,61276,60237,59266,58279,57266,56267,55264,54273,53273,52273,51277,50285,49204,48257,47961,47722,47127,46148,45169,44199,43234,42264,41314,40364
66498,65628,64694,63671,62619,61629,60585,59619,58636,57618,56619,55621,54624,53624,52616,51623,50640,49546,48608,48305,48069,47481,46495,45514,44543,43577,42602,41646,40690
66842,65981,65051,64029,62972,61982,60933,59972,58993,57970,56971,55978,54971,53976,52966,51976,50986,49895,48958,48661,48414,47820,46838,45858,44885,43912,42943,41977,41030
67186,66335,65409,64386,63325,62334,61281,60324,59351,58322,57323,56334,55324,54327,53320,52332,51337,50237,49304,49015,48759,48162,47183,46202,45224,44250,43277,42320,41362
67531,66688,65766,64744,63677,62687,61628,60677,59708,58674,57675,56691,55681,54679,53672,52680,51686,50591,49649,49358,49100,48513,47526,46546,45567,44588,43611,42662,41700
67875,67041,66124,65101,64030,63039,61976,61029,60065,59026,58027,57048,56037,55030,54026,53035,52029,50938,49993,49706,49449,48863,47877,46894,45911,44929,43956,42995,42037
68219,67394,66481,65459,64383,63392,62324,61382,60422,59378,58380,57404,56394,55382,54382,53387,52379,51289,50344,50048,49791,49213,48225,47234,46259,45276,44301,43328,42374
68564,67747,66839,65816,64735,63745,62671,61735,60779,59730,58732,57761,56751,55733,54739,53738,52728,51642,50692,50402,50142,49557,48569,47579,46601,45616,44642,43673,42712
68908,68100,67196,66174,65088,64097,63019,62087,61136,60082,59084,58118,57107,56085,55096,54090,53083,51994,51042,50748,50496,49905,48919,47924,46947,45958,44986,44017,43040
69252,68453,67554,66531,65441,64450,63367,62440,61493,60435,59436,58475,57464,56437,55453,54442,53434,52340,51393,51099,50853,50251,49261,48269,47286,46308,45330,44351,43380
69597,68807,67911,66889,65793,64803,63715,62793,61850,60787,59788,58831,57821,56788,55809,54793,53786,52692,51749,51449,51204,50597,49615,48616,47631,46657,45674,44695,43726
69941,69160,68269,67246,66146,65155,64062,63145,62208,61139,60140,59188,58178,57140,56166,55145,54137,53048,52096,51798,51549,50947,49963,48966,47982,46998,46009,45039,44064
70285,69513,68626,67604,66498,65508,64410,63498,62565,61491,60492,59545,58534,57491,56523,55496,54489,53404,52443,52154,51896,51299,50315,49320,48332,47343,46354,45383,44403
70630,69866,68984,67961,66851,65861,64758,63851,62922,61843,60844,59901,58891,57843,56879,55848,54840,53760,52799,52507,52247,51655,50663,49669,48674,47687,46700,45725,44747
70974,70219,69341,68319,67204,66213,65106,64203,63279,62195,61196,60258,59248,58194,57236,56199,55192,54117,53155,52853,52598,52011,51014,50015,49023,48032,47046,46070,45093
71318,70572,69699,68677,67556,66566,65453,64556,63636,62547,61548,60615,59604,58546,57593,56551,55544,54473,53511,53200,52949,52367,51365,50360,49369,48379,47396,46420,45428
71662,70925,70057,69034,67909,66918,65801,64908,63993,62899,61901,60972,59961,58897,57950,56902,55895,54829,53868,53546,53300,52724,51710,50710,49724,48729,47744,46762,45777
72007,71278,70414,69392,68262,67271,66149,65261,64350,63251,62253,61328,60318,59249,58306,57254,56247,55185,54224,53893,53651,53080,52052,51061,50071,49077,48095,47106,46125
72351,71632,70772,69749,68614,67624,66497,65614,64708,63603,62605,61685,60675,59600,58663,57605,56598,55542,54580,54239,54002,53436,52393,51412,50426,49428,48445,47451,46464
72695,71985,71129,70107,68967,67976,66844,65966,65065,63956,62957,62042,61031,59952,59020,57957,56950,55898,54937,54585,54353,53792,52734,51763,50773,49778,48787,47795,46805
73040,72338,71487,70464,69319,68329,67192,66319,65422,64308,63309,62398,61388,60304,59376,58309,57301,56254,55293,54932,54704,54149,53075,52114,51114,50123,49136,48142,47155
73384,72691,71844,70822,69672,68682,67540,66672,65779,64660,63661,62755,61745,60655,59733,58660,57653,56611,55649,55278,55055,54505,53416,52465,51456,50469,49477,48492,47507
73728,73044,72202,71179,70025,69034,67887,67024,66136,65012,64013,63112,62101,61007,60090,59012,58004,56967,56005,55624,55406,54861,53758,52816,51797,50815,49828,48844,47858
74073,73397,72559,71537,70377,69387,68235,67377,66493,65364,64365,63469,62458,61358,60447,59363,58356,57323,56362,55971,55757,55217,54099,53167,52138,51160,50179,49195,48208
74417,73750,72917,71894,70730,69739,68583,67729,66850,65716,64717,63825,62815,61710,60803,59715,58707,57679,56718,56317,56108,55574,54440,53518,52479,51506,50530,49541,48550
74761,74104,73274,72252,71083,70092,68931,68082,67207,66068,65070,64182,63172,62061,61160,60066,59059,58036,57074,56663,56459,55930,54781,53869,52820,51852,50881,49887,48891
75106,74457,73632,72609,71435,70445,69278,68435,67565,66420,65422,64539,63528,62413,61517,60418,59411,58392,57430,57010,56810,56286,55123,54220,53162,52197,51232,50232,49240
75451,74810,73990,72966,71787,70798,69625,68788,67923,66772,65774,64896,63884,62765,61874,60770,59763,58748,57786,57357,57161,56642,55465,54571,53504,52542,51583,50577,49589
75796,75163,74348,73323,72139,71151,69972,69141,68281,67124,66126,65253,64240,63117,62231,61122,60115,59104,58142,57704,57512,56998,55807,54922,53846,52887,51934,50922,49938
76141,75516,74706,73680,72491,71504,70319,69494,68639,67476,66478,65610,64596,63469,62588,61474,60467,59460,58498,58051,57863,57354,56149,55273,54188,53232,52285,51267,50287
76486,75869,75064,74037,72843,71857,70666,69847,68997,67828,66830,65967,64952,63821,62945,61826,60819,59816,58854,58398,58214,57710,56491,55624,54530,53577,52636,51612,50636
76831,76222,75422,74394,73195,72210,71013,70200,69355,68180,67182,66324,65308,64173,63302,62178,61171,60172,59210,58745,58565,58066,56833,55975,54872,53922,52987,51957,50985
77176,76575,75780,74751,73547,72563,71360,70553,69713,68532,67534,66681,65664,64525,63659,62530,61523,60528,59566,59092,58916,58422,57175,56326,55214,54267,53338,52302,51334
77521,76928,76138,75108,73899,72916,71707,70906,70071,68884,67886,67038,66020,64877,64016,62882,61875,60884,59922,59439,59267,58778,57517,56677,55556,54612,53689,52647,51683
77866,77281,76496,75465,74251,73269,72054,71259,70429,69236,68238,67395,66376,65229,64373,63234,62227,61240,60278,59786,59618,59134,57859,57028,55898,54957,54040,52992,52032
78211,77634,76854,75822,74603,73622,72401,71612,70787,69588,68590,67752,66732,65581,64730,63586,62579,61596,60634,60133,59969,59490,58201,57379,56240,55302,54391,53337,52381
78556,77987,77212,76179,74955,73975,72748,71965,71145,69940,68942,68109,67088,65933,65087,63938,62931,61952,60990,60480,60320,59846,58543,57730,56582,55647,54742,53682,52730
78901,78340,77570,76536,75307,74328,73095,72318,71503,70292,69294,68466,67444,66285,65444,64290,63283,62308,61346,60827,60671,60202,58885,58081,56924,55992,55093,54027,53079
79246,78693,77928,76893,75659,74681,73442,72671,71861,70644,69646,68823,67800,66637,65801,64642,63635,62664,61702,61174,61022,60558,59227,58432,57266,56337,55444,54372,53428
79591,79046,78286,77250,76011,75034,73789,73024,72219,70996,69998,69180,68156,66989,66158,64994,63987,63020,62058,61521,61373,60914,59569,58783,57608,56682,55795,54717,53777
79936,79399,78644,77607,76363,75387,74136,73377,72577,71348,70350,69537,68512,67341,66515,65346,64339,63376,62414,61868,61724,61270,59911,59134,57950,57027,56146,55062,54126
80281,79752,79002,77964,76715,75740,74483,73730,72935,71700,70702,69894,68868,67693,66872,65698,64691,63732,62770,62215,62075,61626,60253,59485,58292,57372,56497,55407,54475
80626,80105,79360,78321,77067,76093,74830,74083,73293,72052,71054,70251,69224,68045,67229,66050,65043,64088,63126,62562,62426,61982,60595,59836,58634,57717,56848,55752,54824
80971,80458,79718,78678,77419,76446,75177,74436,73651,72404,71406,70608,69580,68397,67586,66402,65395,64444,63482,62909,62777,62338,60937,60187,58976,58062,57199,56097,55173
81316,80811,80076,79035,77771,76799,75524,74789,74009,72756,71758,70965,69936,68749,67943,66754,65747,64800,63838,63256,63128,62694,61279,60538,59318,58407,57550,56442,55522
81661,81164,80434,79392,78123,77152,75871,75142,74367,73108,72110,71322,70292,69101,68300,67106,66099,65156,64194,63603,63479,63050,61621,60889,59660,58752,57901,56787,55871
82006,81517,80792,79749,78475,77505,76218,75495,74725,73460,72462,71679,70648,69453,68657,67458,66451,65512,64550,63950,63830,63406,61963,61240,60002,59097,58252,57132,56220
82351,81870,81150,80106,78827,77858,76565,75848,75083,73812,72814,72036,71004,69805,69014,67810,66803,65868,64906,64297,64181,63762,62305,61591,60344,59442,58603,57477,56569
82696,82223,81508,80463,79179,78211,76912,76201,75441,74164,73166,72393,71360,70157,69371,68162,67155,66224,65262,64644,64532,64118,62647,61942,60686,59787,58954,57822,56918
83041,82576,81866,80820,79531,78564,77259,76554,75799,74516,73518,72750,71716,70509,69728,68514,67507,66580,65618,64991,64883,64474,62989,62293,61028,60132,59305,58167,57267
83386,82929,82224,81177,79883,78917,77606,76907,76157,74868,73870,73107,72072,70861,70085,68866,67859,66936,65974,65338,65234,64830,63331,62644,61370,60477,59656,58512,57616
83731,83282,82582,81534,80235,79270,77953,77260,76515,75220,74222,73464,72428,71213,70442,69218,68211,67292,66330,65685,65585,65186,63673,62995,61712,60822,60007,58857,57965
84076,83635,82940,81891,80587,79623,78300,77613,76873,75572,74574,73821,72784,71565,70799,69570,68563,67648,66686,66032,65936,65542,64015,63346,62054,61167,60358,59202,58314
84421,83988,83298,82248,80939,79976,78647,77966,77231,75924,74926,74178,73140,71917,71156,69922,68915,68004,67042,66379,66287,65898,64357,63697,62396,61512,60709,59547,58663
84766,84341,83656,82605,81291,80329,78994,78319,77589,76276,75278,74535,73496,72269,71513,70274,69267,68360,67398,66726,66638,66254,64699,64048,62738,61857,61060,59892,59012
85111,84694,84014,82962,81643,80682,79341,78672,77947,76628,75630,74892,73852,72621,71870,70626,69619,68716,67754,67073,66989,66610,65041,64399,63080,62202,61411,60237,59361
85456,85047,84372,83319,81995,81035,79688,79025,78305,76980,75982,75249,74208,72973,72227,70978,69971,69072,68110,67420,67340,66966,65383,64750,63422,62547,61762,60582,59710
85801,85400,84730,83676,82347,81388,80035,79378,78663,77332,76334,75606,74564,73325,72584,71330,70323,69428,68466,67767,67691,67322,65725,65101,63764,62892,62113,60927,60059
86146,85753,85088,84033,82699,81741,80382,79731,79021,77684,76686,75963,74920,73677,72941,71682,70675,69784,68822,68114,68042,67678,66067,65452,64106,63237,62464,61272,60408
86491,86106,85446,84390,83051,82094,80729,80084,79379,78036,77038,76320,75276,74029,73298,72034,71027,70140,69178,68461,68393,68034,66409,65803,64448,63582,62815,61617,60757
86836,86459,85804,84747,83403,82447,81076,80437,79737,78388,77390,76677,75632,74381,73655,72386,71379,70496,69534,68808,68744,68390,66751,66154,64790,63927,63166,61962,61106
87181,86812,86162,85104,83755,82800,81423,80790,80095,78740,77742,77034,75988,74733,74012,72738,71731,70852,69890,69155,69095,68746,67093,66505,65132,64272,63517,62307,61455
87526,87165,86520,85461,84107,83153,81770,81143,80453,79092,78094,77391,76344,75085,74369,73090,72083,71208,70246,69502,69446,69102,67435,66856,65474,64617,63868,62652,61804
87871,87518,86878,85818,84459,83506,82117,81496,80811,79444,78446,77748,76700,75437,74726,73442,72435,71564,70602,69849,69797,69458,67777,67207,65816,64962,64219,62997,62153
88216,87871,87236,86175,84811,83859,82464,81849,81169,79796,78798,78105,77056,75789,75083,73794,72787,71920,70958,70196,70148,69814,68119,67558,66158,65307,64570,63342,62502
88561,88224,87594,86532,85163,84212,82811,82202,81527,80148,79150,78462,77412,76141,75440,74146,73139,72276,71314,70543,70499,70170,68461,67909,66500,65652,64921,63687,62851
88906,88577,87952,86889,85515,84565,83158,82555,81885,80500,79502,78819,77768,76493,75797,74498,73491,72632,71670,70890,70850,70526,68803,68260,66842,65997,65272,64032,63200
89251,88930,88310,87246,85867,84918,83505,82908,82243,80852,79854,79176,78124,76845,76154,74850,73843,72988,72026,71237,71201,70882,69145,68611,67184,66342,65623,64377,63549
89596,89283,88668,87603,86219,85271,83852,83261,82601,81204,80206,79533,78480,77197,76511,75202,74195,73344,72382,71584,71552,71238,69487,68962,67526,66687,65974,64722,63898
89941,89636,89026,87960,86571,85624,84199,83614,82959,81556,80558,79890,78836,77549,76868,75554,74547,73700,72738,71931,71903,71594,69829,69313,67868,67032,66325,65067,64247
90286,89989,89384,88317,86923,85977,84546,83967,83317,81908,80910,80247,79192,77901,77225,75906,74899,74056,73094,72278,72254,71950,70171,69664,68210,67377,66676,65412,64596
90631,90342,89742,88674,87275,86330,84893,84320,83675,82260,81262,80604,79548,78253,77582,76258,75251,74412,73450,72625,72605,72306,70513,70015,68552,67722,67027,65757,64945
90976,90695,90100,89031,87627,86683,85240,84673,84033,82612,81614,80961,79904,78605,77939,76610,75603,74768,73806,72972,72956,72662,70855,70366,68894,68067,67378,66102,65294
91321,91048,90458,89388,87979,87036,85587,85026,84391,82964,81966,81318,80260,78957,78296,76962,75955,75124,74162,73319,73307,73018,71197,70717,69236,68412,67729,66447,65643
91666,91401,90816,89745,88331,87389,85934,85379,84749,83316,82318,81675,80616,79309,78653,77314,76307,75480,74518,73666,73658,73374,71539,71068,69578,68757,68080,66792,65992
92011,91754,91174,90102,88683,87742,86281,85732,85107,83668,82670,82032,80972,79661,79010,77666,76659,75836,74874,74013,74009,73730,71881,71419,69920,69102,68431,67137,66341
92356,92107,91532,90459,89035,88095,86628,86085,85465,84020,83022,82389,81328,80013,79367,78018,77011,76192,75230,74360,74360,74086,72223,71770,70262,69447,68782,67482,66690
92701,92460,91890,90816,89387,88448,86975,86438,85823,84372,83374,82746,81684,80365,79724,78370,77363,76548,75586,74707,74711,74442,72565,72121,70604,69792,69133,67827,67039
93046,92813,92248,91173,89739,88801,87322,86791,86181,84724,83726,83103,82040,80717,80081,78722,77715,76904,75942,75054,75062,74798,72907,72472,70946,70137,69484,68172,67388
93391,93166,92606,91530,90091,89154,87669,87144,86539,85076,84078,83460,82396,81069,80438,79074,78067,77260,76298,75401,75413,75154,73249,72823,71288,70482,69835,68517,67737
93736,93519,92964,91887,90443,89507,88016,87497,86897,85428,84430,83817,82752,81421,80795,79426,78419,77616,76654,75748,75764,75510,73591,73174,71630,70827,70186,68862,68086
94081,93872,93322,92244,90795,89860,88363,87850,87255,85780,84782,84174,83108,81773,81152,79778,78771,77972,77010,76095,76115,75866,73933,73525,71972,71172,70537,69207,68435
94426,94225,93680,92601,91147,90213,88710,88203,87613,86132,85134,84531,83464,82125,81509,80130,79123,78328,77366,76442,76466,76222,74275,73876,72314,71517,70888,69552,68784
94771,94578,94038,92958,91499,90566,89057,88556,87971,86484,85486,84888,83820,82477,81866,80482,79475,78684,77722,76789,76817,76578,74617,74227,72656,71862,71239,69897,69133
95116,94931,94396,93315,91851,90919,89404,88909,88329,86836,85838,85245,84176,82829,82223,80834,79827,79040,78078,77136,77168,76934,74959,74578,72998,72207,71590,70242,69482
95461,95284,94754,93672,92203,91272,89751,89262,88687,87188,86190,85602,84532,83181,82580,81186,80179,79396,78434,77483,77519,77290,75301,74929,73340,72552,71941,70587,69831
95806,95637,95112,94029,92555,91625,90098,89615,89045,87540,86542,85959,84888,83533,82937,81538,80531,79752,78790,77830,77870,77646,75643,75280,73682,72897,72292,70932,70180
96151,95990,95470,94386,92907,91978,90445,89968,89403,87892,86894,86316,85244,83885,83294,81890,80883,80108,79146,78177,78221,78002,75985,75631,74024,73242,72643,71277,70529
96496,96343,95828,94743,93259,92331,90792,90321,89761,88244,87246,86673,85600,84237,83651,82242,81235,80464,79502,78524,78572,78358,76327,75982,74366,73587,72994,71622,70878
96841,96696,96186,95100,93611,92684,91139,90674,90119,88596,87598,87030,85956,84589,84008,82594,81587,80820,79858,78871,78923,78714,76669,76333,74708,73932,73345,71967,71227
97186,97049,96544,95457,93963,93037,91486,91027,90477,88948,87950,87387,86312,84941,84365,82946,81939,81176,80214,79218,79274,79070,77011,76684,75050,74277,73696,72312,71576
97531,97402,96902,95814,94315,93390,91833,91380,90835,89300,88302,87744,86668,85293,84722,83298,82291,81532,80570,79565,79625,79426,77353,77035,75392,74622,74047,72657,71925
97876,97755,97260,96171,94667,93743,92180,91733,91193,89652,88654,88101,87024,85645,85079,83650,82643,81888,80926,79912,79976,79782,77695,77386,75734,74967,74398,73002,72274
98221,98108,97618,96528,95019,94096,92527,92086,91551,90004,89006,88458,87380,85997,85436,84002,82995,82244,81282,80259,80327,80138,78037,77737,76076,75312,74749,73347,72623
98566,98461,97976,96885,95371,94449,92874,92439,91909,90356,89358,88815,87736,86349,85793,84354,83347,82600,81638,80606,80678,80494,78379,78088,76418,75657,75100,73692,72972
98911,98814,98334,97242,95723,94802,93221,92792,92267,90708,89710,89172,88092,86701,86150,84706,83699,82956,81994,80953,81029,80850,78721,78439,76760,76002,75451,74037,73321
99256,99167,98692,97599,96075,95155,93568,93145,92625,91060,90062,89529,88448,87053,86507,85058,84051,83312,82350,81300,81380,81206,79063,78790,77102,76347,75802,74382,73670
99601,99520,99050,97956,96427,95508,93915,93498,92983,91412,90414,89886,88804,87405,86864,85410,84403,83668,82706,81647,81731,81562,79405,79141,77444,76692,76153,74727,74019
99946,99873,99408,98313,96779,95861,94262,93851,93341,91764,90766,90243,89160,87757,87221,85762,84755,84024,83062,81994,82082,81918,79747,79492,77786,77037,76504,75072,74368
100291,100226,99766,98670,97131,96214,94609,94204,93699,92116,91118,90600,89516,88109,87578,86114,85107,84380,83418,82341,82433,82274,80089,79843,78128,77382,76855,75417,74717
100636,100579,100124,99027,97483,96567,94956,94557,94057,92468,91470,90957,89872,88461,87935,86466,85459,84736,83774,82688,82784,82630,80431,80194,78470,77727,77206,75762,75066
100981,100932,100482,99384,97835,96920,95303,94910,94415,92820,91822,91314,90228,88813,88292,86818,85811,85092,84130,83035,83135,82986,80773,80545,78812,78072,77557,76107,75415
101326,101285,100840,99741,98187,97273,95650,95263,94773,93172,92174,91671,90584,89165,88649,87170,86163,85448,84486,83382,83486,83342,81115,80896,79154,78417,77908,76452,75764
101671,101638,101198,100098,98539,97626,95997,95616,95131,93524,92526,92028,90940,89517,89006,87522,86515,85804,84842,83729,83837,83698,81457,81247,79496,78762,78259,76797,76113
102016,101991,101556,100455,98891,97979,96344,95969,95489,93876,92878,92385,91296,89869,89363,87874,86867,86160,85198,84076,84188,84054,81799,81598,79838,79107,78610,77142,76462
102361,102344,101914,100812,99243,98332,96691,96322,95847,94228,93230,92742,91652,90221,89720,88226,87219,86516,85554,84423,84539,84410,82141,81949,80180,79452,78961,77487,76811
102706,102697,102272,101169,99595,98685,97038,96675,96205,94580,93582,93099,92008,90573,90077,88578,87571,86872,85910,84770,84890,84766,82483,82300,80522,79797,79312,77832,77160
103051,103050,102630,101526,99947,99038,97385,97028,96563,94932,93934,93456,92364,90925,90434,88930,87923,87228,86266,85117,85241,85122,82825,82651,80864,80142,79663,78177,77509
103396,103403,102988,101883,100299,99391,97732,97381,96921,95284,94286,93813,92720,91277,90791,89282,88275,87584,86622,85464,85592,85478,83167,83002,81206,80487,80014,78522,77858
103741,103756,103346,102240,100651,99744,98079,97734,97279,95636,94638,94170,93076,91629,91148,89634,88627,87940,86978,85811,85943,85834,83509,83353,81548,80832,80365,78867,78207
104086,104109,103704,102597,101003,100097,98426,98087,97637,95988,94990,94527,93432,91981,91505,89986,88979,88296,87334,86158,86294,86190,83851,83704,81890,81177,80716,79212,78556
104431,104462,104062,102954,101355,100450,98773,98440,97995,96340,95342,94884,93788,92333,91862,90338,89331,88652,87690,86505,86645,86546,84193,84055,82232,81522,81067,79557,78905
104776,104815,104420,103311,101707,100803,99120,98793,98353,96692,95694,95241,94144,92685,92219,90690,89683,89008,88046,86852,86996,86902,84535,84406,82574,81867,81418,79902,79254
105121,105168,104778,103668,102059,101156,99467,99146,98711,97044,96046,95598,94500,93037,92576,91042,90035,89364,88402,87199,87347,87258,84877,84757,82916,82212,81769,80247,79603
105466,105521,105136,104025,102411,101509,99814,99499,99069,97396,96398,95955,94856,93389,92933,91394,90387,89720,88758,87546,87698,87614,85219,85108,83258,82557,82120,80592,79952
105811,105874,105494,104382,102763,101862,100161,99852,99427,97748,96750,96312,95212,93741,93290,91746,90739,90076,89114,87893,88049,87970,85561,85459,83600,82902,82471,80937,80301
106156,106227,105852,104739,103115,102215,100508,100205,99785,98100,97102,96669,95568,94093,93647,92098,91091,90432,89470,88240,88400,88326,85903,85810,83942,83247,82822,81282,80650
106501,106580,106210,105096,103467,102568,100855,100558,100143,98452,97454,97026,95924,94445,94004,92450,91443,90788,89826,88587,88751,88682,86245,86161,84284,83592,83173,81627,80999
106846,106933,106568,105453,103819,102921,101202,100911,100501,98804,97806,97383,96280,94797,94361,92802,91795,91144,90182,88934,89102,89038,86587,86512,84626,83937,83524,81972,81348
107191,107286,106926,105810,104171,103274,101549,101264,100859,99156,98158,97740,96636,95149,94718,93154,92147,91500,90538,89281,89453,89394,86929,86863,84968,84282,83875,82317,81697
107536,107639,107284,106167,104523,103627,101896,101617,101217,99508,98510,98097,96992,95501,95075,93506,92499,91856,90894,89628,89804,89750,87271,87214,85310,84627,84226,82662,82046
107881,107992,107642,106524,104875,103980,102243,101970,101575,99860,98862,98454,97348,95853,95432,93858,92851,92212,91250,89975,90155,90106,87613,87565,85652,84972,84577,83007,82395
108226,108345,108000,106881,105227,104333,102590,102323,101933,100212,99214,98811,97704,96205,95789,94210,93203,92568,91606,90322,90506,90462,87955,87916,85994,85317,84928,83352,82744
108571,108698,108358,107238,105579,104686,102937,102676,102291,100564,99566,99168,98060,96557,96146,94562,93555,92924,91962,90669,90857,90818,88297,88267,86336,85662,85279,83697,83093
108916,109051,108716,107595,105931,105039,103284,103029,102649,100916,99918,99525,98416,96909,96503,94914,93907,93280,92318,91016,91208,91174,88639,88618,86678,86007,85630,84042,83442
109261,109404,109074,107952,106283,105392,103631,103382,103007,101268,100270,99882,98772,97261,96860,95266,94259,93636,92674,91363,91559,91530,88981,88969,87020,86352,85981,84387,83791
109606,109757,109432,108309,106635,105745,103978,103735,103365,101620,100622,100239,99128,97613,97217,95618,94611,93992,93030,91710,91910,91886,89323,89320,87362,86697,86332,84732,84140
