682.27,661.59,640.83,620,599.2,578.38,557.73,537.2,517.03,497.2,477.93,459.47,441.96,425.59,410.63,397.38,386.17,376.72,370.9,369.63,368.57,366.42,362.86,359.2,355.37,351.43,347.38,343.2,338.87
682.3,661.62,640.87,620.05,599.25,578.44,557.8,537.3,517.13,497.33,478.1,459.66,442.17,425.85,410.93,397.72,386.56,377.14,371.38,370.12,369.06,366.95,363.46,359.83,356.06,352.17,348.14,344,339.7
682.32,661.65,640.9,620.11,599.29,578.51,557.88,537.4,517.24,497.46,478.27,459.85,442.39,426.11,411.24,398.06,386.96,377.56,371.86,370.61,369.56,367.48,364.05,360.46,356.75,352.9,348.91,344.79,340.53
682.35,661.68,640.94,620.16,599.34,578.57,557.95,537.5,517.34,497.59,478.43,460.03,442.6,426.36,411.54,398.4,387.36,377.99,372.34,371.1,370.06,368.01,364.64,361.1,357.44,353.63,349.68,345.59,341.36
682.38,661.71,640.99,620.21,599.39,578.63,558.02,537.59,517.45,497.73,478.59,460.22,442.82,426.62,411.84,398.74,387.76,378.43,372.81,371.58,370.56,368.55,365.23,361.76,358.12,354.36,350.44,346.4,342.2
682.42,661.75,641.03,620.25,599.44,578.71,558.09,537.69,517.57,497.87,478.75,460.41,443.04,426.87,412.13,399.08,388.15,378.87,373.29,372.07,371.06,369.09,365.82,362.42,358.83,355.09,351.22,347.21,343.05
682.45,661.79,641.07,620.3,599.51,578.78,558.16,537.78,517.68,498.01,478.92,460.59,443.26,427.13,412.42,399.43,388.56,379.31,373.77,372.57,371.56,369.62,366.42,363.07,359.54,355.84,352.01,348.03,343.89
682.48,661.84,641.11,620.35,599.57,578.85,558.24,537.87,517.79,498.15,479.09,460.79,443.48,427.39,412.72,399.79,388.96,379.76,374.26,373.07,372.07,370.16,367.01,363.72,360.25,356.6,352.8,348.85,344.75
682.52,661.89,641.15,620.39,599.64,578.92,558.32,537.97,517.91,498.3,479.25,460.98,443.69,427.64,413.01,400.15,389.35,380.21,374.75,373.57,372.58,370.71,367.62,364.37,360.96,357.36,353.61,349.68,345.62
682.56,661.93,641.2,620.45,599.7,578.98,558.41,538.07,518.03,498.45,479.41,461.17,443.91,427.9,413.31,400.51,389.75,380.66,375.24,374.07,373.1,371.26,368.24,365.05,361.67,358.13,354.42,350.54,346.5
682.6,661.97,641.25,620.49,599.76,579.05,558.49,538.17,518.15,498.59,479.58,461.37,444.14,428.16,413.61,400.87,390.15,381.11,375.73,374.58,373.62,371.82,368.86,365.72,362.41,358.9,355.24,351.39,347.39
682.63,662,641.28,620.55,599.81,579.11,558.58,538.27,518.27,498.73,479.75,461.57,444.37,428.42,413.91,401.23,390.55,381.56,376.22,375.09,374.14,372.37,369.48,366.4,363.14,359.68,356.07,352.28,348.29
682.67,662.03,641.34,620.6,599.86,579.18,558.67,538.37,518.39,498.88,479.93,461.77,444.61,428.69,414.22,401.6,390.96,382,376.71,375.6,374.66,372.94,370.1,367.09,363.88,360.48,356.9,353.16,349.21
682.7,662.07,641.39,620.66,599.92,579.25,558.74,538.46,518.51,499.03,480.1,461.97,444.84,428.95,414.53,401.96,391.36,382.45,377.21,376.12,375.18,373.5,370.73,367.78,364.64,361.28,357.75,354.04,350.15
682.74,662.11,641.43,620.71,599.99,579.33,558.83,538.56,518.64,499.17,480.27,462.17,445.08,429.22,414.86,402.32,391.76,382.91,377.72,376.63,375.71,374.07,371.36,368.49,365.39,362.11,358.6,354.94,351.08
682.77,662.15,641.48,620.77,600.06,579.4,558.91,538.66,518.76,499.3,480.44,462.37,445.31,429.5,415.18,402.68,392.17,383.36,378.22,377.15,376.24,374.63,372.02,369.18,366.16,362.93,359.47,355.83,352.02
682.81,662.2,641.53,620.83,600.12,579.48,558.99,538.76,518.89,499.45,480.62,462.58,445.55,429.78,415.51,403.04,392.57,383.82,378.72,377.67,376.78,375.21,372.68,369.9,366.93,363.75,360.34,356.76,352.96
682.85,662.26,641.59,620.89,600.2,579.56,559.08,538.87,519.02,499.6,480.8,462.79,445.8,430.07,415.84,403.4,392.99,384.28,379.23,378.19,377.32,375.8,373.34,370.62,367.7,364.57,361.23,357.69,353.92
682.9,662.31,641.64,620.95,600.26,579.65,559.17,538.97,519.14,499.74,480.98,463.01,446.04,430.36,416.18,403.77,393.4,384.74,379.74,378.72,377.86,376.39,373.99,371.35,368.49,365.4,362.12,358.62,354.9
682.95,662.36,641.69,621,600.33,579.72,559.26,539.09,519.28,499.89,481.17,463.23,446.3,430.64,416.51,404.15,393.81,385.2,380.25,379.24,378.39,376.98,374.65,372.07,369.28,366.26,363.01,359.57,355.88
682.99,662.41,641.75,621.06,600.41,579.8,559.35,539.2,519.41,500.04,481.35,463.45,446.55,430.94,416.85,404.52,394.22,385.66,380.76,379.78,378.95,377.57,375.32,372.81,370.09,367.11,363.93,360.5,356.89
683.04,662.46,641.8,621.11,600.47,579.88,559.44,539.32,519.54,500.2,481.54,463.66,446.81,431.24,417.18,404.89,394.64,386.13,381.28,380.32,379.5,378.17,375.98,373.55,370.9,367.98,364.85,361.47,357.9
683.09,662.51,641.86,621.18,600.55,579.97,559.54,539.43,519.67,500.36,481.73,463.88,447.07,431.54,417.52,405.27,395.06,386.59,381.81,380.86,380.05,378.76,376.66,374.29,371.71,368.85,365.78,362.45,358.92
683.13,662.56,641.91,621.23,600.61,580.05,559.64,539.54,519.81,500.52,481.92,464.1,447.32,431.83,417.86,405.65,395.48,387.07,382.33,381.4,380.6,379.37,377.34,375.04,372.53,369.73,366.71,363.43,359.95
683.18,662.62,641.97,621.3,600.68,580.13,559.74,539.66,519.95,500.69,482.11,464.33,447.59,432.13,418.19,406.02,395.91,387.55,382.86,381.95,381.16,379.97,378.03,375.82,373.36,370.63,367.65,364.44,360.98
683.23,662.68,642.04,621.37,600.76,580.21,559.84,539.78,520.09,500.86,482.3,464.55,447.85,432.42,418.52,406.4,396.34,388.03,383.39,382.5,381.72,380.58,378.73,376.59,374.19,371.53,368.62,365.44,362.05
683.28,662.73,642.1,621.44,600.83,580.31,559.94,539.91,520.23,501.03,482.49,464.78,448.11,432.72,418.87,406.78,396.76,388.51,383.92,383.05,382.29,381.2,379.42,377.37,375.03,372.45,369.6,366.47,363.11
683.33,662.78,642.16,621.5,600.91,580.4,560.05,540.02,520.38,501.2,482.68,465.01,448.36,433.01,419.2,407.15,397.18,388.99,384.46,383.61,382.86,381.82,380.12,378.14,375.88,373.36,370.57,367.51,364.19
683.39,662.83,642.21,621.57,600.99,580.48,560.15,540.14,520.52,501.38,482.89,465.23,448.62,433.31,419.53,407.53,397.61,389.47,385,384.16,383.45,382.45,380.83,378.93,376.74,374.29,371.55,368.56,365.29
683.44,662.88,642.27,621.64,601.07,580.57,560.27,540.27,520.66,501.55,483.09,465.46,448.88,433.6,419.87,407.91,398.04,389.94,385.55,384.73,384.03,383.08,381.55,379.73,377.6,375.23,372.54,369.61,366.38
683.5,662.94,642.32,621.71,601.16,580.67,560.37,540.39,520.81,501.73,483.29,465.68,449.14,433.89,420.21,408.29,398.46,390.44,386.09,385.29,384.61,383.71,382.26,380.53,378.49,376.18,373.55,370.67,367.51
683.55,663,642.39,621.78,601.23,580.77,560.48,540.51,520.95,501.91,483.48,465.92,449.4,434.19,420.54,408.67,398.89,390.93,386.64,385.86,385.19,384.35,382.98,381.34,379.38,377.12,374.56,371.75,368.63
683.61,663.06,642.45,621.85,601.31,580.86,560.59,540.64,521.1,502.08,483.68,466.14,449.66,434.48,420.88,409.06,399.33,391.42,387.19,386.43,385.78,384.99,383.71,382.15,380.27,378.08,375.59,372.83,369.76
683.66,663.11,642.51,621.92,601.39,580.95,560.71,540.76,521.24,502.25,483.89,466.37,449.93,434.78,421.23,409.44,399.76,391.91,387.75,387,386.37,385.64,384.45,382.97,381.16,379.05,376.62,373.92,370.92
683.71,663.18,642.59,622,601.47,581.04,560.82,540.9,521.39,502.43,484.09,466.6,450.2,435.08,421.56,409.83,400.19,392.41,388.31,387.58,386.97,386.29,385.19,383.79,382.07,380.04,377.67,375.04,372.07
683.77,663.24,642.66,622.06,601.55,581.14,560.94,541.04,521.54,502.6,484.3,466.83,450.46,435.38,421.91,410.22,400.63,392.91,388.86,388.17,387.57,386.95,385.94,384.63,382.99,381.04,378.73,376.15,373.25
683.83,663.3,642.71,622.13,601.63,581.23,561.05,541.17,521.69,502.77,484.5,467.07,450.74,435.68,422.26,410.61,401.08,393.4,389.43,388.75,388.17,387.6,386.69,385.47,383.9,382.04,379.8,377.29,374.43
683.88,663.36,642.78,622.2,601.71,581.33,561.17,541.3,521.85,502.95,484.7,467.31,451.02,435.99,422.6,411.01,401.52,393.91,389.99,389.34,388.78,388.26,387.45,386.32,384.84,383.03,380.88,378.43,375.63
683.93,663.42,642.83,622.28,601.79,581.43,561.28,541.43,522,503.13,484.9,467.55,451.29,436.3,422.95,411.4,401.97,394.42,390.57,389.94,389.39,388.93,388.21,387.18,385.77,384.05,381.96,379.58,376.84
683.99,663.47,642.9,622.35,601.88,581.52,561.4,541.57,522.16,503.3,485.11,467.79,451.57,436.62,423.3,411.79,402.42,394.92,391.14,390.53,390.01,389.6,388.99,388.04,386.72,385.08,383.06,380.75,378.07
684.04,663.54,642.98,622.42,601.96,581.63,561.52,541.7,522.32,503.48,485.32,468.05,451.85,436.94,423.65,412.19,402.86,395.44,391.72,391.14,390.63,390.28,389.76,388.91,387.68,386.11,384.17,381.93,379.31
684.1,663.61,643.05,622.5,602.04,581.73,561.64,541.83,522.47,503.66,485.53,468.29,452.13,437.26,423.99,412.59,403.31,395.95,392.3,391.74,391.25,390.98,390.55,389.78,388.64,387.16,385.27,383.13,380.55
684.15,663.67,643.12,622.59,602.13,581.82,561.75,541.97,522.62,503.84,485.75,468.54,452.42,437.58,424.33,412.99,403.76,396.47,392.89,392.34,391.88,391.66,391.34,390.66,389.6,388.21,386.42,384.32,381.82
684.21,663.74,643.19,622.67,602.21,581.92,561.87,542.1,522.78,504.03,485.95,468.79,452.7,437.9,424.68,413.38,404.21,396.99,393.47,392.95,392.51,392.35,392.13,391.55,390.57,389.27,387.56,385.53,383.09
684.27,663.79,643.27,622.75,602.3,582.02,561.98,542.23,522.93,504.21,486.17,469.04,452.98,438.22,425.03,413.78,404.67,397.52,394.06,393.56,393.14,393.04,392.93,392.43,391.57,390.33,388.71,386.75,384.37
684.32,663.85,643.34,622.83,602.41,582.12,562.1,542.37,523.1,504.4,486.39,469.29,453.27,438.56,425.38,414.18,405.13,398.04,394.66,394.18,393.78,393.75,393.73,393.34,392.57,391.41,389.87,387.98,385.68
684.38,663.92,643.41,622.92,602.5,582.22,562.21,542.51,523.26,504.58,486.6,469.54,453.55,438.88,425.75,414.58,405.59,398.58,395.26,394.81,394.43,394.45,394.54,394.25,393.57,392.51,391.04,389.23,386.99
684.45,663.98,643.49,623,602.59,582.33,562.32,542.65,523.42,504.77,486.82,469.79,453.83,439.21,426.13,414.99,406.05,399.11,395.86,395.44,395.08,395.17,395.35,395.17,394.58,393.6,392.23,390.49,388.32
684.52,664.05,643.56,623.09,602.69,582.44,562.44,542.78,523.58,504.95,487.03,470.04,454.13,439.53,426.51,415.4,406.51,399.65,396.47,396.07,395.73,395.88,396.17,396.09,395.6,394.72,393.41,391.75,389.65
684.58,664.11,643.63,623.18,602.79,582.56,562.55,542.92,523.74,505.14,487.25,470.3,454.42,439.86,426.89,415.81,406.98,400.19,397.07,396.7,396.39,396.6,397,397.02,396.64,395.83,394.62,393.01,391
684.63,664.17,643.7,623.25,602.88,582.67,562.68,543.05,523.9,505.33,487.46,470.55,454.72,440.2,427.26,416.22,407.44,400.72,397.69,397.35,397.05,397.33,397.84,397.96,397.67,396.96,395.83,394.3,392.38
684.68,664.24,643.78,623.32,602.98,582.78,562.81,543.19,524.06,505.52,487.69,470.8,455.01,440.53,427.65,416.63,407.91,401.27,398.3,397.99,397.71,398.05,398.69,398.9,398.71,398.09,397.06,395.62,393.75
684.75,664.32,643.86,623.42,603.08,582.89,562.95,543.32,524.23,505.71,487.91,471.05,455.3,440.86,428.03,417.04,408.38,401.81,398.92,398.64,398.39,398.79,399.53,399.86,399.75,399.24,398.29,396.93,395.15
684.81,664.39,643.94,623.51,603.17,583.01,563.07,543.47,524.38,505.9,488.14,471.31,455.6,441.2,428.41,417.45,408.85,402.37,399.55,399.29,399.05,399.52,400.38,400.82,400.82,400.4,399.53,398.26,396.55
684.88,664.45,644.02,623.6,603.27,583.12,563.2,543.62,524.54,506.08,488.36,471.58,455.89,441.54,428.8,417.88,409.33,402.92,400.18,399.94,399.72,400.27,401.24,401.79,401.89,401.57,400.79,399.58,397.97
684.94,664.52,644.1,623.68,603.37,583.23,563.34,543.78,524.7,506.27,488.58,471.84,456.19,441.88,429.19,418.32,409.81,403.47,400.81,400.61,400.4,401.02,402.1,402.77,402.97,402.73,402.05,400.93,399.39
685.01,664.59,644.17,623.77,603.47,583.34,563.48,543.94,524.86,506.46,488.81,472.09,456.48,442.23,429.58,418.76,410.29,404.03,401.43,401.26,401.09,401.78,402.97,403.75,404.06,403.9,403.32,402.29,400.82
685.08,664.66,644.26,623.86,603.57,583.46,563.61,544.09,525.03,506.65,489.03,472.36,456.79,442.56,429.97,419.2,410.77,404.59,402.08,401.93,401.78,402.54,403.85,404.74,405.14,405.1,404.6,403.66,402.28
685.15,664.74,644.33,623.96,603.68,583.58,563.74,544.25,525.21,506.83,489.24,472.62,457.09,442.9,430.36,419.65,411.25,405.16,402.73,402.59,402.48,403.3,404.74,405.74,406.25,406.31,405.89,405.04,403.72
685.22,664.81,644.41,624.05,603.78,583.7,563.88,544.41,525.39,507.01,489.46,472.87,457.39,443.25,430.75,420.09,411.74,405.72,403.37,403.27,403.18,404.07,405.62,406.74,407.36,407.53,407.21,406.43,405.2
685.28,664.9,644.5,624.14,603.89,583.82,564.02,544.56,525.57,507.21,489.68,473.13,457.69,443.59,431.15,420.53,412.23,406.29,404.01,403.95,403.88,404.85,406.53,407.75,408.48,408.74,408.52,407.84,406.69
685.35,664.97,644.58,624.23,604,583.94,564.16,544.73,525.76,507.41,489.9,473.39,457.99,443.94,431.55,420.98,412.71,406.86,404.67,404.64,404.59,405.63,407.43,408.76,409.61,409.97,409.85,409.27,408.2
685.42,665.05,644.67,624.32,604.11,584.06,564.3,544.89,525.94,507.63,490.12,473.64,458.28,444.29,431.94,421.43,413.2,407.44,405.33,405.33,405.3,406.41,408.34,409.77,410.74,411.22,411.19,410.7,409.72
685.49,665.12,644.75,624.41,604.22,584.19,564.44,545.04,526.13,507.84,490.33,473.9,458.58,444.63,432.34,421.89,413.69,408.02,405.99,406.01,406.02,407.2,409.25,410.8,411.89,412.47,412.54,412.12,411.24
685.56,665.2,644.84,624.51,604.33,584.31,564.58,545.2,526.32,508.06,490.55,474.14,458.87,444.98,432.75,422.35,414.19,408.6,406.66,406.7,406.74,408,410.17,411.85,413.03,413.73,413.89,413.56,412.79
685.63,665.28,644.92,624.61,604.45,584.43,564.72,545.37,526.5,508.29,490.81,474.39,459.17,445.33,433.15,422.81,414.71,409.19,407.32,407.4,407.47,408.8,411.09,412.9,414.19,414.98,415.26,415.03,414.35
685.7,665.36,645,624.7,604.55,584.56,564.86,545.53,526.7,508.51,491.07,474.64,459.45,445.67,433.55,423.26,415.23,409.77,408,408.11,408.2,409.6,412.02,413.96,415.34,416.26,416.65,416.5,415.92
685.77,665.43,645.08,624.8,604.66,584.69,565,545.68,526.88,508.73,491.33,474.91,459.75,446.02,433.95,423.73,415.76,410.36,408.67,408.82,408.94,410.41,412.97,415.02,416.52,417.57,418.05,418,417.48
685.84,665.5,645.17,624.91,604.77,584.82,565.15,545.84,527.08,508.94,491.58,475.19,460.04,446.35,434.36,424.2,416.29,410.96,409.35,409.53,409.67,411.23,413.9,416.08,417.71,418.87,419.47,419.51,419.06
685.92,665.59,645.26,625.01,604.88,584.96,565.29,546,527.27,509.16,491.83,475.49,460.34,446.7,434.76,424.67,416.82,411.56,410.04,410.26,410.42,412.05,414.87,417.16,418.91,420.18,420.88,421.02,420.67
685.99,665.67,645.35,625.1,604.99,585.08,565.43,546.17,527.46,509.37,492.07,475.8,460.73,447.06,435.17,425.13,417.36,412.16,410.73,410.99,411.16,412.88,415.83,418.24,420.12,421.49,422.3,422.54,422.29
686.07,665.74,645.44,625.21,605.11,585.2,565.57,546.35,527.65,509.58,492.33,476.11,461.14,447.44,435.57,425.6,417.89,412.77,411.43,411.71,411.91,413.71,416.8,419.33,421.33,422.82,423.73,424.07,423.92
686.13,665.82,645.54,625.32,605.23,585.32,565.71,546.51,527.83,509.79,492.58,476.41,461.47,447.85,435.97,426.07,418.43,413.38,412.13,412.43,412.67,414.55,417.76,420.42,422.56,424.15,425.18,425.62,425.55
686.21,665.9,645.62,625.42,605.34,585.44,565.86,546.68,528.02,510,492.85,476.7,461.76,448.25,436.38,426.54,418.97,413.99,412.82,413.17,413.43,415.39,418.74,421.54,423.8,425.48,426.64,427.18,427.22
686.28,665.99,645.71,625.52,605.44,585.56,566,546.85,528.19,510.22,493.11,476.98,462.06,448.59,436.8,427.01,419.5,414.61,413.52,413.92,414.2,416.24,419.73,422.65,425.05,426.83,428.1,428.76,428.9
686.36,666.07,645.81,625.62,605.54,585.69,566.14,547.01,528.38,510.44,493.36,477.23,462.36,448.93,437.22,427.49,420.04,415.23,414.24,414.66,414.97,417.1,420.72,423.78,426.3,428.19,429.59,430.35,430.59
686.44,666.16,645.9,625.71,605.65,585.81,566.29,547.17,528.55,510.66,493.6,477.46,462.65,449.28,437.65,427.97,420.59,415.85,414.96,415.41,415.75,417.96,421.74,424.91,427.56,429.57,431.08,431.95,432.29
686.51,666.24,645.99,625.8,605.76,585.94,566.43,547.32,528.74,510.87,493.83,477.74,462.93,449.63,438.06,428.45,421.14,416.48,415.68,416.16,416.53,418.83,422.76,426.05,428.82,430.96,432.59,433.56,434
686.6,666.32,646.08,625.9,605.88,586.06,566.57,547.48,528.93,511.08,494.07,478.03,463.22,450,438.48,428.93,421.69,417.11,416.4,416.92,417.33,419.7,423.78,427.2,430.09,432.37,434.11,435.18,435.73
686.68,666.41,646.17,626,605.99,586.18,566.71,547.63,529.12,511.29,494.31,478.32,463.59,450.37,438.91,429.41,422.24,417.75,417.13,417.68,418.12,420.59,424.8,428.35,431.39,433.78,435.64,436.84,437.46
686.75,666.5,646.26,626.12,606.11,586.31,566.85,547.79,529.3,511.5,494.54,478.61,463.96,450.74,439.34,429.9,422.8,418.38,417.87,418.45,418.91,421.46,425.84,429.5,432.68,435.23,437.18,438.5,439.22
686.83,666.58,646.36,626.23,606.24,586.45,566.99,547.95,529.48,511.71,494.78,478.9,464.29,451.12,439.77,430.4,423.36,419.02,418.61,419.22,419.72,422.36,426.87,430.67,434,436.68,438.73,440.16,440.98
686.91,666.67,646.46,626.33,606.36,586.59,567.15,548.13,529.66,511.92,495.01,479.17,464.62,451.49,440.2,430.89,423.93,419.66,419.35,420.01,420.53,423.26,427.92,431.88,435.33,438.14,440.29,441.83,442.76
686.99,666.75,646.55,626.43,606.48,586.74,567.32,548.31,529.86,512.14,495.25,479.45,464.94,451.87,440.64,431.38,424.5,420.31,420.09,420.79,421.34,424.17,428.97,433.09,436.66,439.61,441.86,443.5,444.56
687.07,666.84,646.65,626.55,606.62,586.89,567.48,548.49,530.07,512.35,495.5,479.72,465.25,452.25,441.07,431.88,425.07,420.95,420.85,421.57,422.16,425.08,430.03,434.3,437.99,441.08,443.45,445.18,446.37
687.14,666.93,646.75,626.67,606.76,587.02,567.64,548.67,530.29,512.6,495.76,479.99,465.55,452.62,441.5,432.39,425.65,421.6,421.61,422.36,422.98,426,431.1,435.52,439.34,442.54,445.05,446.9,448.19
687.22,667.02,646.85,626.78,606.86,587.13,567.79,548.86,530.51,512.86,496.04,480.28,465.85,452.98,441.93,432.89,426.23,422.24,422.36,423.17,423.8,426.93,432.16,436.76,440.71,444.01,446.68,448.67,450.01
687.3,667.1,646.95,626.88,606.97,587.27,567.97,549.05,530.74,513.12,496.32,480.59,466.17,453.35,442.36,433.39,426.82,422.87,423.12,423.98,424.65,427.86,433.25,438.02,442.08,445.52,448.33,450.43,451.88
687.38,667.2,647.05,626.99,607.08,587.41,568.13,549.24,530.96,513.36,496.59,480.9,466.51,453.71,442.78,433.89,427.41,423.51,423.88,424.79,425.49,428.8,434.33,439.27,443.49,447.03,449.97,452.2,453.75
687.46,667.28,647.14,627.08,607.19,587.55,568.28,549.44,531.18,513.6,496.86,481.21,466.85,454.06,443.19,434.38,428.01,424.19,424.66,425.59,426.34,429.73,435.45,440.52,444.9,448.57,451.62,453.97,455.64
687.52,667.35,647.21,627.18,607.32,587.7,568.43,549.63,531.39,513.83,497.13,481.53,467.23,454.41,443.6,434.86,428.62,424.86,425.42,426.4,427.2,430.69,436.58,441.76,446.32,450.13,453.28,455.78,457.54
687.57,667.42,647.29,627.27,607.44,587.85,568.6,549.83,531.59,514.07,497.41,481.86,467.61,454.81,444,435.33,429.23,425.62,426.19,427.23,428.07,431.64,437.71,443.04,447.75,451.69,454.98,457.59,459.46
687.62,667.49,647.36,627.38,607.57,588,568.78,550.02,531.79,514.32,497.69,482.18,467.98,455.24,444.41,435.82,429.85,426.39,426.98,428.06,428.94,432.62,438.85,444.31,449.2,453.26,456.68,459.41,461.42
687.67,667.56,647.45,627.48,607.7,588.15,568.95,550.18,531.98,514.56,497.94,482.47,468.35,455.66,444.85,436.31,430.45,427.18,427.8,428.91,429.81,433.6,439.99,445.63,450.66,454.85,458.42,461.23,463.38
687.73,667.64,647.55,627.58,607.82,588.3,569.11,550.36,532.19,514.78,498.19,482.76,468.71,456.08,445.28,436.8,431,427.99,428.62,429.76,430.68,434.58,441.15,446.94,452.13,456.46,460.17,463.08,465.35
687.78,667.71,647.64,627.7,607.95,588.44,569.26,550.52,532.39,515.01,498.45,483.05,469.06,456.49,445.76,437.29,431.54,428.73,429.5,430.64,431.56,435.56,442.31,448.28,453.61,458.07,461.93,464.98,467.33
687.81,667.74,647.73,627.81,608.06,588.56,569.39,550.69,532.6,515.24,498.71,483.33,469.4,456.9,446.25,437.79,432.11,429.4,430.37,431.52,432.46,436.56,443.49,449.62,455.1,459.73,463.69,466.89,469.34
687.87,667.8,647.79,627.88,608.16,588.67,569.53,550.87,532.8,515.46,498.97,483.63,469.74,457.31,446.73,438.32,432.68,430.09,431.23,432.41,433.36,437.56,444.67,450.99,456.61,461.4,465.47,468.85,471.36
687.95,667.87,647.84,627.97,608.25,588.79,569.68,551.05,533,515.66,499.22,483.94,470.06,457.71,447.21,438.86,433.25,430.78,432.09,433.29,434.27,438.58,445.88,452.39,458.12,463.09,467.28,470.81,473.41
687.99,667.94,647.93,628.05,608.36,588.91,569.82,551.21,533.17,515.87,499.48,484.24,470.36,458.12,447.69,439.42,433.83,431.48,432.93,434.18,435.2,439.61,447.09,453.79,459.67,464.79,469.09,472.77,475.5
688.02,668.01,648.02,628.14,608.45,589.03,569.95,551.36,533.36,516.1,499.76,484.55,470.7,458.51,448.17,439.99,434.42,432.19,433.77,435.08,436.13,440.65,448.33,455.18,461.22,466.5,470.98,474.73,477.6
688.07,668.07,648.09,628.21,608.55,589.15,570.09,551.53,533.56,516.34,500.04,484.88,471.09,458.9,448.66,440.54,435.02,432.92,434.63,435.99,437.07,441.71,449.58,456.56,462.82,468.22,472.86,476.72,479.74
688.14,668.13,648.17,628.31,608.68,589.28,570.25,551.71,533.76,516.59,500.35,485.22,471.48,459.33,449.16,441.1,435.63,433.66,435.49,436.9,438.02,442.77,450.84,458.02,464.44,469.95,474.78,478.73,481.89
688.22,668.2,648.26,628.43,608.81,589.42,570.41,551.89,533.99,516.85,500.64,485.57,471.89,459.77,449.65,441.65,436.27,434.38,436.35,437.81,438.97,443.85,452.12,459.46,466.07,471.72,476.71,480.76,484.1
688.23,668.24,648.33,628.52,608.91,589.55,570.57,552.08,534.22,517.1,500.93,485.93,472.28,460.21,450.1,442.2,436.9,435.14,437.22,438.73,439.93,444.94,453.41,460.94,467.7,473.5,478.65,482.85,486.3
688.25,668.29,648.41,628.6,609.01,589.69,570.72,552.26,534.42,517.33,501.21,486.29,472.68,460.64,450.55,442.75,437.55,435.89,438.1,439.66,440.91,446.04,454.73,462.41,469.36,475.33,480.59,484.94,488.51
688.27,668.31,648.45,628.67,609.1,589.8,570.86,552.43,534.61,517.57,501.52,486.64,473.07,461.07,451.03,443.31,438.2,436.65,439,440.61,441.9,447.16,456.05,463.93,471.05,477.17,482.56,487.09,490.72
688.33,668.36,648.5,628.73,609.19,589.92,571.01,552.6,534.82,517.83,501.84,486.98,473.43,461.49,451.52,443.88,438.86,437.41,439.91,441.56,442.9,448.28,457.4,465.47,472.75,479.08,484.57,489.24,492.97
688.39,668.43,648.57,628.78,609.28,590.04,571.16,552.78,535.03,518.08,502.11,487.28,473.78,461.91,452.02,444.45,439.5,438.18,440.82,442.53,443.92,449.42,458.75,467.03,474.5,481,486.59,491.44,495.28
688.44,668.5,648.65,628.86,609.37,590.15,571.3,552.96,535.23,518.32,502.38,487.56,474.11,462.33,452.53,445.03,440.18,438.97,441.73,443.51,444.94,450.57,460.15,468.61,476.24,482.93,488.67,493.64,497.61
688.47,668.54,648.72,628.96,609.47,590.25,571.43,553.13,535.42,518.52,502.6,487.83,474.45,462.76,453.04,445.62,440.86,439.76,442.68,444.5,445.97,451.77,461.55,470.2,478.04,484.86,490.76,495.88,500
688.53,668.58,648.76,629.07,609.6,590.38,571.58,553.27,535.57,518.69,502.8,488.09,474.78,463.16,453.55,446.21,441.55,440.55,443.63,445.51,447.02,452.95,462.98,471.84,479.84,486.82,492.95,498.13,502.39
688.58,668.65,648.81,629.14,609.71,590.51,571.73,553.41,535.74,518.89,503.03,488.36,475.12,463.58,454,446.79,442.26,441.34,444.61,446.52,448.08,454.17,464.43,473.48,481.7,488.83,495.13,500.42,504.86
688.59,668.74,648.86,629.2,609.79,590.64,571.88,553.61,535.95,519.11,503.25,488.64,475.46,463.96,454.42,447.36,442.97,442.16,445.59,447.62,449.21,455.39,465.89,475.15,483.59,490.85,497.34,502.76,507.33
688.6,668.83,648.94,629.29,609.87,590.76,572.02,553.79,536.17,519.36,503.55,488.98,475.82,464.33,454.91,448,443.7,443,446.63,448.7,450.37,456.66,467.37,476.83,485.5,492.98,499.56,505.12,509.83
688.72,668.9,649.05,629.38,609.96,590.87,572.15,553.96,536.39,519.63,503.87,489.32,476.22,464.85,455.5,448.64,444.43,443.84,447.73,449.95,451.66,457.94,468.87,478.61,487.44,495.11,501.82,507.58,512.35
688.77,668.92,649.14,629.48,610.06,590.98,572.3,554.15,536.62,519.9,504.18,489.69,476.66,465.39,456.08,449.26,445.17,444.69,448.86,451.21,453.05,459.27,470.41,480.41,489.4,497.32,504.12,510.04,514.91
688.84,669.06,649.22,629.58,610.17,591.1,572.46,554.33,536.84,520.16,504.49,490.06,477.11,465.88,456.63,449.86,445.92,445.63,450.02,452.52,454.46,460.63,471.94,482.26,491.4,499.54,506.46,512.54,517.5
688.96,669.11,649.3,629.67,610.3,591.2,572.6,554.51,537.07,520.44,504.83,490.46,477.56,466.37,457.18,450.46,446.73,446.63,451.19,453.85,455.93,462.14,473.52,484.14,493.41,501.79,508.89,515.05,520.15
688.97,669.16,649.4,629.76,610.4,591.34,572.74,554.67,537.29,520.7,505.15,490.83,477.96,466.8,457.7,451.06,447.54,447.74,452.4,455.2,457.4,463.86,475.1,486.03,495.63,504.05,511.33,517.64,522.9
689.1,669.3,649.48,629.88,610.5,591.47,572.88,554.78,537.43,520.91,505.38,491.1,478.3,467.23,458.21,451.72,448.42,449.02,453.6,456.57,458.92,465.6,476.81,487.94,497.83,506.39,513.88,520.26,525.66
689.13,669.29,649.57,630.02,610.61,591.58,573.03,554.96,537.6,521.1,505.61,491.39,478.64,467.64,458.74,452.42,449.32,450.24,455.13,458.01,460.43,467.45,478.54,489.88,500.05,508.81,516.42,522.95,528.45
689.22,669.44,649.7,630.16,610.71,591.74,573.19,555.17,537.83,521.3,505.85,491.67,478.97,468.05,459.27,453.09,450.13,451.24,456.7,459.58,462,469.31,480.63,491.93,502.23,511.25,519.02,525.72,531.31
689.34,669.53,649.79,630.27,610.89,591.9,573.36,555.36,538.06,521.56,506.14,491.98,479.3,468.44,459.8,453.73,450.94,452.24,458.21,461.18,463.61,471.21,482.91,494.03,504.52,513.72,521.62,528.53,534.25
689.41,669.63,649.95,630.37,611.06,592.03,573.53,555.56,538.3,521.87,506.48,492.31,479.65,468.83,460.33,454.35,451.69,453.23,459.69,462.75,465.24,473.09,485.21,496.22,506.88,516.21,524.36,531.41,537.2
689.52,669.78,650.08,630.53,611.21,592.24,573.71,555.79,538.56,522.17,506.82,492.7,480.11,469.36,460.93,454.93,452.41,454.24,461.12,464.32,466.85,474.99,487.59,498.36,509.3,518.86,527.14,534.3,540.27
689.58,669.8,650.16,630.66,611.3,592.41,573.92,555.97,538.81,522.48,507.17,493.12,480.59,469.92,461.56,455.64,453.23,455.29,462.52,465.89,468.52,476.89,489.99,500.9,511.85,521.58,530.02,537.27,543.37
689.69,669.91,650.34,630.78,611.48,592.53,574.13,556.18,539.04,522.8,507.56,493.59,481.14,470.61,462.44,456.55,454.08,456.35,463.94,467.46,470.24,478.89,492.44,503.6,514.46,524.44,532.98,540.24,546.53
689.89,670.04,650.43,630.92,611.65,592.7,574.31,556.46,539.26,523.05,507.92,494.05,481.7,471.29,463.25,457.44,455.19,457.49,465.41,469.09,471.99,480.93,494.89,506.53,517.22,527.32,535.98,543.44,549.75
690.05,670.17,650.59,631.16,611.82,592.91,574.46,556.69,539.51,523.26,508.23,494.45,482.17,471.81,463.8,458.34,456.43,458.67,466.92,470.74,473.79,483.01,497.43,509.63,519.91,530.3,539.14,546.67,553.01
690.2,670.33,650.71,631.28,612.04,593.13,574.65,556.9,539.82,523.58,508.49,494.81,482.62,472.32,464.36,459.18,457.41,460.18,468.51,472.46,475.61,485.11,500.01,512.69,523.01,533.33,542.29,549.95,556.37
690.38,670.52,650.82,631.45,612.26,593.31,574.88,557.11,540.07,523.89,508.73,495.1,483,472.79,464.91,459.93,458.24,461.78,470.12,474.21,477.49,487.24,502.66,515.71,526.15,536.44,545.66,553.31,559.8
690.56,670.67,650.98,631.63,612.44,593.6,575.15,557.34,540.32,524.22,509.17,495.47,483.42,473.31,465.53,460.71,459.29,463.12,471.84,476.01,479.38,489.41,505.38,518.81,529.61,539.71,549.04,556.79,563.46
690.74,670.88,651.22,631.71,612.61,593.77,575.42,557.61,540.6,524.54,509.57,495.87,483.88,473.88,466.23,461.54,460.44,464.37,473.58,477.85,481.27,491.59,508.07,522.03,533.28,542.99,552.5,560.41,567.05
690.94,671.05,651.35,631.88,612.8,593.94,575.69,557.91,540.89,524.85,509.91,496.35,484.38,474.4,466.92,462.38,461.51,465.73,475.4,479.73,483.21,493.82,510.77,525.17,537.01,546.62,556.03,563.99,570.81
691.14,671.26,651.55,632.17,613.03,594.17,575.91,558.25,541.22,525.15,510.33,496.84,484.9,474.91,467.6,463.23,462.56,467.13,477.23,481.66,485.28,496.1,513.54,528.46,540.76,550.24,559.67,567.91,574.63
691.33,671.49,651.8,632.36,613.21,594.48,576.11,558.49,541.62,525.52,510.74,497.32,485.46,475.56,468.24,464.08,463.59,468.57,479.04,483.63,487.3,498.45,516.37,531.76,544.54,554.39,563.42,571.76,578.56
691.53,671.73,652.03,632.53,613.41,594.69,576.38,558.74,541.94,525.94,511.07,497.79,486.04,476.26,468.86,464.92,464.63,470.02,480.85,485.62,489.43,500.87,519.24,535.15,548.39,558.61,567.28,575.75,582.66
691.77,671.96,652.2,632.76,613.65,594.91,576.73,559.09,542.23,526.42,511.56,498.23,486.69,477.05,469.81,465.76,465.71,471.53,482.75,487.64,491.54,503.35,522.12,538.59,552.16,562.84,571.44,579.77,586.78
691.99,672.16,652.47,633.1,613.95,595.2,577.01,559.37,542.51,526.69,512.1,498.68,487.21,477.81,470.75,466.61,466.81,473.07,484.6,489.69,493.76,505.76,525.08,542.05,556.21,567.11,575.61,584,591.12
692.21,672.39,652.77,633.31,614.2,595.54,577.26,559.69,542.91,527.02,512.56,499.29,487.73,478.54,471.73,467.84,467.97,474.61,486.54,491.75,495.93,508.28,528.07,545.53,560.16,571.47,580.29,588.46,595.47
692.44,672.65,653.04,633.52,614.43,595.76,577.56,560.1,543.29,527.49,512.9,499.94,488.44,479.08,472.62,469.02,469.15,476.16,488.53,493.89,498.21,510.8,531.07,549.03,564.24,576,584.96,592.89,600.02
692.71,672.92,653.26,633.79,614.75,596.06,577.97,560.57,543.66,527.9,513.31,500.36,489.13,479.62,473.4,470.15,470.66,477.73,490.52,496.02,500.5,513.43,534.12,552.56,568.28,580.55,589.8,597.53,604.63
692.98,673.16,653.49,634.12,615.08,596.4,578.28,560.75,544.01,528.37,513.92,500.87,489.83,480.63,474.15,471.18,472.14,479.31,492.47,498.19,502.88,516.03,537.25,556.13,572.38,585.3,594.84,602.17,609.41
693.23,673.39,653.81,634.46,615.34,596.75,578.57,561.06,544.46,528.84,514.42,501.45,490.29,481.5,474.94,472.09,473.55,480.85,494.53,500.44,505.19,518.68,540.41,559.81,576.47,590.04,599.98,607.44,614.37
693.48,673.66,654.12,634.73,615.61,597.02,578.9,561.52,544.88,529.24,514.91,502.08,490.94,482.26,476.14,473.17,474.91,482.49,496.53,502.7,507.61,521.36,543.57,563.5,580.64,594.74,605.19,612.82,619.38
693.71,673.98,654.43,634.99,615.97,597.42,579.35,562.05,545.31,529.89,515.43,502.7,491.78,482.94,477.13,474.37,476.2,484.4,498.54,504.92,510.04,524.12,546.83,567.27,584.89,599.43,610.4,618.36,624.67
693.96,674.29,654.7,635.28,616.36,597.79,579.77,562.3,545.8,530.4,516.09,503.32,492.42,483.74,477.91,475.74,477.62,486.32,500.58,507.18,512.48,526.91,549.99,570.97,589.13,604.22,615.71,623.95,629.96
694.23,674.59,654.96,635.66,616.73,598.11,580.15,562.67,546.31,530.8,516.8,503.93,493.11,484.79,478.97,477.02,479.09,488.2,502.7,509.44,514.99,529.7,553.27,574.75,593.46,609.06,621.02,629.59,635.73
694.53,674.86,655.25,636.02,617,598.44,580.54,563.17,546.84,531.42,517.44,504.8,493.89,485.65,480.12,478.08,480.73,490.05,505.1,511.64,517.48,532.48,556.55,578.52,597.82,613.88,626.37,635.49,641.57
694.82,675.14,655.57,636.36,617.3,598.91,580.98,563.69,547.37,531.87,517.88,505.51,494.72,486.53,481.23,479.48,482.32,491.86,507.94,514.24,519.93,535.32,559.83,582.26,602.23,618.7,631.84,641.3,647.62
695.12,675.44,655.93,636.7,617.67,599.35,581.4,564.06,547.86,532.47,518.35,505.94,495.68,487.54,482.32,480.98,483.8,493.92,510.27,516.95,522.28,538.13,563.2,586.09,606.55,623.59,637.37,647.31,653.84
695.45,675.75,656.27,637.03,618.13,599.74,581.82,564.63,548.29,533.14,518.92,506.93,496.68,488.59,483.39,482.11,485.58,496.07,512.22,519.27,524.79,540.75,566.48,589.86,610.86,628.57,642.84,653.18,660.12
695.74,676.08,656.61,637.37,618.55,600.09,582.22,565.19,548.81,533.78,519.6,507.83,497.53,489.59,484.66,483.4,487.52,498.01,514.49,521.67,527.49,543.49,569.84,593.63,615.27,633.57,648.28,659.19,666.58
696.05,676.41,656.97,637.72,618.95,600.5,582.68,565.72,549.34,534.37,520.43,508.62,498.28,490.49,485.95,484.9,489.03,500.09,516.84,524.19,530.17,546.45,573.15,597.48,619.68,638.54,653.74,665.35,673.05
696.38,676.73,657.34,638.08,619.37,600.93,583.12,566.24,549.94,534.95,521.23,509.26,499.18,491.95,487.26,486.37,490.73,502.53,519.32,526.76,532.84,549.42,576.45,601.34,624.07,643.42,659.23,671.57,679.76
696.71,677.05,657.72,638.46,619.79,601.39,583.59,566.77,550.66,535.54,522.05,509.84,500.24,492.97,488.31,488.01,492.66,504.53,521.87,529.37,535.5,552.39,579.77,605.2,628.35,648.32,664.78,677.71,686.32
697.04,677.4,658.09,638.83,620.22,601.87,584.09,567.29,551.31,536.12,522.85,510.75,501.35,493.73,489.81,489.8,494.49,506.32,524.63,532.14,538.24,555.36,583.19,608.98,632.64,653.22,670.35,683.8,692.97
697.37,677.75,658.47,639.22,620.65,602.35,584.62,567.83,551.93,536.84,523.59,511.79,502.26,495.13,491.49,491.28,496.37,509.04,527.76,534.9,541.03,558.31,586.62,612.8,636.96,658.09,675.94,689.92,699.64
697.68,678.1,658.86,639.65,621.08,602.84,585.14,568.45,552.58,537.63,524.3,512.77,503.15,496.4,492.98,492.79,498.43,511.62,531.18,537.89,543.81,561.33,589.99,616.61,641.26,662.87,681.41,696.03,706.37
698.02,678.43,659.26,640.07,621.54,603.33,585.67,569.05,553.25,538.46,525.01,513.77,504.09,497.66,494.04,494.34,500.11,513.92,532.98,540.72,546.52,564.37,593.41,620.43,645.52,667.7,686.86,702.15,713.14
698.36,678.79,659.63,640.5,622,603.86,586.2,569.67,553.87,539.24,525.77,514.73,505.4,498.99,495.51,496.54,501.76,516.12,535.33,543.28,549.69,567.4,596.86,624.31,649.85,672.6,692.3,708.26,719.85
698.72,679.15,660.03,640.94,622.48,604.4,586.75,570.29,554.49,540,526.67,515.67,506.66,500.02,497.38,498.19,503.73,518.28,538.84,546.28,552.84,570.67,600.42,628.24,654.13,677.4,697.71,714.3,726.5
699.07,679.54,660.43,641.38,622.93,604.94,587.33,570.92,555.12,540.79,527.63,516.6,507.87,501.33,498.82,499.72,506.13,520.53,541.4,549.4,555.76,574.16,604.12,632.21,658.44,682.17,703.11,720.21,733.15
699.42,679.91,660.86,641.82,623.41,605.46,587.94,571.66,555.88,541.56,528.62,517.51,509.07,502.89,500.3,502,508.51,523.19,543.81,552.1,558.97,577.51,607.76,636.19,662.8,686.91,708.46,726.11,739.79
699.78,680.28,661.26,642.28,623.91,606.01,588.51,572.42,556.66,542.31,529.61,518.48,510.27,504.53,501.79,504.13,510.57,525.9,546.73,555.21,562.35,580.97,611.53,640.33,667.16,691.77,713.71,732.1,746.42
700.16,680.67,661.68,642.68,624.46,606.58,589.1,573.05,557.45,543.14,530.57,519.51,511.47,506.07,503.28,506.03,512.85,528.51,549.9,558.59,565.74,584.8,615.52,644.49,671.6,696.61,718.95,737.91,753
700.53,681.06,662.13,643.09,625,607.18,589.71,573.73,558.07,544.02,531.53,520.73,512.68,507.56,505.29,507.72,515.44,531.06,553.32,561.95,569.11,588.55,619.5,648.77,676.24,701.43,724.21,743.7,759.52
700.91,681.45,662.6,643.53,625.52,607.72,590.33,574.44,558.94,545.01,532.52,521.97,513.89,509.06,507.35,509.48,518.3,533.97,556.65,565.4,572.5,592.31,623.71,653.21,680.79,706.32,729.52,749.44,765.82
701.29,681.84,663.05,644.04,626.04,608.28,590.97,575.23,559.87,546.07,533.6,523.23,515.19,510.63,509.39,511.73,520.78,537.3,560.77,569.04,576.3,596.26,628.06,657.72,685.54,711.33,734.88,755.27,772.26
701.69,682.27,663.47,644.56,626.68,608.85,591.65,575.96,560.82,547.1,534.78,524.51,516.55,512.22,511.4,514.32,523,540.64,564.81,573.15,580.2,600.46,632.6,662.37,690.4,716.38,740.23,761.08,778.59
702.09,682.7,663.92,645.09,627.31,609.46,592.34,576.69,561.72,548.09,536.04,525.9,518.02,513.88,513.39,517,525.4,543.98,567.33,577.16,584.08,604.8,637.35,667.26,695.37,721.66,745.68,766.99,784.93
702.5,683.14,664.39,645.64,627.86,610.03,593.08,577.44,562.64,549.17,537.34,527.32,519.69,515.63,515.49,519.76,528.66,547.44,572.04,581.11,588.93,609.43,642.29,672.34,700.49,726.85,751.18,772.84,791.31
702.9,683.58,664.9,646.21,628.45,610.55,593.86,578.31,563.57,550.25,538.67,528.85,521.42,517.5,517.69,522.56,532.14,550.9,576.81,586.28,593.82,614.88,647.59,677.73,705.75,732.29,756.79,778.77,797.67
703.3,684.03,665.41,646.79,629.02,611.14,594.7,579.21,564.61,551.32,539.96,530.53,523.27,519.52,520.11,525.55,535.86,555.42,580.76,591.09,598.91,620.67,653.6,683.37,711.47,737.9,762.45,784.78,803.98
703.71,684.51,665.92,647.33,629.54,611.81,595.68,580.17,565.62,552.34,541.18,532.28,525.34,521.7,522.77,528.82,539.69,560.51,586.03,596.2,605.2,626.91,659.89,689.63,717.43,743.74,768.41,790.92,810.41
704.12,684.99,666.41,647.88,630.13,612.54,596.52,581.02,566.66,553.54,542.94,534.07,527.53,524.06,525.68,532.41,544.25,566.15,592.32,603.16,612.12,634.31,666.84,696.34,723.67,749.82,774.43,797,816.89
704.58,685.47,666.89,648.39,630.75,613.49,597.21,581.85,567.63,554.82,544.66,535.89,529.84,526.83,529.04,536.46,549.3,572.68,599.74,611.17,619.52,642.66,674.9,703.49,730.59,756.23,780.69,803.44,823.49
705.04,685.95,667.39,648.97,631.37,614.38,598.14,582.66,568.67,556.29,546.37,537.77,532.32,529.93,532.71,541.25,554.98,580.1,608.99,620.27,628.81,652.14,684.15,711.79,737.73,763.04,787.25,809.8,830.1
705.51,686.42,667.93,649.59,632.01,615.18,599.01,583.79,569.77,557.78,548.13,539.83,534.9,533.35,536.69,546.57,562.35,588.9,619.98,631.28,640.18,663.91,694.49,720.97,745.72,770.43,793.96,816.51,836.85
705.97,686.87,668.47,650.34,632.67,615.99,599.75,584.9,570.93,559.28,550.09,542.27,537.52,536.95,541.13,552.41,570.9,600.36,632.91,645.73,653.68,677.64,707.13,731,754.84,778.13,801.32,823.42,843.7
706.44,687.44,669.01,651.03,633.47,616.78,600.54,585.9,572.19,560.81,552.18,544.65,540.55,540.8,545.89,559.09,580.27,613.75,651.11,663.3,671.17,694.7,722.27,743.35,764.79,786.81,808.92,830.68,850.87
706.91,687.99,669.59,651.67,634.19,617.58,601.39,587.18,573.52,562.37,554.17,547.1,543.85,544.84,550.89,566.25,590.76,629.31,673.93,685.5,694.56,718.34,739.72,757.51,776.24,796.12,817.1,838.26,858.13
707.4,688.52,670.17,652.34,634.85,618.42,602.45,588.49,575.04,563.97,556.24,549.49,547.18,549.03,556.22,573.77,602.07,647.46,700.54,716.52,723.94,747.77,763.25,774.03,789.66,806.48,826.2,846.23,865.73
707.91,689.09,670.75,653.01,635.54,619.29,603.52,589.68,576.62,565.71,558.36,552.08,550.62,553.58,561.89,581.55,613.65,666,731.69,751.47,761.42,786.04,792.66,795.56,804.7,818.79,835.91,854.89,873.71
708.41,689.69,671.42,653.7,636.28,620.32,604.57,590.89,578.29,567.46,560.42,554.9,554.57,558.38,567.6,589.38,625.29,684.69,763,790.12,803.42,839.8,828.98,821.14,822.84,832.17,847.09,864.13,881.95
708.92,690.26,672.07,654.4,637.04,621.3,605.7,592.08,579.97,569.22,562.58,557.87,558.68,563.44,573.93,597.52,636.75,701.74,792.18,824.66,845.86,898.06,884.15,851.01,845.1,847.63,859.35,874.02,890.89
709.44,690.84,672.71,655.16,637.86,622.28,606.93,593.32,581.71,570.96,564.88,560.9,562,568.69,580.47,605.66,647.67,717.82,815.21,854.17,884.9,962.42,950.79,893.43,870.8,866.65,872.6,885.36,900.19
709.95,691.41,673.36,655.94,638.71,623.26,608.21,594.62,583.43,572.89,567.29,564,565.42,574.11,587.13,613.88,658.56,733.16,834.59,876.97,909.34,1010.8,1033,949.45,903.43,888.33,888.7,897.54,910.53
710.47,692,674.02,656.75,639.58,624.25,609.49,595.95,585.14,575.04,569.68,567.19,568.98,579.6,594.06,621.73,668.84,746.86,851.03,893.46,929.51,1044.5,1126.8,1015.3,945.27,913.13,907.43,911.14,921.74
711.01,692.57,674.71,657.56,640.49,625.28,610.78,597.34,586.88,577.32,572.12,570.43,572.65,585.13,601.07,629.46,678.75,759.35,865.21,907.54,944.68,1064.2,1203.5,1105.2,996.52,945.31,927.54,926.86,933.75
711.6,693.13,675.41,658.4,641.41,626.35,612.08,598.75,588.65,579.62,574.6,573.8,576.21,590.39,607.93,637.02,688.26,771.45,877.28,920.12,956.08,1072.1,1266.3,1203.9,1061.4,983.01,953.85,944.54,947.89
712.22,693.74,676.14,659.25,642.37,627.44,613.4,600.18,590.47,581.95,577.16,577.25,579.7,595.17,614.26,644.39,697.34,782.09,888.41,930.23,966.2,1077.7,1285.2,1308.6,1144.1,1028.6,984.07,964.69,963.24
712.85,694.4,676.9,660.1,643.32,628.56,614.74,601.68,592.32,584.37,579.7,580.62,583.97,599.59,619.77,651.5,706.2,792,897.98,939.05,974.77,1081.7,1292,1390,1232.8,1087.9,1017.3,988.8,980.08
713.46,695.15,677.7,660.92,644.27,629.7,616.09,603.23,594.23,586.74,582.29,584.02,588.31,604.02,625.23,658.9,714.73,801.39,906.65,947.04,981.87,1084.4,1288.7,1439.1,1328.8,1155.5,1061.5,1015,1000.1
714.05,695.82,678.49,661.74,645.24,630.89,617.47,604.8,596.18,589.14,584.98,587.43,592.87,608.48,631.73,666.29,722.87,810.03,914.47,953.88,988.17,1086.9,1281.5,1466.8,1412.1,1236.6,1111.6,1047.2,1022.3
714.65,696.42,679.27,662.55,646.26,632.1,618.91,606.47,598.16,591.56,587.67,590.93,597.44,612.96,638.29,674.22,730.54,818.17,921.53,960.13,993.89,1089,1274.7,1466.6,1482.7,1322.8,1168.2,1085.3,1047.6
715.26,697.12,680.07,663.38,647.36,633.32,620.36,608.17,600.13,594.03,590.4,594.34,601.84,617.6,644.86,681.11,738.02,825.73,927.71,965.89,998.66,1090.8,1268.2,1459.6,1526.9,1405.5,1237.1,1127.8,1076.9
715.9,697.85,680.96,664.2,648.49,634.55,621.81,609.9,602.19,596.55,593.1,597.77,606.19,622.11,650.67,687.64,745.14,832.75,933.69,970.94,1003,1092.3,1262.6,1449.1,1549.8,1479.7,1309.4,1178.5,1109.1
716.56,698.57,681.83,665.14,649.64,635.87,623.28,611.74,604.25,599.03,595.94,601.2,610.49,626.6,656.36,694.46,752.24,839.45,939.09,975.56,1007.1,1093.7,1257.5,1437.6,1560.9,1529.5,1383.2,1236.1,1147.1
717.22,699.3,682.69,666.14,650.8,637.19,624.75,613.58,606.34,601.52,598.83,604.63,614.77,631.08,661.92,701.33,759,845.93,943.99,979.98,1010.7,1094.8,1252.7,1426.9,1559,1569,1451.3,1298.1,1191.6
717.88,700.03,683.57,667.18,651.97,638.53,626.24,615.48,608.51,604.05,601.69,608.07,619,635.56,667.26,708.27,765.07,851.72,948.79,983.95,1014.1,1095.8,1248.8,1416.5,1552.1,1592.4,1510.5,1363.4,1238.7
718.53,700.76,684.43,668.21,653.17,639.91,627.72,617.4,610.67,606.51,604.69,611.59,623.2,640.04,672.53,714.41,770.6,857.32,953.18,987.63,1017.2,1096.8,1244.9,1406.9,1542.9,1603.8,1558.3,1427.6,1293.4
719.16,701.49,685.31,669.23,654.38,641.27,629.15,619.35,612.84,608.99,607.7,615.08,627.28,644.71,677.7,720.37,775.94,862.72,957.29,991.12,1020.1,1097.8,1241.3,1397.9,1532.4,1609.6,1588.3,1487.8,1351.1
719.81,702.34,686.21,670.26,655.61,642.66,630.62,621.34,615.08,611.5,610.72,618.49,631.41,649.46,682.76,726.12,781.27,867.95,961.23,994.37,1022.9,1098.6,1238.2,1389.1,1522.3,1609.1,1611.1,1535,1408.2
720.51,703.2,687.12,671.28,656.83,644.09,632.08,623.33,617.31,613.95,613.88,622,635.43,654.22,687.75,731.64,786.62,873,964.95,997.51,1025.4,1099.4,1235.2,1381.3,1512.3,1605.1,1626.5,1574,1463.8
721.29,704.08,688.02,672.31,658.07,645.54,633.58,625.31,619.56,616.34,617.21,625.48,639.45,658.89,692.66,737.04,792.21,877.77,968.48,1000.5,1027.9,1100.3,1232.5,1374.1,1502.9,1599.7,1634.1,1603.9,1511.8
722.13,704.92,688.92,673.32,659.32,647.01,635.11,627.32,621.88,618.71,620.61,629.07,643.42,663.55,697.39,742.17,797.68,882.26,971.97,1003.3,1030.3,1101,1230,1367.3,1493.8,1592.9,1639.1,1622.9,1556
722.93,705.74,689.87,674.37,660.56,648.48,636.67,629.35,624.18,621.06,624.15,632.63,647.24,667.94,702.17,747.19,802.96,886.59,975.21,1006,1032.4,1101.8,1227.7,1361.3,1485.2,1585.5,1640.6,1637.7,1586.8
723.7,706.57,690.81,675.41,661.87,649.98,638.35,631.35,626.47,623.45,627.69,636.22,651.1,672.36,706.88,752.13,807.97,890.69,978.35,1008.7,1034.6,1102.5,1225.6,1355.6,1477.4,1578.1,1639.4,1648.7,1612.3
724.47,707.39,691.81,676.45,663.21,651.45,640.18,633.36,628.72,625.91,631.15,639.82,654.8,676.6,711.45,756.88,812.86,894.74,981.34,1011.1,1036.6,1103.3,1223.6,1350.2,1469.8,1570.6,1637.1,1655.2,1632
725.26,708.22,692.85,677.51,664.58,652.94,642.03,635.44,630.93,628.58,634.4,643.25,658.44,680.65,716,761.62,817.5,898.68,984.11,1013.5,1038.5,1103.9,1221.9,1345.4,1462.5,1563.4,1633.5,1660.1,1644.8
726.06,709.05,693.9,678.63,665.94,654.43,643.9,637.5,633.14,631.38,637.44,646.71,661.98,684.63,720.35,766.14,821.93,902.39,986.87,1015.8,1040.4,1104.6,1220.2,1340.9,1456,1556.2,1629.2,1662.9,1655.5
726.86,709.91,694.93,679.77,667.32,655.86,645.79,639.54,635.34,634.15,640.37,650.21,665.47,688.4,724.66,770.49,826.42,906,989.5,1018,1042.2,1105.2,1218.7,1336.7,1449.6,1549.4,1624.5,1663.6,1663.7
727.67,710.79,695.98,681,668.68,657.34,647.64,641.59,637.59,637,643.37,653.3,668.94,692.52,728.99,774.89,830.66,909.59,992.04,1020,1043.8,1105.8,1217.2,1332.7,1443.7,1542.8,1619.5,1663.5,1669.1
728.46,711.67,697.02,682.25,670.07,658.81,649.52,643.68,639.75,639.92,646.34,656.44,673.31,696.85,733.17,779.12,834.71,913.03,994.46,1022,1045.5,1106.5,1215.8,1329.1,1438.2,1536.3,1614.4,1662.3,1673.2
729.28,712.63,698.09,683.51,671.46,660.32,651.41,645.78,641.86,642.79,649.25,659.6,677.34,701.6,737.25,783.17,838.76,916.31,996.85,1024,1047.1,1107,1214.4,1325.6,1432.9,1530.4,1609.2,1659.8,1675.8
730.13,713.57,699.14,684.77,672.84,661.86,653.27,647.93,643.89,645.73,652.22,662.74,680.71,706.52,741.19,787.27,842.67,919.56,999.19,1026,1048.8,1107.7,1213.1,1322.3,1427.9,1524.4,1604,1656.6,1677.1
730.95,714.48,700.21,686.02,674.23,663.43,655.12,650.04,645.92,648.68,655.13,665.84,684.24,711.52,744.91,791.15,846.41,922.67,1001.4,1027.9,1050.3,1108.3,1211.9,1319,1423.1,1518.9,1598.8,1652.7,1677.5
731.78,715.41,701.28,687.28,675.67,665.06,656.97,652.11,648.08,651.64,658.03,668.95,687.8,715.48,748.46,794.98,850.03,925.81,1003.5,1029.7,1051.8,1109,1210.8,1315.9,1418.5,1513.6,1593.8,1648.6,1676.9
732.61,716.38,702.36,688.56,677.12,666.65,658.82,654.18,650.68,654.64,660.9,671.93,691.35,719.17,752.13,798.8,853.54,928.76,1005.6,1031.4,1053.3,1109.7,1209.8,1313.1,1414.2,1508.3,1588.9,1644.4,1675.8
733.45,717.37,703.47,689.83,678.53,668.31,660.65,656.26,653.17,657.6,663.53,674.85,694.93,722.76,755.77,802.72,857.02,931.64,1007.6,1033.1,1054.7,1110.3,1208.9,1310.3,1410,1503.4,1583.9,1639.9,1674.3
734.31,718.38,704.6,691.1,679.96,669.99,662.52,658.35,655.61,660.26,665.98,677.98,698.48,726.32,759.36,806.65,860.44,934.53,1009.6,1034.8,1056.1,1110.8,1208,1307.7,1406.1,1498.7,1579,1635.6,1672.2
735.14,719.41,705.75,692.36,681.41,671.64,664.36,660.45,658.04,662.79,668.86,681.22,701.94,729.79,763.02,810.5,863.86,937.26,1011.5,1036.4,1057.5,1111.4,1207.2,1305.3,1402.3,1494,1573.9,1631.1,1669.9
735.97,720.43,706.9,693.63,682.84,673.31,666.24,662.52,660.47,665.32,671.77,685.37,705.37,733.26,766.78,813.98,867.28,939.93,1013.4,1038,1058.8,1112,1206.4,1303,1398.7,1489.5,1568.6,1626.9,1667.3
736.8,721.5,708.05,694.88,684.27,674.98,668.08,664.64,662.87,667.91,674.4,689.42,708.73,736.62,770.34,817.47,870.7,942.5,1015.3,1039.5,1060,1112.6,1205.7,1300.8,1395.2,1485.3,1563.5,1622.6,1664.5
737.64,722.56,709.21,696.14,685.75,676.65,669.93,666.74,665.24,670.47,677.12,692.98,711.98,739.88,773.75,820.8,874.04,944.99,1017.1,1041.1,1061.4,1113.2,1205,1298.7,1391.8,1481.2,1558.6,1618.3,1661.7
738.49,723.62,710.36,697.4,687.23,678.33,671.79,668.9,667.57,673.03,679.9,696.12,715.14,743.04,777.08,824.07,877.44,947.45,1018.8,1042.6,1062.6,1113.8,1204.3,1296.7,1388.7,1477.3,1553.7,1614,1658.8
739.41,724.7,711.52,698.62,688.74,680.01,673.64,671.04,669.94,675.61,682.67,699.04,718.24,746.14,780.35,827.31,880.59,949.8,1020.6,1044.1,1063.9,1114.3,1203.6,1294.8,1385.6,1473.3,1549.1,1609.8,1655.7
740.35,725.79,712.67,699.87,690.23,681.65,675.51,673.11,672.26,678.13,685.44,702.06,721.4,749.44,783.61,830.45,883.6,952.12,1022.3,1045.4,1065.1,1115,1203.1,1292.9,1382.7,1469.7,1544.6,1605.8,1652.7
741.35,726.87,713.82,701.08,691.7,683.3,677.41,675.21,674.57,680.72,688.17,705,724.71,752.98,786.96,833.57,886.54,954.4,1023.9,1046.8,1066.2,1115.6,1202.5,1291.2,1379.9,1466.2,1540.3,1601.7,1649.6
742.34,727.96,714.97,702.34,693.22,684.95,679.29,677.34,676.88,683.29,690.94,707.91,728.02,756.95,790.36,836.64,889.36,956.7,1025.6,1048.2,1067.4,1116.1,1202,1289.5,1377.2,1462.7,1536.1,1597.8,1646.5
743.32,729.05,716.12,703.72,694.74,686.6,681.17,679.47,679.2,685.81,693.7,710.81,731.18,760.46,793.87,839.67,892.09,958.92,1027.2,1049.6,1068.5,1116.7,1201.5,1287.9,1374.6,1459.4,1532,1593.9,1643.5
744.3,730.13,717.31,705.1,696.26,688.26,683.1,681.58,681.5,688.33,696.5,713.76,734.29,763.48,797.75,842.66,894.78,961.16,1028.8,1050.9,1069.6,1117.2,1201,1286.4,1372.1,1456.3,1528.1,1590.2,1640.4
745.25,731.21,718.5,706.52,697.79,689.88,684.96,683.65,683.79,690.84,699.25,716.62,737.37,766.45,801.61,845.55,897.44,963.37,1030.3,1052.3,1070.8,1117.8,1200.6,1284.9,1369.7,1453.1,1524.2,1586.5,1637.4
746.19,732.3,719.72,707.94,699.31,691.54,686.88,685.72,686.1,693.35,701.96,719.54,740.41,769.42,805.04,848.5,900.05,965.54,1031.9,1053.5,1071.9,1118.5,1200.2,1283.5,1367.3,1449.8,1520.5,1583,1634.4
747.16,733.4,720.93,709.35,700.81,693.16,688.83,687.77,688.43,695.79,704.66,722.43,743.42,772.4,808.26,851.35,902.63,967.64,1033.4,1054.8,1073,1119,1199.8,1282.1,1365,1446.5,1516.9,1579.4,1631.4
748.09,734.5,722.13,710.73,702.34,694.78,690.77,689.83,690.8,698.29,707.35,725.25,746.37,775.33,811.28,854.05,905.2,969.7,1034.8,1056.1,1074.1,1119.6,1199.4,1280.8,1362.9,1443.3,1513.4,1576,1628.4
749,735.61,723.35,712.11,703.89,696.4,692.67,691.85,693.12,700.72,710.03,728.04,749.31,778.25,814.23,856.64,907.84,971.66,1036.2,1057.3,1075.2,1120.2,1199.1,1279.6,1360.8,1440.3,1510,1572.6,1625.5
749.92,736.73,724.59,713.51,705.42,698.04,694.58,693.89,695.44,703.21,712.68,730.83,752.19,781.21,817.14,859.25,910.42,973.65,1037.7,1058.5,1076.1,1120.8,1198.8,1278.4,1358.8,1437.4,1506.7,1569.3,1622.7
750.8,737.88,725.79,714.91,706.96,699.68,696.52,695.9,697.7,705.64,715.29,733.6,755.04,784.08,819.93,861.91,912.99,975.64,1039.1,1059.7,1077.2,1121.4,1198.6,1277.2,1356.9,1434.5,1503.4,1566.1,1619.8
751.71,739.01,726.98,716.3,708.5,701.33,698.46,697.95,700.03,708.06,717.85,736.36,757.97,786.91,822.78,864.44,915.52,977.6,1040.4,1060.9,1078.2,1121.9,1198.4,1276.1,1355,1431.8,1500.4,1563,1616.7
752.62,740.16,728.18,717.72,710.05,702.94,700.36,699.96,702.34,710.48,720.39,739.03,760.69,789.8,825.56,867.03,917.94,979.6,1041.8,1062.1,1079.2,1122.5,1198.1,1275.1,1353.2,1429.1,1497.4,1559.9,1613.5
753.56,741.32,729.37,719.15,711.61,704.57,702.23,701.97,704.61,712.89,722.97,741.68,763.49,792.59,828.26,869.62,920.3,981.54,1043.2,1063.3,1080.2,1123.1,1197.9,1274,1351.4,1426.6,1494.4,1556.9,1610.3
754.65,742.47,730.54,720.57,713.13,706.2,704.14,703.98,706.89,715.26,725.43,744.4,766.25,795.37,830.98,872.19,922.62,983.47,1044.5,1064.4,1081.2,1123.7,1197.7,1273.1,1349.7,1424.1,1491.6,1553.9,1607.1
755.71,743.63,731.69,721.99,714.69,707.82,706.03,705.99,709.16,717.65,727.93,747.02,768.96,798.12,833.66,874.69,924.9,985.35,1045.8,1065.5,1082.1,1124.2,1197.5,1272.2,1348,1421.7,1488.7,1551.1,1603.9
756.79,744.78,732.8,723.43,716.23,709.52,707.9,707.94,711.44,719.99,730.41,749.64,771.61,800.84,836.3,877.15,927.15,987.19,1047.1,1066.6,1083.1,1124.7,1197.3,1271.2,1346.4,1419.3,1486,1548.3,1600.8
757.86,745.91,733.86,724.87,717.76,711.31,709.78,709.9,713.72,722.31,732.87,752.25,774.23,803.5,838.9,879.59,929.34,989,1048.4,1067.7,1084,1125.3,1197.2,1270.4,1344.9,1417,1483.4,1545.5,1597.7
758.95,747.01,734.9,726.32,719.22,713.1,711.66,711.89,715.95,724.63,735.26,754.82,776.89,806.11,841.49,882.01,931.47,990.76,1049.8,1068.8,1085,1125.9,1197.1,1269.6,1343.3,1414.9,1480.8,1542.8,1594.7
760.03,748.11,736.35,727.77,720.7,714.94,713.55,713.84,718.2,726.94,737.69,757.37,779.5,808.77,844.01,884.42,933.58,992.46,1051,1070,1086,1126.4,1197,1268.7,1341.9,1412.8,1478.3,1540.1,1591.8
761.1,749.21,737.81,729.22,722.07,716.8,715.38,715.75,720.43,729.19,740.25,759.9,782.02,811.34,846.48,886.8,935.66,994.16,1052.2,1071.1,1086.9,1127,1196.9,1268,1340.5,1410.7,1475.9,1537.6,1589
762.17,750.31,739.27,730.62,723.43,718.65,717.2,717.63,722.64,731.43,742.8,762.45,784.56,813.91,848.92,889.12,937.74,995.85,1053.4,1072.1,1087.9,1127.6,1196.7,1267.2,1339.1,1408.7,1473.5,1535.1,1586.2
763.24,751.4,740.73,732.01,724.66,720.51,719.02,719.51,724.85,733.72,745.31,764.94,787.05,816.46,851.34,891.43,939.78,997.51,1054.6,1073.1,1088.7,1128.1,1196.7,1266.5,1337.8,1406.7,1471.2,1532.5,1583.4
764.31,752.5,742.19,733.42,725.88,722.4,720.81,721.33,727.07,735.93,747.77,767.41,789.55,819,853.78,893.75,941.81,999.15,1055.8,1074.2,1089.6,1128.8,1196.6,1265.8,1336.6,1404.7,1468.9,1530.1,1580.7
765.38,753.6,743.65,734.84,727.11,724.28,722.56,723.1,729.24,738.14,750.24,769.81,791.99,821.49,856.13,896.01,943.79,1000.8,1057,1075.2,1090.6,1129.4,1196.6,1265.2,1335.3,1402.9,1466.7,1527.7,1578.1
766.45,754.7,745.11,736.25,728.33,726.16,724.29,724.98,731.4,740.33,752.7,772.26,794.41,823.96,858.48,898.22,945.72,1002.4,1058.2,1076.3,1091.5,1130,1196.5,1264.6,1334.2,1401.1,1464.5,1525.3,1575.5
767.52,755.79,746.57,737.66,729.55,728.04,725.97,727,733.61,742.5,755.12,774.69,796.81,826.4,860.77,900.43,947.63,1004,1059.4,1077.3,1092.5,1130.5,1196.6,1264.1,1333.1,1399.4,1462.4,1523,1573
768.59,756.89,748.03,739.07,730.78,729.92,727.65,729.09,735.79,744.6,757.54,777.05,799.2,828.8,863.09,902.6,949.55,1005.5,1060.5,1078.3,1093.4,1131.1,1196.8,1263.7,1332.1,1397.6,1460.4,1520.6,1570.5
769.66,757.99,749.49,740.48,732,731.8,729.32,731.27,737.85,746.72,759.91,779.4,801.54,831.2,865.33,904.76,951.46,1007.1,1061.6,1079.4,1094.2,1131.7,1196.9,1263,1331.1,1395.9,1458.4,1518.4,1568.1
770.73,759.09,750.95,741.89,733.23,733.68,731,733.44,739.95,748.75,762.25,781.74,803.83,833.56,867.62,906.88,953.29,1008.6,1062.7,1080.3,1095.1,1132.3,1196.8,1262.5,1329.8,1394.2,1456.5,1516.1,1565.7
771.8,760.18,752.41,743.3,734.45,735.57,732.67,735.62,742.06,750.78,764.65,784.05,806.1,835.88,869.82,908.99,955.12,1010.1,1063.8,1081.3,1095.9,1132.9,1196.7,1262,1328.5,1392.7,1454.6,1513.8,1563.4
772.87,761.28,753.87,744.71,735.68,737.45,734.35,737.79,744.18,752.82,767.01,786.34,808.38,838.21,872.02,911.05,956.96,1011.6,1064.9,1082.3,1096.8,1133.5,1196.8,1261.5,1327.2,1391.2,1452.7,1511.4,1561.1
773.94,762.38,755.33,746.12,736.9,739.33,736.02,739.97,746.29,754.85,769.34,788.56,810.63,840.48,874.18,913.1,958.74,1013.1,1066,1083.2,1097.7,1134,1196.9,1261.4,1326,1390.1,1451,1509.1,1558.8
775.01,763.48,756.79,747.53,738.13,741.21,737.7,742.14,748.4,756.88,771.67,790.82,812.8,842.74,876.28,915.13,960.53,1014.4,1067.1,1084.1,1098.5,1134.6,1197,1261,1325.3,1388.8,1449.3,1506.7,1556.7
776.08,764.57,758.25,748.94,739.35,743.09,739.37,744.31,750.51,758.91,774.01,793.09,814.91,844.98,878.38,917.15,962.28,1016,1068.2,1085.1,1099.4,1135.1,1197.1,1260.1,1324.3,1387.5,1447.9,1504.4,1554.4
777.15,765.67,759.71,750.35,740.57,744.97,741.05,746.49,752.63,760.94,776.34,795.35,817.04,847.19,880.49,919.16,964,1017.3,1069.3,1086.1,1100.3,1135.7,1197.2,1259.5,1323.2,1385.9,1446.6,1502.4,1552.2
778.22,766.77,761.16,751.76,741.8,746.85,742.72,748.66,754.74,762.98,778.68,797.62,819.19,849.42,882.54,921.1,965.71,1018.8,1070.4,1087,1101,1136.3,1197.2,1259.2,1322.3,1384.3,1444.7,1500.4,1550.1
779.29,767.87,762.62,753.17,743.02,748.73,744.4,750.84,756.85,765.01,781.01,799.88,821.34,851.64,884.57,923.08,967.37,1020.1,1071.4,1088,1101.9,1136.9,1197.2,1258.9,1321.6,1383.7,1442.7,1498.5,1548
780.36,768.97,764.08,754.58,744.25,750.61,746.07,753.01,758.96,767.04,783.34,802.15,823.49,853.86,886.59,925,969.05,1021.5,1072.5,1088.8,1102.7,1137.5,1197.3,1258.7,1321.1,1382.6,1441.1,1496.6,1546.2
781.43,770.06,765.54,755.99,745.47,752.49,747.75,755.19,761.08,769.07,785.68,804.41,825.64,856.08,888.61,926.92,970.69,1022.9,1073.5,1089.8,1103.5,1138,1197.3,1258.5,1320.5,1380.7,1439.4,1494.6,1544.6
782.5,771.16,767,757.4,746.7,754.37,749.42,757.36,763.19,771.1,788.01,806.67,827.79,858.31,890.62,928.83,972.34,1024.2,1074.5,1090.8,1104.4,1138.7,1197.6,1258.3,1319.4,1379.2,1437.6,1492.8,1543.1
783.57,772.26,768.46,758.81,747.92,756.25,751.1,759.54,765.3,773.14,790.35,808.94,829.94,860.53,892.64,930.74,973.95,1025.5,1075.5,1091.6,1105.2,1139.2,1197.9,1258,1318.4,1378,1436.3,1491.1,1541.5
784.64,773.36,769.92,760.22,749.15,758.13,752.77,761.71,767.41,775.17,792.68,811.2,832.09,862.75,894.65,932.66,975.55,1026.9,1076.5,1092.6,1106,1139.8,1198,1257.7,1317.6,1377.1,1435.2,1489.6,1539.7
785.71,774.45,771.38,761.64,750.37,760.01,754.45,763.89,769.53,777.2,795.01,813.47,834.25,864.98,896.67,934.57,977.16,1028.3,1077.5,1093.4,1106.9,1140.4,1198.3,1257.3,1316.9,1376.2,1433.6,1487.8,1537.2
786.78,775.55,772.84,763.05,751.59,761.9,756.12,766.06,771.64,779.23,797.35,815.73,836.4,867.2,898.69,936.48,978.76,1029.7,1078.5,1094.3,1107.6,1140.9,1198.4,1257,1316.4,1375.5,1432,1485.3,1535
787.85,776.65,774.3,764.46,752.82,763.78,757.8,768.23,773.75,781.26,799.68,818,838.55,869.42,900.7,938.39,980.36,1031,1079.5,1095.2,1108.4,1141.5,1198.6,1256.8,1316,1374.6,1430.2,1483.4,1533
788.92,777.75,775.76,765.87,754.04,765.66,759.47,770.41,775.87,783.3,802.01,820.26,840.7,871.65,902.72,940.31,981.97,1032.4,1080.6,1096.2,1109.1,1142.1,1198.7,1256.7,1315.7,1373.2,1428.7,1482,1531.8
789.99,778.84,777.22,767.28,755.27,767.54,761.15,772.58,777.98,785.33,804.35,822.52,842.85,873.87,904.74,942.22,983.57,1033.8,1081.7,1097.1,1109.9,1142.6,1198.9,1256.6,1314.8,1371.8,1427.5,1480.9,1530.9
791.06,779.94,778.68,768.69,756.49,769.42,762.82,774.76,780.09,787.36,806.68,824.79,845,876.09,906.75,944.13,985.17,1035.2,1082.7,1098,1110.6,1143.1,1199.1,1256.3,1314,1370.8,1426.5,1480,1528.4
792.13,781.04,780.14,770.1,757.72,771.3,764.5,776.93,782.2,789.39,809.02,827.05,847.15,878.31,908.77,946.05,986.77,1036.6,1083.8,1098.9,1111.4,1143.7,1199.2,1256,1313.4,1370,1425.7,1478.1,1525.8
793.2,782.14,781.6,771.51,758.94,773.18,766.17,779.11,784.32,791.43,811.35,829.32,849.3,880.54,910.78,947.96,988.38,1037.9,1084.9,1099.9,1112.1,1144.2,1199.3,1255.7,1312.8,1369.5,1424.4,1476,1524
794.27,783.23,783.06,772.92,760.17,775.06,767.85,781.28,786.43,793.46,813.68,831.58,851.45,882.76,912.8,949.87,989.98,1039.3,1085.9,1100.8,1112.8,1144.7,1199.4,1255.4,1312.4,1368.6,1423,1474.4,1522.4
795.34,784.33,784.52,774.33,761.39,776.94,769.52,783.46,788.54,795.49,816.02,833.85,853.6,884.98,914.82,951.78,991.58,1040.7,1087,1101.7,1113.6,1145.3,1199.5,1255.1,1311.9,1367.6,1421.6,1472.8,1521.2
796.41,785.43,785.98,775.74,762.61,778.82,771.2,785.63,790.65,797.52,818.35,836.11,855.75,887.21,916.83,953.7,993.18,1042.1,1088.1,1102.7,1114.3,1145.8,1199.6,1254.7,1311.5,1366.5,1420.2,1471.8,1520.1
797.48,786.53,787.44,777.15,763.84,780.7,772.87,787.81,792.77,799.55,820.69,838.38,857.9,889.43,918.85,955.61,994.79,1043.5,1089.1,1103.6,1115.1,1146.3,1199.7,1254.4,1311.1,1365.4,1419.4,1470.7,1518.9
798.55,787.62,788.9,778.56,765.06,782.58,774.55,789.98,794.88,801.59,823.02,840.64,860.05,891.65,920.86,957.52,996.39,1044.9,1090.2,1104.5,1115.8,1146.9,1199.8,1254.1,1310.7,1364.4,1418.7,1469.6,1517.2
799.62,788.72,790.35,779.97,766.29,784.46,776.22,792.16,796.99,803.62,825.35,842.9,862.2,893.88,922.88,959.43,997.99,1046.2,1091.2,1105.5,1116.6,1147.4,1199.9,1253.8,1310.3,1363.3,1417.9,1468.5,1515.4
800.69,789.82,791.81,781.38,767.51,786.34,777.9,794.33,799.1,805.65,827.69,845.17,864.35,896.1,924.9,961.35,999.59,1047.6,1092.3,1106.4,1117.3,1147.9,1200,1253.5,1309.9,1362.2,1417.2,1467.4,1513.8
801.76,790.92,793.27,782.79,768.74,788.23,779.57,796.5,801.22,807.68,830.02,847.43,866.5,898.32,926.91,963.26,1001.2,1049,1093.4,1107.3,1118.1,1148.5,1200.1,1253.1,1309.5,1361.2,1416.4,1466.4,1512.4
802.83,792.02,794.73,784.2,769.97,790.12,781.24,798.67,803.34,809.71,832.35,849.69,868.65,900.54,928.92,965.17,1002.81,1050.4,1094.5,1108.2,1118.9,1149.1,1200.2,1252.7,1309.1,1360.2,1415.6,1465.4,1511
803.9,793.12,796.19,785.61,771.2,792.01,782.91,800.84,805.46,811.74,834.68,851.95,870.8,902.76,930.93,967.08,1004.42,1051.8,1095.6,1109.1,1119.7,1149.7,1200.3,1252.3,1308.7,1359.2,1414.8,1464.4,1509.6
804.97,794.22,797.65,787.02,772.43,793.9,784.58,803.01,807.58,813.77,837.01,854.21,872.95,904.98,932.94,968.99,1006.03,1053.2,1096.7,1110,1120.5,1150.3,1200.4,1251.9,1308.3,1358.2,1414,1463.4,1508.2
806.04,795.32,799.11,788.43,773.66,795.79,786.25,805.18,809.7,815.8,839.34,856.47,875.1,907.2,934.95,970.9,1007.64,1054.6,1097.8,1110.9,1121.3,1150.9,1200.5,1251.5,1307.9,1357.2,1413.2,1462.4,1506.8
807.109999999999,796.419999999999,800.57,789.84,774.89,797.68,787.92,807.35,811.82,817.83,841.669999999999,858.73,877.25,909.42,936.96,972.809999999999,1009.25,1056,1098.9,1111.8,1122.1,1151.5,1200.6,1251.1,1307.5,1356.2,1412.4,1461.4,1505.4
808.179999999999,797.52,802.03,791.25,776.120000000001,799.570000000001,789.590000000001,809.52,813.94,819.86,843.999999999999,860.99,879.4,911.64,938.97,974.719999999999,1010.86,1057.4,1100,1112.7,1122.9,1152.1,1200.7,1250.7,1307.1,1355.2,1411.6,1460.4,1504
809.25,798.619999999999,803.49,792.66,777.35,801.46,791.26,811.69,816.06,821.889999999999,846.33,863.25,881.55,913.860000000001,940.98,976.63,1012.47,1058.8,1101.1,1113.6,1123.7,1152.7,1200.8,1250.3,1306.7,1354.2,1410.8,1459.4,1502.6
810.32,799.719999999999,804.950000000001,794.07,778.58,803.349999999999,792.93,813.86,818.18,823.92,848.66,865.51,883.7,916.08,942.990000000001,978.54,1014.08,1060.2,1102.2,1114.5,1124.5,1153.3,1200.9,1249.9,1306.3,1353.2,1410,1458.4,1501.2
811.389999999999,800.82,806.410000000001,795.48,779.809999999999,805.24,794.600000000001,816.03,820.3,825.95,850.99,867.77,885.849999999999,918.3,945,980.450000000001,1015.69,1061.6,1103.3,1115.4,1125.3,1153.9,1201,1249.5,1305.9,1352.2,1409.2,1457.4,1499.8
812.46,801.919999999998,807.87,796.889999999999,781.039999999999,807.13,796.27,818.2,822.42,827.98,853.319999999998,870.030000000001,888,920.52,947.01,982.360000000001,1017.3,1063,1104.4,1116.3,1126.1,1154.5,1201.1,1249.1,1305.5,1351.2,1408.4,1456.4,1498.4
813.529999999999,803.019999999999,809.33,798.299999999999,782.27,809.02,797.940000000001,820.369999999999,824.539999999999,830.01,855.65,872.290000000001,890.15,922.74,949.02,984.269999999999,1018.91,1064.4,1105.5,1117.2,1126.9,1155.1,1201.2,1248.7,1305.1,1350.2,1407.6,1455.4,1497
814.599999999999,804.119999999999,810.790000000001,799.710000000001,783.500000000002,810.91,799.610000000001,822.539999999999,826.66,832.040000000001,857.98,874.550000000001,892.299999999999,924.959999999999,951.030000000001,986.179999999998,1020.52,1065.8,1106.6,1118.1,1127.7,1155.7,1201.3,1248.3,1304.7,1349.2,1406.8,1454.4,1495.6
815.669999999998,805.219999999999,812.25,801.119999999999,784.730000000001,812.800000000001,801.280000000002,824.709999999999,828.779999999999,834.07,860.309999999998,876.809999999999,894.449999999999,927.18,953.040000000001,988.089999999998,1022.13,1067.2,1107.7,1119,1128.5,1156.3,1201.4,1247.9,1304.3,1348.2,1406,1453.4,1494.2
816.74,806.319999999998,813.709999999999,802.529999999999,785.960000000001,814.690000000001,802.950000000001,826.879999999999,830.900000000001,836.099999999999,862.639999999999,879.07,896.6,929.400000000001,955.049999999999,990,1023.74,1068.6,1108.8,1119.9,1129.3,1156.9,1201.5,1247.5,1303.9,1347.2,1405.2,1452.4,1492.8
817.809999999999,807.419999999998,815.17,803.939999999999,787.190000000001,816.58,804.620000000001,829.049999999999,833.02,838.129999999999,864.969999999999,881.33,898.75,931.620000000001,957.059999999999,991.91,1025.35,1070,1109.9,1120.8,1130.1,1157.5,1201.6,1247.1,1303.5,1346.2,1404.4,1451.4,1491.4
818.879999999999,808.519999999999,816.630000000001,805.35,788.42,818.469999999999,806.290000000001,831.219999999999,835.139999999999,840.16,867.299999999999,883.59,900.9,933.84,959.07,993.82,1026.96,1071.4,1111,1121.7,1130.9,1158.1,1201.7,1246.7,1303.1,1345.2,1403.6,1450.4,1490
819.949999999999,809.619999999999,818.090000000002,806.76,789.65,820.359999999999,807.960000000001,833.389999999999,837.26,842.190000000001,869.629999999999,885.85,903.049999999999,936.059999999999,961.080000000002,995.73,1028.57,1072.8,1112.1,1122.59999999999,1131.7,1158.7,1201.8,1246.3,1302.7,1344.2,1402.8,1449.4,1488.6
821.019999999999,810.719999999999,819.550000000001,808.169999999998,790.879999999999,822.25,809.630000000003,835.559999999999,839.379999999999,844.219999999999,871.959999999997,888.109999999999,905.199999999999,938.280000000001,963.09,997.639999999999,1030.18,1074.2,1113.2,1123.5,1132.5,1159.3,1201.9,1245.9,1302.3,1343.2,1402,1448.4,1487.2
822.09,811.819999999998,821.01,809.58,792.109999999999,824.139999999999,811.300000000001,837.73,841.500000000002,846.249999999998,874.290000000001,890.369999999999,907.349999999999,940.5,965.100000000002,999.549999999999,1031.79,1075.6,1114.3,1124.4,1133.3,1159.9,1202,1245.5,1301.9,1342.2,1401.2,1447.4,1485.8
823.159999999998,812.919999999998,822.469999999999,810.99,793.34,826.030000000001,812.970000000001,839.9,843.619999999999,848.279999999999,876.619999999995,892.630000000001,909.5,942.720000000001,967.110000000001,1001.46,1033.4,1077,1115.4,1125.3,1134.1,1160.5,1202.1,1245.1,1301.5,1341.2,1400.4,1446.4,1484.4
824.23,814.019999999997,823.93,812.399999999998,794.57,827.920000000002,814.640000000001,842.07,845.739999999998,850.310000000001,878.949999999997,894.889999999999,911.649999999998,944.939999999999,969.120000000003,1003.37,1035.01,1078.4,1116.5,1126.2,1134.9,1161.1,1202.2,1244.7,1301.1,1340.2,1399.6,1445.4,1483
825.299999999999,815.119999999999,825.389999999999,813.809999999998,795.799999999999,829.810000000001,816.310000000001,844.239999999998,847.860000000001,852.34,881.279999999999,897.150000000001,913.799999999999,947.16,971.130000000001,1005.28,1036.62,1079.8,1117.6,1127.09999999999,1135.7,1161.7,1202.3,1244.3,1300.7,1339.2,1398.8,1444.4,1481.60000000001
826.369999999995,816.219999999998,826.850000000002,815.219999999998,797.030000000002,831.700000000001,817.98,846.41,849.98,854.369999999999,883.609999999997,899.41,915.950000000001,949.380000000001,973.139999999999,1007.19,1038.23,1081.2,1118.7,1128,1136.5,1162.3,1202.4,1243.9,1300.3,1338.2,1398,1443.4,1480.2
827.439999999999,817.32,828.310000000001,816.630000000001,798.260000000002,833.59,819.650000000001,848.579999999998,852.099999999999,856.400000000001,885.939999999999,901.670000000002,918.099999999999,951.599999999999,975.150000000001,1009.1,1039.84,1082.6,1119.80000000001,1128.9,1137.3,1162.9,1202.5,1243.5,1299.9,1337.2,1397.2,1442.39999999999,1478.8
828.509999999998,818.419999999998,829.77,818.040000000001,799.490000000002,835.48,821.32,850.75,854.220000000001,858.43,888.27,903.93,920.25,953.82,977.16,1011.01,1041.45,1084,1120.9,1129.8,1138.1,1163.5,1202.6,1243.1,1299.5,1336.2,1396.4,1441.4,1477.4
829.579999999998,819.52,831.230000000003,819.449999999997,800.720000000001,837.369999999999,822.990000000005,852.919999999998,856.34,860.459999999999,890.599999999999,906.189999999999,922.399999999998,956.040000000001,979.170000000002,1012.92,1043.06,1085.4,1122,1130.7,1138.9,1164.1,1202.7,1242.7,1299.1,1335.2,1395.6,1440.4,1476.00000000001
830.649999999998,820.619999999995,832.689999999999,820.860000000001,801.950000000001,839.260000000002,824.660000000003,855.09,858.459999999999,862.489999999998,892.929999999997,908.449999999997,924.549999999999,958.260000000002,981.18,1014.83,1044.67,1086.8,1123.10000000001,1131.59999999999,1139.7,1164.7,1202.8,1242.3,1298.7,1334.2,1394.8,1439.4,1474.60000000001
831.720000000001,821.719999999998,834.149999999998,822.27,803.18,841.150000000001,826.330000000002,857.259999999998,860.580000000002,864.519999999997,895.259999999998,910.709999999999,926.700000000001,960.480000000003,983.189999999999,1016.74,1046.28,1088.2,1124.2,1132.49999999999,1140.5,1165.3,1202.89999999999,1241.89999999999,1298.3,1333.2,1394.00000000001,1438.4,1473.2
832.789999999997,822.819999999996,835.610000000001,823.679999999997,804.41,843.040000000001,828.000000000004,859.43,862.700000000001,866.549999999999,897.589999999997,912.969999999998,928.849999999999,962.700000000001,985.200000000001,1018.65,1047.89,1089.6,1125.3,1133.4,1141.3,1165.89999999999,1203,1241.5,1297.89999999999,1332.2,1393.2,1437.39999999999,1471.8
833.860000000001,823.919999999998,837.07,825.089999999997,805.639999999999,844.93,829.670000000002,861.599999999999,864.82,868.579999999998,899.919999999998,915.23,931,964.920000000002,987.209999999999,1020.56,1049.5,1091,1126.4,1134.3,1142.1,1166.5,1203.1,1241.1,1297.5,1331.2,1392.4,1436.4,1470.4
834.929999999997,825.019999999997,838.530000000002,826.5,806.869999999999,846.82,831.340000000004,863.77,866.939999999999,870.610000000001,902.249999999996,917.489999999998,933.149999999998,967.139999999999,989.220000000001,1022.47,1051.11,1092.4,1127.50000000001,1135.2,1142.9,1167.1,1203.2,1240.7,1297.1,1330.2,1391.6,1435.4,1469.00000000001
835.999999999996,826.119999999995,839.990000000002,827.91,808.100000000002,848.709999999999,833.010000000002,865.939999999999,869.060000000001,872.639999999999,904.579999999998,919.75,935.299999999999,969.360000000001,991.23,1024.38,1052.72,1093.8,1128.60000000001,1136.1,1143.7,1167.7,1203.3,1240.3,1296.7,1329.2,1390.8,1434.4,1467.60000000001
837.07,827.219999999998,841.450000000001,829.32,809.330000000002,850.599999999999,834.68,868.109999999997,871.18,874.669999999998,906.91,922.010000000002,937.450000000001,971.580000000002,993.239999999998,1026.29,1054.33,1095.2,1129.7,1136.99999999999,1144.49999999999,1168.3,1203.39999999999,1239.89999999999,1296.3,1328.2,1390.00000000001,1433.4,1466.2
838.139999999996,828.319999999996,842.910000000003,830.73,810.560000000001,852.489999999998,836.350000000002,870.279999999999,873.299999999999,876.700000000001,909.239999999998,924.27,939.599999999999,973.799999999999,995.25,1028.2,1055.94,1096.60000000001,1130.8,1137.89999999999,1145.3,1168.89999999999,1203.5,1239.5,1295.89999999999,1327.2,1389.2,1432.39999999999,1464.8
839.209999999999,829.419999999998,844.370000000003,832.139999999999,811.790000000001,854.379999999997,838.02,872.449999999997,875.420000000002,878.73,911.57,926.530000000002,941.75,976.02,997.260000000002,1030.11,1057.55,1098,1131.9,1138.8,1146.1,1169.5,1203.6,1239.1,1295.5,1326.2,1388.4,1431.4,1463.4
840.279999999995,830.519999999997,845.830000000002,833.549999999999,813.02,856.27,839.690000000002,874.619999999999,877.539999999997,880.760000000002,913.899999999994,928.790000000001,943.899999999998,978.240000000002,999.269999999997,1032.02,1059.16,1099.4,1133.00000000001,1139.7,1146.9,1170.1,1203.7,1238.7,1295.1,1325.2,1387.6,1430.4,1462.00000000001
841.349999999999,831.619999999999,847.290000000001,834.959999999995,814.25,858.16,841.360000000004,876.789999999997,879.66,882.789999999997,916.229999999996,931.049999999999,946.049999999999,980.459999999999,1001.28000000001,1033.92999999999,1060.77,1100.8,1134.10000000001,1140.6,1147.7,1170.7,1203.8,1238.3,1294.7,1324.2,1386.8,1429.4,1460.60000000001
842.419999999998,832.719999999994,848.75,836.369999999999,815.48,860.049999999999,843.030000000002,878.959999999999,881.780000000002,884.819999999996,918.559999999998,933.309999999998,948.199999999997,982.68,1003.29,1035.84,1062.38,1102.2,1135.2,1141.49999999999,1148.49999999999,1171.3,1203.89999999999,1237.89999999999,1294.3,1323.2,1386.00000000001,1428.4,1459.2
843.489999999998,833.819999999996,850.210000000003,837.779999999999,816.709999999999,861.939999999999,844.700000000004,881.129999999997,883.900000000001,886.849999999999,920.889999999999,935.57,950.349999999999,984.900000000001,1005.3,1037.75,1063.99,1103.60000000001,1136.3,1142.39999999999,1149.3,1171.89999999999,1204,1237.5,1293.89999999999,1322.2,1385.2,1427.39999999999,1457.8
844.559999999994,834.919999999995,851.670000000002,839.189999999999,817.939999999999,863.829999999998,846.370000000003,883.299999999999,886.020000000004,888.879999999997,923.219999999994,937.830000000002,952.5,987.120000000003,1007.31,1039.66,1065.60000000001,1105,1137.4,1143.3,1150.1,1172.5,1204.1,1237.1,1293.5,1321.2,1384.4,1426.4,1456.4
845.629999999997,836.019999999997,853.129999999997,840.600000000002,819.170000000002,865.720000000001,848.040000000005,885.469999999998,888.139999999996,890.909999999996,925.549999999996,940.089999999997,954.650000000001,989.340000000004,1009.32,1041.57,1067.21,1106.4,1138.50000000001,1144.2,1150.9,1173.1,1204.2,1236.7,1293.1,1320.2,1383.6,1425.4,1455.00000000001
846.699999999997,837.119999999995,854.590000000004,842.010000000002,820.400000000001,867.610000000001,849.710000000003,887.639999999999,890.259999999995,892.940000000002,927.879999999997,942.349999999999,956.799999999996,991.559999999998,1011.33,1043.48,1068.82,1107.8,1139.60000000001,1145.1,1151.7,1173.7,1204.3,1236.3,1292.7,1319.2,1382.8,1424.4,1453.60000000001
847.769999999997,838.219999999994,856.050000000003,843.419999999998,821.629999999997,869.5,851.380000000005,889.809999999998,892.379999999997,894.970000000001,930.209999999992,944.610000000001,958.949999999997,993.779999999999,1013.34,1045.39,1070.43,1109.2,1140.7,1145.99999999999,1152.49999999999,1174.3,1204.39999999999,1235.89999999999,1292.3,1318.2,1382.00000000001,1423.4,1452.2
848.839999999997,839.32,857.510000000002,844.829999999994,822.860000000001,871.389999999999,853.050000000003,891.979999999996,894.5,897,932.540000000001,946.870000000003,961.099999999999,996,1015.35,1047.3,1072.04,1110.60000000001,1141.80000000001,1146.89999999999,1153.3,1174.89999999999,1204.49999999999,1235.49999999999,1291.89999999999,1317.2,1381.2,1422.39999999999,1450.8
849.909999999996,840.419999999998,858.970000000001,846.239999999998,824.090000000004,873.279999999999,854.720000000001,894.150000000001,896.620000000003,899.029999999999,934.869999999995,949.129999999997,963.25,998.220000000001,1017.36,1049.21,1073.65,1112.00000000001,1142.9,1147.79999999999,1154.1,1175.49999999999,1204.6,1235.1,1291.49999999999,1316.2,1380.4,1421.40000000001,1449.40000000001
850.979999999996,841.519999999997,860.430000000008,847.649999999994,825.32,875.169999999998,856.389999999999,896.32,898.740000000005,901.059999999998,937.199999999997,951.389999999999,965.400000000001,1000.44,1019.37,1051.12,1075.26,1113.4,1144.00000000001,1148.7,1154.9,1176.1,1204.7,1234.7,1291.1,1315.2,1379.6,1420.39999999999,1448
852.049999999996,842.619999999995,861.889999999999,849.059999999998,826.550000000003,877.059999999998,858.060000000005,898.489999999998,900.859999999993,903.090000000004,939.529999999999,953.650000000001,967.549999999996,1002.66,1021.38,1053.02999999999,1076.87,1114.8,1145.10000000001,1149.59999999999,1155.7,1176.7,1204.8,1234.3,1290.7,1314.2,1378.8,1419.40000000001,1446.60000000002
853.119999999995,843.719999999994,863.349999999999,850.470000000001,827.780000000006,878.950000000004,859.730000000003,900.659999999996,902.979999999996,905.120000000003,941.859999999993,955.910000000003,969.699999999997,1004.88,1023.39,1054.94,1078.48,1116.2,1146.20000000001,1150.49999999999,1156.5,1177.3,1204.89999999999,1233.89999999999,1290.3,1313.2,1378,1418.39999999999,1445.20000000001
854.189999999995,844.82,864.810000000005,851.879999999997,829.010000000002,880.839999999997,861.400000000001,902.829999999994,905.099999999999,907.150000000001,944.189999999995,958.170000000006,971.849999999999,1007.1,1025.4,1056.85,1080.09,1117.60000000001,1147.30000000001,1151.39999999999,1157.3,1177.89999999999,1204.99999999999,1233.49999999999,1289.89999999999,1312.2,1377.2,1417.39999999999,1443.8
855.260000000002,845.919999999998,866.269999999997,853.290000000001,830.239999999998,882.730000000003,863.07,905,907.220000000001,909.18,946.519999999997,960.43,974,1009.32,1027.41,1058.76,1081.7,1119.00000000001,1148.4,1152.29999999999,1158.1,1178.49999999999,1205.1,1233.1,1289.49999999999,1311.2,1376.40000000001,1416.40000000001,1442.40000000001
856.329999999994,847.019999999997,867.730000000003,854.700000000004,831.470000000001,884.619999999995,864.739999999998,907.169999999998,909.340000000004,911.209999999999,948.849999999999,962.690000000002,976.150000000001,1011.54,1029.42,1060.67,1083.31,1120.4,1149.50000000001,1153.2,1158.9,1179.1,1205.2,1232.7,1289.09999999999,1310.20000000001,1375.60000000001,1415.39999999999,1441
857.399999999994,848.119999999995,869.190000000002,856.109999999993,832.700000000004,886.510000000002,866.410000000003,909.339999999997,911.459999999999,913.240000000005,951.179999999993,964.950000000004,978.299999999996,1013.75999999999,1031.43,1062.57999999999,1084.92000000001,1121.8,1150.60000000001,1154.09999999999,1159.7,1179.7,1205.3,1232.29999999999,1288.7,1309.2,1374.8,1414.40000000001,1439.60000000002
858.470000000001,849.220000000001,870.650000000001,857.519999999997,833.93,888.399999999994,868.080000000009,911.509999999995,913.580000000002,915.269999999997,953.510000000002,967.209999999999,980.449999999997,1015.98,1033.44,1064.49,1086.53,1123.2,1151.70000000001,1154.99999999999,1160.5,1180.3,1205.39999999999,1231.89999999999,1288.29999999999,1308.2,1374,1413.39999999999,1438.20000000001
859.540000000001,850.319999999992,872.110000000001,858.93,835.159999999996,890.290000000001,869.750000000007,913.68,915.699999999997,917.299999999996,955.839999999997,969.469999999994,982.599999999999,1018.2,1035.45,1066.4,1088.14,1124.60000000001,1152.80000000001,1155.89999999999,1161.3,1180.89999999999,1205.5,1231.5,1287.89999999999,1307.2,1373.2,1412.39999999999,1436.8
860.609999999993,851.419999999991,873.57,860.339999999997,836.389999999999,892.18,871.420000000006,915.849999999999,917.82,919.329999999994,958.169999999991,971.729999999996,984.75,1020.42000000001,1037.46,1068.31,1089.75,1126.00000000001,1153.90000000001,1156.79999999999,1162.09999999999,1181.49999999999,1205.59999999999,1231.09999999999,1287.5,1306.2,1372.40000000001,1411.40000000001,1435.40000000001
861.68,852.51999999999,875.029999999999,861.75,837.620000000003,894.07,873.090000000004,918.019999999997,919.940000000002,921.359999999993,960.5,973.989999999998,986.900000000001,1022.64000000001,1039.46999999999,1070.22,1091.36,1127.40000000001,1155.00000000001,1157.69999999999,1162.9,1182.09999999999,1205.7,1230.7,1287.09999999999,1305.20000000001,1371.60000000001,1410.39999999999,1434
862.75,853.619999999995,876.489999999998,863.160000000003,838.849999999999,895.959999999999,874.760000000009,920.189999999995,922.059999999998,923.389999999999,962.829999999994,976.25,989.049999999996,1024.86,1041.48,1072.13,1092.97,1128.8,1156.10000000001,1158.59999999999,1163.7,1182.7,1205.79999999999,1230.29999999999,1286.7,1304.2,1370.8,1409.40000000001,1432.60000000002
863.819999999992,854.719999999994,877.950000000004,864.57,840.080000000002,897.849999999999,876.430000000008,922.360000000001,924.18,925.419999999998,965.159999999996,978.509999999995,991.199999999997,1027.08,1043.49,1074.03999999999,1094.58,1130.2,1157.20000000001,1159.49999999999,1164.5,1183.29999999999,1205.89999999999,1229.89999999999,1286.29999999999,1303.2,1370,1408.39999999999,1431.20000000001
864.889999999992,855.819999999992,879.410000000003,865.979999999996,841.310000000005,899.739999999998,878.100000000006,924.529999999999,926.300000000003,927.449999999997,967.489999999991,980.769999999997,993.349999999999,1029.3,1045.5,1075.95,1096.19,1131.60000000001,1158.3,1160.39999999999,1165.3,1183.89999999999,1206,1229.5,1285.89999999999,1302.2,1369.2,1407.39999999999,1429.8
865.959999999999,856.919999999991,880.870000000003,867.389999999992,842.540000000001,901.629999999997,879.770000000004,926.699999999997,928.419999999998,929.479999999996,969.82,983.029999999999,995.5,1031.52,1047.50999999999,1077.86,1097.8,1133.00000000001,1159.40000000001,1161.3,1166.09999999999,1184.5,1206.09999999999,1229.09999999999,1285.5,1301.2,1368.40000000001,1406.40000000001,1428.40000000001
867.029999999999,858.019999999997,882.330000000002,868.799999999996,843.769999999997,903.519999999997,881.440000000002,928.869999999995,930.540000000001,931.509999999995,972.149999999994,985.290000000001,997.650000000001,1033.74000000001,1049.52,1079.77,1099.41,1134.40000000001,1160.5,1162.19999999998,1166.89999999999,1185.09999999999,1206.2,1228.7,1285.09999999999,1300.20000000001,1367.60000000001,1405.39999999999,1427
868.099999999991,859.119999999995,883.790000000008,870.209999999999,845,905.409999999996,883.110000000008,931.040000000001,932.659999999996,933.540000000001,974.479999999996,987.549999999996,999.799999999996,1035.96,1051.53,1081.67999999999,1101.02,1135.8,1161.60000000002,1163.09999999999,1167.7,1185.7,1206.29999999999,1228.29999999999,1284.7,1299.2,1366.8,1404.40000000001,1425.60000000002
869.169999999998,860.219999999994,885.25,871.619999999995,846.230000000003,907.299999999996,884.780000000006,933.209999999999,934.779999999999,935.57,976.809999999998,989.809999999998,1001.95,1038.18,1053.54,1083.59,1102.63,1137.20000000001,1162.70000000001,1163.99999999999,1168.5,1186.29999999999,1206.39999999999,1227.89999999999,1284.29999999999,1298.2,1366,1403.39999999999,1424.20000000001
870.239999999998,861.319999999992,886.709999999999,873.029999999999,847.459999999999,909.190000000002,886.450000000004,935.379999999997,936.900000000001,937.599999999999,979.139999999992,992.07,1004.1,1040.4,1055.55,1085.5,1104.24,1138.60000000001,1163.8,1164.89999999999,1169.3,1186.89999999999,1206.5,1227.5,1283.89999999999,1297.2,1365.2,1402.39999999999,1422.8
871.30999999999,862.419999999991,888.170000000006,874.440000000002,848.690000000002,911.080000000002,888.120000000003,937.549999999996,939.020000000004,939.629999999997,981.469999999994,994.330000000002,1006.25,1042.62,1057.56,1087.41,1105.85,1140,1164.90000000001,1165.8,1170.09999999999,1187.5,1206.59999999999,1227.09999999999,1283.5,1296.2,1364.40000000001,1401.40000000001,1421.40000000001
872.379999999997,863.519999999997,889.629999999997,875.849999999999,849.920000000006,912.970000000001,889.790000000001,939.719999999994,941.140000000007,941.659999999996,983.799999999996,996.590000000004,1008.4,1044.84,1059.57,1089.32,1107.46000000001,1141.40000000001,1166,1166.69999999998,1170.89999999999,1188.09999999999,1206.7,1226.7,1283.09999999999,1295.20000000001,1363.60000000001,1400.39999999999,1420
873.449999999997,864.619999999995,891.090000000004,877.260000000002,851.150000000001,914.860000000001,891.460000000006,941.889999999999,943.259999999995,943.690000000002,986.129999999997,998.849999999999,1010.55,1047.06,1061.58,1091.23,1109.07000000001,1142.8,1167.10000000002,1167.59999999999,1171.7,1188.7,1206.79999999999,1226.29999999999,1282.7,1294.2,1362.8,1399.40000000001,1418.60000000002
874.519999999997,865.719999999994,892.550000000003,878.669999999998,852.379999999997,916.75,893.130000000005,944.059999999998,945.379999999997,945.720000000001,988.459999999992,1001.11,1012.7,1049.28,1063.59,1093.14,1110.68000000001,1144.20000000001,1168.20000000001,1168.49999999999,1172.5,1189.29999999999,1206.89999999999,1225.89999999999,1282.29999999999,1293.2,1362,1398.39999999999,1417.20000000001
875.589999999997,866.819999999992,894.010000000002,880.079999999994,853.610000000001,918.639999999999,894.800000000003,946.229999999996,947.5,947.75,990.790000000001,1003.37,1014.85,1051.5,1065.6,1095.04999999999,1112.28999999999,1145.60000000001,1169.3,1169.39999999999,1173.3,1189.89999999999,1207,1225.5,1281.89999999999,1292.2,1361.2,1397.39999999999,1415.8
876.659999999996,867.919999999998,895.470000000001,881.489999999998,854.840000000004,920.529999999999,896.470000000001,948.399999999994,949.620000000003,949.779999999999,993.119999999995,1005.63,1017,1053.72,1067.61,1096.96000000001,1113.89999999999,1147,1170.40000000001,1170.3,1174.09999999999,1190.5,1207.09999999999,1225.09999999999,1281.5,1291.2,1360.40000000001,1396.40000000001,1414.40000000001
877.729999999996,869.019999999997,896.930000000008,882.899999999994,856.07,922.419999999998,898.139999999999,950.57,951.740000000005,951.809999999998,995.449999999997,1007.89,1019.15,1055.94,1069.62000000001,1098.87,1115.51000000001,1148.40000000001,1171.5,1171.19999999998,1174.89999999999,1191.09999999999,1207.2,1224.7,1281.09999999999,1290.20000000001,1359.60000000001,1395.39999999999,1413
878.799999999988,870.119999999995,898.390000000007,884.309999999998,857.300000000003,924.309999999998,899.810000000005,952.739999999998,953.860000000001,953.840000000004,997.779999999992,1010.15,1021.3,1058.16,1071.62999999999,1100.78,1117.12000000001,1149.8,1172.60000000002,1172.09999999999,1175.7,1191.7,1207.29999999999,1224.29999999999,1280.7,1289.2,1358.8,1394.40000000001,1411.60000000002
879.869999999995,871.219999999994,899.849999999999,885.720000000001,858.530000000006,926.200000000004,901.480000000003,954.909999999996,955.979999999996,955.870000000003,1000.10999999999,1012.41,1023.45,1060.38,1073.64,1102.69,1118.73,1151.20000000001,1173.70000000001,1172.99999999999,1176.5,1192.29999999999,1207.39999999999,1223.89999999999,1280.29999999999,1288.2,1358,1393.39999999999,1410.20000000001
880.939999999995,872.32,901.310000000005,887.129999999997,859.760000000002,928.089999999997,903.150000000009,957.079999999994,958.099999999999,957.899999999994,1002.44,1014.67,1025.6,1062.59999999999,1075.65000000001,1104.59999999999,1120.34,1152.60000000001,1174.8,1173.89999999999,1177.3,1192.89999999999,1207.5,1223.5,1279.89999999999,1287.2,1357.2,1392.39999999999,1408.8
882.009999999995,873.419999999991,902.770000000004,888.539999999994,860.989999999998,929.980000000003,904.820000000007,959.25,960.220000000001,959.929999999993,1004.76999999999,1016.92999999999,1027.75,1064.82000000001,1077.66,1106.50999999999,1121.95,1154,1175.90000000001,1174.8,1178.09999999999,1193.5,1207.59999999999,1223.09999999999,1279.5,1286.2,1356.40000000001,1391.40000000001,1407.40000000001
883.079999999994,874.51999999999,904.230000000003,889.949999999997,862.220000000001,931.869999999995,906.490000000005,961.419999999998,962.340000000004,961.959999999992,1007.1,1019.19,1029.89999999999,1067.03999999999,1079.67,1108.42,1123.56000000001,1155.40000000001,1177,1175.69999999998,1178.89999999999,1194.09999999999,1207.7,1222.7,1279.09999999999,1285.20000000001,1355.60000000001,1390.39999999999,1406
884.149999999994,875.619999999988,905.690000000002,891.359999999993,863.450000000004,933.760000000002,908.160000000011,963.589999999997,964.459999999999,963.989999999998,1009.42999999999,1021.45,1032.05,1069.26000000001,1081.67999999999,1110.33,1125.17,1156.8,1178.10000000002,1176.59999999999,1179.7,1194.7,1207.79999999999,1222.29999999999,1278.7,1284.2,1354.8,1389.40000000001,1404.60000000002
885.219999999994,876.719999999994,907.150000000009,892.769999999997,864.68,935.649999999994,909.830000000009,965.759999999995,966.580000000002,966.019999999997,1011.75999999999,1023.71000000001,1034.2,1071.48,1083.69,1112.23999999999,1126.78,1158.20000000001,1179.20000000001,1177.49999999999,1180.5,1195.29999999999,1207.89999999999,1221.89999999999,1278.29999999999,1283.2,1354,1388.39999999999,1403.20000000001
886.290000000001,877.819999999992,908.610000000001,894.18,865.909999999996,937.540000000001,911.500000000007,967.93,968.700000000004,968.049999999996,1014.09,1025.97,1036.34999999999,1073.7,1085.70000000001,1114.14999999999,1128.39,1159.60000000001,1180.3,1178.39999999999,1181.3,1195.89999999999,1208,1221.5,1277.89999999999,1282.2,1353.2,1387.39999999999,1401.8
887.359999999993,878.919999999991,910.07,895.589999999997,867.139999999999,939.43,913.170000000006,970.099999999999,970.82,970.079999999994,1016.41999999998,1028.23000000001,1038.5,1075.92,1087.70999999999,1116.06,1130,1161,1181.40000000001,1179.3,1182.09999999999,1196.5,1208.09999999999,1221.09999999999,1277.5,1281.2,1352.40000000001,1386.40000000001,1400.40000000001
888.429999999986,880.01999999999,911.530000000006,897,868.370000000003,941.32,914.840000000004,972.269999999997,972.94000000001,972.109999999993,1018.75,1030.49000000001,1040.64999999999,1078.14,1089.72,1117.96999999999,1131.61,1162.40000000001,1182.5,1180.19999999998,1182.89999999999,1197.09999999999,1208.2,1220.7,1277.09999999999,1280.20000000001,1351.60000000001,1385.39999999999,1399
889.5,881.119999999995,912.990000000005,898.410000000003,869.599999999999,943.209999999999,916.510000000009,974.439999999995,975.060000000005,974.139999999999,1021.08,1032.75,1042.8,1080.36,1091.73,1119.88,1133.22,1163.8,1183.60000000002,1181.09999999999,1183.7,1197.7,1208.29999999999,1220.29999999999,1276.7,1279.2,1350.8,1384.40000000001,1397.60000000002
890.569999999992,882.220000000001,914.449999999997,899.82,870.830000000002,945.100000000006,918.180000000008,976.610000000001,977.179999999993,976.169999999998,1023.40999999999,1035.00999999999,1044.95,1082.58,1093.74000000001,1121.78999999999,1134.83,1165.20000000001,1184.70000000001,1181.99999999999,1184.5,1198.29999999999,1208.39999999999,1219.89999999999,1276.29999999999,1278.2,1350,1383.39999999999,1396.20000000001
891.639999999999,883.319999999992,915.910000000003,901.229999999996,872.060000000005,946.990000000005,919.849999999999,978.779999999999,979.299999999988,978.200000000012,1025.73999999999,1037.27,1047.09999999999,1084.79999999999,1095.75,1123.7,1136.44,1166.60000000001,1185.80000000002,1182.89999999999,1185.29999999999,1198.89999999999,1208.49999999999,1219.49999999999,1275.89999999999,1277.2,1349.20000000001,1382.40000000001,1394.80000000002
892.709999999992,884.419999999998,917.37000000001,902.639999999999,873.290000000001,948.87999999999,921.520000000004,980.949999999997,981.419999999998,980.229999999996,1028.06999999999,1039.53,1049.25,1087.02,1097.75999999999,1125.61,1138.04999999999,1168.00000000001,1186.90000000001,1183.79999999999,1186.09999999999,1199.49999999999,1208.59999999999,1219.09999999999,1275.49999999999,1276.2,1348.40000000001,1381.39999999999,1393.40000000001
893.779999999984,885.51999999999,918.830000000016,904.050000000003,874.520000000004,950.76999999999,923.190000000017,983.119999999995,983.539999999994,982.259999999995,1030.39999999999,1041.78999999999,1051.39999999999,1089.24000000001,1099.77,1127.51999999999,1139.66,1169.40000000001,1188,1184.69999999998,1186.89999999999,1200.09999999999,1208.7,1218.7,1275.09999999999,1275.20000000001,1347.60000000001,1380.39999999999,1392.00000000001
894.850000000006,886.619999999981,920.289999999994,905.459999999992,875.75,952.660000000003,924.860000000001,985.289999999994,985.660000000003,984.289999999994,1032.73,1044.05,1053.55,1091.46000000001,1101.78,1129.43000000001,1141.27,1170.8,1189.10000000002,1185.59999999999,1187.7,1200.7,1208.79999999999,1218.29999999999,1274.7,1274.2,1346.8,1379.40000000001,1390.60000000001
895.919999999998,887.719999999987,921.75,906.869999999995,876.979999999996,954.550000000003,926.530000000013,987.459999999992,987.779999999999,986.319999999992,1035.06,1046.31,1055.7,1093.68000000001,1103.78999999999,1131.34,1142.88,1172.20000000001,1190.20000000001,1186.49999999999,1188.5,1201.29999999999,1208.89999999999,1217.89999999999,1274.29999999999,1273.2,1346,1378.39999999999,1389.20000000001
896.989999999991,888.819999999992,923.210000000006,908.279999999999,878.210000000006,956.439999999988,928.200000000012,989.62999999999,989.899999999994,988.350000000006,1037.39,1048.57000000001,1057.84999999999,1095.89999999999,1105.8,1133.24999999999,1144.48999999999,1173.60000000001,1191.30000000002,1187.39999999999,1189.29999999999,1201.89999999999,1208.99999999999,1217.49999999999,1273.89999999999,1272.2,1345.20000000001,1377.39999999999,1387.80000000002
898.059999999998,889.919999999998,924.669999999998,909.690000000002,879.440000000002,958.330000000002,929.87000000001,991.800000000003,992.020000000004,990.37999999999,1039.71999999999,1050.82999999999,1060,1098.12000000001,1107.81,1135.16,1146.09999999999,1175.00000000001,1192.40000000001,1188.29999999999,1190.09999999999,1202.49999999999,1209.09999999999,1217.09999999999,1273.49999999999,1271.2,1344.40000000001,1376.39999999999,1386.39999999999
899.12999999999,891.01999999999,926.130000000005,911.099999999991,880.669999999998,960.220000000001,931.540000000008,993.970000000001,994.139999999999,992.410000000003,1042.04999999999,1053.09,1062.14999999999,1100.34,1109.82000000001,1137.06999999999,1147.71000000001,1176.40000000001,1193.5,1189.19999999998,1190.89999999999,1203.09999999999,1209.2,1216.7,1273.09999999999,1270.20000000001,1343.60000000001,1375.40000000002,1385.00000000003
900.199999999983,892.119999999995,927.590000000011,912.509999999995,881.900000000009,962.110000000001,933.210000000006,996.139999999999,996.260000000009,994.439999999988,1044.37999999999,1055.34999999999,1064.3,1102.56000000001,1111.82999999999,1138.98,1149.32000000001,1177.8,1194.60000000002,1190.09999999999,1191.7,1203.7,1209.29999999999,1216.29999999999,1272.7,1269.2,1342.8,1374.39999999999,1383.60000000001
901.270000000004,893.219999999987,929.050000000003,913.919999999998,883.130000000005,963.999999999985,934.880000000005,998.309999999998,998.380000000005,996.470000000001,1046.71000000001,1057.61,1066.45,1104.78,1113.84,1140.89,1150.92999999999,1179.20000000001,1195.70000000001,1190.99999999999,1192.5,1204.29999999999,1209.39999999999,1215.89999999999,1272.29999999999,1268.2,1342,1373.39999999999,1382.20000000001
902.339999999997,894.319999999992,930.509999999995,915.330000000002,884.360000000001,965.889999999999,936.550000000017,1000.48,1000.5,998.5,1049.03999999999,1059.87,1068.59999999999,1107,1115.85000000001,1142.79999999999,1152.53999999999,1180.60000000001,1196.80000000002,1191.89999999999,1193.29999999999,1204.89999999999,1209.49999999999,1215.49999999999,1271.89999999999,1267.2,1341.19999999998,1372.39999999999,1380.80000000002
903.409999999989,895.419999999984,931.970000000001,916.739999999991,885.590000000011,967.779999999999,938.220000000001,1002.64999999999,1002.62,1000.53,1051.37,1062.13,1070.75,1109.22,1117.86,1144.70999999999,1154.15000000001,1182.00000000001,1197.90000000001,1192.79999999997,1194.09999999999,1205.49999999999,1209.59999999999,1215.09999999999,1271.49999999999,1266.20000000001,1340.40000000002,1371.40000000002,1379.40000000002
904.479999999996,896.51999999999,933.430000000008,918.149999999994,886.820000000007,969.669999999998,939.890000000014,1004.81999999999,1004.73999999999,1002.56,1053.7,1064.39,1072.89999999999,1111.44,1119.87000000001,1146.62,1155.76000000001,1183.40000000001,1199.00000000001,1193.69999999998,1194.90000000001,1206.09999999999,1209.7,1214.7,1271.09999999999,1265.19999999998,1339.60000000001,1370.39999999999,1378.00000000003
905.549999999988,897.619999999981,934.889999999999,919.559999999998,888.050000000003,971.560000000012,941.559999999998,1006.98999999999,1006.86,1004.59,1056.02999999998,1066.65000000001,1075.05,1113.66,1121.87999999999,1148.53,1157.37000000001,1184.8,1200.10000000002,1194.59999999999,1195.7,1206.7,1209.79999999999,1214.29999999999,1270.7,1264.20000000001,1338.80000000002,1369.39999999999,1376.60000000001
906.619999999995,898.720000000001,936.350000000006,920.969999999987,889.279999999999,973.449999999997,943.23000000001,1009.15999999999,1008.98,1006.62,1058.35999999999,1068.91,1077.2,1115.88,1123.89,1150.44,1158.98,1186.20000000001,1201.20000000001,1195.49999999999,1196.5,1207.29999999999,1209.89999999999,1213.89999999999,1270.29999999999,1263.20000000001,1338,1368.39999999999,1375.20000000001
907.689999999988,899.819999999992,937.810000000012,922.380000000005,890.509999999995,975.339999999997,944.900000000009,1011.33,1011.09999999999,1008.65000000001,1060.68999999999,1071.17,1079.34999999999,1118.09999999999,1125.90000000001,1152.34999999999,1160.59,1187.60000000001,1202.30000000002,1196.39999999999,1197.29999999999,1207.89999999999,1209.99999999999,1213.49999999999,1269.89999999999,1262.19999999998,1337.19999999998,1367.39999999999,1373.80000000002
908.759999999995,900.919999999998,939.270000000004,923.789999999994,891.740000000005,977.229999999996,946.570000000007,1013.5,1013.22,1010.67999999999,1063.02,1073.42999999999,1081.5,1120.32000000001,1127.91,1154.25999999999,1162.20000000001,1189.00000000001,1203.40000000001,1197.29999999997,1198.09999999999,1208.49999999999,1210.09999999999,1213.09999999999,1269.49999999999,1261.20000000001,1336.40000000002,1366.40000000002,1372.40000000002
