59.48,59.48,59.48,59.48,59.48,59.48,59.48,59.48,59.48,59.48,59.48,59.48,59.48,59.48,59.48,59.48,59.48,59.48,59.48,59.48,59.48,59.48,59.48,59.48,59.48,59.48,59.48,59.48,59.48
59.857,59.857,59.857,59.857,59.857,59.857,59.857,59.857,59.857,59.857,59.857,59.857,59.857,59.857,59.857,59.857,59.857,59.857,59.857,59.857,59.857,59.857,59.857,59.857,59.857,59.857,59.857,59.857,59.857
60.233,60.233,60.233,60.233,60.233,60.233,60.233,60.233,60.233,60.233,60.233,60.233,60.233,60.233,60.233,60.233,60.233,60.233,60.233,60.233,60.233,60.233,60.233,60.233,60.233,60.233,60.233,60.233,60.233
60.61,60.61,60.61,60.61,60.61,60.61,60.61,60.61,60.61,60.61,60.61,60.61,60.61,60.61,60.61,60.61,60.61,60.61,60.61,60.61,60.61,60.61,60.61,60.61,60.61,60.61,60.61,60.61,60.61
60.987,60.987,60.987,60.987,60.987,60.987,60.987,60.987,60.987,60.987,60.987,60.987,60.987,60.987,60.987,60.987,60.987,60.987,60.987,60.987,60.987,60.987,60.987,60.987,60.987,60.987,60.987,60.987,60.987
61.363,61.363,61.363,61.363,61.363,61.363,61.363,61.363,61.363,61.363,61.363,61.363,61.363,61.363,61.363,61.363,61.363,61.363,61.363,61.363,61.363,61.363,61.363,61.363,61.363,61.363,61.363,61.363,61.363
61.74,61.74,61.74,61.74,61.74,61.74,61.74,61.74,61.74,61.74,61.74,61.74,61.74,61.74,61.74,61.74,61.74,61.74,61.74,61.74,61.74,61.74,61.74,61.74,61.74,61.74,61.74,61.74,61.74
62.117,62.117,62.117,62.117,62.117,62.117,62.117,62.117,62.117,62.117,62.117,62.117,62.117,62.117,62.117,62.117,62.117,62.117,62.117,62.117,62.117,62.117,62.117,62.117,62.117,62.117,62.117,62.117,62.117
62.493,62.493,62.493,62.493,62.493,62.493,62.493,62.493,62.493,62.493,62.493,62.493,62.493,62.493,62.493,62.493,62.493,62.493,62.493,62.493,62.493,62.493,62.493,62.493,62.493,62.493,62.493,62.493,62.493
62.87,62.87,62.87,62.87,62.87,62.87,62.87,62.87,62.87,62.87,62.87,62.87,62.87,62.87,62.87,62.87,62.87,62.87,62.87,62.87,62.87,62.87,62.87,62.87,62.87,62.87,62.87,62.87,62.87
63.246,63.246,63.246,63.246,63.246,63.246,63.246,63.246,63.246,63.246,63.246,63.246,63.246,63.246,63.246,63.246,63.246,63.246,63.246,63.246,63.246,63.246,63.246,63.246,63.246,63.246,63.246,63.246,63.246
63.623,63.623,63.623,63.623,63.623,63.623,63.623,63.623,63.623,63.623,63.623,63.623,63.623,63.623,63.623,63.623,63.623,63.623,63.623,63.623,63.623,63.623,63.623,63.623,63.623,63.623,63.623,63.623,63.623
64,64,64,64,64,64,64,64,64,64,64,64,64,64,64,64,64,64,64,64,64,64,64,64,64,64,64,64,64
64.376,64.376,64.376,64.376,64.376,64.376,64.376,64.376,64.376,64.376,64.376,64.376,64.376,64.376,64.376,64.376,64.376,64.376,64.376,64.376,64.376,64.376,64.376,64.376,64.376,64.376,64.376,64.376,64.376
64.753,64.753,64.753,64.753,64.753,64.753,64.753,64.753,64.753,64.753,64.753,64.753,64.753,64.753,64.753,64.753,64.753,64.753,64.753,64.753,64.753,64.753,64.753,64.753,64.753,64.753,64.753,64.753,64.753
65.13,65.13,65.13,65.13,65.13,65.13,65.13,65.13,65.13,65.13,65.13,65.13,65.13,65.13,65.13,65.13,65.13,65.13,65.13,65.13,65.13,65.13,65.13,65.13,65.13,65.13,65.13,65.13,65.13
65.506,65.506,65.506,65.506,65.506,65.506,65.506,65.506,65.506,65.506,65.506,65.506,65.506,65.506,65.506,65.506,65.506,65.506,65.506,65.506,65.506,65.506,65.506,65.506,65.506,65.506,65.506,65.506,65.506
65.883,65.883,65.883,65.883,65.883,65.883,65.883,65.883,65.883,65.883,65.883,65.883,65.883,65.883,65.883,65.883,65.883,65.883,65.883,65.883,65.883,65.883,65.883,65.883,65.883,65.883,65.883,65.883,65.883
66.26,66.26,66.26,66.26,66.26,66.26,66.26,66.26,66.26,66.26,66.26,66.26,66.26,66.26,66.26,66.26,66.26,66.26,66.26,66.26,66.26,66.26,66.26,66.26,66.26,66.26,66.26,66.26,66.26
66.636,66.636,66.636,66.636,66.636,66.636,66.636,66.636,66.636,66.636,66.636,66.636,66.636,66.636,66.636,66.636,66.636,66.636,66.636,66.636,66.636,66.636,66.636,66.636,66.636,66.636,66.636,66.636,66.636
67.013,67.013,67.013,67.013,67.013,67.013,67.013,67.013,67.013,67.013,67.013,67.013,67.013,67.013,67.013,67.013,67.013,67.013,67.013,67.013,67.013,67.013,67.013,67.013,67.013,67.013,67.013,67.013,67.013
67.39,67.39,67.39,67.39,67.39,67.39,67.39,67.39,67.39,67.39,67.39,67.39,67.39,67.39,67.39,67.39,67.39,67.39,67.39,67.39,67.39,67.39,67.39,67.39,67.39,67.39,67.39,67.39,67.39
67.766,67.766,67.766,67.766,67.766,67.766,67.766,67.766,67.766,67.766,67.766,67.766,67.766,67.766,67.766,67.766,67.766,67.766,67.766,67.766,67.766,67.766,67.766,67.766,67.766,67.766,67.766,67.766,67.766
68.143,68.143,68.143,68.143,68.143,68.143,68.143,68.143,68.143,68.143,68.143,68.143,68.143,68.143,68.143,68.143,68.143,68.143,68.143,68.143,68.143,68.143,68.143,68.143,68.143,68.143,68.143,68.143,68.143
68.519,68.519,68.519,68.519,68.519,68.519,68.519,68.519,68.519,68.519,68.519,68.519,68.519,68.519,68.519,68.519,68.519,68.519,68.519,68.519,68.519,68.519,68.519,68.519,68.519,68.519,68.519,68.519,68.519
68.896,68.896,68.896,68.896,68.896,68.896,68.896,68.896,68.896,68.896,68.896,68.896,68.896,68.896,68.896,68.896,68.896,68.896,68.896,68.896,68.896,68.896,68.896,68.896,68.896,68.896,68.896,68.896,68.896
69.273,69.273,69.273,69.273,69.273,69.273,69.273,69.273,69.273,69.273,69.273,69.273,69.273,69.273,69.273,69.273,69.273,69.273,69.273,69.273,69.273,69.273,69.273,69.273,69.273,69.273,69.273,69.273,69.273
69.649,69.649,69.649,69.649,69.649,69.649,69.649,69.649,69.649,69.649,69.649,69.649,69.649,69.649,69.649,69.649,69.649,69.649,69.649,69.649,69.649,69.649,69.649,69.649,69.649,69.649,69.649,69.649,69.649
70.026,70.026,70.026,70.026,70.026,70.026,70.026,70.026,70.026,70.026,70.026,70.026,70.026,70.026,70.026,70.026,70.026,70.026,70.026,70.026,70.026,70.026,70.026,70.026,70.026,70.026,70.026,70.026,70.026
70.403,70.403,70.403,70.403,70.403,70.403,70.403,70.403,70.403,70.403,70.403,70.403,70.403,70.403,70.403,70.403,70.403,70.403,70.403,70.403,70.403,70.403,70.403,70.403,70.403,70.403,70.403,70.403,70.403
70.779,70.779,70.779,70.779,70.779,70.779,70.779,70.779,70.779,70.779,70.779,70.779,70.779,70.779,70.779,70.779,70.779,70.779,70.779,70.779,70.779,70.779,70.779,70.779,70.779,70.779,70.779,70.779,70.779
71.156,71.156,71.156,71.156,71.156,71.156,71.156,71.156,71.156,71.156,71.156,71.156,71.156,71.156,71.156,71.156,71.156,71.156,71.156,71.156,71.156,71.156,71.156,71.156,71.156,71.156,71.156,71.156,71.156
71.533,71.533,71.533,71.533,71.533,71.533,71.533,71.533,71.533,71.533,71.533,71.533,71.533,71.533,71.533,71.533,71.533,71.533,71.533,71.533,71.533,71.533,71.533,71.533,71.533,71.533,71.533,71.533,71.533
71.909,71.909,71.909,71.909,71.909,71.909,71.909,71.909,71.909,71.909,71.909,71.909,71.909,71.909,71.909,71.909,71.909,71.909,71.909,71.909,71.909,71.909,71.909,71.909,71.909,71.909,71.909,71.909,71.909
72.286,72.286,72.286,72.286,72.286,72.286,72.286,72.286,72.286,72.286,72.286,72.286,72.286,72.286,72.286,72.286,72.286,72.286,72.286,72.286,72.286,72.286,72.286,72.286,72.286,72.286,72.286,72.286,72.286
72.663,72.663,72.663,72.663,72.663,72.663,72.663,72.663,72.663,72.663,72.663,72.663,72.663,72.663,72.663,72.663,72.663,72.663,72.663,72.663,72.663,72.663,72.663,72.663,72.663,72.663,72.663,72.663,72.663
73.039,73.039,73.039,73.039,73.039,73.039,73.039,73.039,73.039,73.039,73.039,73.039,73.039,73.039,73.039,73.039,73.039,73.039,73.039,73.039,73.039,73.039,73.039,73.039,73.039,73.039,73.039,73.039,73.039
73.416,73.416,73.416,73.416,73.416,73.416,73.416,73.416,73.416,73.416,73.416,73.416,73.416,73.416,73.416,73.416,73.416,73.416,73.416,73.416,73.416,73.416,73.416,73.416,73.416,73.416,73.416,73.416,73.416
73.792,73.792,73.792,73.792,73.792,73.792,73.792,73.792,73.792,73.792,73.792,73.792,73.792,73.792,73.792,73.792,73.792,73.792,73.792,73.792,73.792,73.792,73.792,73.792,73.792,73.792,73.792,73.792,73.792
74.169,74.169,74.169,74.169,74.169,74.169,74.169,74.169,74.169,74.169,74.169,74.169,74.169,74.169,74.169,74.169,74.169,74.169,74.169,74.169,74.169,74.169,74.169,74.169,74.169,74.169,74.169,74.169,74.169
74.546,74.546,74.546,74.546,74.546,74.546,74.546,74.546,74.546,74.546,74.546,74.546,74.546,74.546,74.546,74.546,74.546,74.546,74.546,74.546,74.546,74.546,74.546,74.546,74.546,74.546,74.546,74.546,74.546
74.922,74.922,74.922,74.922,74.922,74.922,74.922,74.922,74.922,74.922,74.922,74.922,74.922,74.922,74.922,74.922,74.922,74.922,74.922,74.922,74.922,74.922,74.922,74.922,74.922,74.922,74.922,74.922,74.922
75.299,75.299,75.299,75.299,75.299,75.299,75.299,75.299,75.299,75.299,75.299,75.299,75.299,75.299,75.299,75.299,75.299,75.299,75.299,75.299,75.299,75.299,75.299,75.299,75.299,75.299,75.299,75.299,75.299
75.676,75.676,75.676,75.676,75.676,75.676,75.676,75.676,75.676,75.676,75.676,75.676,75.676,75.676,75.676,75.676,75.676,75.676,75.676,75.676,75.676,75.676,75.676,75.676,75.676,75.676,75.676,75.676,75.676
76.052,76.052,76.052,76.052,76.052,76.052,76.052,76.052,76.052,76.052,76.052,76.052,76.052,76.052,76.052,76.052,76.052,76.052,76.052,76.052,76.052,76.052,76.052,76.052,76.052,76.052,76.052,76.052,76.052
76.429,76.429,76.429,76.429,76.429,76.429,76.429,76.429,76.429,76.429,76.429,76.429,76.429,76.429,76.429,76.429,76.429,76.429,76.429,76.429,76.429,76.429,76.429,76.429,76.429,76.429,76.429,76.429,76.429
76.806,76.806,76.806,76.806,76.806,76.806,76.806,76.806,76.806,76.806,76.806,76.806,76.806,76.806,76.806,76.806,76.806,76.806,76.806,76.806,76.806,76.806,76.806,76.806,76.806,76.806,76.806,76.806,76.806
77.182,77.182,77.182,77.182,77.182,77.182,77.182,77.182,77.182,77.182,77.182,77.182,77.182,77.182,77.182,77.182,77.182,77.182,77.182,77.182,77.182,77.182,77.182,77.182,77.182,77.182,77.182,77.182,77.182
77.559,77.559,77.559,77.559,77.559,77.559,77.559,77.559,77.559,77.559,77.559,77.559,77.559,77.559,77.559,77.559,77.559,77.559,77.559,77.559,77.559,77.559,77.559,77.559,77.559,77.559,77.559,77.559,77.559
77.936,77.936,77.936,77.936,77.936,77.936,77.936,77.936,77.936,77.936,77.936,77.936,77.936,77.936,77.936,77.936,77.936,77.936,77.936,77.936,77.936,77.936,77.936,77.936,77.936,77.936,77.936,77.936,77.936
78.312,78.312,78.312,78.312,78.312,78.312,78.312,78.312,78.312,78.312,78.312,78.312,78.312,78.312,78.312,78.312,78.312,78.312,78.312,78.312,78.312,78.312,78.312,78.312,78.312,78.312,78.312,78.312,78.312
78.689,78.689,78.689,78.689,78.689,78.689,78.689,78.689,78.689,78.689,78.689,78.689,78.689,78.689,78.689,78.689,78.689,78.689,78.689,78.689,78.689,78.689,78.689,78.689,78.689,78.689,78.689,78.689,78.689
79.066,79.066,79.066,79.066,79.066,79.066,79.066,79.066,79.066,79.066,79.066,79.066,79.066,79.066,79.066,79.066,79.066,79.066,79.066,79.066,79.066,79.066,79.066,79.066,79.066,79.066,79.066,79.066,79.066
79.442,79.442,79.442,79.442,79.442,79.442,79.442,79.442,79.442,79.442,79.442,79.442,79.442,79.442,79.442,79.442,79.442,79.442,79.442,79.442,79.442,79.442,79.442,79.442,79.442,79.442,79.442,79.442,79.442
79.819,79.819,79.819,79.819,79.819,79.819,79.819,79.819,79.819,79.819,79.819,79.819,79.819,79.819,79.819,79.819,79.819,79.819,79.819,79.819,79.819,79.819,79.819,79.819,79.819,79.819,79.819,79.819,79.819
80.195,80.195,80.195,80.195,80.195,80.195,80.195,80.195,80.195,80.195,80.195,80.195,80.195,80.195,80.195,80.195,80.195,80.195,80.195,80.195,80.195,80.195,80.195,80.195,80.195,80.195,80.195,80.195,80.195
80.572,80.572,80.572,80.572,80.572,80.572,80.572,80.572,80.572,80.572,80.572,80.572,80.572,80.572,80.572,80.572,80.572,80.572,80.572,80.572,80.572,80.572,80.572,80.572,80.572,80.572,80.572,80.572,80.572
80.949,80.949,80.949,80.949,80.949,80.949,80.949,80.949,80.949,80.949,80.949,80.949,80.949,80.949,80.949,80.949,80.949,80.949,80.949,80.949,80.949,80.949,80.949,80.949,80.949,80.949,80.949,80.949,80.949
81.325,81.325,81.325,81.325,81.325,81.325,81.325,81.325,81.325,81.325,81.325,81.325,81.325,81.325,81.325,81.325,81.325,81.325,81.325,81.325,81.325,81.325,81.325,81.325,81.325,81.325,81.325,81.325,81.325
81.702,81.702,81.702,81.702,81.702,81.702,81.702,81.702,81.702,81.702,81.702,81.702,81.702,81.702,81.702,81.702,81.702,81.702,81.702,81.702,81.702,81.702,81.702,81.702,81.702,81.702,81.702,81.702,81.702
82.079,82.079,82.079,82.079,82.079,82.079,82.079,82.079,82.079,82.079,82.079,82.079,82.079,82.079,82.079,82.079,82.079,82.079,82.079,82.079,82.079,82.079,82.079,82.079,82.079,82.079,82.079,82.079,82.079
82.455,82.455,82.455,82.455,82.455,82.455,82.455,82.455,82.455,82.455,82.455,82.455,82.455,82.455,82.455,82.455,82.455,82.455,82.455,82.455,82.455,82.455,82.455,82.455,82.455,82.455,82.455,82.455,82.455
82.832,82.832,82.832,82.832,82.832,82.832,82.832,82.832,82.832,82.832,82.832,82.832,82.832,82.832,82.832,82.832,82.832,82.832,82.832,82.832,82.832,82.832,82.832,82.832,82.832,82.832,82.832,82.832,82.832
83.209,83.209,83.209,83.209,83.209,83.209,83.209,83.209,83.209,83.209,83.209,83.209,83.209,83.209,83.209,83.209,83.209,83.209,83.209,83.209,83.209,83.209,83.209,83.209,83.209,83.209,83.209,83.209,83.209
83.585,83.585,83.585,83.585,83.585,83.585,83.585,83.585,83.585,83.585,83.585,83.585,83.585,83.585,83.585,83.585,83.585,83.585,83.585,83.585,83.585,83.585,83.585,83.585,83.585,83.585,83.585,83.585,83.585
83.962,83.962,83.962,83.962,83.962,83.962,83.962,83.962,83.962,83.962,83.962,83.962,83.962,83.962,83.962,83.962,83.962,83.962,83.962,83.962,83.962,83.962,83.962,83.962,83.962,83.962,83.962,83.962,83.962
84.339,84.339,84.339,84.339,84.339,84.339,84.339,84.339,84.339,84.339,84.339,84.339,84.339,84.339,84.339,84.339,84.339,84.339,84.339,84.339,84.339,84.339,84.339,84.339,84.339,84.339,84.339,84.339,84.339
84.715,84.715,84.715,84.715,84.715,84.715,84.715,84.715,84.715,84.715,84.715,84.715,84.715,84.715,84.715,84.715,84.715,84.715,84.715,84.715,84.715,84.715,84.715,84.715,84.715,84.715,84.715,84.715,84.715
85.092,85.092,85.092,85.092,85.092,85.092,85.092,85.092,85.092,85.092,85.092,85.092,85.092,85.092,85.092,85.092,85.092,85.092,85.092,85.092,85.092,85.092,85.092,85.092,85.092,85.092,85.092,85.092,85.092
85.468,85.468,85.468,85.468,85.468,85.468,85.468,85.468,85.468,85.468,85.468,85.468,85.468,85.468,85.468,85.468,85.468,85.468,85.468,85.468,85.468,85.468,85.468,85.468,85.468,85.468,85.468,85.468,85.468
85.845,85.845,85.845,85.845,85.845,85.845,85.845,85.845,85.845,85.845,85.845,85.845,85.845,85.845,85.845,85.845,85.845,85.845,85.845,85.845,85.845,85.845,85.845,85.845,85.845,85.845,85.845,85.845,85.845
86.222,86.222,86.222,86.222,86.222,86.222,86.222,86.222,86.222,86.222,86.222,86.222,86.222,86.222,86.222,86.222,86.222,86.222,86.222,86.222,86.222,86.222,86.222,86.222,86.222,86.222,86.222,86.222,86.222
86.598,86.598,86.598,86.598,86.598,86.598,86.598,86.598,86.598,86.598,86.598,86.598,86.598,86.598,86.598,86.598,86.598,86.598,86.598,86.598,86.598,86.598,86.598,86.598,86.598,86.598,86.598,86.598,86.598
86.975,86.975,86.975,86.975,86.975,86.975,86.975,86.975,86.975,86.975,86.975,86.975,86.975,86.975,86.975,86.975,86.975,86.975,86.975,86.975,86.975,86.975,86.975,86.975,86.975,86.975,86.975,86.975,86.975
87.352,87.352,87.352,87.352,87.352,87.352,87.352,87.352,87.352,87.352,87.352,87.352,87.352,87.352,87.352,87.352,87.352,87.352,87.352,87.352,87.352,87.352,87.352,87.352,87.352,87.352,87.352,87.352,87.352
87.728,87.728,87.728,87.728,87.728,87.728,87.728,87.728,87.728,87.728,87.728,87.728,87.728,87.728,87.728,87.728,87.728,87.728,87.728,87.728,87.728,87.728,87.728,87.728,87.728,87.728,87.728,87.728,87.728
88.105,88.105,88.105,88.105,88.105,88.105,88.105,88.105,88.105,88.105,88.105,88.105,88.105,88.105,88.105,88.105,88.105,88.105,88.105,88.105,88.105,88.105,88.105,88.105,88.105,88.105,88.105,88.105,88.105
88.482,88.482,88.482,88.482,88.482,88.482,88.482,88.482,88.482,88.482,88.482,88.482,88.482,88.482,88.482,88.482,88.482,88.482,88.482,88.482,88.482,88.482,88.482,88.482,88.482,88.482,88.482,88.482,88.482
88.858,88.858,88.858,88.858,88.858,88.858,88.858,88.858,88.858,88.858,88.858,88.858,88.858,88.858,88.858,88.858,88.858,88.858,88.858,88.858,88.858,88.858,88.858,88.858,88.858,88.858,88.858,88.858,88.858
89.235,89.235,89.235,89.235,89.235,89.235,89.235,89.235,89.235,89.235,89.235,89.235,89.235,89.235,89.235,89.235,89.235,89.235,89.235,89.235,89.235,89.235,89.235,89.235,89.235,89.235,89.235,89.235,89.235
89.612,89.612,89.612,89.612,89.612,89.612,89.612,89.612,89.612,89.612,89.612,89.612,89.612,89.612,89.612,89.612,89.612,89.612,89.612,89.612,89.612,89.612,89.612,89.612,89.612,89.612,89.612,89.612,89.612
89.988,89.988,89.988,89.988,89.988,89.988,89.988,89.988,89.988,89.988,89.988,89.988,89.988,89.988,89.988,89.988,89.988,89.988,89.988,89.988,89.988,89.988,89.988,89.988,89.988,89.988,89.988,89.988,89.988
90.365,90.365,90.365,90.365,90.365,90.365,90.365,90.365,90.365,90.365,90.365,90.365,90.365,90.365,90.365,90.365,90.365,90.365,90.365,90.365,90.365,90.365,90.365,90.365,90.365,90.365,90.365,90.365,90.365
90.742,90.742,90.742,90.742,90.742,90.742,90.742,90.742,90.742,90.742,90.742,90.742,90.742,90.742,90.742,90.742,90.742,90.742,90.742,90.742,90.742,90.742,90.742,90.742,90.742,90.742,90.742,90.742,90.742
91.118,91.118,91.118,91.118,91.118,91.118,91.118,91.118,91.118,91.118,91.118,91.118,91.118,91.118,91.118,91.118,91.118,91.118,91.118,91.118,91.118,91.118,91.118,91.118,91.118,91.118,91.118,91.118,91.118
91.495,91.495,91.495,91.495,91.495,91.495,91.495,91.495,91.495,91.495,91.495,91.495,91.495,91.495,91.495,91.495,91.495,91.495,91.495,91.495,91.495,91.495,91.495,91.495,91.495,91.495,91.495,91.495,91.495
91.871,91.871,91.871,91.871,91.871,91.871,91.871,91.871,91.871,91.871,91.871,91.871,91.871,91.871,91.871,91.871,91.871,91.871,91.871,91.871,91.871,91.871,91.871,91.871,91.871,91.871,91.871,91.871,91.871
92.248,92.248,92.248,92.248,92.248,92.248,92.248,92.248,92.248,92.248,92.248,92.248,92.248,92.248,92.248,92.248,92.248,92.248,92.248,92.248,92.248,92.248,92.248,92.248,92.248,92.248,92.248,92.248,92.248
92.625,92.625,92.625,92.625,92.625,92.625,92.625,92.625,92.625,92.625,92.625,92.625,92.625,92.625,92.625,92.625,92.625,92.625,92.625,92.625,92.625,92.625,92.625,92.625,92.625,92.625,92.625,92.625,92.625
93.001,93.001,93.001,93.001,93.001,93.001,93.001,93.001,93.001,93.001,93.001,93.001,93.001,93.001,93.001,93.001,93.001,93.001,93.001,93.001,93.001,93.001,93.001,93.001,93.001,93.001,93.001,93.001,93.001
93.378,93.378,93.378,93.378,93.378,93.378,93.378,93.378,93.378,93.378,93.378,93.378,93.378,93.378,93.378,93.378,93.378,93.378,93.378,93.378,93.378,93.378,93.378,93.378,93.378,93.378,93.378,93.378,93.378
93.755,93.755,93.755,93.755,93.755,93.755,93.755,93.755,93.755,93.755,93.755,93.755,93.755,93.755,93.755,93.755,93.755,93.755,93.755,93.755,93.755,93.755,93.755,93.755,93.755,93.755,93.755,93.755,93.755
94.131,94.131,94.131,94.131,94.131,94.131,94.131,94.131,94.131,94.131,94.131,94.131,94.131,94.131,94.131,94.131,94.131,94.131,94.131,94.131,94.131,94.131,94.131,94.131,94.131,94.131,94.131,94.131,94.131
94.508,94.508,94.508,94.508,94.508,94.508,94.508,94.508,94.508,94.508,94.508,94.508,94.508,94.508,94.508,94.508,94.508,94.508,94.508,94.508,94.508,94.508,94.508,94.508,94.508,94.508,94.508,94.508,94.508
94.885,94.885,94.885,94.885,94.885,94.885,94.885,94.885,94.885,94.885,94.885,94.885,94.885,94.885,94.885,94.885,94.885,94.885,94.885,94.885,94.885,94.885,94.885,94.885,94.885,94.885,94.885,94.885,94.885
95.261,95.261,95.261,95.261,95.261,95.261,95.261,95.261,95.261,95.261,95.261,95.261,95.261,95.261,95.261,95.261,95.261,95.261,95.261,95.261,95.261,95.261,95.261,95.261,95.261,95.261,95.261,95.261,95.261
95.638,95.638,95.638,95.638,95.638,95.638,95.638,95.638,95.638,95.638,95.638,95.638,95.638,95.638,95.638,95.638,95.638,95.638,95.638,95.638,95.638,95.638,95.638,95.638,95.638,95.638,95.638,95.638,95.638
96.015,96.015,96.015,96.015,96.015,96.015,96.015,96.015,96.015,96.015,96.015,96.015,96.015,96.015,96.015,96.015,96.015,96.015,96.015,96.015,96.015,96.015,96.015,96.015,96.015,96.015,96.015,96.015,96.015
96.391,96.391,96.391,96.391,96.391,96.391,96.391,96.391,96.391,96.391,96.391,96.391,96.391,96.391,96.391,96.391,96.391,96.391,96.391,96.391,96.391,96.391,96.391,96.391,96.391,96.391,96.391,96.391,96.391
96.768,96.768,96.768,96.768,96.768,96.768,96.768,96.768,96.768,96.768,96.768,96.768,96.768,96.768,96.768,96.768,96.768,96.768,96.768,96.768,96.768,96.768,96.768,96.768,96.768,96.768,96.768,96.768,96.768
97.144,97.144,97.144,97.144,97.144,97.144,97.144,97.144,97.144,97.144,97.144,97.144,97.144,97.144,97.144,97.144,97.144,97.144,97.144,97.144,97.144,97.144,97.144,97.144,97.144,97.144,97.144,97.144,97.144
97.521,97.521,97.521,97.521,97.521,97.521,97.521,97.521,97.521,97.521,97.521,97.521,97.521,97.521,97.521,97.521,97.521,97.521,97.521,97.521,97.521,97.521,97.521,97.521,97.521,97.521,97.521,97.521,97.521
97.898,97.898,97.898,97.898,97.898,97.898,97.898,97.898,97.898,97.898,97.898,97.898,97.898,97.898,97.898,97.898,97.898,97.898,97.898,97.898,97.898,97.898,97.898,97.898,97.898,97.898,97.898,97.898,97.898
98.274,98.274,98.274,98.274,98.274,98.274,98.274,98.274,98.274,98.274,98.274,98.274,98.274,98.274,98.274,98.274,98.274,98.274,98.274,98.274,98.274,98.274,98.274,98.274,98.274,98.274,98.274,98.274,98.274
98.651,98.651,98.651,98.651,98.651,98.651,98.651,98.651,98.651,98.651,98.651,98.651,98.651,98.651,98.651,98.651,98.651,98.651,98.651,98.651,98.651,98.651,98.651,98.651,98.651,98.651,98.651,98.651,98.651
99.028,99.028,99.028,99.028,99.028,99.028,99.028,99.028,99.028,99.028,99.028,99.028,99.028,99.028,99.028,99.028,99.028,99.028,99.028,99.028,99.028,99.028,99.028,99.028,99.028,99.028,99.028,99.028,99.028
99.404,99.404,99.404,99.404,99.404,99.404,99.404,99.404,99.404,99.404,99.404,99.404,99.404,99.404,99.404,99.404,99.404,99.404,99.404,99.404,99.404,99.404,99.404,99.404,99.404,99.404,99.404,99.404,99.404
99.781,99.781,99.781,99.781,99.781,99.781,99.781,99.781,99.781,99.781,99.781,99.781,99.781,99.781,99.781,99.781,99.781,99.781,99.781,99.781,99.781,99.781,99.781,99.781,99.781,99.781,99.781,99.781,99.781
100.16,100.16,100.16,100.16,100.16,100.16,100.16,100.16,100.16,100.16,100.16,100.16,100.16,100.16,100.16,100.16,100.16,100.16,100.16,100.16,100.16,100.16,100.16,100.16,100.16,100.16,100.16,100.16,100.16
100.53,100.53,100.53,100.53,100.53,100.53,100.53,100.53,100.53,100.53,100.53,100.53,100.53,100.53,100.53,100.53,100.53,100.53,100.53,100.53,100.53,100.53,100.53,100.53,100.53,100.53,100.53,100.53,100.53
100.91,100.91,100.91,100.91,100.91,100.91,100.91,100.91,100.91,100.91,100.91,100.91,100.91,100.91,100.91,100.91,100.91,100.91,100.91,100.91,100.91,100.91,100.91,100.91,100.91,100.91,100.91,100.91,100.91
101.29,101.29,101.29,101.29,101.29,101.29,101.29,101.29,101.29,101.29,101.29,101.29,101.29,101.29,101.29,101.29,101.29,101.29,101.29,101.29,101.29,101.29,101.29,101.29,101.29,101.29,101.29,101.29,101.29
101.66,101.66,101.66,101.66,101.66,101.66,101.66,101.66,101.66,101.66,101.66,101.66,101.66,101.66,101.66,101.66,101.66,101.66,101.66,101.66,101.66,101.66,101.66,101.66,101.66,101.66,101.66,101.66,101.66
102.04,102.04,102.04,102.04,102.04,102.04,102.04,102.04,102.04,102.04,102.04,102.04,102.04,102.04,102.04,102.04,102.04,102.04,102.04,102.04,102.04,102.04,102.04,102.04,102.04,102.04,102.04,102.04,102.04
102.42,102.42,102.42,102.42,102.42,102.42,102.42,102.42,102.42,102.42,102.42,102.42,102.42,102.42,102.42,102.42,102.42,102.42,102.42,102.42,102.42,102.42,102.42,102.42,102.42,102.42,102.42,102.42,102.42
102.79,102.79,102.79,102.79,102.79,102.79,102.79,102.79,102.79,102.79,102.79,102.79,102.79,102.79,102.79,102.79,102.79,102.79,102.79,102.79,102.79,102.79,102.79,102.79,102.79,102.79,102.79,102.79,102.79
103.17,103.17,103.17,103.17,103.17,103.17,103.17,103.17,103.17,103.17,103.17,103.17,103.17,103.17,103.17,103.17,103.17,103.17,103.17,103.17,103.17,103.17,103.17,103.17,103.17,103.17,103.17,103.17,103.17
103.55,103.55,103.55,103.55,103.55,103.55,103.55,103.55,103.55,103.55,103.55,103.55,103.55,103.55,103.55,103.55,103.55,103.55,103.55,103.55,103.55,103.55,103.55,103.55,103.55,103.55,103.55,103.55,103.55
103.92,103.92,103.92,103.92,103.92,103.92,103.92,103.92,103.92,103.92,103.92,103.92,103.92,103.92,103.92,103.92,103.92,103.92,103.92,103.92,103.92,103.92,103.92,103.92,103.92,103.92,103.92,103.92,103.92
104.3,104.3,104.3,104.3,104.3,104.3,104.3,104.3,104.3,104.3,104.3,104.3,104.3,104.3,104.3,104.3,104.3,104.3,104.3,104.3,104.3,104.3,104.3,104.3,104.3,104.3,104.3,104.3,104.3
104.68,104.68,104.68,104.68,104.68,104.68,104.68,104.68,104.68,104.68,104.68,104.68,104.68,104.68,104.68,104.68,104.68,104.68,104.68,104.68,104.68,104.68,104.68,104.68,104.68,104.68,104.68,104.68,104.68
105.05,105.05,105.05,105.05,105.05,105.05,105.05,105.05,105.05,105.05,105.05,105.05,105.05,105.05,105.05,105.05,105.05,105.05,105.05,105.05,105.05,105.05,105.05,105.05,105.05,105.05,105.05,105.05,105.05
105.43,105.43,105.43,105.43,105.43,105.43,105.43,105.43,105.43,105.43,105.43,105.43,105.43,105.43,105.43,105.43,105.43,105.43,105.43,105.43,105.43,105.43,105.43,105.43,105.43,105.43,105.43,105.43,105.43
105.81,105.81,105.81,105.81,105.81,105.81,105.81,105.81,105.81,105.81,105.81,105.81,105.81,105.81,105.81,105.81,105.81,105.81,105.81,105.81,105.81,105.81,105.81,105.81,105.81,105.81,105.81,105.81,105.81
106.18,106.18,106.18,106.18,106.18,106.18,106.18,106.18,106.18,106.18,106.18,106.18,106.18,106.18,106.18,106.18,106.18,106.18,106.18,106.18,106.18,106.18,106.18,106.18,106.18,106.18,106.18,106.18,106.18
106.56,106.56,106.56,106.56,106.56,106.56,106.56,106.56,106.56,106.56,106.56,106.56,106.56,106.56,106.56,106.56,106.56,106.56,106.56,106.56,106.56,106.56,106.56,106.56,106.56,106.56,106.56,106.56,106.56
106.94,106.94,106.94,106.94,106.94,106.94,106.94,106.94,106.94,106.94,106.94,106.94,106.94,106.94,106.94,106.94,106.94,106.94,106.94,106.94,106.94,106.94,106.94,106.94,106.94,106.94,106.94,106.94,106.94
107.31,107.31,107.31,107.31,107.31,107.31,107.31,107.31,107.31,107.31,107.31,107.31,107.31,107.31,107.31,107.31,107.31,107.31,107.31,107.31,107.31,107.31,107.31,107.31,107.31,107.31,107.31,107.31,107.31
107.69,107.69,107.69,107.69,107.69,107.69,107.69,107.69,107.69,107.69,107.69,107.69,107.69,107.69,107.69,107.69,107.69,107.69,107.69,107.69,107.69,107.69,107.69,107.69,107.69,107.69,107.69,107.69,107.69
108.07,108.07,108.07,108.07,108.07,108.07,108.07,108.07,108.07,108.07,108.07,108.07,108.07,108.07,108.07,108.07,108.07,108.07,108.07,108.07,108.07,108.07,108.07,108.07,108.07,108.07,108.07,108.07,108.07
108.44,108.44,108.44,108.44,108.44,108.44,108.44,108.44,108.44,108.44,108.44,108.44,108.44,108.44,108.44,108.44,108.44,108.44,108.44,108.44,108.44,108.44,108.44,108.44,108.44,108.44,108.44,108.44,108.44
108.82,108.82,108.82,108.82,108.82,108.82,108.82,108.82,108.82,108.82,108.82,108.82,108.82,108.82,108.82,108.82,108.82,108.82,108.82,108.82,108.82,108.82,108.82,108.82,108.82,108.82,108.82,108.82,108.82
109.2,109.2,109.2,109.2,109.2,109.2,109.2,109.2,109.2,109.2,109.2,109.2,109.2,109.2,109.2,109.2,109.2,109.2,109.2,109.2,109.2,109.2,109.2,109.2,109.2,109.2,109.2,109.2,109.2
109.57,109.57,109.57,109.57,109.57,109.57,109.57,109.57,109.57,109.57,109.57,109.57,109.57,109.57,109.57,109.57,109.57,109.57,109.57,109.57,109.57,109.57,109.57,109.57,109.57,109.57,109.57,109.57,109.57
109.95,109.95,109.95,109.95,109.95,109.95,109.95,109.95,109.95,109.95,109.95,109.95,109.95,109.95,109.95,109.95,109.95,109.95,109.95,109.95,109.95,109.95,109.95,109.95,109.95,109.95,109.95,109.95,109.95
110.33,110.33,110.33,110.33,110.33,110.33,110.33,110.33,110.33,110.33,110.33,110.33,110.33,110.33,110.33,110.33,110.33,110.33,110.33,110.33,110.33,110.33,110.33,110.33,110.33,110.33,110.33,110.33,110.33
110.7,110.7,110.7,110.7,110.7,110.7,110.7,110.7,110.7,110.7,110.7,110.7,110.7,110.7,110.7,110.7,110.7,110.7,110.7,110.7,110.7,110.7,110.7,110.7,110.7,110.7,110.7,110.7,110.7
111.08,111.08,111.08,111.08,111.08,111.08,111.08,111.08,111.08,111.08,111.08,111.08,111.08,111.08,111.08,111.08,111.08,111.08,111.08,111.08,111.08,111.08,111.08,111.08,111.08,111.08,111.08,111.08,111.08
111.46,111.46,111.46,111.46,111.46,111.46,111.46,111.46,111.46,111.46,111.46,111.46,111.46,111.46,111.46,111.46,111.46,111.46,111.46,111.46,111.46,111.46,111.46,111.46,111.46,111.46,111.46,111.46,111.46
111.83,111.83,111.83,111.83,111.83,111.83,111.83,111.83,111.83,111.83,111.83,111.83,111.83,111.83,111.83,111.83,111.83,111.83,111.83,111.83,111.83,111.83,111.83,111.83,111.83,111.83,111.83,111.83,111.83
112.21,112.21,112.21,112.21,112.21,112.21,112.21,112.21,112.21,112.21,112.21,112.21,112.21,112.21,112.21,112.21,112.21,112.21,112.21,112.21,112.21,112.21,112.21,112.21,112.21,112.21,112.21,112.21,112.21
112.59,112.59,112.59,112.59,112.59,112.59,112.59,112.59,112.59,112.59,112.59,112.59,112.59,112.59,112.59,112.59,112.59,112.59,112.59,112.59,112.59,112.59,112.59,112.59,112.59,112.59,112.59,112.59,112.59
112.96,112.96,112.96,112.96,112.96,112.96,112.96,112.96,112.96,112.96,112.96,112.96,112.96,112.96,112.96,112.96,112.96,112.96,112.96,112.96,112.96,112.96,112.96,112.96,112.96,112.96,112.96,112.96,112.96
113.34,113.34,113.34,113.34,113.34,113.34,113.34,113.34,113.34,113.34,113.34,113.34,113.34,113.34,113.34,113.34,113.34,113.34,113.34,113.34,113.34,113.34,113.34,113.34,113.34,113.34,113.34,113.34,113.34
113.72,113.72,113.72,113.72,113.72,113.72,113.72,113.72,113.72,113.72,113.72,113.72,113.72,113.72,113.72,113.72,113.72,113.72,113.72,113.72,113.72,113.72,113.72,113.72,113.72,113.72,113.72,113.72,113.72
114.09,114.09,114.09,114.09,114.09,114.09,114.09,114.09,114.09,114.09,114.09,114.09,114.09,114.09,114.09,114.09,114.09,114.09,114.09,114.09,114.09,114.09,114.09,114.09,114.09,114.09,114.09,114.09,114.09
114.47,114.47,114.47,114.47,114.47,114.47,114.47,114.47,114.47,114.47,114.47,114.47,114.47,114.47,114.47,114.47,114.47,114.47,114.47,114.47,114.47,114.47,114.47,114.47,114.47,114.47,114.47,114.47,114.47
114.85,114.85,114.85,114.85,114.85,114.85,114.85,114.85,114.85,114.85,114.85,114.85,114.85,114.85,114.85,114.85,114.85,114.85,114.85,114.85,114.85,114.85,114.85,114.85,114.85,114.85,114.85,114.85,114.85
115.22,115.22,115.22,115.22,115.22,115.22,115.22,115.22,115.22,115.22,115.22,115.22,115.22,115.22,115.22,115.22,115.22,115.22,115.22,115.22,115.22,115.22,115.22,115.22,115.22,115.22,115.22,115.22,115.22
115.6,115.6,115.6,115.6,115.6,115.6,115.6,115.6,115.6,115.6,115.6,115.6,115.6,115.6,115.6,115.6,115.6,115.6,115.6,115.6,115.6,115.6,115.6,115.6,115.6,115.6,115.6,115.6,115.6
115.98,115.98,115.98,115.98,115.98,115.98,115.98,115.98,115.98,115.98,115.98,115.98,115.98,115.98,115.98,115.98,115.98,115.98,115.98,115.98,115.98,115.98,115.98,115.98,115.98,115.98,115.98,115.98,115.98
116.35,116.35,116.35,116.35,116.35,116.35,116.35,116.35,116.35,116.35,116.35,116.35,116.35,116.35,116.35,116.35,116.35,116.35,116.35,116.35,116.35,116.35,116.35,116.35,116.35,116.35,116.35,116.35,116.35
116.73,116.73,116.73,116.73,116.73,116.73,116.73,116.73,116.73,116.73,116.73,116.73,116.73,116.73,116.73,116.73,116.73,116.73,116.73,116.73,116.73,116.73,116.73,116.73,116.73,116.73,116.73,116.73,116.73
117.11,117.11,117.11,117.11,117.11,117.11,117.11,117.11,117.11,117.11,117.11,117.11,117.11,117.11,117.11,117.11,117.11,117.11,117.11,117.11,117.11,117.11,117.11,117.11,117.11,117.11,117.11,117.11,117.11
117.48,117.48,117.48,117.48,117.48,117.48,117.48,117.48,117.48,117.48,117.48,117.48,117.48,117.48,117.48,117.48,117.48,117.48,117.48,117.48,117.48,117.48,117.48,117.48,117.48,117.48,117.48,117.48,117.48
117.86,117.86,117.86,117.86,117.86,117.86,117.86,117.86,117.86,117.86,117.86,117.86,117.86,117.86,117.86,117.86,117.86,117.86,117.86,117.86,117.86,117.86,117.86,117.86,117.86,117.86,117.86,117.86,117.86
118.24,118.24,118.24,118.24,118.24,118.24,118.24,118.24,118.24,118.24,118.24,118.24,118.24,118.24,118.24,118.24,118.24,118.24,118.24,118.24,118.24,118.24,118.24,118.24,118.24,118.24,118.24,118.24,118.24
118.61,118.61,118.61,118.61,118.61,118.61,118.61,118.61,118.61,118.61,118.61,118.61,118.61,118.61,118.61,118.61,118.61,118.61,118.61,118.61,118.61,118.61,118.61,118.61,118.61,118.61,118.61,118.61,118.61
118.99,118.99,118.99,118.99,118.99,118.99,118.99,118.99,118.99,118.99,118.99,118.99,118.99,118.99,118.99,118.99,118.99,118.99,118.99,118.99,118.99,118.99,118.99,118.99,118.99,118.99,118.99,118.99,118.99
119.37,119.37,119.37,119.37,119.37,119.37,119.37,119.37,119.37,119.37,119.37,119.37,119.37,119.37,119.37,119.37,119.37,119.37,119.37,119.37,119.37,119.37,119.37,119.37,119.37,119.37,119.37,119.37,119.37
119.74,119.74,119.74,119.74,119.74,119.74,119.74,119.74,119.74,119.74,119.74,119.74,119.74,119.74,119.74,119.74,119.74,119.74,119.74,119.74,119.74,119.74,119.74,119.74,119.74,119.74,119.74,119.74,119.74
120.12,120.12,120.12,120.12,120.12,120.12,120.12,120.12,120.12,120.12,120.12,120.12,120.12,120.12,120.12,120.12,120.12,120.12,120.12,120.12,120.12,120.12,120.12,120.12,120.12,120.12,120.12,120.12,120.12
120.5,120.5,120.5,120.5,120.5,120.5,120.5,120.5,120.5,120.5,120.5,120.5,120.5,120.5,120.5,120.5,120.5,120.5,120.5,120.5,120.5,120.5,120.5,120.5,120.5,120.5,120.5,120.5,120.5
120.87,120.87,120.87,120.87,120.87,120.87,120.87,120.87,120.87,120.87,120.87,120.87,120.87,120.87,120.87,120.87,120.87,120.87,120.87,120.87,120.87,120.87,120.87,120.87,120.87,120.87,120.87,120.87,120.87
121.25,121.25,121.25,121.25,121.25,121.25,121.25,121.25,121.25,121.25,121.25,121.25,121.25,121.25,121.25,121.25,121.25,121.25,121.25,121.25,121.25,121.25,121.25,121.25,121.25,121.25,121.25,121.25,121.25
121.63,121.63,121.63,121.63,121.63,121.63,121.63,121.63,121.63,121.63,121.63,121.63,121.63,121.63,121.63,121.63,121.63,121.63,121.63,121.63,121.63,121.63,121.63,121.63,121.63,121.63,121.63,121.63,121.63
122,122,122,122,122,122,122,122,122,122,122,122,122,122,122,122,122,122,122,122,122,122,122,122,122,122,122,122,122
122.38,122.38,122.38,122.38,122.38,122.38,122.38,122.38,122.38,122.38,122.38,122.38,122.38,122.38,122.38,122.38,122.38,122.38,122.38,122.38,122.38,122.38,122.38,122.38,122.38,122.38,122.38,122.38,122.38
122.76,122.76,122.76,122.76,122.76,122.76,122.76,122.76,122.76,122.76,122.76,122.76,122.76,122.76,122.76,122.76,122.76,122.76,122.76,122.76,122.76,122.76,122.76,122.76,122.76,122.76,122.76,122.76,122.76
123.13,123.13,123.13,123.13,123.13,123.13,123.13,123.13,123.13,123.13,123.13,123.13,123.13,123.13,123.13,123.13,123.13,123.13,123.13,123.13,123.13,123.13,123.13,123.13,123.13,123.13,123.13,123.13,123.13
123.51,123.51,123.51,123.51,123.51,123.51,123.51,123.51,123.51,123.51,123.51,123.51,123.51,123.51,123.51,123.51,123.51,123.51,123.51,123.51,123.51,123.51,123.51,123.51,123.51,123.51,123.51,123.51,123.51
123.89,123.89,123.89,123.89,123.89,123.89,123.89,123.89,123.89,123.89,123.89,123.89,123.89,123.89,123.89,123.89,123.89,123.89,123.89,123.89,123.89,123.89,123.89,123.89,123.89,123.89,123.89,123.89,123.89
124.26,124.26,124.26,124.26,124.26,124.26,124.26,124.26,124.26,124.26,124.26,124.26,124.26,124.26,124.26,124.26,124.26,124.26,124.26,124.26,124.26,124.26,124.26,124.26,124.26,124.26,124.26,124.26,124.26
124.64,124.64,124.64,124.64,124.64,124.64,124.64,124.64,124.64,124.64,124.64,124.64,124.64,124.64,124.64,124.64,124.64,124.64,124.64,124.64,124.64,124.64,124.64,124.64,124.64,124.64,124.64,124.64,124.64
125.02,125.02,125.02,125.02,125.02,125.02,125.02,125.02,125.02,125.02,125.02,125.02,125.02,125.02,125.02,125.02,125.02,125.02,125.02,125.02,125.02,125.02,125.02,125.02,125.02,125.02,125.02,125.02,125.02
125.39,125.39,125.39,125.39,125.39,125.39,125.39,125.39,125.39,125.39,125.39,125.39,125.39,125.39,125.39,125.39,125.39,125.39,125.39,125.39,125.39,125.39,125.39,125.39,125.39,125.39,125.39,125.39,125.39
125.77,125.77,125.77,125.77,125.77,125.77,125.77,125.77,125.77,125.77,125.77,125.77,125.77,125.77,125.77,125.77,125.77,125.77,125.77,125.77,125.77,125.77,125.77,125.77,125.77,125.77,125.77,125.77,125.77
126.15,126.15,126.15,126.15,126.15,126.15,126.15,126.15,126.15,126.15,126.15,126.15,126.15,126.15,126.15,126.15,126.15,126.15,126.15,126.15,126.15,126.15,126.15,126.15,126.15,126.15,126.15,126.15,126.15
126.52,126.52,126.52,126.52,126.52,126.52,126.52,126.52,126.52,126.52,126.52,126.52,126.52,126.52,126.52,126.52,126.52,126.52,126.52,126.52,126.52,126.52,126.52,126.52,126.52,126.52,126.52,126.52,126.52
126.9,126.9,126.9,126.9,126.9,126.9,126.9,126.9,126.9,126.9,126.9,126.9,126.9,126.9,126.9,126.9,126.9,126.9,126.9,126.9,126.9,126.9,126.9,126.9,126.9,126.9,126.9,126.9,126.9
127.28,127.28,127.28,127.28,127.28,127.28,127.28,127.28,127.28,127.28,127.28,127.28,127.28,127.28,127.28,127.28,127.28,127.28,127.28,127.28,127.28,127.28,127.28,127.28,127.28,127.28,127.28,127.28,127.28
127.65,127.65,127.65,127.65,127.65,127.65,127.65,127.65,127.65,127.65,127.65,127.65,127.65,127.65,127.65,127.65,127.65,127.65,127.65,127.65,127.65,127.65,127.65,127.65,127.65,127.65,127.65,127.65,127.65
128.03,128.03,128.03,128.03,128.03,128.03,128.03,128.03,128.03,128.03,128.03,128.03,128.03,128.03,128.03,128.03,128.03,128.03,128.03,128.03,128.03,128.03,128.03,128.03,128.03,128.03,128.03,128.03,128.03
128.41,128.41,128.41,128.41,128.41,128.41,128.41,128.41,128.41,128.41,128.41,128.41,128.41,128.41,128.41,128.41,128.41,128.41,128.41,128.41,128.41,128.41,128.41,128.41,128.41,128.41,128.41,128.41,128.41
128.78,128.78,128.78,128.78,128.78,128.78,128.78,128.78,128.78,128.78,128.78,128.78,128.78,128.78,128.78,128.78,128.78,128.78,128.78,128.78,128.78,128.78,128.78,128.78,128.78,128.78,128.78,128.78,128.78
129.16,129.16,129.16,129.16,129.16,129.16,129.16,129.16,129.16,129.16,129.16,129.16,129.16,129.16,129.16,129.16,129.16,129.16,129.16,129.16,129.16,129.16,129.16,129.16,129.16,129.16,129.16,129.16,129.16
129.54,129.54,129.54,129.54,129.54,129.54,129.54,129.54,129.54,129.54,129.54,129.54,129.54,129.54,129.54,129.54,129.54,129.54,129.54,129.54,129.54,129.54,129.54,129.54,129.54,129.54,129.54,129.54,129.54
129.91,129.91,129.91,129.91,129.91,129.91,129.91,129.91,129.91,129.91,129.91,129.91,129.91,129.91,129.91,129.91,129.91,129.91,129.91,129.91,129.91,129.91,129.91,129.91,129.91,129.91,129.91,129.91,129.91
130.29,130.29,130.29,130.29,130.29,130.29,130.29,130.29,130.29,130.29,130.29,130.29,130.29,130.29,130.29,130.29,130.29,130.29,130.29,130.29,130.29,130.29,130.29,130.29,130.29,130.29,130.29,130.29,130.29
130.67,130.67,130.67,130.67,130.67,130.67,130.67,130.67,130.67,130.67,130.67,130.67,130.67,130.67,130.67,130.67,130.67,130.67,130.67,130.67,130.67,130.67,130.67,130.67,130.67,130.67,130.67,130.67,130.67
131.04,131.04,131.04,131.04,131.04,131.04,131.04,131.04,131.04,131.04,131.04,131.04,131.04,131.04,131.04,131.04,131.04,131.04,131.04,131.04,131.04,131.04,131.04,131.04,131.04,131.04,131.04,131.04,131.04
131.42,131.42,131.42,131.42,131.42,131.42,131.42,131.42,131.42,131.42,131.42,131.42,131.42,131.42,131.42,131.42,131.42,131.42,131.42,131.42,131.42,131.42,131.42,131.42,131.42,131.42,131.42,131.42,131.42
131.8,131.8,131.8,131.8,131.8,131.8,131.8,131.8,131.8,131.8,131.8,131.8,131.8,131.8,131.8,131.8,131.8,131.8,131.8,131.8,131.8,131.8,131.8,131.8,131.8,131.8,131.8,131.8,131.8
132.17,132.17,132.17,132.17,132.17,132.17,132.17,132.17,132.17,132.17,132.17,132.17,132.17,132.17,132.17,132.17,132.17,132.17,132.17,132.17,132.17,132.17,132.17,132.17,132.17,132.17,132.17,132.17,132.17
132.55,132.55,132.55,132.55,132.55,132.55,132.55,132.55,132.55,132.55,132.55,132.55,132.55,132.55,132.55,132.55,132.55,132.55,132.55,132.55,132.55,132.55,132.55,132.55,132.55,132.55,132.55,132.55,132.55
132.93,132.93,132.93,132.93,132.93,132.93,132.93,132.93,132.93,132.93,132.93,132.93,132.93,132.93,132.93,132.93,132.93,132.93,132.93,132.93,132.93,132.93,132.93,132.93,132.93,132.93,132.93,132.93,132.93
133.3,133.3,133.3,133.3,133.3,133.3,133.3,133.3,133.3,133.3,133.3,133.3,133.3,133.3,133.3,133.3,133.3,133.3,133.3,133.3,133.3,133.3,133.3,133.3,133.3,133.3,133.3,133.3,133.3
133.68,133.68,133.68,133.68,133.68,133.68,133.68,133.68,133.68,133.68,133.68,133.68,133.68,133.68,133.68,133.68,133.68,133.68,133.68,133.68,133.68,133.68,133.68,133.68,133.68,133.68,133.68,133.68,133.68
134.06,134.06,134.06,134.06,134.06,134.06,134.06,134.06,134.06,134.06,134.06,134.06,134.06,134.06,134.06,134.06,134.06,134.06,134.06,134.06,134.06,134.06,134.06,134.06,134.06,134.06,134.06,134.06,134.06
134.43,134.43,134.43,134.43,134.43,134.43,134.43,134.43,134.43,134.43,134.43,134.43,134.43,134.43,134.43,134.43,134.43,134.43,134.43,134.43,134.43,134.43,134.43,134.43,134.43,134.43,134.43,134.43,134.43
134.81,134.81,134.81,134.81,134.81,134.81,134.81,134.81,134.81,134.81,134.81,134.81,134.81,134.81,134.81,134.81,134.81,134.81,134.81,134.81,134.81,134.81,134.81,134.81,134.81,134.81,134.81,134.81,134.81
135.19,135.19,135.19,135.19,135.19,135.19,135.19,135.19,135.19,135.19,135.19,135.19,135.19,135.19,135.19,135.19,135.19,135.19,135.19,135.19,135.19,135.19,135.19,135.19,135.19,135.19,135.19,135.19,135.19
135.56,135.56,135.56,135.56,135.56,135.56,135.56,135.56,135.56,135.56,135.56,135.56,135.56,135.56,135.56,135.56,135.56,135.56,135.56,135.56,135.56,135.56,135.56,135.56,135.56,135.56,135.56,135.56,135.56
135.94,135.94,135.94,135.94,135.94,135.94,135.94,135.94,135.94,135.94,135.94,135.94,135.94,135.94,135.94,135.94,135.94,135.94,135.94,135.94,135.94,135.94,135.94,135.94,135.94,135.94,135.94,135.94,135.94
136.32,136.32,136.32,136.32,136.32,136.32,136.32,136.32,136.32,136.32,136.32,136.32,136.32,136.32,136.32,136.32,136.32,136.32,136.32,136.32,136.32,136.32,136.32,136.32,136.32,136.32,136.32,136.32,136.32
136.69,136.69,136.69,136.69,136.69,136.69,136.69,136.69,136.69,136.69,136.69,136.69,136.69,136.69,136.69,136.69,136.69,136.69,136.69,136.69,136.69,136.69,136.69,136.69,136.69,136.69,136.69,136.69,136.69
137.07,137.07,137.07,137.07,137.07,137.07,137.07,137.07,137.07,137.07,137.07,137.07,137.07,137.07,137.07,137.07,137.07,137.07,137.07,137.07,137.07,137.07,137.07,137.07,137.07,137.07,137.07,137.07,137.07
137.45,137.45,137.45,137.45,137.45,137.45,137.45,137.45,137.45,137.45,137.45,137.45,137.45,137.45,137.45,137.45,137.45,137.45,137.45,137.45,137.45,137.45,137.45,137.45,137.45,137.45,137.45,137.45,137.45
137.82,137.82,137.82,137.82,137.82,137.82,137.82,137.82,137.82,137.82,137.82,137.82,137.82,137.82,137.82,137.82,137.82,137.82,137.82,137.82,137.82,137.82,137.82,137.82,137.82,137.82,137.82,137.82,137.82
138.2,138.2,138.2,138.2,138.2,138.2,138.2,138.2,138.2,138.2,138.2,138.2,138.2,138.2,138.2,138.2,138.2,138.2,138.2,138.2,138.2,138.2,138.2,138.2,138.2,138.2,138.2,138.2,138.2
138.58,138.58,138.58,138.58,138.58,138.58,138.58,138.58,138.58,138.58,138.58,138.58,138.58,138.58,138.58,138.58,138.58,138.58,138.58,138.58,138.58,138.58,138.58,138.58,138.58,138.58,138.58,138.58,138.58
138.95,138.95,138.95,138.95,138.95,138.95,138.95,138.95,138.95,138.95,138.95,138.95,138.95,138.95,138.95,138.95,138.95,138.95,138.95,138.95,138.95,138.95,138.95,138.95,138.95,138.95,138.95,138.95,138.95
139.33,139.33,139.33,139.33,139.33,139.33,139.33,139.33,139.33,139.33,139.33,139.33,139.33,139.33,139.33,139.33,139.33,139.33,139.33,139.33,139.33,139.33,139.33,139.33,139.33,139.33,139.33,139.33,139.33
139.71,139.71,139.71,139.71,139.71,139.71,139.71,139.71,139.71,139.71,139.71,139.71,139.71,139.71,139.71,139.71,139.71,139.71,139.71,139.71,139.71,139.71,139.71,139.71,139.71,139.71,139.71,139.71,139.71
140.08,140.08,140.08,140.08,140.08,140.08,140.08,140.08,140.08,140.08,140.08,140.08,140.08,140.08,140.08,140.08,140.08,140.08,140.08,140.08,140.08,140.08,140.08,140.08,140.08,140.08,140.08,140.08,140.08
140.46,140.46,140.46,140.46,140.46,140.46,140.46,140.46,140.46,140.46,140.46,140.46,140.46,140.46,140.46,140.46,140.46,140.46,140.46,140.46,140.46,140.46,140.46,140.46,140.46,140.46,140.46,140.46,140.46
140.84,140.84,140.84,140.84,140.84,140.84,140.84,140.84,140.84,140.84,140.84,140.84,140.84,140.84,140.84,140.84,140.84,140.84,140.84,140.84,140.84,140.84,140.84,140.84,140.84,140.84,140.84,140.84,140.84
141.21,141.21,141.21,141.21,141.21,141.21,141.21,141.21,141.21,141.21,141.21,141.21,141.21,141.21,141.21,141.21,141.21,141.21,141.21,141.21,141.21,141.21,141.21,141.21,141.21,141.21,141.21,141.21,141.21
141.59,141.59,141.59,141.59,141.59,141.59,141.59,141.59,141.59,141.59,141.59,141.59,141.59,141.59,141.59,141.59,141.59,141.59,141.59,141.59,141.59,141.59,141.59,141.59,141.59,141.59,141.59,141.59,141.59
141.97,141.97,141.97,141.97,141.97,141.97,141.97,141.97,141.97,141.97,141.97,141.97,141.97,141.97,141.97,141.97,141.97,141.97,141.97,141.97,141.97,141.97,141.97,141.97,141.97,141.97,141.97,141.97,141.97
142.34,142.34,142.34,142.34,142.34,142.34,142.34,142.34,142.34,142.34,142.34,142.34,142.34,142.34,142.34,142.34,142.34,142.34,142.34,142.34,142.34,142.34,142.34,142.34,142.34,142.34,142.34,142.34,142.34
142.72,142.72,142.72,142.72,142.72,142.72,142.72,142.72,142.72,142.72,142.72,142.72,142.72,142.72,142.72,142.72,142.72,142.72,142.72,142.72,142.72,142.72,142.72,142.72,142.72,142.72,142.72,142.72,142.72
143.1,143.1,143.1,143.1,143.1,143.1,143.1,143.1,143.1,143.1,143.1,143.1,143.1,143.1,143.1,143.1,143.1,143.1,143.1,143.1,143.1,143.1,143.1,143.1,143.1,143.1,143.1,143.1,143.1
143.47,143.47,143.47,143.47,143.47,143.47,143.47,143.47,143.47,143.47,143.47,143.47,143.47,143.47,143.47,143.47,143.47,143.47,143.47,143.47,143.47,143.47,143.47,143.47,143.47,143.47,143.47,143.47,143.47
143.85,143.85,143.85,143.85,143.85,143.85,143.85,143.85,143.85,143.85,143.85,143.85,143.85,143.85,143.85,143.85,143.85,143.85,143.85,143.85,143.85,143.85,143.85,143.85,143.85,143.85,143.85,143.85,143.85
144.23,144.23,144.23,144.23,144.23,144.23,144.23,144.23,144.23,144.23,144.23,144.23,144.23,144.23,144.23,144.23,144.23,144.23,144.23,144.23,144.23,144.23,144.23,144.23,144.23,144.23,144.23,144.23,144.23
144.6,144.6,144.6,144.6,144.6,144.6,144.6,144.6,144.6,144.6,144.6,144.6,144.6,144.6,144.6,144.6,144.6,144.6,144.6,144.6,144.6,144.6,144.6,144.6,144.6,144.6,144.6,144.6,144.6
144.98,144.98,144.98,144.98,144.98,144.98,144.98,144.98,144.98,144.98,144.98,144.98,144.98,144.98,144.98,144.98,144.98,144.98,144.98,144.98,144.98,144.98,144.98,144.98,144.98,144.98,144.98,144.98,144.98
145.35,145.35,145.35,145.35,145.35,145.35,145.35,145.35,145.35,145.35,145.35,145.35,145.35,145.35,145.35,145.35,145.35,145.35,145.35,145.35,145.35,145.35,145.35,145.35,145.35,145.35,145.35,145.35,145.35
145.73,145.73,145.73,145.73,145.73,145.73,145.73,145.73,145.73,145.73,145.73,145.73,145.73,145.73,145.73,145.73,145.73,145.73,145.73,145.73,145.73,145.73,145.73,145.73,145.73,145.73,145.73,145.73,145.73
146.11,146.11,146.11,146.11,146.11,146.11,146.11,146.11,146.11,146.11,146.11,146.11,146.11,146.11,146.11,146.11,146.11,146.11,146.11,146.11,146.11,146.11,146.11,146.11,146.11,146.11,146.11,146.11,146.11
146.48,146.48,146.48,146.48,146.48,146.48,146.48,146.48,146.48,146.48,146.48,146.48,146.48,146.48,146.48,146.48,146.48,146.48,146.48,146.48,146.48,146.48,146.48,146.48,146.48,146.48,146.48,146.48,146.48
146.86,146.86,146.86,146.86,146.86,146.86,146.86,146.86,146.86,146.86,146.86,146.86,146.86,146.86,146.86,146.86,146.86,146.86,146.86,146.86,146.86,146.86,146.86,146.86,146.86,146.86,146.86,146.86,146.86
147.24,147.24,147.24,147.24,147.24,147.24,147.24,147.24,147.24,147.24,147.24,147.24,147.24,147.24,147.24,147.24,147.24,147.24,147.24,147.24,147.24,147.24,147.24,147.24,147.24,147.24,147.24,147.24,147.24
147.61,147.61,147.61,147.61,147.61,147.61,147.61,147.61,147.61,147.61,147.61,147.61,147.61,147.61,147.61,147.61,147.61,147.61,147.61,147.61,147.61,147.61,147.61,147.61,147.61,147.61,147.61,147.61,147.61
147.99,147.99,147.99,147.99,147.99,147.99,147.99,147.99,147.99,147.99,147.99,147.99,147.99,147.99,147.99,147.99,147.99,147.99,147.99,147.99,147.99,147.99,147.99,147.99,147.99,147.99,147.99,147.99,147.99
148.37,148.37,148.37,148.37,148.37,148.37,148.37,148.37,148.37,148.37,148.37,148.37,148.37,148.37,148.37,148.37,148.37,148.37,148.37,148.37,148.37,148.37,148.37,148.37,148.37,148.37,148.37,148.37,148.37
148.74,148.74,148.74,148.74,148.74,148.74,148.74,148.74,148.74,148.74,148.74,148.74,148.74,148.74,148.74,148.74,148.74,148.74,148.74,148.74,148.74,148.74,148.74,148.74,148.74,148.74,148.74,148.74,148.74
149.12,149.12,149.12,149.12,149.12,149.12,149.12,149.12,149.12,149.12,149.12,149.12,149.12,149.12,149.12,149.12,149.12,149.12,149.12,149.12,149.12,149.12,149.12,149.12,149.12,149.12,149.12,149.12,149.12
149.5,149.5,149.5,149.5,149.5,149.5,149.5,149.5,149.5,149.5,149.5,149.5,149.5,149.5,149.5,149.5,149.5,149.5,149.5,149.5,149.5,149.5,149.5,149.5,149.5,149.5,149.5,149.5,149.5
149.87,149.87,149.87,149.87,149.87,149.87,149.87,149.87,149.87,149.87,149.87,149.87,149.87,149.87,149.87,149.87,149.87,149.87,149.87,149.87,149.87,149.87,149.87,149.87,149.87,149.87,149.87,149.87,149.87
150.25,150.25,150.25,150.25,150.25,150.25,150.25,150.25,150.25,150.25,150.25,150.25,150.25,150.25,150.25,150.25,150.25,150.25,150.25,150.25,150.25,150.25,150.25,150.25,150.25,150.25,150.25,150.25,150.25
150.63,150.63,150.63,150.63,150.63,150.63,150.63,150.63,150.63,150.63,150.63,150.63,150.63,150.63,150.63,150.63,150.63,150.63,150.63,150.63,150.63,150.63,150.63,150.63,150.63,150.63,150.63,150.63,150.63
151,151,151,151,151,151,151,151,151,151,151,151,151,151,151,151,151,151,151,151,151,151,151,151,151,151,151,151,151
151.38,151.38,151.38,151.38,151.38,151.38,151.38,151.38,151.38,151.38,151.38,151.38,151.38,151.38,151.38,151.38,151.38,151.38,151.38,151.38,151.38,151.38,151.38,151.38,151.38,151.38,151.38,151.38,151.38
151.76,151.76,151.76,151.76,151.76,151.76,151.76,151.76,151.76,151.76,151.76,151.76,151.76,151.76,151.76,151.76,151.76,151.76,151.76,151.76,151.76,151.76,151.76,151.76,151.76,151.76,151.76,151.76,151.76
152.13,152.13,152.13,152.13,152.13,152.13,152.13,152.13,152.13,152.13,152.13,152.13,152.13,152.13,152.13,152.13,152.13,152.13,152.13,152.13,152.13,152.13,152.13,152.13,152.13,152.13,152.13,152.13,152.13
152.51,152.51,152.51,152.51,152.51,152.51,152.51,152.51,152.51,152.51,152.51,152.51,152.51,152.51,152.51,152.51,152.51,152.51,152.51,152.51,152.51,152.51,152.51,152.51,152.51,152.51,152.51,152.51,152.51
152.89,152.89,152.89,152.89,152.89,152.89,152.89,152.89,152.89,152.89,152.89,152.89,152.89,152.89,152.89,152.89,152.89,152.89,152.89,152.89,152.89,152.89,152.89,152.89,152.89,152.89,152.89,152.89,152.89
153.26,153.26,153.26,153.26,153.26,153.26,153.26,153.26,153.26,153.26,153.26,153.26,153.26,153.26,153.26,153.26,153.26,153.26,153.26,153.26,153.26,153.26,153.26,153.26,153.26,153.26,153.26,153.26,153.26
153.64,153.64,153.64,153.64,153.64,153.64,153.64,153.64,153.64,153.64,153.64,153.64,153.64,153.64,153.64,153.64,153.64,153.64,153.64,153.64,153.64,153.64,153.64,153.64,153.64,153.64,153.64,153.64,153.64
154.02,154.02,154.02,154.02,154.02,154.02,154.02,154.02,154.02,154.02,154.02,154.02,154.02,154.02,154.02,154.02,154.02,154.02,154.02,154.02,154.02,154.02,154.02,154.02,154.02,154.02,154.02,154.02,154.02
154.39,154.39,154.39,154.39,154.39,154.39,154.39,154.39,154.39,154.39,154.39,154.39,154.39,154.39,154.39,154.39,154.39,154.39,154.39,154.39,154.39,154.39,154.39,154.39,154.39,154.39,154.39,154.39,154.39
154.77,154.77,154.77,154.77,154.77,154.77,154.77,154.77,154.77,154.77,154.77,154.77,154.77,154.77,154.77,154.77,154.77,154.77,154.77,154.77,154.77,154.77,154.77,154.77,154.77,154.77,154.77,154.77,154.77
155.15,155.15,155.15,155.15,155.15,155.15,155.15,155.15,155.15,155.15,155.15,155.15,155.15,155.15,155.15,155.15,155.15,155.15,155.15,155.15,155.15,155.15,155.15,155.15,155.15,155.15,155.15,155.15,155.15
155.52,155.52,155.52,155.52,155.52,155.52,155.52,155.52,155.52,155.52,155.52,155.52,155.52,155.52,155.52,155.52,155.52,155.52,155.52,155.52,155.52,155.52,155.52,155.52,155.52,155.52,155.52,155.52,155.52
155.9,155.9,155.9,155.9,155.9,155.9,155.9,155.9,155.9,155.9,155.9,155.9,155.9,155.9,155.9,155.9,155.9,155.9,155.9,155.9,155.9,155.9,155.9,155.9,155.9,155.9,155.9,155.9,155.9
156.28,156.28,156.28,156.28,156.28,156.28,156.28,156.28,156.28,156.28,156.28,156.28,156.28,156.28,156.28,156.28,156.28,156.28,156.28,156.28,156.28,156.28,156.28,156.28,156.28,156.28,156.28,156.28,156.28
156.65,156.65,156.65,156.65,156.65,156.65,156.65,156.65,156.65,156.65,156.65,156.65,156.65,156.65,156.65,156.65,156.65,156.65,156.65,156.65,156.65,156.65,156.65,156.65,156.65,156.65,156.65,156.65,156.65
157.03,157.03,157.03,157.03,157.03,157.03,157.03,157.03,157.03,157.03,157.03,157.03,157.03,157.03,157.03,157.03,157.03,157.03,157.03,157.03,157.03,157.03,157.03,157.03,157.03,157.03,157.03,157.03,157.03
157.41,157.41,157.41,157.41,157.41,157.41,157.41,157.41,157.41,157.41,157.41,157.41,157.41,157.41,157.41,157.41,157.41,157.41,157.41,157.41,157.41,157.41,157.41,157.41,157.41,157.41,157.41,157.41,157.41
157.78,157.78,157.78,157.78,157.78,157.78,157.78,157.78,157.78,157.78,157.78,157.78,157.78,157.78,157.78,157.78,157.78,157.78,157.78,157.78,157.78,157.78,157.78,157.78,157.78,157.78,157.78,157.78,157.78
158.16,158.16,158.16,158.16,158.16,158.16,158.16,158.16,158.16,158.16,158.16,158.16,158.16,158.16,158.16,158.16,158.16,158.16,158.16,158.16,158.16,158.16,158.16,158.16,158.16,158.16,158.16,158.16,158.16
158.54,158.54,158.54,158.54,158.54,158.54,158.54,158.54,158.54,158.54,158.54,158.54,158.54,158.54,158.54,158.54,158.54,158.54,158.54,158.54,158.54,158.54,158.54,158.54,158.54,158.54,158.54,158.54,158.54
158.91,158.91,158.91,158.91,158.91,158.91,158.91,158.91,158.91,158.91,158.91,158.91,158.91,158.91,158.91,158.91,158.91,158.91,158.91,158.91,158.91,158.91,158.91,158.91,158.91,158.91,158.91,158.91,158.91
159.29,159.29,159.29,159.29,159.29,159.29,159.29,159.29,159.29,159.29,159.29,159.29,159.29,159.29,159.29,159.29,159.29,159.29,159.29,159.29,159.29,159.29,159.29,159.29,159.29,159.29,159.29,159.29,159.29
159.67,159.67,159.67,159.67,159.67,159.67,159.67,159.67,159.67,159.67,159.67,159.67,159.67,159.67,159.67,159.67,159.67,159.67,159.67,159.67,159.67,159.67,159.67,159.67,159.67,159.67,159.67,159.67,159.67
160.04,160.04,160.04,160.04,160.04,160.04,160.04,160.04,160.04,160.04,160.04,160.04,160.04,160.04,160.04,160.04,160.04,160.04,160.04,160.04,160.04,160.04,160.04,160.04,160.04,160.04,160.04,160.04,160.04
160.42,160.42,160.42,160.42,160.42,160.42,160.42,160.42,160.42,160.42,160.42,160.42,160.42,160.42,160.42,160.42,160.42,160.42,160.42,160.42,160.42,160.42,160.42,160.42,160.42,160.42,160.42,160.42,160.42
160.8,160.8,160.8,160.8,160.8,160.8,160.8,160.8,160.8,160.8,160.8,160.8,160.8,160.8,160.8,160.8,160.8,160.8,160.8,160.8,160.8,160.8,160.8,160.8,160.8,160.8,160.8,160.8,160.8
161.17,161.17,161.17,161.17,161.17,161.17,161.17,161.17,161.17,161.17,161.17,161.17,161.17,161.17,161.17,161.17,161.17,161.17,161.17,161.17,161.17,161.17,161.17,161.17,161.17,161.17,161.17,161.17,161.17
161.55,161.55,161.55,161.55,161.55,161.55,161.55,161.55,161.55,161.55,161.55,161.55,161.55,161.55,161.55,161.55,161.55,161.55,161.55,161.55,161.55,161.55,161.55,161.55,161.55,161.55,161.55,161.55,161.55
161.93,161.93,161.93,161.93,161.93,161.93,161.93,161.93,161.93,161.93,161.93,161.93,161.93,161.93,161.93,161.93,161.93,161.93,161.93,161.93,161.93,161.93,161.93,161.93,161.93,161.93,161.93,161.93,161.93
162.3,162.3,162.3,162.3,162.3,162.3,162.3,162.3,162.3,162.3,162.3,162.3,162.3,162.3,162.3,162.3,162.3,162.3,162.3,162.3,162.3,162.3,162.3,162.3,162.3,162.3,162.3,162.3,162.3
162.68,162.68,162.68,162.68,162.68,162.68,162.68,162.68,162.68,162.68,162.68,162.68,162.68,162.68,162.68,162.68,162.68,162.68,162.68,162.68,162.68,162.68,162.68,162.68,162.68,162.68,162.68,162.68,162.68
163.06,163.06,163.06,163.06,163.06,163.06,163.06,163.06,163.06,163.06,163.06,163.06,163.06,163.06,163.06,163.06,163.06,163.06,163.06,163.06,163.06,163.06,163.06,163.06,163.06,163.06,163.06,163.06,163.06
163.43,163.43,163.43,163.43,163.43,163.43,163.43,163.43,163.43,163.43,163.43,163.43,163.43,163.43,163.43,163.43,163.43,163.43,163.43,163.43,163.43,163.43,163.43,163.43,163.43,163.43,163.43,163.43,163.43
163.81,163.81,163.81,163.81,163.81,163.81,163.81,163.81,163.81,163.81,163.81,163.81,163.81,163.81,163.81,163.81,163.81,163.81,163.81,163.81,163.81,163.81,163.81,163.81,163.81,163.81,163.81,163.81,163.81
164.19,164.19,164.19,164.19,164.19,164.19,164.19,164.19,164.19,164.19,164.19,164.19,164.19,164.19,164.19,164.19,164.19,164.19,164.19,164.19,164.19,164.19,164.19,164.19,164.19,164.19,164.19,164.19,164.19
164.56,164.56,164.56,164.56,164.56,164.56,164.56,164.56,164.56,164.56,164.56,164.56,164.56,164.56,164.56,164.56,164.56,164.56,164.56,164.56,164.56,164.56,164.56,164.56,164.56,164.56,164.56,164.56,164.56
164.94,164.94,164.94,164.94,164.94,164.94,164.94,164.94,164.94,164.94,164.94,164.94,164.94,164.94,164.94,164.94,164.94,164.94,164.94,164.94,164.94,164.94,164.94,164.94,164.94,164.94,164.94,164.94,164.94
165.32,165.32,165.32,165.32,165.32,165.32,165.32,165.32,165.32,165.32,165.32,165.32,165.32,165.32,165.32,165.32,165.32,165.32,165.32,165.32,165.32,165.32,165.32,165.32,165.32,165.32,165.32,165.32,165.32
165.69,165.69,165.69,165.69,165.69,165.69,165.69,165.69,165.69,165.69,165.69,165.69,165.69,165.69,165.69,165.69,165.69,165.69,165.69,165.69,165.69,165.69,165.69,165.69,165.69,165.69,165.69,165.69,165.69
166.07,166.07,166.07,166.07,166.07,166.07,166.07,166.07,166.07,166.07,166.07,166.07,166.07,166.07,166.07,166.07,166.07,166.07,166.07,166.07,166.07,166.07,166.07,166.07,166.07,166.07,166.07,166.07,166.07
166.45,166.45,166.45,166.45,166.45,166.45,166.45,166.45,166.45,166.45,166.45,166.45,166.45,166.45,166.45,166.45,166.45,166.45,166.45,166.45,166.45,166.45,166.45,166.45,166.45,166.45,166.45,166.45,166.45
166.82,166.82,166.82,166.82,166.82,166.82,166.82,166.82,166.82,166.82,166.82,166.82,166.82,166.82,166.82,166.82,166.82,166.82,166.82,166.82,166.82,166.82,166.82,166.82,166.82,166.82,166.82,166.82,166.82
167.2,167.2,167.2,167.2,167.2,167.2,167.2,167.2,167.2,167.2,167.2,167.2,167.2,167.2,167.2,167.2,167.2,167.2,167.2,167.2,167.2,167.2,167.2,167.2,167.2,167.2,167.2,167.2,167.2
167.58,167.58,167.58,167.58,167.58,167.58,167.58,167.58,167.58,167.58,167.58,167.58,167.58,167.58,167.58,167.58,167.58,167.58,167.58,167.58,167.58,167.58,167.58,167.58,167.58,167.58,167.58,167.58,167.58
167.95,167.95,167.95,167.95,167.95,167.95,167.95,167.95,167.95,167.95,167.95,167.95,167.95,167.95,167.95,167.95,167.95,167.95,167.95,167.95,167.95,167.95,167.95,167.95,167.95,167.95,167.95,167.95,167.95
168.33,168.33,168.33,168.33,168.33,168.33,168.33,168.33,168.33,168.33,168.33,168.33,168.33,168.33,168.33,168.33,168.33,168.33,168.33,168.33,168.33,168.33,168.33,168.33,168.33,168.33,168.33,168.33,168.33
168.71,168.71,168.71,168.71,168.71,168.71,168.71,168.71,168.71,168.71,168.71,168.71,168.71,168.71,168.71,168.71,168.71,168.71,168.71,168.71,168.71,168.71,168.71,168.71,168.71,168.71,168.71,168.71,168.71
169.08,169.08,169.08,169.08,169.08,169.08,169.08,169.08,169.08,169.08,169.08,169.08,169.08,169.08,169.08,169.08,169.08,169.08,169.08,169.08,169.08,169.08,169.08,169.08,169.08,169.08,169.08,169.08,169.08
169.46,169.46,169.46,169.46,169.46,169.46,169.46,169.46,169.46,169.46,169.46,169.46,169.46,169.46,169.46,169.46,169.46,169.46,169.46,169.46,169.46,169.46,169.46,169.46,169.46,169.46,169.46,169.46,169.46
169.84,169.84,169.84,169.84,169.84,169.84,169.84,169.84,169.84,169.84,169.84,169.84,169.84,169.84,169.84,169.84,169.84,169.84,169.84,169.84,169.84,169.84,169.84,169.84,169.84,169.84,169.84,169.84,169.84
170.21,170.21,170.21,170.21,170.21,170.21,170.21,170.21,170.21,170.21,170.21,170.21,170.21,170.21,170.21,170.21,170.21,170.21,170.21,170.21,170.21,170.21,170.21,170.21,170.21,170.21,170.21,170.21,170.21
170.59,170.59,170.59,170.59,170.59,170.59,170.59,170.59,170.59,170.59,170.59,170.59,170.59,170.59,170.59,170.59,170.59,170.59,170.59,170.59,170.59,170.59,170.59,170.59,170.59,170.59,170.59,170.59,170.59
170.97,170.97,170.97,170.97,170.97,170.97,170.97,170.97,170.97,170.97,170.97,170.97,170.97,170.97,170.97,170.97,170.97,170.97,170.97,170.97,170.97,170.97,170.97,170.97,170.97,170.97,170.97,170.97,170.97
171.34,171.34,171.34,171.34,171.34,171.34,171.34,171.34,171.34,171.34,171.34,171.34,171.34,171.34,171.34,171.34,171.34,171.34,171.34,171.34,171.34,171.34,171.34,171.34,171.34,171.34,171.34,171.34,171.34
171.72,171.72,171.72,171.72,171.72,171.72,171.72,171.72,171.72,171.72,171.72,171.72,171.72,171.72,171.72,171.72,171.72,171.72,171.72,171.72,171.72,171.72,171.72,171.72,171.72,171.72,171.72,171.72,171.72
172.1,172.1,172.1,172.1,172.1,172.1,172.1,172.1,172.1,172.1,172.1,172.1,172.1,172.1,172.1,172.1,172.1,172.1,172.1,172.1,172.1,172.1,172.1,172.1,172.1,172.1,172.1,172.1,172.1
172.47,172.47,172.47,172.47,172.47,172.47,172.47,172.47,172.47,172.47,172.47,172.47,172.47,172.47,172.47,172.47,172.47,172.47,172.47,172.47,172.47,172.47,172.47,172.47,172.47,172.47,172.47,172.47,172.47
172.85,172.85,172.85,172.85,172.85,172.85,172.85,172.85,172.85,172.85,172.85,172.85,172.85,172.85,172.85,172.85,172.85,172.85,172.85,172.85,172.85,172.85,172.85,172.85,172.85,172.85,172.85,172.85,172.85
173.23,173.23,173.23,173.23,173.23,173.23,173.23,173.23,173.23,173.23,173.23,173.23,173.23,173.23,173.23,173.23,173.23,173.23,173.23,173.23,173.23,173.23,173.23,173.23,173.23,173.23,173.23,173.23,173.23
173.6,173.6,173.6,173.6,173.6,173.6,173.6,173.6,173.6,173.6,173.6,173.6,173.6,173.6,173.6,173.6,173.6,173.6,173.6,173.6,173.6,173.6,173.6,173.6,173.6,173.6,173.6,173.6,173.6
173.98,173.98,173.98,173.98,173.98,173.98,173.98,173.98,173.98,173.98,173.98,173.98,173.98,173.98,173.98,173.98,173.98,173.98,173.98,173.98,173.98,173.98,173.98,173.98,173.98,173.98,173.98,173.98,173.98
174.36,174.36,174.36,174.36,174.36,174.36,174.36,174.36,174.36,174.36,174.36,174.36,174.36,174.36,174.36,174.36,174.36,174.36,174.36,174.36,174.36,174.36,174.36,174.36,174.36,174.36,174.36,174.36,174.36
174.74,174.74,174.74,174.74,174.74,174.74,174.74,174.74,174.74,174.74,174.74,174.74,174.74,174.74,174.74,174.74,174.74,174.74,174.74,174.74,174.74,174.74,174.74,174.74,174.74,174.74,174.74,174.74,174.74
175.12,175.12,175.12,175.12,175.12,175.12,175.12,175.12,175.12,175.12,175.12,175.12,175.12,175.12,175.12,175.12,175.12,175.12,175.12,175.12,175.12,175.12,175.12,175.12,175.12,175.12,175.12,175.12,175.12
175.5,175.5,175.5,175.5,175.5,175.5,175.5,175.5,175.5,175.5,175.5,175.5,175.5,175.5,175.5,175.5,175.5,175.5,175.5,175.5,175.5,175.5,175.5,175.5,175.5,175.5,175.5,175.5,175.5
175.88,175.88,175.88,175.88,175.88,175.88,175.88,175.88,175.88,175.88,175.88,175.88,175.88,175.88,175.88,175.88,175.88,175.88,175.88,175.88,175.88,175.88,175.88,175.88,175.88,175.88,175.88,175.88,175.88
176.26,176.26,176.26,176.26,176.26,176.26,176.26,176.26,176.26,176.26,176.26,176.26,176.26,176.26,176.26,176.26,176.26,176.26,176.26,176.26,176.26,176.26,176.26,176.26,176.26,176.26,176.26,176.26,176.26
176.64,176.64,176.64,176.64,176.64,176.64,176.64,176.64,176.64,176.64,176.64,176.64,176.64,176.64,176.64,176.64,176.64,176.64,176.64,176.64,176.64,176.64,176.64,176.64,176.64,176.64,176.64,176.64,176.64
177.02,177.02,177.02,177.02,177.02,177.02,177.02,177.02,177.02,177.02,177.02,177.02,177.02,177.02,177.02,177.02,177.02,177.02,177.02,177.02,177.02,177.02,177.02,177.02,177.02,177.02,177.02,177.02,177.02
177.4,177.4,177.4,177.4,177.4,177.4,177.4,177.4,177.4,177.4,177.4,177.4,177.4,177.4,177.4,177.4,177.4,177.4,177.4,177.4,177.4,177.4,177.4,177.4,177.4,177.4,177.4,177.4,177.4
177.78,177.78,177.78,177.78,177.78,177.78,177.78,177.78,177.78,177.78,177.78,177.78,177.78,177.78,177.78,177.78,177.78,177.78,177.78,177.78,177.78,177.78,177.78,177.78,177.78,177.78,177.78,177.78,177.78
178.16,178.16,178.16,178.16,178.16,178.16,178.16,178.16,178.16,178.16,178.16,178.16,178.16,178.16,178.16,178.16,178.16,178.16,178.16,178.16,178.16,178.16,178.16,178.16,178.16,178.16,178.16,178.16,178.16
178.54,178.54,178.54,178.54,178.54,178.54,178.54,178.54,178.54,178.54,178.54,178.54,178.54,178.54,178.54,178.54,178.54,178.54,178.54,178.54,178.54,178.54,178.54,178.54,178.54,178.54,178.54,178.54,178.54
178.92,178.92,178.92,178.92,178.92,178.92,178.92,178.92,178.92,178.92,178.92,178.92,178.92,178.92,178.92,178.92,178.92,178.92,178.92,178.92,178.92,178.92,178.92,178.92,178.92,178.92,178.92,178.92,178.92
179.3,179.3,179.3,179.3,179.3,179.3,179.3,179.3,179.3,179.3,179.3,179.3,179.3,179.3,179.3,179.3,179.3,179.3,179.3,179.3,179.3,179.3,179.3,179.3,179.3,179.3,179.3,179.3,179.3
179.68,179.68,179.68,179.68,179.68,179.68,179.68,179.68,179.68,179.68,179.68,179.68,179.68,179.68,179.68,179.68,179.68,179.68,179.68,179.68,179.68,179.68,179.68,179.68,179.68,179.68,179.68,179.68,179.68
180.06,180.06,180.06,180.06,180.06,180.06,180.06,180.06,180.06,180.06,180.06,180.06,180.06,180.06,180.06,180.06,180.06,180.06,180.06,180.06,180.06,180.06,180.06,180.06,180.06,180.06,180.06,180.06,180.06
180.44,180.44,180.44,180.44,180.44,180.44,180.44,180.44,180.44,180.44,180.44,180.44,180.44,180.44,180.44,180.44,180.44,180.44,180.44,180.44,180.44,180.44,180.44,180.44,180.44,180.44,180.44,180.44,180.44
180.82,180.82,180.82,180.82,180.82,180.82,180.82,180.82,180.82,180.82,180.82,180.82,180.82,180.82,180.82,180.82,180.82,180.82,180.82,180.82,180.82,180.82,180.82,180.82,180.82,180.82,180.82,180.82,180.82
181.2,181.2,181.2,181.2,181.2,181.2,181.2,181.2,181.2,181.2,181.2,181.2,181.2,181.2,181.2,181.2,181.2,181.2,181.2,181.2,181.2,181.2,181.2,181.2,181.2,181.2,181.2,181.2,181.2
181.58,181.58,181.58,181.58,181.58,181.58,181.58,181.58,181.58,181.58,181.58,181.58,181.58,181.58,181.58,181.58,181.58,181.58,181.58,181.58,181.58,181.58,181.58,181.58,181.58,181.58,181.58,181.58,181.58
181.96,181.96,181.96,181.96,181.96,181.96,181.96,181.96,181.96,181.96,181.96,181.96,181.96,181.96,181.96,181.96,181.96,181.96,181.96,181.96,181.96,181.96,181.96,181.96,181.96,181.96,181.96,181.96,181.96
182.34,182.34,182.34,182.34,182.34,182.34,182.34,182.34,182.34,182.34,182.34,182.34,182.34,182.34,182.34,182.34,182.34,182.34,182.34,182.34,182.34,182.34,182.34,182.34,182.34,182.34,182.34,182.34,182.34
182.72,182.72,182.72,182.72,182.72,182.72,182.72,182.72,182.72,182.72,182.72,182.72,182.72,182.72,182.72,182.72,182.72,182.72,182.72,182.72,182.72,182.72,182.72,182.72,182.72,182.72,182.72,182.72,182.72
183.1,183.1,183.1,183.1,183.1,183.1,183.1,183.1,183.1,183.1,183.1,183.1,183.1,183.1,183.1,183.1,183.1,183.1,183.1,183.1,183.1,183.1,183.1,183.1,183.1,183.1,183.1,183.1,183.1
183.48,183.48,183.48,183.48,183.48,183.48,183.48,183.48,183.48,183.48,183.48,183.48,183.48,183.48,183.48,183.48,183.48,183.48,183.48,183.48,183.48,183.48,183.48,183.48,183.48,183.48,183.48,183.48,183.48
183.860000000001,183.860000000001,183.860000000001,183.860000000001,183.860000000001,183.860000000001,183.860000000001,183.860000000001,183.860000000001,183.860000000001,183.860000000001,183.860000000001,183.860000000001,183.860000000001,183.860000000001,183.860000000001,183.860000000001,183.860000000001,183.860000000001,183.860000000001,183.860000000001,183.860000000001,183.860000000001,183.860000000001,183.860000000001,183.860000000001,183.860000000001,183.860000000001,183.860000000001
184.24,184.24,184.24,184.24,184.24,184.24,184.24,184.24,184.24,184.24,184.24,184.24,184.24,184.24,184.24,184.24,184.24,184.24,184.24,184.24,184.24,184.24,184.24,184.24,184.24,184.24,184.24,184.24,184.24
184.62,184.62,184.62,184.62,184.62,184.62,184.62,184.62,184.62,184.62,184.62,184.62,184.62,184.62,184.62,184.62,184.62,184.62,184.62,184.62,184.62,184.62,184.62,184.62,184.62,184.62,184.62,184.62,184.62
185,185,185,185,185,185,185,185,185,185,185,185,185,185,185,185,185,185,185,185,185,185,185,185,185,185,185,185,185
185.38,185.38,185.38,185.38,185.38,185.38,185.38,185.38,185.38,185.38,185.38,185.38,185.38,185.38,185.38,185.38,185.38,185.38,185.38,185.38,185.38,185.38,185.38,185.38,185.38,185.38,185.38,185.38,185.38
185.76,185.76,185.76,185.76,185.76,185.76,185.76,185.76,185.76,185.76,185.76,185.76,185.76,185.76,185.76,185.76,185.76,185.76,185.76,185.76,185.76,185.76,185.76,185.76,185.76,185.76,185.76,185.76,185.76
186.139999999999,186.139999999999,186.139999999999,186.139999999999,186.139999999999,186.139999999999,186.139999999999,186.139999999999,186.139999999999,186.139999999999,186.139999999999,186.139999999999,186.139999999999,186.139999999999,186.139999999999,186.139999999999,186.139999999999,186.139999999999,186.139999999999,186.139999999999,186.139999999999,186.139999999999,186.139999999999,186.139999999999,186.139999999999,186.139999999999,186.139999999999,186.139999999999,186.139999999999
186.52,186.52,186.52,186.52,186.52,186.52,186.52,186.52,186.52,186.52,186.52,186.52,186.52,186.52,186.52,186.52,186.52,186.52,186.52,186.52,186.52,186.52,186.52,186.52,186.52,186.52,186.52,186.52,186.52
186.9,186.9,186.9,186.9,186.9,186.9,186.9,186.9,186.9,186.9,186.9,186.9,186.9,186.9,186.9,186.9,186.9,186.9,186.9,186.9,186.9,186.9,186.9,186.9,186.9,186.9,186.9,186.9,186.9
187.28,187.28,187.28,187.28,187.28,187.28,187.28,187.28,187.28,187.28,187.28,187.28,187.28,187.28,187.28,187.28,187.28,187.28,187.28,187.28,187.28,187.28,187.28,187.28,187.28,187.28,187.28,187.28,187.28
187.66,187.66,187.66,187.66,187.66,187.66,187.66,187.66,187.66,187.66,187.66,187.66,187.66,187.66,187.66,187.66,187.66,187.66,187.66,187.66,187.66,187.66,187.66,187.66,187.66,187.66,187.66,187.66,187.66
188.04,188.04,188.04,188.04,188.04,188.04,188.04,188.04,188.04,188.04,188.04,188.04,188.04,188.04,188.04,188.04,188.04,188.04,188.04,188.04,188.04,188.04,188.04,188.04,188.04,188.04,188.04,188.04,188.04
188.419999999999,188.419999999999,188.419999999999,188.419999999999,188.419999999999,188.419999999999,188.419999999999,188.419999999999,188.419999999999,188.419999999999,188.419999999999,188.419999999999,188.419999999999,188.419999999999,188.419999999999,188.419999999999,188.419999999999,188.419999999999,188.419999999999,188.419999999999,188.419999999999,188.419999999999,188.419999999999,188.419999999999,188.419999999999,188.419999999999,188.419999999999,188.419999999999,188.419999999999
188.8,188.8,188.8,188.8,188.8,188.8,188.8,188.8,188.8,188.8,188.8,188.8,188.8,188.8,188.8,188.8,188.8,188.8,188.8,188.8,188.8,188.8,188.8,188.8,188.8,188.8,188.8,188.8,188.8
189.179999999999,189.179999999999,189.179999999999,189.179999999999,189.179999999999,189.179999999999,189.179999999999,189.179999999999,189.179999999999,189.179999999999,189.179999999999,189.179999999999,189.179999999999,189.179999999999,189.179999999999,189.179999999999,189.179999999999,189.179999999999,189.179999999999,189.179999999999,189.179999999999,189.179999999999,189.179999999999,189.179999999999,189.179999999999,189.179999999999,189.179999999999,189.179999999999,189.179999999999
189.56,189.56,189.56,189.56,189.56,189.56,189.56,189.56,189.56,189.56,189.56,189.56,189.56,189.56,189.56,189.56,189.56,189.56,189.56,189.56,189.56,189.56,189.56,189.56,189.56,189.56,189.56,189.56,189.56
189.94,189.94,189.94,189.94,189.94,189.94,189.94,189.94,189.94,189.94,189.94,189.94,189.94,189.94,189.94,189.94,189.94,189.94,189.94,189.94,189.94,189.94,189.94,189.94,189.94,189.94,189.94,189.94,189.94
190.32,190.32,190.32,190.32,190.32,190.32,190.32,190.32,190.32,190.32,190.32,190.32,190.32,190.32,190.32,190.32,190.32,190.32,190.32,190.32,190.32,190.32,190.32,190.32,190.32,190.32,190.32,190.32,190.32
190.7,190.7,190.7,190.7,190.7,190.7,190.7,190.7,190.7,190.7,190.7,190.7,190.7,190.7,190.7,190.7,190.7,190.7,190.7,190.7,190.7,190.7,190.7,190.7,190.7,190.7,190.7,190.7,190.7
191.08,191.08,191.08,191.08,191.08,191.08,191.08,191.08,191.08,191.08,191.08,191.08,191.08,191.08,191.08,191.08,191.08,191.08,191.08,191.08,191.08,191.08,191.08,191.08,191.08,191.08,191.08,191.08,191.08
191.46,191.46,191.46,191.46,191.46,191.46,191.46,191.46,191.46,191.46,191.46,191.46,191.46,191.46,191.46,191.46,191.46,191.46,191.46,191.46,191.46,191.46,191.46,191.46,191.46,191.46,191.46,191.46,191.46
191.839999999999,191.839999999999,191.839999999999,191.839999999999,191.839999999999,191.839999999999,191.839999999999,191.839999999999,191.839999999999,191.839999999999,191.839999999999,191.839999999999,191.839999999999,191.839999999999,191.839999999999,191.839999999999,191.839999999999,191.839999999999,191.839999999999,191.839999999999,191.839999999999,191.839999999999,191.839999999999,191.839999999999,191.839999999999,191.839999999999,191.839999999999,191.839999999999,191.839999999999
192.219999999999,192.219999999999,192.219999999999,192.219999999999,192.219999999999,192.219999999999,192.219999999999,192.219999999999,192.219999999999,192.219999999999,192.219999999999,192.219999999999,192.219999999999,192.219999999999,192.219999999999,192.219999999999,192.219999999999,192.219999999999,192.219999999999,192.219999999999,192.219999999999,192.219999999999,192.219999999999,192.219999999999,192.219999999999,192.219999999999,192.219999999999,192.219999999999,192.219999999999
192.6,192.6,192.6,192.6,192.6,192.6,192.6,192.6,192.6,192.6,192.6,192.6,192.6,192.6,192.6,192.6,192.6,192.6,192.6,192.6,192.6,192.6,192.6,192.6,192.6,192.6,192.6,192.6,192.6
192.98,192.98,192.98,192.98,192.98,192.98,192.98,192.98,192.98,192.98,192.98,192.98,192.98,192.98,192.98,192.98,192.98,192.98,192.98,192.98,192.98,192.98,192.98,192.98,192.98,192.98,192.98,192.98,192.98
193.359999999999,193.359999999999,193.359999999999,193.359999999999,193.359999999999,193.359999999999,193.359999999999,193.359999999999,193.359999999999,193.359999999999,193.359999999999,193.359999999999,193.359999999999,193.359999999999,193.359999999999,193.359999999999,193.359999999999,193.359999999999,193.359999999999,193.359999999999,193.359999999999,193.359999999999,193.359999999999,193.359999999999,193.359999999999,193.359999999999,193.359999999999,193.359999999999,193.359999999999
193.74,193.74,193.74,193.74,193.74,193.74,193.74,193.74,193.74,193.74,193.74,193.74,193.74,193.74,193.74,193.74,193.74,193.74,193.74,193.74,193.74,193.74,193.74,193.74,193.74,193.74,193.74,193.74,193.74
194.120000000001,194.120000000001,194.120000000001,194.120000000001,194.120000000001,194.120000000001,194.120000000001,194.120000000001,194.120000000001,194.120000000001,194.120000000001,194.120000000001,194.120000000001,194.120000000001,194.120000000001,194.120000000001,194.120000000001,194.120000000001,194.120000000001,194.120000000001,194.120000000001,194.120000000001,194.120000000001,194.120000000001,194.120000000001,194.120000000001,194.120000000001,194.120000000001,194.120000000001
194.5,194.5,194.5,194.5,194.5,194.5,194.5,194.5,194.5,194.5,194.5,194.5,194.5,194.5,194.5,194.5,194.5,194.5,194.5,194.5,194.5,194.5,194.5,194.5,194.5,194.5,194.5,194.5,194.5
194.879999999999,194.879999999999,194.879999999999,194.879999999999,194.879999999999,194.879999999999,194.879999999999,194.879999999999,194.879999999999,194.879999999999,194.879999999999,194.879999999999,194.879999999999,194.879999999999,194.879999999999,194.879999999999,194.879999999999,194.879999999999,194.879999999999,194.879999999999,194.879999999999,194.879999999999,194.879999999999,194.879999999999,194.879999999999,194.879999999999,194.879999999999,194.879999999999,194.879999999999
195.259999999998,195.259999999998,195.259999999998,195.259999999998,195.259999999998,195.259999999998,195.259999999998,195.259999999998,195.259999999998,195.259999999998,195.259999999998,195.259999999998,195.259999999998,195.259999999998,195.259999999998,195.259999999998,195.259999999998,195.259999999998,195.259999999998,195.259999999998,195.259999999998,195.259999999998,195.259999999998,195.259999999998,195.259999999998,195.259999999998,195.259999999998,195.259999999998,195.259999999998
195.640000000001,195.640000000001,195.640000000001,195.640000000001,195.640000000001,195.640000000001,195.640000000001,195.640000000001,195.640000000001,195.640000000001,195.640000000001,195.640000000001,195.640000000001,195.640000000001,195.640000000001,195.640000000001,195.640000000001,195.640000000001,195.640000000001,195.640000000001,195.640000000001,195.640000000001,195.640000000001,195.640000000001,195.640000000001,195.640000000001,195.640000000001,195.640000000001,195.640000000001
196.02,196.02,196.02,196.02,196.02,196.02,196.02,196.02,196.02,196.02,196.02,196.02,196.02,196.02,196.02,196.02,196.02,196.02,196.02,196.02,196.02,196.02,196.02,196.02,196.02,196.02,196.02,196.02,196.02
196.4,196.4,196.4,196.4,196.4,196.4,196.4,196.4,196.4,196.4,196.4,196.4,196.4,196.4,196.4,196.4,196.4,196.4,196.4,196.4,196.4,196.4,196.4,196.4,196.4,196.4,196.4,196.4,196.4
196.779999999999,196.779999999999,196.779999999999,196.779999999999,196.779999999999,196.779999999999,196.779999999999,196.779999999999,196.779999999999,196.779999999999,196.779999999999,196.779999999999,196.779999999999,196.779999999999,196.779999999999,196.779999999999,196.779999999999,196.779999999999,196.779999999999,196.779999999999,196.779999999999,196.779999999999,196.779999999999,196.779999999999,196.779999999999,196.779999999999,196.779999999999,196.779999999999,196.779999999999
197.16,197.16,197.16,197.16,197.16,197.16,197.16,197.16,197.16,197.16,197.16,197.16,197.16,197.16,197.16,197.16,197.16,197.16,197.16,197.16,197.16,197.16,197.16,197.16,197.16,197.16,197.16,197.16,197.16
197.540000000001,197.540000000001,197.540000000001,197.540000000001,197.540000000001,197.540000000001,197.540000000001,197.540000000001,197.540000000001,197.540000000001,197.540000000001,197.540000000001,197.540000000001,197.540000000001,197.540000000001,197.540000000001,197.540000000001,197.540000000001,197.540000000001,197.540000000001,197.540000000001,197.540000000001,197.540000000001,197.540000000001,197.540000000001,197.540000000001,197.540000000001,197.540000000001,197.540000000001
197.92,197.92,197.92,197.92,197.92,197.92,197.92,197.92,197.92,197.92,197.92,197.92,197.92,197.92,197.92,197.92,197.92,197.92,197.92,197.92,197.92,197.92,197.92,197.92,197.92,197.92,197.92,197.92,197.92
198.299999999999,198.299999999999,198.299999999999,198.299999999999,198.299999999999,198.299999999999,198.299999999999,198.299999999999,198.299999999999,198.299999999999,198.299999999999,198.299999999999,198.299999999999,198.299999999999,198.299999999999,198.299999999999,198.299999999999,198.299999999999,198.299999999999,198.299999999999,198.299999999999,198.299999999999,198.299999999999,198.299999999999,198.299999999999,198.299999999999,198.299999999999,198.299999999999,198.299999999999
198.679999999998,198.679999999998,198.679999999998,198.679999999998,198.679999999998,198.679999999998,198.679999999998,198.679999999998,198.679999999998,198.679999999998,198.679999999998,198.679999999998,198.679999999998,198.679999999998,198.679999999998,198.679999999998,198.679999999998,198.679999999998,198.679999999998,198.679999999998,198.679999999998,198.679999999998,198.679999999998,198.679999999998,198.679999999998,198.679999999998,198.679999999998,198.679999999998,198.679999999998
199.059999999999,199.059999999999,199.059999999999,199.059999999999,199.059999999999,199.059999999999,199.059999999999,199.059999999999,199.059999999999,199.059999999999,199.059999999999,199.059999999999,199.059999999999,199.059999999999,199.059999999999,199.059999999999,199.059999999999,199.059999999999,199.059999999999,199.059999999999,199.059999999999,199.059999999999,199.059999999999,199.059999999999,199.059999999999,199.059999999999,199.059999999999,199.059999999999,199.059999999999
199.440000000001,199.440000000001,199.440000000001,199.440000000001,199.440000000001,199.440000000001,199.440000000001,199.440000000001,199.440000000001,199.440000000001,199.440000000001,199.440000000001,199.440000000001,199.440000000001,199.440000000001,199.440000000001,199.440000000001,199.440000000001,199.440000000001,199.440000000001,199.440000000001,199.440000000001,199.440000000001,199.440000000001,199.440000000001,199.440000000001,199.440000000001,199.440000000001,199.440000000001
199.82,199.82,199.82,199.82,199.82,199.82,199.82,199.82,199.82,199.82,199.82,199.82,199.82,199.82,199.82,199.82,199.82,199.82,199.82,199.82,199.82,199.82,199.82,199.82,199.82,199.82,199.82,199.82,199.82
200.199999999999,200.199999999999,200.199999999999,200.199999999999,200.199999999999,200.199999999999,200.199999999999,200.199999999999,200.199999999999,200.199999999999,200.199999999999,200.199999999999,200.199999999999,200.199999999999,200.199999999999,200.199999999999,200.199999999999,200.199999999999,200.199999999999,200.199999999999,200.199999999999,200.199999999999,200.199999999999,200.199999999999,200.199999999999,200.199999999999,200.199999999999,200.199999999999,200.199999999999
200.58,200.58,200.58,200.58,200.58,200.58,200.58,200.58,200.58,200.58,200.58,200.58,200.58,200.58,200.58,200.58,200.58,200.58,200.58,200.58,200.58,200.58,200.58,200.58,200.58,200.58,200.58,200.58,200.58
200.959999999999,200.959999999999,200.959999999999,200.959999999999,200.959999999999,200.959999999999,200.959999999999,200.959999999999,200.959999999999,200.959999999999,200.959999999999,200.959999999999,200.959999999999,200.959999999999,200.959999999999,200.959999999999,200.959999999999,200.959999999999,200.959999999999,200.959999999999,200.959999999999,200.959999999999,200.959999999999,200.959999999999,200.959999999999,200.959999999999,200.959999999999,200.959999999999,200.959999999999
201.34,201.34,201.34,201.34,201.34,201.34,201.34,201.34,201.34,201.34,201.34,201.34,201.34,201.34,201.34,201.34,201.34,201.34,201.34,201.34,201.34,201.34,201.34,201.34,201.34,201.34,201.34,201.34,201.34
201.719999999999,201.719999999999,201.719999999999,201.719999999999,201.719999999999,201.719999999999,201.719999999999,201.719999999999,201.719999999999,201.719999999999,201.719999999999,201.719999999999,201.719999999999,201.719999999999,201.719999999999,201.719999999999,201.719999999999,201.719999999999,201.719999999999,201.719999999999,201.719999999999,201.719999999999,201.719999999999,201.719999999999,201.719999999999,201.719999999999,201.719999999999,201.719999999999,201.719999999999
202.1,202.1,202.1,202.1,202.1,202.1,202.1,202.1,202.1,202.1,202.1,202.1,202.1,202.1,202.1,202.1,202.1,202.1,202.1,202.1,202.1,202.1,202.1,202.1,202.1,202.1,202.1,202.1,202.1
202.48,202.48,202.48,202.48,202.48,202.48,202.48,202.48,202.48,202.48,202.48,202.48,202.48,202.48,202.48,202.48,202.48,202.48,202.48,202.48,202.48,202.48,202.48,202.48,202.48,202.48,202.48,202.48,202.48
202.859999999999,202.859999999999,202.859999999999,202.859999999999,202.859999999999,202.859999999999,202.859999999999,202.859999999999,202.859999999999,202.859999999999,202.859999999999,202.859999999999,202.859999999999,202.859999999999,202.859999999999,202.859999999999,202.859999999999,202.859999999999,202.859999999999,202.859999999999,202.859999999999,202.859999999999,202.859999999999,202.859999999999,202.859999999999,202.859999999999,202.859999999999,202.859999999999,202.859999999999
203.24,203.24,203.24,203.24,203.24,203.24,203.24,203.24,203.24,203.24,203.24,203.24,203.24,203.24,203.24,203.24,203.24,203.24,203.24,203.24,203.24,203.24,203.24,203.24,203.24,203.24,203.24,203.24,203.24
203.620000000001,203.620000000001,203.620000000001,203.620000000001,203.620000000001,203.620000000001,203.620000000001,203.620000000001,203.620000000001,203.620000000001,203.620000000001,203.620000000001,203.620000000001,203.620000000001,203.620000000001,203.620000000001,203.620000000001,203.620000000001,203.620000000001,203.620000000001,203.620000000001,203.620000000001,203.620000000001,203.620000000001,203.620000000001,203.620000000001,203.620000000001,203.620000000001,203.620000000001
204,204,204,204,204,204,204,204,204,204,204,204,204,204,204,204,204,204,204,204,204,204,204,204,204,204,204,204,204
204.379999999999,204.379999999999,204.379999999999,204.379999999999,204.379999999999,204.379999999999,204.379999999999,204.379999999999,204.379999999999,204.379999999999,204.379999999999,204.379999999999,204.379999999999,204.379999999999,204.379999999999,204.379999999999,204.379999999999,204.379999999999,204.379999999999,204.379999999999,204.379999999999,204.379999999999,204.379999999999,204.379999999999,204.379999999999,204.379999999999,204.379999999999,204.379999999999,204.379999999999
204.759999999998,204.759999999998,204.759999999998,204.759999999998,204.759999999998,204.759999999998,204.759999999998,204.759999999998,204.759999999998,204.759999999998,204.759999999998,204.759999999998,204.759999999998,204.759999999998,204.759999999998,204.759999999998,204.759999999998,204.759999999998,204.759999999998,204.759999999998,204.759999999998,204.759999999998,204.759999999998,204.759999999998,204.759999999998,204.759999999998,204.759999999998,204.759999999998,204.759999999998
205.139999999999,205.139999999999,205.139999999999,205.139999999999,205.139999999999,205.139999999999,205.139999999999,205.139999999999,205.139999999999,205.139999999999,205.139999999999,205.139999999999,205.139999999999,205.139999999999,205.139999999999,205.139999999999,205.139999999999,205.139999999999,205.139999999999,205.139999999999,205.139999999999,205.139999999999,205.139999999999,205.139999999999,205.139999999999,205.139999999999,205.139999999999,205.139999999999,205.139999999999
205.52,205.52,205.52,205.52,205.52,205.52,205.52,205.52,205.52,205.52,205.52,205.52,205.52,205.52,205.52,205.52,205.52,205.52,205.52,205.52,205.52,205.52,205.52,205.52,205.52,205.52,205.52,205.52,205.52
205.9,205.9,205.9,205.9,205.9,205.9,205.9,205.9,205.9,205.9,205.9,205.9,205.9,205.9,205.9,205.9,205.9,205.9,205.9,205.9,205.9,205.9,205.9,205.9,205.9,205.9,205.9,205.9,205.9
206.279999999999,206.279999999999,206.279999999999,206.279999999999,206.279999999999,206.279999999999,206.279999999999,206.279999999999,206.279999999999,206.279999999999,206.279999999999,206.279999999999,206.279999999999,206.279999999999,206.279999999999,206.279999999999,206.279999999999,206.279999999999,206.279999999999,206.279999999999,206.279999999999,206.279999999999,206.279999999999,206.279999999999,206.279999999999,206.279999999999,206.279999999999,206.279999999999,206.279999999999
206.659999999998,206.659999999998,206.659999999998,206.659999999998,206.659999999998,206.659999999998,206.659999999998,206.659999999998,206.659999999998,206.659999999998,206.659999999998,206.659999999998,206.659999999998,206.659999999998,206.659999999998,206.659999999998,206.659999999998,206.659999999998,206.659999999998,206.659999999998,206.659999999998,206.659999999998,206.659999999998,206.659999999998,206.659999999998,206.659999999998,206.659999999998,206.659999999998,206.659999999998
207.040000000001,207.040000000001,207.040000000001,207.040000000001,207.040000000001,207.040000000001,207.040000000001,207.040000000001,207.040000000001,207.040000000001,207.040000000001,207.040000000001,207.040000000001,207.040000000001,207.040000000001,207.040000000001,207.040000000001,207.040000000001,207.040000000001,207.040000000001,207.040000000001,207.040000000001,207.040000000001,207.040000000001,207.040000000001,207.040000000001,207.040000000001,207.040000000001,207.040000000001
207.42,207.42,207.42,207.42,207.42,207.42,207.42,207.42,207.42,207.42,207.42,207.42,207.42,207.42,207.42,207.42,207.42,207.42,207.42,207.42,207.42,207.42,207.42,207.42,207.42,207.42,207.42,207.42,207.42
207.799999999999,207.799999999999,207.799999999999,207.799999999999,207.799999999999,207.799999999999,207.799999999999,207.799999999999,207.799999999999,207.799999999999,207.799999999999,207.799999999999,207.799999999999,207.799999999999,207.799999999999,207.799999999999,207.799999999999,207.799999999999,207.799999999999,207.799999999999,207.799999999999,207.799999999999,207.799999999999,207.799999999999,207.799999999999,207.799999999999,207.799999999999,207.799999999999,207.799999999999
208.179999999998,208.179999999998,208.179999999998,208.179999999998,208.179999999998,208.179999999998,208.179999999998,208.179999999998,208.179999999998,208.179999999998,208.179999999998,208.179999999998,208.179999999998,208.179999999998,208.179999999998,208.179999999998,208.179999999998,208.179999999998,208.179999999998,208.179999999998,208.179999999998,208.179999999998,208.179999999998,208.179999999998,208.179999999998,208.179999999998,208.179999999998,208.179999999998,208.179999999998
208.559999999999,208.559999999999,208.559999999999,208.559999999999,208.559999999999,208.559999999999,208.559999999999,208.559999999999,208.559999999999,208.559999999999,208.559999999999,208.559999999999,208.559999999999,208.559999999999,208.559999999999,208.559999999999,208.559999999999,208.559999999999,208.559999999999,208.559999999999,208.559999999999,208.559999999999,208.559999999999,208.559999999999,208.559999999999,208.559999999999,208.559999999999,208.559999999999,208.559999999999
208.940000000001,208.940000000001,208.940000000001,208.940000000001,208.940000000001,208.940000000001,208.940000000001,208.940000000001,208.940000000001,208.940000000001,208.940000000001,208.940000000001,208.940000000001,208.940000000001,208.940000000001,208.940000000001,208.940000000001,208.940000000001,208.940000000001,208.940000000001,208.940000000001,208.940000000001,208.940000000001,208.940000000001,208.940000000001,208.940000000001,208.940000000001,208.940000000001,208.940000000001
209.32,209.32,209.32,209.32,209.32,209.32,209.32,209.32,209.32,209.32,209.32,209.32,209.32,209.32,209.32,209.32,209.32,209.32,209.32,209.32,209.32,209.32,209.32,209.32,209.32,209.32,209.32,209.32,209.32
209.699999999999,209.699999999999,209.699999999999,209.699999999999,209.699999999999,209.699999999999,209.699999999999,209.699999999999,209.699999999999,209.699999999999,209.699999999999,209.699999999999,209.699999999999,209.699999999999,209.699999999999,209.699999999999,209.699999999999,209.699999999999,209.699999999999,209.699999999999,209.699999999999,209.699999999999,209.699999999999,209.699999999999,209.699999999999,209.699999999999,209.699999999999,209.699999999999,209.699999999999
210.079999999998,210.079999999998,210.079999999998,210.079999999998,210.079999999998,210.079999999998,210.079999999998,210.079999999998,210.079999999998,210.079999999998,210.079999999998,210.079999999998,210.079999999998,210.079999999998,210.079999999998,210.079999999998,210.079999999998,210.079999999998,210.079999999998,210.079999999998,210.079999999998,210.079999999998,210.079999999998,210.079999999998,210.079999999998,210.079999999998,210.079999999998,210.079999999998,210.079999999998
210.459999999999,210.459999999999,210.459999999999,210.459999999999,210.459999999999,210.459999999999,210.459999999999,210.459999999999,210.459999999999,210.459999999999,210.459999999999,210.459999999999,210.459999999999,210.459999999999,210.459999999999,210.459999999999,210.459999999999,210.459999999999,210.459999999999,210.459999999999,210.459999999999,210.459999999999,210.459999999999,210.459999999999,210.459999999999,210.459999999999,210.459999999999,210.459999999999,210.459999999999
210.839999999997,210.839999999997,210.839999999997,210.839999999997,210.839999999997,210.839999999997,210.839999999997,210.839999999997,210.839999999997,210.839999999997,210.839999999997,210.839999999997,210.839999999997,210.839999999997,210.839999999997,210.839999999997,210.839999999997,210.839999999997,210.839999999997,210.839999999997,210.839999999997,210.839999999997,210.839999999997,210.839999999997,210.839999999997,210.839999999997,210.839999999997,210.839999999997,210.839999999997
211.220000000001,211.220000000001,211.220000000001,211.220000000001,211.220000000001,211.220000000001,211.220000000001,211.220000000001,211.220000000001,211.220000000001,211.220000000001,211.220000000001,211.220000000001,211.220000000001,211.220000000001,211.220000000001,211.220000000001,211.220000000001,211.220000000001,211.220000000001,211.220000000001,211.220000000001,211.220000000001,211.220000000001,211.220000000001,211.220000000001,211.220000000001,211.220000000001,211.220000000001
211.600000000002,211.600000000002,211.600000000002,211.600000000002,211.600000000002,211.600000000002,211.600000000002,211.600000000002,211.600000000002,211.600000000002,211.600000000002,211.600000000002,211.600000000002,211.600000000002,211.600000000002,211.600000000002,211.600000000002,211.600000000002,211.600000000002,211.600000000002,211.600000000002,211.600000000002,211.600000000002,211.600000000002,211.600000000002,211.600000000002,211.600000000002,211.600000000002,211.600000000002
211.98,211.98,211.98,211.98,211.98,211.98,211.98,211.98,211.98,211.98,211.98,211.98,211.98,211.98,211.98,211.98,211.98,211.98,211.98,211.98,211.98,211.98,211.98,211.98,211.98,211.98,211.98,211.98,211.98
212.360000000001,212.360000000001,212.360000000001,212.360000000001,212.360000000001,212.360000000001,212.360000000001,212.360000000001,212.360000000001,212.360000000001,212.360000000001,212.360000000001,212.360000000001,212.360000000001,212.360000000001,212.360000000001,212.360000000001,212.360000000001,212.360000000001,212.360000000001,212.360000000001,212.360000000001,212.360000000001,212.360000000001,212.360000000001,212.360000000001,212.360000000001,212.360000000001,212.360000000001
212.739999999998,212.739999999998,212.739999999998,212.739999999998,212.739999999998,212.739999999998,212.739999999998,212.739999999998,212.739999999998,212.739999999998,212.739999999998,212.739999999998,212.739999999998,212.739999999998,212.739999999998,212.739999999998,212.739999999998,212.739999999998,212.739999999998,212.739999999998,212.739999999998,212.739999999998,212.739999999998,212.739999999998,212.739999999998,212.739999999998,212.739999999998,212.739999999998,212.739999999998
213.119999999999,213.119999999999,213.119999999999,213.119999999999,213.119999999999,213.119999999999,213.119999999999,213.119999999999,213.119999999999,213.119999999999,213.119999999999,213.119999999999,213.119999999999,213.119999999999,213.119999999999,213.119999999999,213.119999999999,213.119999999999,213.119999999999,213.119999999999,213.119999999999,213.119999999999,213.119999999999,213.119999999999,213.119999999999,213.119999999999,213.119999999999,213.119999999999,213.119999999999
213.5,213.5,213.5,213.5,213.5,213.5,213.5,213.5,213.5,213.5,213.5,213.5,213.5,213.5,213.5,213.5,213.5,213.5,213.5,213.5,213.5,213.5,213.5,213.5,213.5,213.5,213.5,213.5,213.5
213.879999999997,213.879999999997,213.879999999997,213.879999999997,213.879999999997,213.879999999997,213.879999999997,213.879999999997,213.879999999997,213.879999999997,213.879999999997,213.879999999997,213.879999999997,213.879999999997,213.879999999997,213.879999999997,213.879999999997,213.879999999997,213.879999999997,213.879999999997,213.879999999997,213.879999999997,213.879999999997,213.879999999997,213.879999999997,213.879999999997,213.879999999997,213.879999999997,213.879999999997
214.260000000002,214.260000000002,214.260000000002,214.260000000002,214.260000000002,214.260000000002,214.260000000002,214.260000000002,214.260000000002,214.260000000002,214.260000000002,214.260000000002,214.260000000002,214.260000000002,214.260000000002,214.260000000002,214.260000000002,214.260000000002,214.260000000002,214.260000000002,214.260000000002,214.260000000002,214.260000000002,214.260000000002,214.260000000002,214.260000000002,214.260000000002,214.260000000002,214.260000000002
