77.64,77.64,77.64,77.64,77.64,77.64,77.64,77.64,77.64,77.64,77.64,77.64,77.64,77.64,77.64,77.64,77.64,77.64,77.64,77.64,77.64,77.64,77.64,77.64,77.64,77.64,77.64,77.64,77.64
77.986,77.986,77.986,77.986,77.986,77.986,77.986,77.986,77.986,77.986,77.986,77.986,77.986,77.986,77.986,77.986,77.986,77.986,77.986,77.986,77.986,77.986,77.986,77.986,77.986,77.986,77.986,77.986,77.986
78.332,78.332,78.332,78.332,78.332,78.332,78.332,78.332,78.332,78.332,78.332,78.332,78.332,78.332,78.332,78.332,78.332,78.332,78.332,78.332,78.332,78.332,78.332,78.332,78.332,78.332,78.332,78.332,78.332
78.677,78.677,78.677,78.677,78.677,78.677,78.677,78.677,78.677,78.677,78.677,78.677,78.677,78.677,78.677,78.677,78.677,78.677,78.677,78.677,78.677,78.677,78.677,78.677,78.677,78.677,78.677,78.677,78.677
79.023,79.023,79.023,79.023,79.023,79.023,79.023,79.023,79.023,79.023,79.023,79.023,79.023,79.023,79.023,79.023,79.023,79.023,79.023,79.023,79.023,79.023,79.023,79.023,79.023,79.023,79.023,79.023,79.023
79.369,79.369,79.369,79.369,79.369,79.369,79.369,79.369,79.369,79.369,79.369,79.369,79.369,79.369,79.369,79.369,79.369,79.369,79.369,79.369,79.369,79.369,79.369,79.369,79.369,79.369,79.369,79.369,79.369
79.715,79.715,79.715,79.715,79.715,79.715,79.715,79.715,79.715,79.715,79.715,79.715,79.715,79.715,79.715,79.715,79.715,79.715,79.715,79.715,79.715,79.715,79.715,79.715,79.715,79.715,79.715,79.715,79.715
80.06,80.06,80.06,80.06,80.06,80.06,80.06,80.06,80.06,80.06,80.06,80.06,80.06,80.06,80.06,80.06,80.06,80.06,80.06,80.06,80.06,80.06,80.06,80.06,80.06,80.06,80.06,80.06,80.06
80.406,80.406,80.406,80.406,80.406,80.406,80.406,80.406,80.406,80.406,80.406,80.406,80.406,80.406,80.406,80.406,80.406,80.406,80.406,80.406,80.406,80.406,80.406,80.406,80.406,80.406,80.406,80.406,80.406
80.752,80.752,80.752,80.752,80.752,80.752,80.752,80.752,80.752,80.752,80.752,80.752,80.752,80.752,80.752,80.752,80.752,80.752,80.752,80.752,80.752,80.752,80.752,80.752,80.752,80.752,80.752,80.752,80.752
81.098,81.098,81.098,81.098,81.098,81.098,81.098,81.098,81.098,81.098,81.098,81.098,81.098,81.098,81.098,81.098,81.098,81.098,81.098,81.098,81.098,81.098,81.098,81.098,81.098,81.098,81.098,81.098,81.098
81.444,81.444,81.444,81.444,81.444,81.444,81.444,81.444,81.444,81.444,81.444,81.444,81.444,81.444,81.444,81.444,81.444,81.444,81.444,81.444,81.444,81.444,81.444,81.444,81.444,81.444,81.444,81.444,81.444
81.789,81.789,81.789,81.789,81.789,81.789,81.789,81.789,81.789,81.789,81.789,81.789,81.789,81.789,81.789,81.789,81.789,81.789,81.789,81.789,81.789,81.789,81.789,81.789,81.789,81.789,81.789,81.789,81.789
82.135,82.135,82.135,82.135,82.135,82.135,82.135,82.135,82.135,82.135,82.135,82.135,82.135,82.135,82.135,82.135,82.135,82.135,82.135,82.135,82.135,82.135,82.135,82.135,82.135,82.135,82.135,82.135,82.135
82.481,82.481,82.481,82.481,82.481,82.481,82.481,82.481,82.481,82.481,82.481,82.481,82.481,82.481,82.481,82.481,82.481,82.481,82.481,82.481,82.481,82.481,82.481,82.481,82.481,82.481,82.481,82.481,82.481
82.827,82.827,82.827,82.827,82.827,82.827,82.827,82.827,82.827,82.827,82.827,82.827,82.827,82.827,82.827,82.827,82.827,82.827,82.827,82.827,82.827,82.827,82.827,82.827,82.827,82.827,82.827,82.827,82.827
83.172,83.172,83.172,83.172,83.172,83.172,83.172,83.172,83.172,83.172,83.172,83.172,83.172,83.172,83.172,83.172,83.172,83.172,83.172,83.172,83.172,83.172,83.172,83.172,83.172,83.172,83.172,83.172,83.172
83.518,83.518,83.518,83.518,83.518,83.518,83.518,83.518,83.518,83.518,83.518,83.518,83.518,83.518,83.518,83.518,83.518,83.518,83.518,83.518,83.518,83.518,83.518,83.518,83.518,83.518,83.518,83.518,83.518
83.864,83.864,83.864,83.864,83.864,83.864,83.864,83.864,83.864,83.864,83.864,83.864,83.864,83.864,83.864,83.864,83.864,83.864,83.864,83.864,83.864,83.864,83.864,83.864,83.864,83.864,83.864,83.864,83.864
84.21,84.21,84.21,84.21,84.21,84.21,84.21,84.21,84.21,84.21,84.21,84.21,84.21,84.21,84.21,84.21,84.21,84.21,84.21,84.21,84.21,84.21,84.21,84.21,84.21,84.21,84.21,84.21,84.21
84.556,84.556,84.556,84.556,84.556,84.556,84.556,84.556,84.556,84.556,84.556,84.556,84.556,84.556,84.556,84.556,84.556,84.556,84.556,84.556,84.556,84.556,84.556,84.556,84.556,84.556,84.556,84.556,84.556
84.901,84.901,84.901,84.901,84.901,84.901,84.901,84.901,84.901,84.901,84.901,84.901,84.901,84.901,84.901,84.901,84.901,84.901,84.901,84.901,84.901,84.901,84.901,84.901,84.901,84.901,84.901,84.901,84.901
85.247,85.247,85.247,85.247,85.247,85.247,85.247,85.247,85.247,85.247,85.247,85.247,85.247,85.247,85.247,85.247,85.247,85.247,85.247,85.247,85.247,85.247,85.247,85.247,85.247,85.247,85.247,85.247,85.247
85.593,85.593,85.593,85.593,85.593,85.593,85.593,85.593,85.593,85.593,85.593,85.593,85.593,85.593,85.593,85.593,85.593,85.593,85.593,85.593,85.593,85.593,85.593,85.593,85.593,85.593,85.593,85.593,85.593
85.939,85.939,85.939,85.939,85.939,85.939,85.939,85.939,85.939,85.939,85.939,85.939,85.939,85.939,85.939,85.939,85.939,85.939,85.939,85.939,85.939,85.939,85.939,85.939,85.939,85.939,85.939,85.939,85.939
86.284,86.284,86.284,86.284,86.284,86.284,86.284,86.284,86.284,86.284,86.284,86.284,86.284,86.284,86.284,86.284,86.284,86.284,86.284,86.284,86.284,86.284,86.284,86.284,86.284,86.284,86.284,86.284,86.284
86.63,86.63,86.63,86.63,86.63,86.63,86.63,86.63,86.63,86.63,86.63,86.63,86.63,86.63,86.63,86.63,86.63,86.63,86.63,86.63,86.63,86.63,86.63,86.63,86.63,86.63,86.63,86.63,86.63
86.976,86.976,86.976,86.976,86.976,86.976,86.976,86.976,86.976,86.976,86.976,86.976,86.976,86.976,86.976,86.976,86.976,86.976,86.976,86.976,86.976,86.976,86.976,86.976,86.976,86.976,86.976,86.976,86.976
87.322,87.322,87.322,87.322,87.322,87.322,87.322,87.322,87.322,87.322,87.322,87.322,87.322,87.322,87.322,87.322,87.322,87.322,87.322,87.322,87.322,87.322,87.322,87.322,87.322,87.322,87.322,87.322,87.322
87.668,87.668,87.668,87.668,87.668,87.668,87.668,87.668,87.668,87.668,87.668,87.668,87.668,87.668,87.668,87.668,87.668,87.668,87.668,87.668,87.668,87.668,87.668,87.668,87.668,87.668,87.668,87.668,87.668
88.013,88.013,88.013,88.013,88.013,88.013,88.013,88.013,88.013,88.013,88.013,88.013,88.013,88.013,88.013,88.013,88.013,88.013,88.013,88.013,88.013,88.013,88.013,88.013,88.013,88.013,88.013,88.013,88.013
88.359,88.359,88.359,88.359,88.359,88.359,88.359,88.359,88.359,88.359,88.359,88.359,88.359,88.359,88.359,88.359,88.359,88.359,88.359,88.359,88.359,88.359,88.359,88.359,88.359,88.359,88.359,88.359,88.359
88.705,88.705,88.705,88.705,88.705,88.705,88.705,88.705,88.705,88.705,88.705,88.705,88.705,88.705,88.705,88.705,88.705,88.705,88.705,88.705,88.705,88.705,88.705,88.705,88.705,88.705,88.705,88.705,88.705
89.051,89.051,89.051,89.051,89.051,89.051,89.051,89.051,89.051,89.051,89.051,89.051,89.051,89.051,89.051,89.051,89.051,89.051,89.051,89.051,89.051,89.051,89.051,89.051,89.051,89.051,89.051,89.051,89.051
89.396,89.396,89.396,89.396,89.396,89.396,89.396,89.396,89.396,89.396,89.396,89.396,89.396,89.396,89.396,89.396,89.396,89.396,89.396,89.396,89.396,89.396,89.396,89.396,89.396,89.396,89.396,89.396,89.396
89.742,89.742,89.742,89.742,89.742,89.742,89.742,89.742,89.742,89.742,89.742,89.742,89.742,89.742,89.742,89.742,89.742,89.742,89.742,89.742,89.742,89.742,89.742,89.742,89.742,89.742,89.742,89.742,89.742
90.088,90.088,90.088,90.088,90.088,90.088,90.088,90.088,90.088,90.088,90.088,90.088,90.088,90.088,90.088,90.088,90.088,90.088,90.088,90.088,90.088,90.088,90.088,90.088,90.088,90.088,90.088,90.088,90.088
90.434,90.434,90.434,90.434,90.434,90.434,90.434,90.434,90.434,90.434,90.434,90.434,90.434,90.434,90.434,90.434,90.434,90.434,90.434,90.434,90.434,90.434,90.434,90.434,90.434,90.434,90.434,90.434,90.434
90.78,90.78,90.78,90.78,90.78,90.78,90.78,90.78,90.78,90.78,90.78,90.78,90.78,90.78,90.78,90.78,90.78,90.78,90.78,90.78,90.78,90.78,90.78,90.78,90.78,90.78,90.78,90.78,90.78
91.125,91.125,91.125,91.125,91.125,91.125,91.125,91.125,91.125,91.125,91.125,91.125,91.125,91.125,91.125,91.125,91.125,91.125,91.125,91.125,91.125,91.125,91.125,91.125,91.125,91.125,91.125,91.125,91.125
91.471,91.471,91.471,91.471,91.471,91.471,91.471,91.471,91.471,91.471,91.471,91.471,91.471,91.471,91.471,91.471,91.471,91.471,91.471,91.471,91.471,91.471,91.471,91.471,91.471,91.471,91.471,91.471,91.471
91.817,91.817,91.817,91.817,91.817,91.817,91.817,91.817,91.817,91.817,91.817,91.817,91.817,91.817,91.817,91.817,91.817,91.817,91.817,91.817,91.817,91.817,91.817,91.817,91.817,91.817,91.817,91.817,91.817
92.163,92.163,92.163,92.163,92.163,92.163,92.163,92.163,92.163,92.163,92.163,92.163,92.163,92.163,92.163,92.163,92.163,92.163,92.163,92.163,92.163,92.163,92.163,92.163,92.163,92.163,92.163,92.163,92.163
92.508,92.508,92.508,92.508,92.508,92.508,92.508,92.508,92.508,92.508,92.508,92.508,92.508,92.508,92.508,92.508,92.508,92.508,92.508,92.508,92.508,92.508,92.508,92.508,92.508,92.508,92.508,92.508,92.508
92.854,92.854,92.854,92.854,92.854,92.854,92.854,92.854,92.854,92.854,92.854,92.854,92.854,92.854,92.854,92.854,92.854,92.854,92.854,92.854,92.854,92.854,92.854,92.854,92.854,92.854,92.854,92.854,92.854
93.2,93.2,93.2,93.2,93.2,93.2,93.2,93.2,93.2,93.2,93.2,93.2,93.2,93.2,93.2,93.2,93.2,93.2,93.2,93.2,93.2,93.2,93.2,93.2,93.2,93.2,93.2,93.2,93.2
93.546,93.546,93.546,93.546,93.546,93.546,93.546,93.546,93.546,93.546,93.546,93.546,93.546,93.546,93.546,93.546,93.546,93.546,93.546,93.546,93.546,93.546,93.546,93.546,93.546,93.546,93.546,93.546,93.546
93.892,93.892,93.892,93.892,93.892,93.892,93.892,93.892,93.892,93.892,93.892,93.892,93.892,93.892,93.892,93.892,93.892,93.892,93.892,93.892,93.892,93.892,93.892,93.892,93.892,93.892,93.892,93.892,93.892
94.237,94.237,94.237,94.237,94.237,94.237,94.237,94.237,94.237,94.237,94.237,94.237,94.237,94.237,94.237,94.237,94.237,94.237,94.237,94.237,94.237,94.237,94.237,94.237,94.237,94.237,94.237,94.237,94.237
94.583,94.583,94.583,94.583,94.583,94.583,94.583,94.583,94.583,94.583,94.583,94.583,94.583,94.583,94.583,94.583,94.583,94.583,94.583,94.583,94.583,94.583,94.583,94.583,94.583,94.583,94.583,94.583,94.583
94.929,94.929,94.929,94.929,94.929,94.929,94.929,94.929,94.929,94.929,94.929,94.929,94.929,94.929,94.929,94.929,94.929,94.929,94.929,94.929,94.929,94.929,94.929,94.929,94.929,94.929,94.929,94.929,94.929
95.275,95.275,95.275,95.275,95.275,95.275,95.275,95.275,95.275,95.275,95.275,95.275,95.275,95.275,95.275,95.275,95.275,95.275,95.275,95.275,95.275,95.275,95.275,95.275,95.275,95.275,95.275,95.275,95.275
95.62,95.62,95.62,95.62,95.62,95.62,95.62,95.62,95.62,95.62,95.62,95.62,95.62,95.62,95.62,95.62,95.62,95.62,95.62,95.62,95.62,95.62,95.62,95.62,95.62,95.62,95.62,95.62,95.62
95.966,95.966,95.966,95.966,95.966,95.966,95.966,95.966,95.966,95.966,95.966,95.966,95.966,95.966,95.966,95.966,95.966,95.966,95.966,95.966,95.966,95.966,95.966,95.966,95.966,95.966,95.966,95.966,95.966
96.312,96.312,96.312,96.312,96.312,96.312,96.312,96.312,96.312,96.312,96.312,96.312,96.312,96.312,96.312,96.312,96.312,96.312,96.312,96.312,96.312,96.312,96.312,96.312,96.312,96.312,96.312,96.312,96.312
96.658,96.658,96.658,96.658,96.658,96.658,96.658,96.658,96.658,96.658,96.658,96.658,96.658,96.658,96.658,96.658,96.658,96.658,96.658,96.658,96.658,96.658,96.658,96.658,96.658,96.658,96.658,96.658,96.658
97.004,97.004,97.004,97.004,97.004,97.004,97.004,97.004,97.004,97.004,97.004,97.004,97.004,97.004,97.004,97.004,97.004,97.004,97.004,97.004,97.004,97.004,97.004,97.004,97.004,97.004,97.004,97.004,97.004
97.349,97.349,97.349,97.349,97.349,97.349,97.349,97.349,97.349,97.349,97.349,97.349,97.349,97.349,97.349,97.349,97.349,97.349,97.349,97.349,97.349,97.349,97.349,97.349,97.349,97.349,97.349,97.349,97.349
97.695,97.695,97.695,97.695,97.695,97.695,97.695,97.695,97.695,97.695,97.695,97.695,97.695,97.695,97.695,97.695,97.695,97.695,97.695,97.695,97.695,97.695,97.695,97.695,97.695,97.695,97.695,97.695,97.695
98.041,98.041,98.041,98.041,98.041,98.041,98.041,98.041,98.041,98.041,98.041,98.041,98.041,98.041,98.041,98.041,98.041,98.041,98.041,98.041,98.041,98.041,98.041,98.041,98.041,98.041,98.041,98.041,98.041
98.387,98.387,98.387,98.387,98.387,98.387,98.387,98.387,98.387,98.387,98.387,98.387,98.387,98.387,98.387,98.387,98.387,98.387,98.387,98.387,98.387,98.387,98.387,98.387,98.387,98.387,98.387,98.387,98.387
98.732,98.732,98.732,98.732,98.732,98.732,98.732,98.732,98.732,98.732,98.732,98.732,98.732,98.732,98.732,98.732,98.732,98.732,98.732,98.732,98.732,98.732,98.732,98.732,98.732,98.732,98.732,98.732,98.732
99.078,99.078,99.078,99.078,99.078,99.078,99.078,99.078,99.078,99.078,99.078,99.078,99.078,99.078,99.078,99.078,99.078,99.078,99.078,99.078,99.078,99.078,99.078,99.078,99.078,99.078,99.078,99.078,99.078
99.424,99.424,99.424,99.424,99.424,99.424,99.424,99.424,99.424,99.424,99.424,99.424,99.424,99.424,99.424,99.424,99.424,99.424,99.424,99.424,99.424,99.424,99.424,99.424,99.424,99.424,99.424,99.424,99.424
99.77,99.77,99.77,99.77,99.77,99.77,99.77,99.77,99.77,99.77,99.77,99.77,99.77,99.77,99.77,99.77,99.77,99.77,99.77,99.77,99.77,99.77,99.77,99.77,99.77,99.77,99.77,99.77,99.77
100.12,100.12,100.12,100.12,100.12,100.12,100.12,100.12,100.12,100.12,100.12,100.12,100.12,100.12,100.12,100.12,100.12,100.12,100.12,100.12,100.12,100.12,100.12,100.12,100.12,100.12,100.12,100.12,100.12
100.46,100.46,100.46,100.46,100.46,100.46,100.46,100.46,100.46,100.46,100.46,100.46,100.46,100.46,100.46,100.46,100.46,100.46,100.46,100.46,100.46,100.46,100.46,100.46,100.46,100.46,100.46,100.46,100.46
100.81,100.81,100.81,100.81,100.81,100.81,100.81,100.81,100.81,100.81,100.81,100.81,100.81,100.81,100.81,100.81,100.81,100.81,100.81,100.81,100.81,100.81,100.81,100.81,100.81,100.81,100.81,100.81,100.81
101.15,101.15,101.15,101.15,101.15,101.15,101.15,101.15,101.15,101.15,101.15,101.15,101.15,101.15,101.15,101.15,101.15,101.15,101.15,101.15,101.15,101.15,101.15,101.15,101.15,101.15,101.15,101.15,101.15
101.5,101.5,101.5,101.5,101.5,101.5,101.5,101.5,101.5,101.5,101.5,101.5,101.5,101.5,101.5,101.5,101.5,101.5,101.5,101.5,101.5,101.5,101.5,101.5,101.5,101.5,101.5,101.5,101.5
101.84,101.84,101.84,101.84,101.84,101.84,101.84,101.84,101.84,101.84,101.84,101.84,101.84,101.84,101.84,101.84,101.84,101.84,101.84,101.84,101.84,101.84,101.84,101.84,101.84,101.84,101.84,101.84,101.84
102.19,102.19,102.19,102.19,102.19,102.19,102.19,102.19,102.19,102.19,102.19,102.19,102.19,102.19,102.19,102.19,102.19,102.19,102.19,102.19,102.19,102.19,102.19,102.19,102.19,102.19,102.19,102.19,102.19
102.54,102.54,102.54,102.54,102.54,102.54,102.54,102.54,102.54,102.54,102.54,102.54,102.54,102.54,102.54,102.54,102.54,102.54,102.54,102.54,102.54,102.54,102.54,102.54,102.54,102.54,102.54,102.54,102.54
102.88,102.88,102.88,102.88,102.88,102.88,102.88,102.88,102.88,102.88,102.88,102.88,102.88,102.88,102.88,102.88,102.88,102.88,102.88,102.88,102.88,102.88,102.88,102.88,102.88,102.88,102.88,102.88,102.88
103.23,103.23,103.23,103.23,103.23,103.23,103.23,103.23,103.23,103.23,103.23,103.23,103.23,103.23,103.23,103.23,103.23,103.23,103.23,103.23,103.23,103.23,103.23,103.23,103.23,103.23,103.23,103.23,103.23
103.57,103.57,103.57,103.57,103.57,103.57,103.57,103.57,103.57,103.57,103.57,103.57,103.57,103.57,103.57,103.57,103.57,103.57,103.57,103.57,103.57,103.57,103.57,103.57,103.57,103.57,103.57,103.57,103.57
103.92,103.92,103.92,103.92,103.92,103.92,103.92,103.92,103.92,103.92,103.92,103.92,103.92,103.92,103.92,103.92,103.92,103.92,103.92,103.92,103.92,103.92,103.92,103.92,103.92,103.92,103.92,103.92,103.92
104.26,104.26,104.26,104.26,104.26,104.26,104.26,104.26,104.26,104.26,104.26,104.26,104.26,104.26,104.26,104.26,104.26,104.26,104.26,104.26,104.26,104.26,104.26,104.26,104.26,104.26,104.26,104.26,104.26
104.61,104.61,104.61,104.61,104.61,104.61,104.61,104.61,104.61,104.61,104.61,104.61,104.61,104.61,104.61,104.61,104.61,104.61,104.61,104.61,104.61,104.61,104.61,104.61,104.61,104.61,104.61,104.61,104.61
104.96,104.96,104.96,104.96,104.96,104.96,104.96,104.96,104.96,104.96,104.96,104.96,104.96,104.96,104.96,104.96,104.96,104.96,104.96,104.96,104.96,104.96,104.96,104.96,104.96,104.96,104.96,104.96,104.96
105.3,105.3,105.3,105.3,105.3,105.3,105.3,105.3,105.3,105.3,105.3,105.3,105.3,105.3,105.3,105.3,105.3,105.3,105.3,105.3,105.3,105.3,105.3,105.3,105.3,105.3,105.3,105.3,105.3
105.65,105.65,105.65,105.65,105.65,105.65,105.65,105.65,105.65,105.65,105.65,105.65,105.65,105.65,105.65,105.65,105.65,105.65,105.65,105.65,105.65,105.65,105.65,105.65,105.65,105.65,105.65,105.65,105.65
105.99,105.99,105.99,105.99,105.99,105.99,105.99,105.99,105.99,105.99,105.99,105.99,105.99,105.99,105.99,105.99,105.99,105.99,105.99,105.99,105.99,105.99,105.99,105.99,105.99,105.99,105.99,105.99,105.99
106.34,106.34,106.34,106.34,106.34,106.34,106.34,106.34,106.34,106.34,106.34,106.34,106.34,106.34,106.34,106.34,106.34,106.34,106.34,106.34,106.34,106.34,106.34,106.34,106.34,106.34,106.34,106.34,106.34
106.69,106.69,106.69,106.69,106.69,106.69,106.69,106.69,106.69,106.69,106.69,106.69,106.69,106.69,106.69,106.69,106.69,106.69,106.69,106.69,106.69,106.69,106.69,106.69,106.69,106.69,106.69,106.69,106.69
107.03,107.03,107.03,107.03,107.03,107.03,107.03,107.03,107.03,107.03,107.03,107.03,107.03,107.03,107.03,107.03,107.03,107.03,107.03,107.03,107.03,107.03,107.03,107.03,107.03,107.03,107.03,107.03,107.03
107.38,107.38,107.38,107.38,107.38,107.38,107.38,107.38,107.38,107.38,107.38,107.38,107.38,107.38,107.38,107.38,107.38,107.38,107.38,107.38,107.38,107.38,107.38,107.38,107.38,107.38,107.38,107.38,107.38
107.72,107.72,107.72,107.72,107.72,107.72,107.72,107.72,107.72,107.72,107.72,107.72,107.72,107.72,107.72,107.72,107.72,107.72,107.72,107.72,107.72,107.72,107.72,107.72,107.72,107.72,107.72,107.72,107.72
108.07,108.07,108.07,108.07,108.07,108.07,108.07,108.07,108.07,108.07,108.07,108.07,108.07,108.07,108.07,108.07,108.07,108.07,108.07,108.07,108.07,108.07,108.07,108.07,108.07,108.07,108.07,108.07,108.07
108.41,108.41,108.41,108.41,108.41,108.41,108.41,108.41,108.41,108.41,108.41,108.41,108.41,108.41,108.41,108.41,108.41,108.41,108.41,108.41,108.41,108.41,108.41,108.41,108.41,108.41,108.41,108.41,108.41
108.76,108.76,108.76,108.76,108.76,108.76,108.76,108.76,108.76,108.76,108.76,108.76,108.76,108.76,108.76,108.76,108.76,108.76,108.76,108.76,108.76,108.76,108.76,108.76,108.76,108.76,108.76,108.76,108.76
109.11,109.11,109.11,109.11,109.11,109.11,109.11,109.11,109.11,109.11,109.11,109.11,109.11,109.11,109.11,109.11,109.11,109.11,109.11,109.11,109.11,109.11,109.11,109.11,109.11,109.11,109.11,109.11,109.11
109.45,109.45,109.45,109.45,109.45,109.45,109.45,109.45,109.45,109.45,109.45,109.45,109.45,109.45,109.45,109.45,109.45,109.45,109.45,109.45,109.45,109.45,109.45,109.45,109.45,109.45,109.45,109.45,109.45
109.8,109.8,109.8,109.8,109.8,109.8,109.8,109.8,109.8,109.8,109.8,109.8,109.8,109.8,109.8,109.8,109.8,109.8,109.8,109.8,109.8,109.8,109.8,109.8,109.8,109.8,109.8,109.8,109.8
110.14,110.14,110.14,110.14,110.14,110.14,110.14,110.14,110.14,110.14,110.14,110.14,110.14,110.14,110.14,110.14,110.14,110.14,110.14,110.14,110.14,110.14,110.14,110.14,110.14,110.14,110.14,110.14,110.14
110.49,110.49,110.49,110.49,110.49,110.49,110.49,110.49,110.49,110.49,110.49,110.49,110.49,110.49,110.49,110.49,110.49,110.49,110.49,110.49,110.49,110.49,110.49,110.49,110.49,110.49,110.49,110.49,110.49
110.83,110.83,110.83,110.83,110.83,110.83,110.83,110.83,110.83,110.83,110.83,110.83,110.83,110.83,110.83,110.83,110.83,110.83,110.83,110.83,110.83,110.83,110.83,110.83,110.83,110.83,110.83,110.83,110.83
111.18,111.18,111.18,111.18,111.18,111.18,111.18,111.18,111.18,111.18,111.18,111.18,111.18,111.18,111.18,111.18,111.18,111.18,111.18,111.18,111.18,111.18,111.18,111.18,111.18,111.18,111.18,111.18,111.18
111.53,111.53,111.53,111.53,111.53,111.53,111.53,111.53,111.53,111.53,111.53,111.53,111.53,111.53,111.53,111.53,111.53,111.53,111.53,111.53,111.53,111.53,111.53,111.53,111.53,111.53,111.53,111.53,111.53
111.87,111.87,111.87,111.87,111.87,111.87,111.87,111.87,111.87,111.87,111.87,111.87,111.87,111.87,111.87,111.87,111.87,111.87,111.87,111.87,111.87,111.87,111.87,111.87,111.87,111.87,111.87,111.87,111.87
112.22,112.22,112.22,112.22,112.22,112.22,112.22,112.22,112.22,112.22,112.22,112.22,112.22,112.22,112.22,112.22,112.22,112.22,112.22,112.22,112.22,112.22,112.22,112.22,112.22,112.22,112.22,112.22,112.22
112.56,112.56,112.56,112.56,112.56,112.56,112.56,112.56,112.56,112.56,112.56,112.56,112.56,112.56,112.56,112.56,112.56,112.56,112.56,112.56,112.56,112.56,112.56,112.56,112.56,112.56,112.56,112.56,112.56
112.91,112.91,112.91,112.91,112.91,112.91,112.91,112.91,112.91,112.91,112.91,112.91,112.91,112.91,112.91,112.91,112.91,112.91,112.91,112.91,112.91,112.91,112.91,112.91,112.91,112.91,112.91,112.91,112.91
113.26,113.26,113.26,113.26,113.26,113.26,113.26,113.26,113.26,113.26,113.26,113.26,113.26,113.26,113.26,113.26,113.26,113.26,113.26,113.26,113.26,113.26,113.26,113.26,113.26,113.26,113.26,113.26,113.26
113.6,113.6,113.6,113.6,113.6,113.6,113.6,113.6,113.6,113.6,113.6,113.6,113.6,113.6,113.6,113.6,113.6,113.6,113.6,113.6,113.6,113.6,113.6,113.6,113.6,113.6,113.6,113.6,113.6
113.95,113.95,113.95,113.95,113.95,113.95,113.95,113.95,113.95,113.95,113.95,113.95,113.95,113.95,113.95,113.95,113.95,113.95,113.95,113.95,113.95,113.95,113.95,113.95,113.95,113.95,113.95,113.95,113.95
114.29,114.29,114.29,114.29,114.29,114.29,114.29,114.29,114.29,114.29,114.29,114.29,114.29,114.29,114.29,114.29,114.29,114.29,114.29,114.29,114.29,114.29,114.29,114.29,114.29,114.29,114.29,114.29,114.29
114.64,114.64,114.64,114.64,114.64,114.64,114.64,114.64,114.64,114.64,114.64,114.64,114.64,114.64,114.64,114.64,114.64,114.64,114.64,114.64,114.64,114.64,114.64,114.64,114.64,114.64,114.64,114.64,114.64
114.98,114.98,114.98,114.98,114.98,114.98,114.98,114.98,114.98,114.98,114.98,114.98,114.98,114.98,114.98,114.98,114.98,114.98,114.98,114.98,114.98,114.98,114.98,114.98,114.98,114.98,114.98,114.98,114.98
115.33,115.33,115.33,115.33,115.33,115.33,115.33,115.33,115.33,115.33,115.33,115.33,115.33,115.33,115.33,115.33,115.33,115.33,115.33,115.33,115.33,115.33,115.33,115.33,115.33,115.33,115.33,115.33,115.33
115.68,115.68,115.68,115.68,115.68,115.68,115.68,115.68,115.68,115.68,115.68,115.68,115.68,115.68,115.68,115.68,115.68,115.68,115.68,115.68,115.68,115.68,115.68,115.68,115.68,115.68,115.68,115.68,115.68
116.02,116.02,116.02,116.02,116.02,116.02,116.02,116.02,116.02,116.02,116.02,116.02,116.02,116.02,116.02,116.02,116.02,116.02,116.02,116.02,116.02,116.02,116.02,116.02,116.02,116.02,116.02,116.02,116.02
116.37,116.37,116.37,116.37,116.37,116.37,116.37,116.37,116.37,116.37,116.37,116.37,116.37,116.37,116.37,116.37,116.37,116.37,116.37,116.37,116.37,116.37,116.37,116.37,116.37,116.37,116.37,116.37,116.37
116.71,116.71,116.71,116.71,116.71,116.71,116.71,116.71,116.71,116.71,116.71,116.71,116.71,116.71,116.71,116.71,116.71,116.71,116.71,116.71,116.71,116.71,116.71,116.71,116.71,116.71,116.71,116.71,116.71
117.06,117.06,117.06,117.06,117.06,117.06,117.06,117.06,117.06,117.06,117.06,117.06,117.06,117.06,117.06,117.06,117.06,117.06,117.06,117.06,117.06,117.06,117.06,117.06,117.06,117.06,117.06,117.06,117.06
117.4,117.4,117.4,117.4,117.4,117.4,117.4,117.4,117.4,117.4,117.4,117.4,117.4,117.4,117.4,117.4,117.4,117.4,117.4,117.4,117.4,117.4,117.4,117.4,117.4,117.4,117.4,117.4,117.4
117.75,117.75,117.75,117.75,117.75,117.75,117.75,117.75,117.75,117.75,117.75,117.75,117.75,117.75,117.75,117.75,117.75,117.75,117.75,117.75,117.75,117.75,117.75,117.75,117.75,117.75,117.75,117.75,117.75
118.1,118.1,118.1,118.1,118.1,118.1,118.1,118.1,118.1,118.1,118.1,118.1,118.1,118.1,118.1,118.1,118.1,118.1,118.1,118.1,118.1,118.1,118.1,118.1,118.1,118.1,118.1,118.1,118.1
118.44,118.44,118.44,118.44,118.44,118.44,118.44,118.44,118.44,118.44,118.44,118.44,118.44,118.44,118.44,118.44,118.44,118.44,118.44,118.44,118.44,118.44,118.44,118.44,118.44,118.44,118.44,118.44,118.44
118.79,118.79,118.79,118.79,118.79,118.79,118.79,118.79,118.79,118.79,118.79,118.79,118.79,118.79,118.79,118.79,118.79,118.79,118.79,118.79,118.79,118.79,118.79,118.79,118.79,118.79,118.79,118.79,118.79
119.13,119.13,119.13,119.13,119.13,119.13,119.13,119.13,119.13,119.13,119.13,119.13,119.13,119.13,119.13,119.13,119.13,119.13,119.13,119.13,119.13,119.13,119.13,119.13,119.13,119.13,119.13,119.13,119.13
119.48,119.48,119.48,119.48,119.48,119.48,119.48,119.48,119.48,119.48,119.48,119.48,119.48,119.48,119.48,119.48,119.48,119.48,119.48,119.48,119.48,119.48,119.48,119.48,119.48,119.48,119.48,119.48,119.48
119.82,119.82,119.82,119.82,119.82,119.82,119.82,119.82,119.82,119.82,119.82,119.82,119.82,119.82,119.82,119.82,119.82,119.82,119.82,119.82,119.82,119.82,119.82,119.82,119.82,119.82,119.82,119.82,119.82
120.17,120.17,120.17,120.17,120.17,120.17,120.17,120.17,120.17,120.17,120.17,120.17,120.17,120.17,120.17,120.17,120.17,120.17,120.17,120.17,120.17,120.17,120.17,120.17,120.17,120.17,120.17,120.17,120.17
120.52,120.52,120.52,120.52,120.52,120.52,120.52,120.52,120.52,120.52,120.52,120.52,120.52,120.52,120.52,120.52,120.52,120.52,120.52,120.52,120.52,120.52,120.52,120.52,120.52,120.52,120.52,120.52,120.52
120.86,120.86,120.86,120.86,120.86,120.86,120.86,120.86,120.86,120.86,120.86,120.86,120.86,120.86,120.86,120.86,120.86,120.86,120.86,120.86,120.86,120.86,120.86,120.86,120.86,120.86,120.86,120.86,120.86
121.21,121.21,121.21,121.21,121.21,121.21,121.21,121.21,121.21,121.21,121.21,121.21,121.21,121.21,121.21,121.21,121.21,121.21,121.21,121.21,121.21,121.21,121.21,121.21,121.21,121.21,121.21,121.21,121.21
121.55,121.55,121.55,121.55,121.55,121.55,121.55,121.55,121.55,121.55,121.55,121.55,121.55,121.55,121.55,121.55,121.55,121.55,121.55,121.55,121.55,121.55,121.55,121.55,121.55,121.55,121.55,121.55,121.55
121.9,121.9,121.9,121.9,121.9,121.9,121.9,121.9,121.9,121.9,121.9,121.9,121.9,121.9,121.9,121.9,121.9,121.9,121.9,121.9,121.9,121.9,121.9,121.9,121.9,121.9,121.9,121.9,121.9
122.25,122.25,122.25,122.25,122.25,122.25,122.25,122.25,122.25,122.25,122.25,122.25,122.25,122.25,122.25,122.25,122.25,122.25,122.25,122.25,122.25,122.25,122.25,122.25,122.25,122.25,122.25,122.25,122.25
122.59,122.59,122.59,122.59,122.59,122.59,122.59,122.59,122.59,122.59,122.59,122.59,122.59,122.59,122.59,122.59,122.59,122.59,122.59,122.59,122.59,122.59,122.59,122.59,122.59,122.59,122.59,122.59,122.59
122.94,122.94,122.94,122.94,122.94,122.94,122.94,122.94,122.94,122.94,122.94,122.94,122.94,122.94,122.94,122.94,122.94,122.94,122.94,122.94,122.94,122.94,122.94,122.94,122.94,122.94,122.94,122.94,122.94
123.28,123.28,123.28,123.28,123.28,123.28,123.28,123.28,123.28,123.28,123.28,123.28,123.28,123.28,123.28,123.28,123.28,123.28,123.28,123.28,123.28,123.28,123.28,123.28,123.28,123.28,123.28,123.28,123.28
123.63,123.63,123.63,123.63,123.63,123.63,123.63,123.63,123.63,123.63,123.63,123.63,123.63,123.63,123.63,123.63,123.63,123.63,123.63,123.63,123.63,123.63,123.63,123.63,123.63,123.63,123.63,123.63,123.63
123.97,123.97,123.97,123.97,123.97,123.97,123.97,123.97,123.97,123.97,123.97,123.97,123.97,123.97,123.97,123.97,123.97,123.97,123.97,123.97,123.97,123.97,123.97,123.97,123.97,123.97,123.97,123.97,123.97
124.32,124.32,124.32,124.32,124.32,124.32,124.32,124.32,124.32,124.32,124.32,124.32,124.32,124.32,124.32,124.32,124.32,124.32,124.32,124.32,124.32,124.32,124.32,124.32,124.32,124.32,124.32,124.32,124.32
124.67,124.67,124.67,124.67,124.67,124.67,124.67,124.67,124.67,124.67,124.67,124.67,124.67,124.67,124.67,124.67,124.67,124.67,124.67,124.67,124.67,124.67,124.67,124.67,124.67,124.67,124.67,124.67,124.67
125.01,125.01,125.01,125.01,125.01,125.01,125.01,125.01,125.01,125.01,125.01,125.01,125.01,125.01,125.01,125.01,125.01,125.01,125.01,125.01,125.01,125.01,125.01,125.01,125.01,125.01,125.01,125.01,125.01
125.36,125.36,125.36,125.36,125.36,125.36,125.36,125.36,125.36,125.36,125.36,125.36,125.36,125.36,125.36,125.36,125.36,125.36,125.36,125.36,125.36,125.36,125.36,125.36,125.36,125.36,125.36,125.36,125.36
125.7,125.7,125.7,125.7,125.7,125.7,125.7,125.7,125.7,125.7,125.7,125.7,125.7,125.7,125.7,125.7,125.7,125.7,125.7,125.7,125.7,125.7,125.7,125.7,125.7,125.7,125.7,125.7,125.7
126.05,126.05,126.05,126.05,126.05,126.05,126.05,126.05,126.05,126.05,126.05,126.05,126.05,126.05,126.05,126.05,126.05,126.05,126.05,126.05,126.05,126.05,126.05,126.05,126.05,126.05,126.05,126.05,126.05
126.39,126.39,126.39,126.39,126.39,126.39,126.39,126.39,126.39,126.39,126.39,126.39,126.39,126.39,126.39,126.39,126.39,126.39,126.39,126.39,126.39,126.39,126.39,126.39,126.39,126.39,126.39,126.39,126.39
126.74,126.74,126.74,126.74,126.74,126.74,126.74,126.74,126.74,126.74,126.74,126.74,126.74,126.74,126.74,126.74,126.74,126.74,126.74,126.74,126.74,126.74,126.74,126.74,126.74,126.74,126.74,126.74,126.74
127.09,127.09,127.09,127.09,127.09,127.09,127.09,127.09,127.09,127.09,127.09,127.09,127.09,127.09,127.09,127.09,127.09,127.09,127.09,127.09,127.09,127.09,127.09,127.09,127.09,127.09,127.09,127.09,127.09
127.43,127.43,127.43,127.43,127.43,127.43,127.43,127.43,127.43,127.43,127.43,127.43,127.43,127.43,127.43,127.43,127.43,127.43,127.43,127.43,127.43,127.43,127.43,127.43,127.43,127.43,127.43,127.43,127.43
127.78,127.78,127.78,127.78,127.78,127.78,127.78,127.78,127.78,127.78,127.78,127.78,127.78,127.78,127.78,127.78,127.78,127.78,127.78,127.78,127.78,127.78,127.78,127.78,127.78,127.78,127.78,127.78,127.78
128.12,128.12,128.12,128.12,128.12,128.12,128.12,128.12,128.12,128.12,128.12,128.12,128.12,128.12,128.12,128.12,128.12,128.12,128.12,128.12,128.12,128.12,128.12,128.12,128.12,128.12,128.12,128.12,128.12
128.47,128.47,128.47,128.47,128.47,128.47,128.47,128.47,128.47,128.47,128.47,128.47,128.47,128.47,128.47,128.47,128.47,128.47,128.47,128.47,128.47,128.47,128.47,128.47,128.47,128.47,128.47,128.47,128.47
128.82,128.82,128.82,128.82,128.82,128.82,128.82,128.82,128.82,128.82,128.82,128.82,128.82,128.82,128.82,128.82,128.82,128.82,128.82,128.82,128.82,128.82,128.82,128.82,128.82,128.82,128.82,128.82,128.82
129.16,129.16,129.16,129.16,129.16,129.16,129.16,129.16,129.16,129.16,129.16,129.16,129.16,129.16,129.16,129.16,129.16,129.16,129.16,129.16,129.16,129.16,129.16,129.16,129.16,129.16,129.16,129.16,129.16
129.51,129.51,129.51,129.51,129.51,129.51,129.51,129.51,129.51,129.51,129.51,129.51,129.51,129.51,129.51,129.51,129.51,129.51,129.51,129.51,129.51,129.51,129.51,129.51,129.51,129.51,129.51,129.51,129.51
129.85,129.85,129.85,129.85,129.85,129.85,129.85,129.85,129.85,129.85,129.85,129.85,129.85,129.85,129.85,129.85,129.85,129.85,129.85,129.85,129.85,129.85,129.85,129.85,129.85,129.85,129.85,129.85,129.85
130.2,130.2,130.2,130.2,130.2,130.2,130.2,130.2,130.2,130.2,130.2,130.2,130.2,130.2,130.2,130.2,130.2,130.2,130.2,130.2,130.2,130.2,130.2,130.2,130.2,130.2,130.2,130.2,130.2
130.54,130.54,130.54,130.54,130.54,130.54,130.54,130.54,130.54,130.54,130.54,130.54,130.54,130.54,130.54,130.54,130.54,130.54,130.54,130.54,130.54,130.54,130.54,130.54,130.54,130.54,130.54,130.54,130.54
130.89,130.89,130.89,130.89,130.89,130.89,130.89,130.89,130.89,130.89,130.89,130.89,130.89,130.89,130.89,130.89,130.89,130.89,130.89,130.89,130.89,130.89,130.89,130.89,130.89,130.89,130.89,130.89,130.89
131.24,131.24,131.24,131.24,131.24,131.24,131.24,131.24,131.24,131.24,131.24,131.24,131.24,131.24,131.24,131.24,131.24,131.24,131.24,131.24,131.24,131.24,131.24,131.24,131.24,131.24,131.24,131.24,131.24
131.58,131.58,131.58,131.58,131.58,131.58,131.58,131.58,131.58,131.58,131.58,131.58,131.58,131.58,131.58,131.58,131.58,131.58,131.58,131.58,131.58,131.58,131.58,131.58,131.58,131.58,131.58,131.58,131.58
131.93,131.93,131.93,131.93,131.93,131.93,131.93,131.93,131.93,131.93,131.93,131.93,131.93,131.93,131.93,131.93,131.93,131.93,131.93,131.93,131.93,131.93,131.93,131.93,131.93,131.93,131.93,131.93,131.93
132.27,132.27,132.27,132.27,132.27,132.27,132.27,132.27,132.27,132.27,132.27,132.27,132.27,132.27,132.27,132.27,132.27,132.27,132.27,132.27,132.27,132.27,132.27,132.27,132.27,132.27,132.27,132.27,132.27
132.62,132.62,132.62,132.62,132.62,132.62,132.62,132.62,132.62,132.62,132.62,132.62,132.62,132.62,132.62,132.62,132.62,132.62,132.62,132.62,132.62,132.62,132.62,132.62,132.62,132.62,132.62,132.62,132.62
132.96,132.96,132.96,132.96,132.96,132.96,132.96,132.96,132.96,132.96,132.96,132.96,132.96,132.96,132.96,132.96,132.96,132.96,132.96,132.96,132.96,132.96,132.96,132.96,132.96,132.96,132.96,132.96,132.96
133.31,133.31,133.31,133.31,133.31,133.31,133.31,133.31,133.31,133.31,133.31,133.31,133.31,133.31,133.31,133.31,133.31,133.31,133.31,133.31,133.31,133.31,133.31,133.31,133.31,133.31,133.31,133.31,133.31
133.66,133.66,133.66,133.66,133.66,133.66,133.66,133.66,133.66,133.66,133.66,133.66,133.66,133.66,133.66,133.66,133.66,133.66,133.66,133.66,133.66,133.66,133.66,133.66,133.66,133.66,133.66,133.66,133.66
134,134,134,134,134,134,134,134,134,134,134,134,134,134,134,134,134,134,134,134,134,134,134,134,134,134,134,134,134
134.35,134.35,134.35,134.35,134.35,134.35,134.35,134.35,134.35,134.35,134.35,134.35,134.35,134.35,134.35,134.35,134.35,134.35,134.35,134.35,134.35,134.35,134.35,134.35,134.35,134.35,134.35,134.35,134.35
134.69,134.69,134.69,134.69,134.69,134.69,134.69,134.69,134.69,134.69,134.69,134.69,134.69,134.69,134.69,134.69,134.69,134.69,134.69,134.69,134.69,134.69,134.69,134.69,134.69,134.69,134.69,134.69,134.69
135.04,135.04,135.04,135.04,135.04,135.04,135.04,135.04,135.04,135.04,135.04,135.04,135.04,135.04,135.04,135.04,135.04,135.04,135.04,135.04,135.04,135.04,135.04,135.04,135.04,135.04,135.04,135.04,135.04
135.38,135.38,135.38,135.38,135.38,135.38,135.38,135.38,135.38,135.38,135.38,135.38,135.38,135.38,135.38,135.38,135.38,135.38,135.38,135.38,135.38,135.38,135.38,135.38,135.38,135.38,135.38,135.38,135.38
135.73,135.73,135.73,135.73,135.73,135.73,135.73,135.73,135.73,135.73,135.73,135.73,135.73,135.73,135.73,135.73,135.73,135.73,135.73,135.73,135.73,135.73,135.73,135.73,135.73,135.73,135.73,135.73,135.73
136.08,136.08,136.08,136.08,136.08,136.08,136.08,136.08,136.08,136.08,136.08,136.08,136.08,136.08,136.08,136.08,136.08,136.08,136.08,136.08,136.08,136.08,136.08,136.08,136.08,136.08,136.08,136.08,136.08
136.42,136.42,136.42,136.42,136.42,136.42,136.42,136.42,136.42,136.42,136.42,136.42,136.42,136.42,136.42,136.42,136.42,136.42,136.42,136.42,136.42,136.42,136.42,136.42,136.42,136.42,136.42,136.42,136.42
136.77,136.77,136.77,136.77,136.77,136.77,136.77,136.77,136.77,136.77,136.77,136.77,136.77,136.77,136.77,136.77,136.77,136.77,136.77,136.77,136.77,136.77,136.77,136.77,136.77,136.77,136.77,136.77,136.77
137.11,137.11,137.11,137.11,137.11,137.11,137.11,137.11,137.11,137.11,137.11,137.11,137.11,137.11,137.11,137.11,137.11,137.11,137.11,137.11,137.11,137.11,137.11,137.11,137.11,137.11,137.11,137.11,137.11
137.46,137.46,137.46,137.46,137.46,137.46,137.46,137.46,137.46,137.46,137.46,137.46,137.46,137.46,137.46,137.46,137.46,137.46,137.46,137.46,137.46,137.46,137.46,137.46,137.46,137.46,137.46,137.46,137.46
137.81,137.81,137.81,137.81,137.81,137.81,137.81,137.81,137.81,137.81,137.81,137.81,137.81,137.81,137.81,137.81,137.81,137.81,137.81,137.81,137.81,137.81,137.81,137.81,137.81,137.81,137.81,137.81,137.81
138.15,138.15,138.15,138.15,138.15,138.15,138.15,138.15,138.15,138.15,138.15,138.15,138.15,138.15,138.15,138.15,138.15,138.15,138.15,138.15,138.15,138.15,138.15,138.15,138.15,138.15,138.15,138.15,138.15
138.5,138.5,138.5,138.5,138.5,138.5,138.5,138.5,138.5,138.5,138.5,138.5,138.5,138.5,138.5,138.5,138.5,138.5,138.5,138.5,138.5,138.5,138.5,138.5,138.5,138.5,138.5,138.5,138.5
138.84,138.84,138.84,138.84,138.84,138.84,138.84,138.84,138.84,138.84,138.84,138.84,138.84,138.84,138.84,138.84,138.84,138.84,138.84,138.84,138.84,138.84,138.84,138.84,138.84,138.84,138.84,138.84,138.84
139.19,139.19,139.19,139.19,139.19,139.19,139.19,139.19,139.19,139.19,139.19,139.19,139.19,139.19,139.19,139.19,139.19,139.19,139.19,139.19,139.19,139.19,139.19,139.19,139.19,139.19,139.19,139.19,139.19
139.53,139.53,139.53,139.53,139.53,139.53,139.53,139.53,139.53,139.53,139.53,139.53,139.53,139.53,139.53,139.53,139.53,139.53,139.53,139.53,139.53,139.53,139.53,139.53,139.53,139.53,139.53,139.53,139.53
139.88,139.88,139.88,139.88,139.88,139.88,139.88,139.88,139.88,139.88,139.88,139.88,139.88,139.88,139.88,139.88,139.88,139.88,139.88,139.88,139.88,139.88,139.88,139.88,139.88,139.88,139.88,139.88,139.88
140.23,140.23,140.23,140.23,140.23,140.23,140.23,140.23,140.23,140.23,140.23,140.23,140.23,140.23,140.23,140.23,140.23,140.23,140.23,140.23,140.23,140.23,140.23,140.23,140.23,140.23,140.23,140.23,140.23
140.57,140.57,140.57,140.57,140.57,140.57,140.57,140.57,140.57,140.57,140.57,140.57,140.57,140.57,140.57,140.57,140.57,140.57,140.57,140.57,140.57,140.57,140.57,140.57,140.57,140.57,140.57,140.57,140.57
140.92,140.92,140.92,140.92,140.92,140.92,140.92,140.92,140.92,140.92,140.92,140.92,140.92,140.92,140.92,140.92,140.92,140.92,140.92,140.92,140.92,140.92,140.92,140.92,140.92,140.92,140.92,140.92,140.92
141.26,141.26,141.26,141.26,141.26,141.26,141.26,141.26,141.26,141.26,141.26,141.26,141.26,141.26,141.26,141.26,141.26,141.26,141.26,141.26,141.26,141.26,141.26,141.26,141.26,141.26,141.26,141.26,141.26
141.61,141.61,141.61,141.61,141.61,141.61,141.61,141.61,141.61,141.61,141.61,141.61,141.61,141.61,141.61,141.61,141.61,141.61,141.61,141.61,141.61,141.61,141.61,141.61,141.61,141.61,141.61,141.61,141.61
141.95,141.95,141.95,141.95,141.95,141.95,141.95,141.95,141.95,141.95,141.95,141.95,141.95,141.95,141.95,141.95,141.95,141.95,141.95,141.95,141.95,141.95,141.95,141.95,141.95,141.95,141.95,141.95,141.95
142.3,142.3,142.3,142.3,142.3,142.3,142.3,142.3,142.3,142.3,142.3,142.3,142.3,142.3,142.3,142.3,142.3,142.3,142.3,142.3,142.3,142.3,142.3,142.3,142.3,142.3,142.3,142.3,142.3
142.65,142.65,142.65,142.65,142.65,142.65,142.65,142.65,142.65,142.65,142.65,142.65,142.65,142.65,142.65,142.65,142.65,142.65,142.65,142.65,142.65,142.65,142.65,142.65,142.65,142.65,142.65,142.65,142.65
142.99,142.99,142.99,142.99,142.99,142.99,142.99,142.99,142.99,142.99,142.99,142.99,142.99,142.99,142.99,142.99,142.99,142.99,142.99,142.99,142.99,142.99,142.99,142.99,142.99,142.99,142.99,142.99,142.99
143.34,143.34,143.34,143.34,143.34,143.34,143.34,143.34,143.34,143.34,143.34,143.34,143.34,143.34,143.34,143.34,143.34,143.34,143.34,143.34,143.34,143.34,143.34,143.34,143.34,143.34,143.34,143.34,143.34
143.68,143.68,143.68,143.68,143.68,143.68,143.68,143.68,143.68,143.68,143.68,143.68,143.68,143.68,143.68,143.68,143.68,143.68,143.68,143.68,143.68,143.68,143.68,143.68,143.68,143.68,143.68,143.68,143.68
144.03,144.03,144.03,144.03,144.03,144.03,144.03,144.03,144.03,144.03,144.03,144.03,144.03,144.03,144.03,144.03,144.03,144.03,144.03,144.03,144.03,144.03,144.03,144.03,144.03,144.03,144.03,144.03,144.03
144.38,144.38,144.38,144.38,144.38,144.38,144.38,144.38,144.38,144.38,144.38,144.38,144.38,144.38,144.38,144.38,144.38,144.38,144.38,144.38,144.38,144.38,144.38,144.38,144.38,144.38,144.38,144.38,144.38
144.72,144.72,144.72,144.72,144.72,144.72,144.72,144.72,144.72,144.72,144.72,144.72,144.72,144.72,144.72,144.72,144.72,144.72,144.72,144.72,144.72,144.72,144.72,144.72,144.72,144.72,144.72,144.72,144.72
145.07,145.07,145.07,145.07,145.07,145.07,145.07,145.07,145.07,145.07,145.07,145.07,145.07,145.07,145.07,145.07,145.07,145.07,145.07,145.07,145.07,145.07,145.07,145.07,145.07,145.07,145.07,145.07,145.07
145.41,145.41,145.41,145.41,145.41,145.41,145.41,145.41,145.41,145.41,145.41,145.41,145.41,145.41,145.41,145.41,145.41,145.41,145.41,145.41,145.41,145.41,145.41,145.41,145.41,145.41,145.41,145.41,145.41
145.76,145.76,145.76,145.76,145.76,145.76,145.76,145.76,145.76,145.76,145.76,145.76,145.76,145.76,145.76,145.76,145.76,145.76,145.76,145.76,145.76,145.76,145.76,145.76,145.76,145.76,145.76,145.76,145.76
146.1,146.1,146.1,146.1,146.1,146.1,146.1,146.1,146.1,146.1,146.1,146.1,146.1,146.1,146.1,146.1,146.1,146.1,146.1,146.1,146.1,146.1,146.1,146.1,146.1,146.1,146.1,146.1,146.1
146.45,146.45,146.45,146.45,146.45,146.45,146.45,146.45,146.45,146.45,146.45,146.45,146.45,146.45,146.45,146.45,146.45,146.45,146.45,146.45,146.45,146.45,146.45,146.45,146.45,146.45,146.45,146.45,146.45
146.8,146.8,146.8,146.8,146.8,146.8,146.8,146.8,146.8,146.8,146.8,146.8,146.8,146.8,146.8,146.8,146.8,146.8,146.8,146.8,146.8,146.8,146.8,146.8,146.8,146.8,146.8,146.8,146.8
147.14,147.14,147.14,147.14,147.14,147.14,147.14,147.14,147.14,147.14,147.14,147.14,147.14,147.14,147.14,147.14,147.14,147.14,147.14,147.14,147.14,147.14,147.14,147.14,147.14,147.14,147.14,147.14,147.14
147.49,147.49,147.49,147.49,147.49,147.49,147.49,147.49,147.49,147.49,147.49,147.49,147.49,147.49,147.49,147.49,147.49,147.49,147.49,147.49,147.49,147.49,147.49,147.49,147.49,147.49,147.49,147.49,147.49
147.83,147.83,147.83,147.83,147.83,147.83,147.83,147.83,147.83,147.83,147.83,147.83,147.83,147.83,147.83,147.83,147.83,147.83,147.83,147.83,147.83,147.83,147.83,147.83,147.83,147.83,147.83,147.83,147.83
148.18,148.18,148.18,148.18,148.18,148.18,148.18,148.18,148.18,148.18,148.18,148.18,148.18,148.18,148.18,148.18,148.18,148.18,148.18,148.18,148.18,148.18,148.18,148.18,148.18,148.18,148.18,148.18,148.18
148.52,148.52,148.52,148.52,148.52,148.52,148.52,148.52,148.52,148.52,148.52,148.52,148.52,148.52,148.52,148.52,148.52,148.52,148.52,148.52,148.52,148.52,148.52,148.52,148.52,148.52,148.52,148.52,148.52
148.87,148.87,148.87,148.87,148.87,148.87,148.87,148.87,148.87,148.87,148.87,148.87,148.87,148.87,148.87,148.87,148.87,148.87,148.87,148.87,148.87,148.87,148.87,148.87,148.87,148.87,148.87,148.87,148.87
149.22,149.22,149.22,149.22,149.22,149.22,149.22,149.22,149.22,149.22,149.22,149.22,149.22,149.22,149.22,149.22,149.22,149.22,149.22,149.22,149.22,149.22,149.22,149.22,149.22,149.22,149.22,149.22,149.22
149.56,149.56,149.56,149.56,149.56,149.56,149.56,149.56,149.56,149.56,149.56,149.56,149.56,149.56,149.56,149.56,149.56,149.56,149.56,149.56,149.56,149.56,149.56,149.56,149.56,149.56,149.56,149.56,149.56
149.91,149.91,149.91,149.91,149.91,149.91,149.91,149.91,149.91,149.91,149.91,149.91,149.91,149.91,149.91,149.91,149.91,149.91,149.91,149.91,149.91,149.91,149.91,149.91,149.91,149.91,149.91,149.91,149.91
150.25,150.25,150.25,150.25,150.25,150.25,150.25,150.25,150.25,150.25,150.25,150.25,150.25,150.25,150.25,150.25,150.25,150.25,150.25,150.25,150.25,150.25,150.25,150.25,150.25,150.25,150.25,150.25,150.25
150.6,150.6,150.6,150.6,150.6,150.6,150.6,150.6,150.6,150.6,150.6,150.6,150.6,150.6,150.6,150.6,150.6,150.6,150.6,150.6,150.6,150.6,150.6,150.6,150.6,150.6,150.6,150.6,150.6
150.94,150.94,150.94,150.94,150.94,150.94,150.94,150.94,150.94,150.94,150.94,150.94,150.94,150.94,150.94,150.94,150.94,150.94,150.94,150.94,150.94,150.94,150.94,150.94,150.94,150.94,150.94,150.94,150.94
151.29,151.29,151.29,151.29,151.29,151.29,151.29,151.29,151.29,151.29,151.29,151.29,151.29,151.29,151.29,151.29,151.29,151.29,151.29,151.29,151.29,151.29,151.29,151.29,151.29,151.29,151.29,151.29,151.29
151.64,151.64,151.64,151.64,151.64,151.64,151.64,151.64,151.64,151.64,151.64,151.64,151.64,151.64,151.64,151.64,151.64,151.64,151.64,151.64,151.64,151.64,151.64,151.64,151.64,151.64,151.64,151.64,151.64
151.98,151.98,151.98,151.98,151.98,151.98,151.98,151.98,151.98,151.98,151.98,151.98,151.98,151.98,151.98,151.98,151.98,151.98,151.98,151.98,151.98,151.98,151.98,151.98,151.98,151.98,151.98,151.98,151.98
152.33,152.33,152.33,152.33,152.33,152.33,152.33,152.33,152.33,152.33,152.33,152.33,152.33,152.33,152.33,152.33,152.33,152.33,152.33,152.33,152.33,152.33,152.33,152.33,152.33,152.33,152.33,152.33,152.33
152.67,152.67,152.67,152.67,152.67,152.67,152.67,152.67,152.67,152.67,152.67,152.67,152.67,152.67,152.67,152.67,152.67,152.67,152.67,152.67,152.67,152.67,152.67,152.67,152.67,152.67,152.67,152.67,152.67
153.02,153.02,153.02,153.02,153.02,153.02,153.02,153.02,153.02,153.02,153.02,153.02,153.02,153.02,153.02,153.02,153.02,153.02,153.02,153.02,153.02,153.02,153.02,153.02,153.02,153.02,153.02,153.02,153.02
153.37,153.37,153.37,153.37,153.37,153.37,153.37,153.37,153.37,153.37,153.37,153.37,153.37,153.37,153.37,153.37,153.37,153.37,153.37,153.37,153.37,153.37,153.37,153.37,153.37,153.37,153.37,153.37,153.37
153.71,153.71,153.71,153.71,153.71,153.71,153.71,153.71,153.71,153.71,153.71,153.71,153.71,153.71,153.71,153.71,153.71,153.71,153.71,153.71,153.71,153.71,153.71,153.71,153.71,153.71,153.71,153.71,153.71
154.06,154.06,154.06,154.06,154.06,154.06,154.06,154.06,154.06,154.06,154.06,154.06,154.06,154.06,154.06,154.06,154.06,154.06,154.06,154.06,154.06,154.06,154.06,154.06,154.06,154.06,154.06,154.06,154.06
154.4,154.4,154.4,154.4,154.4,154.4,154.4,154.4,154.4,154.4,154.4,154.4,154.4,154.4,154.4,154.4,154.4,154.4,154.4,154.4,154.4,154.4,154.4,154.4,154.4,154.4,154.4,154.4,154.4
154.75,154.75,154.75,154.75,154.75,154.75,154.75,154.75,154.75,154.75,154.75,154.75,154.75,154.75,154.75,154.75,154.75,154.75,154.75,154.75,154.75,154.75,154.75,154.75,154.75,154.75,154.75,154.75,154.75
155.09,155.09,155.09,155.09,155.09,155.09,155.09,155.09,155.09,155.09,155.09,155.09,155.09,155.09,155.09,155.09,155.09,155.09,155.09,155.09,155.09,155.09,155.09,155.09,155.09,155.09,155.09,155.09,155.09
155.44,155.44,155.44,155.44,155.44,155.44,155.44,155.44,155.44,155.44,155.44,155.44,155.44,155.44,155.44,155.44,155.44,155.44,155.44,155.44,155.44,155.44,155.44,155.44,155.44,155.44,155.44,155.44,155.44
155.79,155.79,155.79,155.79,155.79,155.79,155.79,155.79,155.79,155.79,155.79,155.79,155.79,155.79,155.79,155.79,155.79,155.79,155.79,155.79,155.79,155.79,155.79,155.79,155.79,155.79,155.79,155.79,155.79
156.13,156.13,156.13,156.13,156.13,156.13,156.13,156.13,156.13,156.13,156.13,156.13,156.13,156.13,156.13,156.13,156.13,156.13,156.13,156.13,156.13,156.13,156.13,156.13,156.13,156.13,156.13,156.13,156.13
156.48,156.48,156.48,156.48,156.48,156.48,156.48,156.48,156.48,156.48,156.48,156.48,156.48,156.48,156.48,156.48,156.48,156.48,156.48,156.48,156.48,156.48,156.48,156.48,156.48,156.48,156.48,156.48,156.48
156.82,156.82,156.82,156.82,156.82,156.82,156.82,156.82,156.82,156.82,156.82,156.82,156.82,156.82,156.82,156.82,156.82,156.82,156.82,156.82,156.82,156.82,156.82,156.82,156.82,156.82,156.82,156.82,156.82
157.17,157.17,157.17,157.17,157.17,157.17,157.17,157.17,157.17,157.17,157.17,157.17,157.17,157.17,157.17,157.17,157.17,157.17,157.17,157.17,157.17,157.17,157.17,157.17,157.17,157.17,157.17,157.17,157.17
157.51,157.51,157.51,157.51,157.51,157.51,157.51,157.51,157.51,157.51,157.51,157.51,157.51,157.51,157.51,157.51,157.51,157.51,157.51,157.51,157.51,157.51,157.51,157.51,157.51,157.51,157.51,157.51,157.51
157.86,157.86,157.86,157.86,157.86,157.86,157.86,157.86,157.86,157.86,157.86,157.86,157.86,157.86,157.86,157.86,157.86,157.86,157.86,157.86,157.86,157.86,157.86,157.86,157.86,157.86,157.86,157.86,157.86
158.21,158.21,158.21,158.21,158.21,158.21,158.21,158.21,158.21,158.21,158.21,158.21,158.21,158.21,158.21,158.21,158.21,158.21,158.21,158.21,158.21,158.21,158.21,158.21,158.21,158.21,158.21,158.21,158.21
158.55,158.55,158.55,158.55,158.55,158.55,158.55,158.55,158.55,158.55,158.55,158.55,158.55,158.55,158.55,158.55,158.55,158.55,158.55,158.55,158.55,158.55,158.55,158.55,158.55,158.55,158.55,158.55,158.55
158.9,158.9,158.9,158.9,158.9,158.9,158.9,158.9,158.9,158.9,158.9,158.9,158.9,158.9,158.9,158.9,158.9,158.9,158.9,158.9,158.9,158.9,158.9,158.9,158.9,158.9,158.9,158.9,158.9
159.24,159.24,159.24,159.24,159.24,159.24,159.24,159.24,159.24,159.24,159.24,159.24,159.24,159.24,159.24,159.24,159.24,159.24,159.24,159.24,159.24,159.24,159.24,159.24,159.24,159.24,159.24,159.24,159.24
159.59,159.59,159.59,159.59,159.59,159.59,159.59,159.59,159.59,159.59,159.59,159.59,159.59,159.59,159.59,159.59,159.59,159.59,159.59,159.59,159.59,159.59,159.59,159.59,159.59,159.59,159.59,159.59,159.59
159.94,159.94,159.94,159.94,159.94,159.94,159.94,159.94,159.94,159.94,159.94,159.94,159.94,159.94,159.94,159.94,159.94,159.94,159.94,159.94,159.94,159.94,159.94,159.94,159.94,159.94,159.94,159.94,159.94
160.28,160.28,160.28,160.28,160.28,160.28,160.28,160.28,160.28,160.28,160.28,160.28,160.28,160.28,160.28,160.28,160.28,160.28,160.28,160.28,160.28,160.28,160.28,160.28,160.28,160.28,160.28,160.28,160.28
160.63,160.63,160.63,160.63,160.63,160.63,160.63,160.63,160.63,160.63,160.63,160.63,160.63,160.63,160.63,160.63,160.63,160.63,160.63,160.63,160.63,160.63,160.63,160.63,160.63,160.63,160.63,160.63,160.63
160.97,160.97,160.97,160.97,160.97,160.97,160.97,160.97,160.97,160.97,160.97,160.97,160.97,160.97,160.97,160.97,160.97,160.97,160.97,160.97,160.97,160.97,160.97,160.97,160.97,160.97,160.97,160.97,160.97
161.32,161.32,161.32,161.32,161.32,161.32,161.32,161.32,161.32,161.32,161.32,161.32,161.32,161.32,161.32,161.32,161.32,161.32,161.32,161.32,161.32,161.32,161.32,161.32,161.32,161.32,161.32,161.32,161.32
161.66,161.66,161.66,161.66,161.66,161.66,161.66,161.66,161.66,161.66,161.66,161.66,161.66,161.66,161.66,161.66,161.66,161.66,161.66,161.66,161.66,161.66,161.66,161.66,161.66,161.66,161.66,161.66,161.66
162.01,162.01,162.01,162.01,162.01,162.01,162.01,162.01,162.01,162.01,162.01,162.01,162.01,162.01,162.01,162.01,162.01,162.01,162.01,162.01,162.01,162.01,162.01,162.01,162.01,162.01,162.01,162.01,162.01
162.36,162.36,162.36,162.36,162.36,162.36,162.36,162.36,162.36,162.36,162.36,162.36,162.36,162.36,162.36,162.36,162.36,162.36,162.36,162.36,162.36,162.36,162.36,162.36,162.36,162.36,162.36,162.36,162.36
162.7,162.7,162.7,162.7,162.7,162.7,162.7,162.7,162.7,162.7,162.7,162.7,162.7,162.7,162.7,162.7,162.7,162.7,162.7,162.7,162.7,162.7,162.7,162.7,162.7,162.7,162.7,162.7,162.7
163.05,163.05,163.05,163.05,163.05,163.05,163.05,163.05,163.05,163.05,163.05,163.05,163.05,163.05,163.05,163.05,163.05,163.05,163.05,163.05,163.05,163.05,163.05,163.05,163.05,163.05,163.05,163.05,163.05
163.39,163.39,163.39,163.39,163.39,163.39,163.39,163.39,163.39,163.39,163.39,163.39,163.39,163.39,163.39,163.39,163.39,163.39,163.39,163.39,163.39,163.39,163.39,163.39,163.39,163.39,163.39,163.39,163.39
163.74,163.74,163.74,163.74,163.74,163.74,163.74,163.74,163.74,163.74,163.74,163.74,163.74,163.74,163.74,163.74,163.74,163.74,163.74,163.74,163.74,163.74,163.74,163.74,163.74,163.74,163.74,163.74,163.74
164.08,164.08,164.08,164.08,164.08,164.08,164.08,164.08,164.08,164.08,164.08,164.08,164.08,164.08,164.08,164.08,164.08,164.08,164.08,164.08,164.08,164.08,164.08,164.08,164.08,164.08,164.08,164.08,164.08
164.43,164.43,164.43,164.43,164.43,164.43,164.43,164.43,164.43,164.43,164.43,164.43,164.43,164.43,164.43,164.43,164.43,164.43,164.43,164.43,164.43,164.43,164.43,164.43,164.43,164.43,164.43,164.43,164.43
164.78,164.78,164.78,164.78,164.78,164.78,164.78,164.78,164.78,164.78,164.78,164.78,164.78,164.78,164.78,164.78,164.78,164.78,164.78,164.78,164.78,164.78,164.78,164.78,164.78,164.78,164.78,164.78,164.78
165.12,165.12,165.12,165.12,165.12,165.12,165.12,165.12,165.12,165.12,165.12,165.12,165.12,165.12,165.12,165.12,165.12,165.12,165.12,165.12,165.12,165.12,165.12,165.12,165.12,165.12,165.12,165.12,165.12
165.47,165.47,165.47,165.47,165.47,165.47,165.47,165.47,165.47,165.47,165.47,165.47,165.47,165.47,165.47,165.47,165.47,165.47,165.47,165.47,165.47,165.47,165.47,165.47,165.47,165.47,165.47,165.47,165.47
165.81,165.81,165.81,165.81,165.81,165.81,165.81,165.81,165.81,165.81,165.81,165.81,165.81,165.81,165.81,165.81,165.81,165.81,165.81,165.81,165.81,165.81,165.81,165.81,165.81,165.81,165.81,165.81,165.81
166.16,166.16,166.16,166.16,166.16,166.16,166.16,166.16,166.16,166.16,166.16,166.16,166.16,166.16,166.16,166.16,166.16,166.16,166.16,166.16,166.16,166.16,166.16,166.16,166.16,166.16,166.16,166.16,166.16
166.5,166.5,166.5,166.5,166.5,166.5,166.5,166.5,166.5,166.5,166.5,166.5,166.5,166.5,166.5,166.5,166.5,166.5,166.5,166.5,166.5,166.5,166.5,166.5,166.5,166.5,166.5,166.5,166.5
166.85,166.85,166.85,166.85,166.85,166.85,166.85,166.85,166.85,166.85,166.85,166.85,166.85,166.85,166.85,166.85,166.85,166.85,166.85,166.85,166.85,166.85,166.85,166.85,166.85,166.85,166.85,166.85,166.85
167.2,167.2,167.2,167.2,167.2,167.2,167.2,167.2,167.2,167.2,167.2,167.2,167.2,167.2,167.2,167.2,167.2,167.2,167.2,167.2,167.2,167.2,167.2,167.2,167.2,167.2,167.2,167.2,167.2
167.54,167.54,167.54,167.54,167.54,167.54,167.54,167.54,167.54,167.54,167.54,167.54,167.54,167.54,167.54,167.54,167.54,167.54,167.54,167.54,167.54,167.54,167.54,167.54,167.54,167.54,167.54,167.54,167.54
167.89,167.89,167.89,167.89,167.89,167.89,167.89,167.89,167.89,167.89,167.89,167.89,167.89,167.89,167.89,167.89,167.89,167.89,167.89,167.89,167.89,167.89,167.89,167.89,167.89,167.89,167.89,167.89,167.89
168.23,168.23,168.23,168.23,168.23,168.23,168.23,168.23,168.23,168.23,168.23,168.23,168.23,168.23,168.23,168.23,168.23,168.23,168.23,168.23,168.23,168.23,168.23,168.23,168.23,168.23,168.23,168.23,168.23
168.58,168.58,168.58,168.58,168.58,168.58,168.58,168.58,168.58,168.58,168.58,168.58,168.58,168.58,168.58,168.58,168.58,168.58,168.58,168.58,168.58,168.58,168.58,168.58,168.58,168.58,168.58,168.58,168.58
168.93,168.93,168.93,168.93,168.93,168.93,168.93,168.93,168.93,168.93,168.93,168.93,168.93,168.93,168.93,168.93,168.93,168.93,168.93,168.93,168.93,168.93,168.93,168.93,168.93,168.93,168.93,168.93,168.93
169.27,169.27,169.27,169.27,169.27,169.27,169.27,169.27,169.27,169.27,169.27,169.27,169.27,169.27,169.27,169.27,169.27,169.27,169.27,169.27,169.27,169.27,169.27,169.27,169.27,169.27,169.27,169.27,169.27
169.62,169.62,169.62,169.62,169.62,169.62,169.62,169.62,169.62,169.62,169.62,169.62,169.62,169.62,169.62,169.62,169.62,169.62,169.62,169.62,169.62,169.62,169.62,169.62,169.62,169.62,169.62,169.62,169.62
169.96,169.96,169.96,169.96,169.96,169.96,169.96,169.96,169.96,169.96,169.96,169.96,169.96,169.96,169.96,169.96,169.96,169.96,169.96,169.96,169.96,169.96,169.96,169.96,169.96,169.96,169.96,169.96,169.96
170.31,170.31,170.31,170.31,170.31,170.31,170.31,170.31,170.31,170.31,170.31,170.31,170.31,170.31,170.31,170.31,170.31,170.31,170.31,170.31,170.31,170.31,170.31,170.31,170.31,170.31,170.31,170.31,170.31
170.65,170.65,170.65,170.65,170.65,170.65,170.65,170.65,170.65,170.65,170.65,170.65,170.65,170.65,170.65,170.65,170.65,170.65,170.65,170.65,170.65,170.65,170.65,170.65,170.65,170.65,170.65,170.65,170.65
171,171,171,171,171,171,171,171,171,171,171,171,171,171,171,171,171,171,171,171,171,171,171,171,171,171,171,171,171
171.35,171.35,171.35,171.35,171.35,171.35,171.35,171.35,171.35,171.35,171.35,171.35,171.35,171.35,171.35,171.35,171.35,171.35,171.35,171.35,171.35,171.35,171.35,171.35,171.35,171.35,171.35,171.35,171.35
171.7,171.7,171.7,171.7,171.7,171.7,171.7,171.7,171.7,171.7,171.7,171.7,171.7,171.7,171.7,171.7,171.7,171.7,171.7,171.7,171.7,171.7,171.7,171.7,171.7,171.7,171.7,171.7,171.7
172.05,172.05,172.05,172.05,172.05,172.05,172.05,172.05,172.05,172.05,172.05,172.05,172.05,172.05,172.05,172.05,172.05,172.05,172.05,172.05,172.05,172.05,172.05,172.05,172.05,172.05,172.05,172.05,172.05
172.4,172.4,172.4,172.4,172.4,172.4,172.4,172.4,172.4,172.4,172.4,172.4,172.4,172.4,172.4,172.4,172.4,172.4,172.4,172.4,172.4,172.4,172.4,172.4,172.4,172.4,172.4,172.4,172.4
172.75,172.75,172.75,172.75,172.75,172.75,172.75,172.75,172.75,172.75,172.75,172.75,172.75,172.75,172.75,172.75,172.75,172.75,172.75,172.75,172.75,172.75,172.75,172.75,172.75,172.75,172.75,172.75,172.75
173.1,173.1,173.1,173.1,173.1,173.1,173.1,173.1,173.1,173.1,173.1,173.1,173.1,173.1,173.1,173.1,173.1,173.1,173.1,173.1,173.1,173.1,173.1,173.1,173.1,173.1,173.1,173.1,173.1
173.45,173.45,173.45,173.45,173.45,173.45,173.45,173.45,173.45,173.45,173.45,173.45,173.45,173.45,173.45,173.45,173.45,173.45,173.45,173.45,173.45,173.45,173.45,173.45,173.45,173.45,173.45,173.45,173.45
173.8,173.8,173.8,173.8,173.8,173.8,173.8,173.8,173.8,173.8,173.8,173.8,173.8,173.8,173.8,173.8,173.8,173.8,173.8,173.8,173.8,173.8,173.8,173.8,173.8,173.8,173.8,173.8,173.8
174.15,174.15,174.15,174.15,174.15,174.15,174.15,174.15,174.15,174.15,174.15,174.15,174.15,174.15,174.15,174.15,174.15,174.15,174.15,174.15,174.15,174.15,174.15,174.15,174.15,174.15,174.15,174.15,174.15
174.5,174.5,174.5,174.5,174.5,174.5,174.5,174.5,174.5,174.5,174.5,174.5,174.5,174.5,174.5,174.5,174.5,174.5,174.5,174.5,174.5,174.5,174.5,174.5,174.5,174.5,174.5,174.5,174.5
174.85,174.85,174.85,174.85,174.85,174.85,174.85,174.85,174.85,174.85,174.85,174.85,174.85,174.85,174.85,174.85,174.85,174.85,174.85,174.85,174.85,174.85,174.85,174.85,174.85,174.85,174.85,174.85,174.85
175.2,175.2,175.2,175.2,175.2,175.2,175.2,175.2,175.2,175.2,175.2,175.2,175.2,175.2,175.2,175.2,175.2,175.2,175.2,175.2,175.2,175.2,175.2,175.2,175.2,175.2,175.2,175.2,175.2
175.55,175.55,175.55,175.55,175.55,175.55,175.55,175.55,175.55,175.55,175.55,175.55,175.55,175.55,175.55,175.55,175.55,175.55,175.55,175.55,175.55,175.55,175.55,175.55,175.55,175.55,175.55,175.55,175.55
175.9,175.9,175.9,175.9,175.9,175.9,175.9,175.9,175.9,175.9,175.9,175.9,175.9,175.9,175.9,175.9,175.9,175.9,175.9,175.9,175.9,175.9,175.9,175.9,175.9,175.9,175.9,175.9,175.9
176.25,176.25,176.25,176.25,176.25,176.25,176.25,176.25,176.25,176.25,176.25,176.25,176.25,176.25,176.25,176.25,176.25,176.25,176.25,176.25,176.25,176.25,176.25,176.25,176.25,176.25,176.25,176.25,176.25
176.6,176.6,176.6,176.6,176.6,176.6,176.6,176.6,176.6,176.6,176.6,176.6,176.6,176.6,176.6,176.6,176.6,176.6,176.6,176.6,176.6,176.6,176.6,176.6,176.6,176.6,176.6,176.6,176.6
176.95,176.95,176.95,176.95,176.95,176.95,176.95,176.95,176.95,176.95,176.95,176.95,176.95,176.95,176.95,176.95,176.95,176.95,176.95,176.95,176.95,176.95,176.95,176.95,176.95,176.95,176.95,176.95,176.95
177.3,177.3,177.3,177.3,177.3,177.3,177.3,177.3,177.3,177.3,177.3,177.3,177.3,177.3,177.3,177.3,177.3,177.3,177.3,177.3,177.3,177.3,177.3,177.3,177.3,177.3,177.3,177.3,177.3
177.65,177.65,177.65,177.65,177.65,177.65,177.65,177.65,177.65,177.65,177.65,177.65,177.65,177.65,177.65,177.65,177.65,177.65,177.65,177.65,177.65,177.65,177.65,177.65,177.65,177.65,177.65,177.65,177.65
178,178,178,178,178,178,178,178,178,178,178,178,178,178,178,178,178,178,178,178,178,178,178,178,178,178,178,178,178
178.35,178.35,178.35,178.35,178.35,178.35,178.35,178.35,178.35,178.35,178.35,178.35,178.35,178.35,178.35,178.35,178.35,178.35,178.35,178.35,178.35,178.35,178.35,178.35,178.35,178.35,178.35,178.35,178.35
178.7,178.7,178.7,178.7,178.7,178.7,178.7,178.7,178.7,178.7,178.7,178.7,178.7,178.7,178.7,178.7,178.7,178.7,178.7,178.7,178.7,178.7,178.7,178.7,178.7,178.7,178.7,178.7,178.7
179.05,179.05,179.05,179.05,179.05,179.05,179.05,179.05,179.05,179.05,179.05,179.05,179.05,179.05,179.05,179.05,179.05,179.05,179.05,179.05,179.05,179.05,179.05,179.05,179.05,179.05,179.05,179.05,179.05
179.4,179.4,179.4,179.4,179.4,179.4,179.4,179.4,179.4,179.4,179.4,179.4,179.4,179.4,179.4,179.4,179.4,179.4,179.4,179.4,179.4,179.4,179.4,179.4,179.4,179.4,179.4,179.4,179.4
179.75,179.75,179.75,179.75,179.75,179.75,179.75,179.75,179.75,179.75,179.75,179.75,179.75,179.75,179.75,179.75,179.75,179.75,179.75,179.75,179.75,179.75,179.75,179.75,179.75,179.75,179.75,179.75,179.75
180.099999999999,180.099999999999,180.099999999999,180.099999999999,180.099999999999,180.099999999999,180.099999999999,180.099999999999,180.099999999999,180.099999999999,180.099999999999,180.099999999999,180.099999999999,180.099999999999,180.099999999999,180.099999999999,180.099999999999,180.099999999999,180.099999999999,180.099999999999,180.099999999999,180.099999999999,180.099999999999,180.099999999999,180.099999999999,180.099999999999,180.099999999999,180.099999999999,180.099999999999
180.45,180.45,180.45,180.45,180.45,180.45,180.45,180.45,180.45,180.45,180.45,180.45,180.45,180.45,180.45,180.45,180.45,180.45,180.45,180.45,180.45,180.45,180.45,180.45,180.45,180.45,180.45,180.45,180.45
180.8,180.8,180.8,180.8,180.8,180.8,180.8,180.8,180.8,180.8,180.8,180.8,180.8,180.8,180.8,180.8,180.8,180.8,180.8,180.8,180.8,180.8,180.8,180.8,180.8,180.8,180.8,180.8,180.8
181.15,181.15,181.15,181.15,181.15,181.15,181.15,181.15,181.15,181.15,181.15,181.15,181.15,181.15,181.15,181.15,181.15,181.15,181.15,181.15,181.15,181.15,181.15,181.15,181.15,181.15,181.15,181.15,181.15
181.5,181.5,181.5,181.5,181.5,181.5,181.5,181.5,181.5,181.5,181.5,181.5,181.5,181.5,181.5,181.5,181.5,181.5,181.5,181.5,181.5,181.5,181.5,181.5,181.5,181.5,181.5,181.5,181.5
181.849999999999,181.849999999999,181.849999999999,181.849999999999,181.849999999999,181.849999999999,181.849999999999,181.849999999999,181.849999999999,181.849999999999,181.849999999999,181.849999999999,181.849999999999,181.849999999999,181.849999999999,181.849999999999,181.849999999999,181.849999999999,181.849999999999,181.849999999999,181.849999999999,181.849999999999,181.849999999999,181.849999999999,181.849999999999,181.849999999999,181.849999999999,181.849999999999,181.849999999999
182.2,182.2,182.2,182.2,182.2,182.2,182.2,182.2,182.2,182.2,182.2,182.2,182.2,182.2,182.2,182.2,182.2,182.2,182.2,182.2,182.2,182.2,182.2,182.2,182.2,182.2,182.2,182.2,182.2
182.55,182.55,182.55,182.55,182.55,182.55,182.55,182.55,182.55,182.55,182.55,182.55,182.55,182.55,182.55,182.55,182.55,182.55,182.55,182.55,182.55,182.55,182.55,182.55,182.55,182.55,182.55,182.55,182.55
182.9,182.9,182.9,182.9,182.9,182.9,182.9,182.9,182.9,182.9,182.9,182.9,182.9,182.9,182.9,182.9,182.9,182.9,182.9,182.9,182.9,182.9,182.9,182.9,182.9,182.9,182.9,182.9,182.9
183.25,183.25,183.25,183.25,183.25,183.25,183.25,183.25,183.25,183.25,183.25,183.25,183.25,183.25,183.25,183.25,183.25,183.25,183.25,183.25,183.25,183.25,183.25,183.25,183.25,183.25,183.25,183.25,183.25
183.599999999999,183.599999999999,183.599999999999,183.599999999999,183.599999999999,183.599999999999,183.599999999999,183.599999999999,183.599999999999,183.599999999999,183.599999999999,183.599999999999,183.599999999999,183.599999999999,183.599999999999,183.599999999999,183.599999999999,183.599999999999,183.599999999999,183.599999999999,183.599999999999,183.599999999999,183.599999999999,183.599999999999,183.599999999999,183.599999999999,183.599999999999,183.599999999999,183.599999999999
183.95,183.95,183.95,183.95,183.95,183.95,183.95,183.95,183.95,183.95,183.95,183.95,183.95,183.95,183.95,183.95,183.95,183.95,183.95,183.95,183.95,183.95,183.95,183.95,183.95,183.95,183.95,183.95,183.95
184.3,184.3,184.3,184.3,184.3,184.3,184.3,184.3,184.3,184.3,184.3,184.3,184.3,184.3,184.3,184.3,184.3,184.3,184.3,184.3,184.3,184.3,184.3,184.3,184.3,184.3,184.3,184.3,184.3
184.65,184.65,184.65,184.65,184.65,184.65,184.65,184.65,184.65,184.65,184.65,184.65,184.65,184.65,184.65,184.65,184.65,184.65,184.65,184.65,184.65,184.65,184.65,184.65,184.65,184.65,184.65,184.65,184.65
185,185,185,185,185,185,185,185,185,185,185,185,185,185,185,185,185,185,185,185,185,185,185,185,185,185,185,185,185
185.349999999999,185.349999999999,185.349999999999,185.349999999999,185.349999999999,185.349999999999,185.349999999999,185.349999999999,185.349999999999,185.349999999999,185.349999999999,185.349999999999,185.349999999999,185.349999999999,185.349999999999,185.349999999999,185.349999999999,185.349999999999,185.349999999999,185.349999999999,185.349999999999,185.349999999999,185.349999999999,185.349999999999,185.349999999999,185.349999999999,185.349999999999,185.349999999999,185.349999999999
185.7,185.7,185.7,185.7,185.7,185.7,185.7,185.7,185.7,185.7,185.7,185.7,185.7,185.7,185.7,185.7,185.7,185.7,185.7,185.7,185.7,185.7,185.7,185.7,185.7,185.7,185.7,185.7,185.7
186.05,186.05,186.05,186.05,186.05,186.05,186.05,186.05,186.05,186.05,186.05,186.05,186.05,186.05,186.05,186.05,186.05,186.05,186.05,186.05,186.05,186.05,186.05,186.05,186.05,186.05,186.05,186.05,186.05
186.4,186.4,186.4,186.4,186.4,186.4,186.4,186.4,186.4,186.4,186.4,186.4,186.4,186.4,186.4,186.4,186.4,186.4,186.4,186.4,186.4,186.4,186.4,186.4,186.4,186.4,186.4,186.4,186.4
186.75,186.75,186.75,186.75,186.75,186.75,186.75,186.75,186.75,186.75,186.75,186.75,186.75,186.75,186.75,186.75,186.75,186.75,186.75,186.75,186.75,186.75,186.75,186.75,186.75,186.75,186.75,186.75,186.75
187.099999999999,187.099999999999,187.099999999999,187.099999999999,187.099999999999,187.099999999999,187.099999999999,187.099999999999,187.099999999999,187.099999999999,187.099999999999,187.099999999999,187.099999999999,187.099999999999,187.099999999999,187.099999999999,187.099999999999,187.099999999999,187.099999999999,187.099999999999,187.099999999999,187.099999999999,187.099999999999,187.099999999999,187.099999999999,187.099999999999,187.099999999999,187.099999999999,187.099999999999
187.45,187.45,187.45,187.45,187.45,187.45,187.45,187.45,187.45,187.45,187.45,187.45,187.45,187.45,187.45,187.45,187.45,187.45,187.45,187.45,187.45,187.45,187.45,187.45,187.45,187.45,187.45,187.45,187.45
187.799999999999,187.799999999999,187.799999999999,187.799999999999,187.799999999999,187.799999999999,187.799999999999,187.799999999999,187.799999999999,187.799999999999,187.799999999999,187.799999999999,187.799999999999,187.799999999999,187.799999999999,187.799999999999,187.799999999999,187.799999999999,187.799999999999,187.799999999999,187.799999999999,187.799999999999,187.799999999999,187.799999999999,187.799999999999,187.799999999999,187.799999999999,187.799999999999,187.799999999999
188.15,188.15,188.15,188.15,188.15,188.15,188.15,188.15,188.15,188.15,188.15,188.15,188.15,188.15,188.15,188.15,188.15,188.15,188.15,188.15,188.15,188.15,188.15,188.15,188.15,188.15,188.15,188.15,188.15
188.5,188.5,188.5,188.5,188.5,188.5,188.5,188.5,188.5,188.5,188.5,188.5,188.5,188.5,188.5,188.5,188.5,188.5,188.5,188.5,188.5,188.5,188.5,188.5,188.5,188.5,188.5,188.5,188.5
188.85,188.85,188.85,188.85,188.85,188.85,188.85,188.85,188.85,188.85,188.85,188.85,188.85,188.85,188.85,188.85,188.85,188.85,188.85,188.85,188.85,188.85,188.85,188.85,188.85,188.85,188.85,188.85,188.85
189.199999999999,189.199999999999,189.199999999999,189.199999999999,189.199999999999,189.199999999999,189.199999999999,189.199999999999,189.199999999999,189.199999999999,189.199999999999,189.199999999999,189.199999999999,189.199999999999,189.199999999999,189.199999999999,189.199999999999,189.199999999999,189.199999999999,189.199999999999,189.199999999999,189.199999999999,189.199999999999,189.199999999999,189.199999999999,189.199999999999,189.199999999999,189.199999999999,189.199999999999
189.549999999999,189.549999999999,189.549999999999,189.549999999999,189.549999999999,189.549999999999,189.549999999999,189.549999999999,189.549999999999,189.549999999999,189.549999999999,189.549999999999,189.549999999999,189.549999999999,189.549999999999,189.549999999999,189.549999999999,189.549999999999,189.549999999999,189.549999999999,189.549999999999,189.549999999999,189.549999999999,189.549999999999,189.549999999999,189.549999999999,189.549999999999,189.549999999999,189.549999999999
189.9,189.9,189.9,189.9,189.9,189.9,189.9,189.9,189.9,189.9,189.9,189.9,189.9,189.9,189.9,189.9,189.9,189.9,189.9,189.9,189.9,189.9,189.9,189.9,189.9,189.9,189.9,189.9,189.9
190.25,190.25,190.25,190.25,190.25,190.25,190.25,190.25,190.25,190.25,190.25,190.25,190.25,190.25,190.25,190.25,190.25,190.25,190.25,190.25,190.25,190.25,190.25,190.25,190.25,190.25,190.25,190.25,190.25
190.6,190.6,190.6,190.6,190.6,190.6,190.6,190.6,190.6,190.6,190.6,190.6,190.6,190.6,190.6,190.6,190.6,190.6,190.6,190.6,190.6,190.6,190.6,190.6,190.6,190.6,190.6,190.6,190.6
190.949999999999,190.949999999999,190.949999999999,190.949999999999,190.949999999999,190.949999999999,190.949999999999,190.949999999999,190.949999999999,190.949999999999,190.949999999999,190.949999999999,190.949999999999,190.949999999999,190.949999999999,190.949999999999,190.949999999999,190.949999999999,190.949999999999,190.949999999999,190.949999999999,190.949999999999,190.949999999999,190.949999999999,190.949999999999,190.949999999999,190.949999999999,190.949999999999,190.949999999999
191.299999999999,191.299999999999,191.299999999999,191.299999999999,191.299999999999,191.299999999999,191.299999999999,191.299999999999,191.299999999999,191.299999999999,191.299999999999,191.299999999999,191.299999999999,191.299999999999,191.299999999999,191.299999999999,191.299999999999,191.299999999999,191.299999999999,191.299999999999,191.299999999999,191.299999999999,191.299999999999,191.299999999999,191.299999999999,191.299999999999,191.299999999999,191.299999999999,191.299999999999
191.65,191.65,191.65,191.65,191.65,191.65,191.65,191.65,191.65,191.65,191.65,191.65,191.65,191.65,191.65,191.65,191.65,191.65,191.65,191.65,191.65,191.65,191.65,191.65,191.65,191.65,191.65,191.65,191.65
192,192,192,192,192,192,192,192,192,192,192,192,192,192,192,192,192,192,192,192,192,192,192,192,192,192,192,192,192
192.35,192.35,192.35,192.35,192.35,192.35,192.35,192.35,192.35,192.35,192.35,192.35,192.35,192.35,192.35,192.35,192.35,192.35,192.35,192.35,192.35,192.35,192.35,192.35,192.35,192.35,192.35,192.35,192.35
192.699999999999,192.699999999999,192.699999999999,192.699999999999,192.699999999999,192.699999999999,192.699999999999,192.699999999999,192.699999999999,192.699999999999,192.699999999999,192.699999999999,192.699999999999,192.699999999999,192.699999999999,192.699999999999,192.699999999999,192.699999999999,192.699999999999,192.699999999999,192.699999999999,192.699999999999,192.699999999999,192.699999999999,192.699999999999,192.699999999999,192.699999999999,192.699999999999,192.699999999999
193.049999999999,193.049999999999,193.049999999999,193.049999999999,193.049999999999,193.049999999999,193.049999999999,193.049999999999,193.049999999999,193.049999999999,193.049999999999,193.049999999999,193.049999999999,193.049999999999,193.049999999999,193.049999999999,193.049999999999,193.049999999999,193.049999999999,193.049999999999,193.049999999999,193.049999999999,193.049999999999,193.049999999999,193.049999999999,193.049999999999,193.049999999999,193.049999999999,193.049999999999
193.4,193.4,193.4,193.4,193.4,193.4,193.4,193.4,193.4,193.4,193.4,193.4,193.4,193.4,193.4,193.4,193.4,193.4,193.4,193.4,193.4,193.4,193.4,193.4,193.4,193.4,193.4,193.4,193.4
193.75,193.75,193.75,193.75,193.75,193.75,193.75,193.75,193.75,193.75,193.75,193.75,193.75,193.75,193.75,193.75,193.75,193.75,193.75,193.75,193.75,193.75,193.75,193.75,193.75,193.75,193.75,193.75,193.75
194.1,194.1,194.1,194.1,194.1,194.1,194.1,194.1,194.1,194.1,194.1,194.1,194.1,194.1,194.1,194.1,194.1,194.1,194.1,194.1,194.1,194.1,194.1,194.1,194.1,194.1,194.1,194.1,194.1
194.449999999999,194.449999999999,194.449999999999,194.449999999999,194.449999999999,194.449999999999,194.449999999999,194.449999999999,194.449999999999,194.449999999999,194.449999999999,194.449999999999,194.449999999999,194.449999999999,194.449999999999,194.449999999999,194.449999999999,194.449999999999,194.449999999999,194.449999999999,194.449999999999,194.449999999999,194.449999999999,194.449999999999,194.449999999999,194.449999999999,194.449999999999,194.449999999999,194.449999999999
194.799999999999,194.799999999999,194.799999999999,194.799999999999,194.799999999999,194.799999999999,194.799999999999,194.799999999999,194.799999999999,194.799999999999,194.799999999999,194.799999999999,194.799999999999,194.799999999999,194.799999999999,194.799999999999,194.799999999999,194.799999999999,194.799999999999,194.799999999999,194.799999999999,194.799999999999,194.799999999999,194.799999999999,194.799999999999,194.799999999999,194.799999999999,194.799999999999,194.799999999999
195.15,195.15,195.15,195.15,195.15,195.15,195.15,195.15,195.15,195.15,195.15,195.15,195.15,195.15,195.15,195.15,195.15,195.15,195.15,195.15,195.15,195.15,195.15,195.15,195.15,195.15,195.15,195.15,195.15
195.5,195.5,195.5,195.5,195.5,195.5,195.5,195.5,195.5,195.5,195.5,195.5,195.5,195.5,195.5,195.5,195.5,195.5,195.5,195.5,195.5,195.5,195.5,195.5,195.5,195.5,195.5,195.5,195.5
195.85,195.85,195.85,195.85,195.85,195.85,195.85,195.85,195.85,195.85,195.85,195.85,195.85,195.85,195.85,195.85,195.85,195.85,195.85,195.85,195.85,195.85,195.85,195.85,195.85,195.85,195.85,195.85,195.85
196.199999999999,196.199999999999,196.199999999999,196.199999999999,196.199999999999,196.199999999999,196.199999999999,196.199999999999,196.199999999999,196.199999999999,196.199999999999,196.199999999999,196.199999999999,196.199999999999,196.199999999999,196.199999999999,196.199999999999,196.199999999999,196.199999999999,196.199999999999,196.199999999999,196.199999999999,196.199999999999,196.199999999999,196.199999999999,196.199999999999,196.199999999999,196.199999999999,196.199999999999
196.549999999999,196.549999999999,196.549999999999,196.549999999999,196.549999999999,196.549999999999,196.549999999999,196.549999999999,196.549999999999,196.549999999999,196.549999999999,196.549999999999,196.549999999999,196.549999999999,196.549999999999,196.549999999999,196.549999999999,196.549999999999,196.549999999999,196.549999999999,196.549999999999,196.549999999999,196.549999999999,196.549999999999,196.549999999999,196.549999999999,196.549999999999,196.549999999999,196.549999999999
196.9,196.9,196.9,196.9,196.9,196.9,196.9,196.9,196.9,196.9,196.9,196.9,196.9,196.9,196.9,196.9,196.9,196.9,196.9,196.9,196.9,196.9,196.9,196.9,196.9,196.9,196.9,196.9,196.9
197.25,197.25,197.25,197.25,197.25,197.25,197.25,197.25,197.25,197.25,197.25,197.25,197.25,197.25,197.25,197.25,197.25,197.25,197.25,197.25,197.25,197.25,197.25,197.25,197.25,197.25,197.25,197.25,197.25
197.6,197.6,197.6,197.6,197.6,197.6,197.6,197.6,197.6,197.6,197.6,197.6,197.6,197.6,197.6,197.6,197.6,197.6,197.6,197.6,197.6,197.6,197.6,197.6,197.6,197.6,197.6,197.6,197.6
197.949999999999,197.949999999999,197.949999999999,197.949999999999,197.949999999999,197.949999999999,197.949999999999,197.949999999999,197.949999999999,197.949999999999,197.949999999999,197.949999999999,197.949999999999,197.949999999999,197.949999999999,197.949999999999,197.949999999999,197.949999999999,197.949999999999,197.949999999999,197.949999999999,197.949999999999,197.949999999999,197.949999999999,197.949999999999,197.949999999999,197.949999999999,197.949999999999,197.949999999999
198.299999999999,198.299999999999,198.299999999999,198.299999999999,198.299999999999,198.299999999999,198.299999999999,198.299999999999,198.299999999999,198.299999999999,198.299999999999,198.299999999999,198.299999999999,198.299999999999,198.299999999999,198.299999999999,198.299999999999,198.299999999999,198.299999999999,198.299999999999,198.299999999999,198.299999999999,198.299999999999,198.299999999999,198.299999999999,198.299999999999,198.299999999999,198.299999999999,198.299999999999
198.65,198.65,198.65,198.65,198.65,198.65,198.65,198.65,198.65,198.65,198.65,198.65,198.65,198.65,198.65,198.65,198.65,198.65,198.65,198.65,198.65,198.65,198.65,198.65,198.65,198.65,198.65,198.65,198.65
199,199,199,199,199,199,199,199,199,199,199,199,199,199,199,199,199,199,199,199,199,199,199,199,199,199,199,199,199
199.35,199.35,199.35,199.35,199.35,199.35,199.35,199.35,199.35,199.35,199.35,199.35,199.35,199.35,199.35,199.35,199.35,199.35,199.35,199.35,199.35,199.35,199.35,199.35,199.35,199.35,199.35,199.35,199.35
199.699999999999,199.699999999999,199.699999999999,199.699999999999,199.699999999999,199.699999999999,199.699999999999,199.699999999999,199.699999999999,199.699999999999,199.699999999999,199.699999999999,199.699999999999,199.699999999999,199.699999999999,199.699999999999,199.699999999999,199.699999999999,199.699999999999,199.699999999999,199.699999999999,199.699999999999,199.699999999999,199.699999999999,199.699999999999,199.699999999999,199.699999999999,199.699999999999,199.699999999999
200.049999999999,200.049999999999,200.049999999999,200.049999999999,200.049999999999,200.049999999999,200.049999999999,200.049999999999,200.049999999999,200.049999999999,200.049999999999,200.049999999999,200.049999999999,200.049999999999,200.049999999999,200.049999999999,200.049999999999,200.049999999999,200.049999999999,200.049999999999,200.049999999999,200.049999999999,200.049999999999,200.049999999999,200.049999999999,200.049999999999,200.049999999999,200.049999999999,200.049999999999
200.4,200.4,200.4,200.4,200.4,200.4,200.4,200.4,200.4,200.4,200.4,200.4,200.4,200.4,200.4,200.4,200.4,200.4,200.4,200.4,200.4,200.4,200.4,200.4,200.4,200.4,200.4,200.4,200.4
200.75,200.75,200.75,200.75,200.75,200.75,200.75,200.75,200.75,200.75,200.75,200.75,200.75,200.75,200.75,200.75,200.75,200.75,200.75,200.75,200.75,200.75,200.75,200.75,200.75,200.75,200.75,200.75,200.75
201.1,201.1,201.1,201.1,201.1,201.1,201.1,201.1,201.1,201.1,201.1,201.1,201.1,201.1,201.1,201.1,201.1,201.1,201.1,201.1,201.1,201.1,201.1,201.1,201.1,201.1,201.1,201.1,201.1
201.449999999999,201.449999999999,201.449999999999,201.449999999999,201.449999999999,201.449999999999,201.449999999999,201.449999999999,201.449999999999,201.449999999999,201.449999999999,201.449999999999,201.449999999999,201.449999999999,201.449999999999,201.449999999999,201.449999999999,201.449999999999,201.449999999999,201.449999999999,201.449999999999,201.449999999999,201.449999999999,201.449999999999,201.449999999999,201.449999999999,201.449999999999,201.449999999999,201.449999999999
201.799999999999,201.799999999999,201.799999999999,201.799999999999,201.799999999999,201.799999999999,201.799999999999,201.799999999999,201.799999999999,201.799999999999,201.799999999999,201.799999999999,201.799999999999,201.799999999999,201.799999999999,201.799999999999,201.799999999999,201.799999999999,201.799999999999,201.799999999999,201.799999999999,201.799999999999,201.799999999999,201.799999999999,201.799999999999,201.799999999999,201.799999999999,201.799999999999,201.799999999999
202.15,202.15,202.15,202.15,202.15,202.15,202.15,202.15,202.15,202.15,202.15,202.15,202.15,202.15,202.15,202.15,202.15,202.15,202.15,202.15,202.15,202.15,202.15,202.15,202.15,202.15,202.15,202.15,202.15
202.5,202.5,202.5,202.5,202.5,202.5,202.5,202.5,202.5,202.5,202.5,202.5,202.5,202.5,202.5,202.5,202.5,202.5,202.5,202.5,202.5,202.5,202.5,202.5,202.5,202.5,202.5,202.5,202.5
202.85,202.85,202.85,202.85,202.85,202.85,202.85,202.85,202.85,202.85,202.85,202.85,202.85,202.85,202.85,202.85,202.85,202.85,202.85,202.85,202.85,202.85,202.85,202.85,202.85,202.85,202.85,202.85,202.85
203.199999999999,203.199999999999,203.199999999999,203.199999999999,203.199999999999,203.199999999999,203.199999999999,203.199999999999,203.199999999999,203.199999999999,203.199999999999,203.199999999999,203.199999999999,203.199999999999,203.199999999999,203.199999999999,203.199999999999,203.199999999999,203.199999999999,203.199999999999,203.199999999999,203.199999999999,203.199999999999,203.199999999999,203.199999999999,203.199999999999,203.199999999999,203.199999999999,203.199999999999
203.549999999999,203.549999999999,203.549999999999,203.549999999999,203.549999999999,203.549999999999,203.549999999999,203.549999999999,203.549999999999,203.549999999999,203.549999999999,203.549999999999,203.549999999999,203.549999999999,203.549999999999,203.549999999999,203.549999999999,203.549999999999,203.549999999999,203.549999999999,203.549999999999,203.549999999999,203.549999999999,203.549999999999,203.549999999999,203.549999999999,203.549999999999,203.549999999999,203.549999999999
203.9,203.9,203.9,203.9,203.9,203.9,203.9,203.9,203.9,203.9,203.9,203.9,203.9,203.9,203.9,203.9,203.9,203.9,203.9,203.9,203.9,203.9,203.9,203.9,203.9,203.9,203.9,203.9,203.9
204.25,204.25,204.25,204.25,204.25,204.25,204.25,204.25,204.25,204.25,204.25,204.25,204.25,204.25,204.25,204.25,204.25,204.25,204.25,204.25,204.25,204.25,204.25,204.25,204.25,204.25,204.25,204.25,204.25
204.599999999999,204.599999999999,204.599999999999,204.599999999999,204.599999999999,204.599999999999,204.599999999999,204.599999999999,204.599999999999,204.599999999999,204.599999999999,204.599999999999,204.599999999999,204.599999999999,204.599999999999,204.599999999999,204.599999999999,204.599999999999,204.599999999999,204.599999999999,204.599999999999,204.599999999999,204.599999999999,204.599999999999,204.599999999999,204.599999999999,204.599999999999,204.599999999999,204.599999999999
204.950000000001,204.950000000001,204.950000000001,204.950000000001,204.950000000001,204.950000000001,204.950000000001,204.950000000001,204.950000000001,204.950000000001,204.950000000001,204.950000000001,204.950000000001,204.950000000001,204.950000000001,204.950000000001,204.950000000001,204.950000000001,204.950000000001,204.950000000001,204.950000000001,204.950000000001,204.950000000001,204.950000000001,204.950000000001,204.950000000001,204.950000000001,204.950000000001,204.950000000001
205.299999999999,205.299999999999,205.299999999999,205.299999999999,205.299999999999,205.299999999999,205.299999999999,205.299999999999,205.299999999999,205.299999999999,205.299999999999,205.299999999999,205.299999999999,205.299999999999,205.299999999999,205.299999999999,205.299999999999,205.299999999999,205.299999999999,205.299999999999,205.299999999999,205.299999999999,205.299999999999,205.299999999999,205.299999999999,205.299999999999,205.299999999999,205.299999999999,205.299999999999
205.649999999998,205.649999999998,205.649999999998,205.649999999998,205.649999999998,205.649999999998,205.649999999998,205.649999999998,205.649999999998,205.649999999998,205.649999999998,205.649999999998,205.649999999998,205.649999999998,205.649999999998,205.649999999998,205.649999999998,205.649999999998,205.649999999998,205.649999999998,205.649999999998,205.649999999998,205.649999999998,205.649999999998,205.649999999998,205.649999999998,205.649999999998,205.649999999998,205.649999999998
206,206,206,206,206,206,206,206,206,206,206,206,206,206,206,206,206,206,206,206,206,206,206,206,206,206,206,206,206
206.349999999999,206.349999999999,206.349999999999,206.349999999999,206.349999999999,206.349999999999,206.349999999999,206.349999999999,206.349999999999,206.349999999999,206.349999999999,206.349999999999,206.349999999999,206.349999999999,206.349999999999,206.349999999999,206.349999999999,206.349999999999,206.349999999999,206.349999999999,206.349999999999,206.349999999999,206.349999999999,206.349999999999,206.349999999999,206.349999999999,206.349999999999,206.349999999999,206.349999999999
206.700000000001,206.700000000001,206.700000000001,206.700000000001,206.700000000001,206.700000000001,206.700000000001,206.700000000001,206.700000000001,206.700000000001,206.700000000001,206.700000000001,206.700000000001,206.700000000001,206.700000000001,206.700000000001,206.700000000001,206.700000000001,206.700000000001,206.700000000001,206.700000000001,206.700000000001,206.700000000001,206.700000000001,206.700000000001,206.700000000001,206.700000000001,206.700000000001,206.700000000001
207.049999999999,207.049999999999,207.049999999999,207.049999999999,207.049999999999,207.049999999999,207.049999999999,207.049999999999,207.049999999999,207.049999999999,207.049999999999,207.049999999999,207.049999999999,207.049999999999,207.049999999999,207.049999999999,207.049999999999,207.049999999999,207.049999999999,207.049999999999,207.049999999999,207.049999999999,207.049999999999,207.049999999999,207.049999999999,207.049999999999,207.049999999999,207.049999999999,207.049999999999
207.399999999998,207.399999999998,207.399999999998,207.399999999998,207.399999999998,207.399999999998,207.399999999998,207.399999999998,207.399999999998,207.399999999998,207.399999999998,207.399999999998,207.399999999998,207.399999999998,207.399999999998,207.399999999998,207.399999999998,207.399999999998,207.399999999998,207.399999999998,207.399999999998,207.399999999998,207.399999999998,207.399999999998,207.399999999998,207.399999999998,207.399999999998,207.399999999998,207.399999999998
207.75,207.75,207.75,207.75,207.75,207.75,207.75,207.75,207.75,207.75,207.75,207.75,207.75,207.75,207.75,207.75,207.75,207.75,207.75,207.75,207.75,207.75,207.75,207.75,207.75,207.75,207.75,207.75,207.75
208.099999999999,208.099999999999,208.099999999999,208.099999999999,208.099999999999,208.099999999999,208.099999999999,208.099999999999,208.099999999999,208.099999999999,208.099999999999,208.099999999999,208.099999999999,208.099999999999,208.099999999999,208.099999999999,208.099999999999,208.099999999999,208.099999999999,208.099999999999,208.099999999999,208.099999999999,208.099999999999,208.099999999999,208.099999999999,208.099999999999,208.099999999999,208.099999999999,208.099999999999
208.450000000001,208.450000000001,208.450000000001,208.450000000001,208.450000000001,208.450000000001,208.450000000001,208.450000000001,208.450000000001,208.450000000001,208.450000000001,208.450000000001,208.450000000001,208.450000000001,208.450000000001,208.450000000001,208.450000000001,208.450000000001,208.450000000001,208.450000000001,208.450000000001,208.450000000001,208.450000000001,208.450000000001,208.450000000001,208.450000000001,208.450000000001,208.450000000001,208.450000000001
208.799999999999,208.799999999999,208.799999999999,208.799999999999,208.799999999999,208.799999999999,208.799999999999,208.799999999999,208.799999999999,208.799999999999,208.799999999999,208.799999999999,208.799999999999,208.799999999999,208.799999999999,208.799999999999,208.799999999999,208.799999999999,208.799999999999,208.799999999999,208.799999999999,208.799999999999,208.799999999999,208.799999999999,208.799999999999,208.799999999999,208.799999999999,208.799999999999,208.799999999999
209.149999999998,209.149999999998,209.149999999998,209.149999999998,209.149999999998,209.149999999998,209.149999999998,209.149999999998,209.149999999998,209.149999999998,209.149999999998,209.149999999998,209.149999999998,209.149999999998,209.149999999998,209.149999999998,209.149999999998,209.149999999998,209.149999999998,209.149999999998,209.149999999998,209.149999999998,209.149999999998,209.149999999998,209.149999999998,209.149999999998,209.149999999998,209.149999999998,209.149999999998
209.5,209.5,209.5,209.5,209.5,209.5,209.5,209.5,209.5,209.5,209.5,209.5,209.5,209.5,209.5,209.5,209.5,209.5,209.5,209.5,209.5,209.5,209.5,209.5,209.5,209.5,209.5,209.5,209.5
