12064,11726,11380,11029,10697,10351,10017,9670.9,9322.5,8989.1,8643.3,8295.3,8007.5,7720,7439.4,7157.1,6887.4,6573.6,6321.3,6234.3,6155.1,5968.2,5691.3,5414.3,5125.8,4851.7,4575,4286.9,4007.8
12119,11781,11434,11089,10751,10405,10070,9724.1,9381,9042.4,8696.5,8353.9,8049.6,7767.4,7486.2,7204.5,6929.1,6620.5,6362.9,6275.5,6196.8,6009.4,5732.5,5455.5,5172.2,4892.5,4615.8,4332.8,4053.7
12173,11836,11489,11148,10805,10459,10123,9777.3,9439.6,9095.6,8749.7,8412.4,8091.8,7814.2,7533.1,7251.9,6970.9,6667.4,6404.6,6316.8,6238.5,6050.7,5773.7,5496.8,5218.6,4933.3,4656.6,4378.7,4099.6
12231,11891,11543,11207,10860,10517,10176,9830.5,9494.7,9148.8,8802.9,8467.8,8133.9,7856.4,7578,7299.3,7017.8,6712.7,6446.3,6358,6280.1,6096.3,5815.6,5538,5261.1,4974.6,4697.4,4421.1,4144.9
12291,11945,11598,11261,10917,10576,10230,9886.4,9547.9,9202,8857.8,8520.5,8180.5,7899.5,7620.1,7342.2,7064.2,6754.3,6488,6401.9,6321.7,6143.2,5862,5581.7,5302.3,5021,4740.7,4462.3,4185.7
12348,12000,11658,11315,10976,10631,10286,9945.6,9601.6,9255.8,8916.3,8573.5,8227.9,7946.9,7665,7383.9,7106.3,6798,6529.6,6448.8,6362.9,6185.2,5907.5,5628,5347.7,5066.6,4787.1,4507.3,4227.3
12403,12060,11717,11370,11032,10685,10345,10002,9655.4,9314.3,8972.6,8626.7,8285.9,7992.7,7712.4,7430.4,7149.4,6844.9,6575.2,6492.8,6406.1,6226.5,5949.2,5671.7,5394.1,5107.8,4830.7,4553.2,4273.2
12458,12120,11772,11428,11086,10739,10402,10055,9713.5,9371.8,9025.8,8683.9,8344.1,8034.8,7756.5,7477.8,7196.3,6889.4,6622.1,6534.5,6453,6272.8,5992.1,5713,5436,5150.2,4871.5,4594.8,4318.1
12513,12174,11829,11487,11141,10794,10456,10113,9771.9,9425.6,9081.9,8742.5,8397.3,8079.1,7798.6,7520.2,7241.8,6931,6669,6579.4,6499.8,6319.7,6038.5,5757.5,5477.2,5196.6,4915.3,4635.6,4358.9
12574,12229,11889,11543,11196,10854,10510,10172,9825.7,9481.4,9140.5,8796.4,8451.5,8126.5,7844.5,7562.6,7283.9,6975.5,6715.9,6626.3,6546.7,6361.4,6083.3,5804.4,5523.3,5242.8,4961.7,4681.4,4401
12633,12284,11946,11597,11256,10912,10564,10227,9880.5,9540.6,9195.9,8849.6,8509.4,8174.1,7891.9,7610,7327.9,7022.4,6758,6673.2,6591,6403.5,6125,5847.5,5569.7,5288.7,5008.1,4727.8,4446.9
12688,12342,12001,11657,11314,10966,10622,10281,9939.6,9596.8,9249.7,8908.1,8565.9,8222,7939.3,7657.4,7374.7,7069.6,6799.7,6720.1,6632.6,6449.8,6168.6,5888.7,5610.9,5333.1,5054.5,4773.7,4492.8
12745,12402,12060,11716,11368,11024,10682,10341,9997.1,9650,9307.3,8966.1,8619.1,8276.6,7986.7,7704.8,7422.1,7117,6846.5,6762.8,6677.4,6496.4,6215,5933.7,5652.4,5374.4,5097.1,4819.6,4538.7
12806,12463,12121,11771,11425,11084,10741,10399,10051,9706.9,9365.9,9019.3,8674.8,8335.1,8029.6,7750.8,7470,7160.6,6893.4,6804.5,6724.2,6543.8,6261.6,5980.1,5698.8,5417.6,5138,4860.9,4583.1
12867,12523,12176,11828,11485,11143,10801,10453,10108,9766.1,9420,9073.9,8734,8393.7,8072.5,7792.9,7514.5,7202.7,6940.8,6851.1,6771.5,6589.8,6308.5,6026.9,5745.3,5464,5182.7,4902.4,4624.3
12928,12579,12232,11888,11545,11203,10855,10509,10167,9825.3,9474.2,9133.1,8792.8,8452.2,8120.4,7837.1,7556.6,7249.2,6987.3,6898.5,6818.8,6631.5,6355.6,6073.8,5792.2,5510.6,5229.1,4948.3,4667.3
12985,12635,12292,11949,11606,11258,10910,10569,10227,9884.5,9533.4,9192,8851.4,8506.1,8169.1,7885,7602.4,7296.6,7029.4,6945.4,6861.9,6674.8,6403,6120.6,5839,5557.4,5275.5,4994.2,4713.2
13040,12696,12353,12009,11662,11313,10970,10628,10286,9938.8,9592.6,9250.6,8906.3,8559.4,8221.7,7932.6,7649.7,7343.9,7072.8,6992.3,6903.5,6721.7,6446.7,6167.5,5885.9,5604.1,5321.9,5040.6,4759.3
13101,12757,12413,12066,11716,11373,11030,10687,10341,9992.9,9651.8,9309.5,8959.5,8617.8,8276,7980,7697.1,7391.3,7119.7,7039.7,6950,6768.7,6488.4,6209.5,5932.7,5650.5,5368.6,5087,4805.7
13162,12818,12474,12121,11776,11433,11090,10747,10395,10053,9711,9368.6,9017.5,8676.4,8334.5,8027.7,7744.5,7438.7,7166.8,7087.1,6997.4,6816.1,6533.8,6251.3,5979.1,5697.1,5415.5,5133.4,4852.1
13224,12879,12534,12181,11837,11493,11150,10807,10454,10112,9770.1,9424.4,9076.7,8734.9,8393.1,8075.6,7792.4,7486.1,7214.2,7134.5,7044.8,6863.5,6580.7,6298.2,6023.9,5744,5462,5179.8,4898.5
13285,12940,12591,12242,11897,11554,11211,10863,10514,10172,9829.3,9478.2,9135.3,8793.5,8451.6,8123.5,7840.3,7533.5,7261.5,7181.9,7092.2,6910.9,6627.6,6345,6065.5,5790.6,5508.4,5226.1,4944.9
13347,13002,12647,12302,11958,11614,11271,10917,10574,10231,9888.5,9536.2,9193.9,8852,8510.2,8171.4,7887.6,7580.9,7308.9,7229.3,7139,6958,6674.5,6391.9,6109.4,5837,5554.7,5272.5,4991.3
13408,13063,12708,12363,12018,11674,11330,10976,10634,10291,9947.7,9595.4,9253.1,8910.8,8568.7,8223.7,7935.1,7628.2,7356.3,7276.6,7186,7004.9,6721.8,6438.8,6156.2,5883.7,5601.1,5318.9,5037.7
13469,13124,12769,12423,12079,11734,11390,11036,10694,10350,10007,9654.6,9312.3,8970,8627.7,8276.9,7983,7675.6,7403.7,7324,7233.4,7052.1,6769.2,6485.7,6203.1,5930.6,5648,5365.5,5084
13531,13185,12829,12484,12139,11795,11450,11097,10753,10410,10067,9714.1,9371.5,9028.8,8686.8,8334.6,8030.8,7723,7451.1,7371.4,7280.8,7099.5,6816.1,6532.7,6250,5977.5,5694.9,5412.3,5130.1
13593,13246,12892,12545,12200,11855,11511,11159,10813,10469,10126,9778.7,9430.4,9087.4,8745.5,8392.5,8078.1,7770.6,7498.5,7418.8,7328.1,7146.9,6863,6580.1,6299.9,6024.3,5741.2,5459,5176
13654,13308,12959,12606,12261,11916,11571,11224,10873,10529,10186,9842.1,9489,9146.3,8804.1,8451,8125.7,7818.5,7545.9,7466.2,7375.5,7194.2,6910.4,6629.2,6352,6070.8,5787.7,5505.4,5222.3
13715,13370,13023,12668,12322,11976,11632,11287,10933,10589,10245,9901.3,9550.3,9205.5,8862.6,8510.6,8173.6,7866.1,7593.2,7513.6,7422.9,7241.6,6958.5,6681.3,6400.7,6117.2,5834.6,5551.8,5268.6
13777,13431,13085,12733,12383,12037,11692,11348,10997,10649,10305,9960.8,9614.9,9264.7,8921.2,8575.1,8226.3,7913.5,7641.1,7560.9,7472.6,7289,7010.6,6731,6447.5,6164,5881.3,5598.2,5315.4
13839,13492,13146,12800,12449,12100,11753,11408,11062,10714,10365,10021,9676.6,9323.9,8980.4,8637.9,8284.8,7961.3,7689,7608.3,7525.2,7341.6,7061.6,6777.9,6494.4,6210.9,5927.7,5644.8,5362.3
13901,13554,13207,12861,12515,12166,11813,11468,11123,10778,10424,10080,9736.4,9387.3,9039.5,8696.4,8346.4,8009.2,7741.5,7655.7,7575.3,7393.8,7108.9,6825.1,6541.3,6257.8,5974.3,5691.7,5413.1
13967,13616,13269,12922,12576,12230,11874,11528,11184,10838,10486,10139,9795.8,9451.1,9098,8755,8410.3,8057.1,7793.8,7703.1,7623.2,7441.2,7156.3,6872.5,6588.2,6304.7,6021.2,5741.4,5464.6
14036,13683,13331,12984,12637,12290,11938,11589,11243,10898,10551,10202,9855,9510.2,9158.2,8813.5,8470.5,8105,7841.7,7755.5,7670.8,7488.6,7203.7,6919.5,6635.1,6351.5,6070,5793,5511.5
14098,13750,13398,13047,12699,12351,12004,11654,11305,10958,10613,10268,9919.1,9570.4,9222.8,8875.3,8529,8157.1,7889.5,7808.7,7718.2,7535.9,7251.1,6966.4,6687.1,6399.4,6122.1,5841.1,5557.9
14160,13812,13464,13114,12763,12412,12066,11720,11371,11021,10673,10329,9983.4,9635.7,9285.1,8939.9,8591.9,8209.8,7936.9,7856.2,7769.5,7584.8,7298.5,7017.4,6739.8,6451.5,6171.8,5887.5,5604.3
14223,13876,13526,13178,12830,12478,12128,11780,11434,11087,10737,10388,10043,9699,9344.3,9000.3,8655.7,8273.6,7986,7903.7,7822.2,7637.5,7348.7,7070,6786.7,6502.2,6218.7,5934.2,5650.8
14287,13943,13591,13240,12892,12545,12194,11843,11495,11149,10803,10453,10104,9758.2,9406.5,9058.9,8715.2,8336.8,8039.2,7951.6,7870.8,7688.1,7401.4,7118.4,6834,6549.1,6268.4,5981.1,5702.3
14355,14008,13659,13306,12954,12606,12260,11910,11559,11209,10863,10517,10169,9819.9,9471.1,9122.3,8774.8,8395.4,8090.2,8000.5,7918.7,7735.5,7450.6,7165.8,6886.6,6597.9,6320.5,6032.2,5753.5
14423,14071,13721,13374,13020,12669,12327,11976,11625,11273,10924,10578,10232,9884.5,9535.7,9186.9,8838.6,8455.3,8138.1,8053.7,7971.8,7785.7,7498,7218,6938.3,6650.6,6369,6084.3,5800.4
14491,14137,13784,13441,13087,12735,12391,12042,11691,11339,10989,10639,10291,9946.2,9600.2,9251.4,8902.7,8519.9,8191.5,8106.8,8024.4,7838.9,7549.3,7270.6,6985.1,6700.7,6415.4,6135.9,5848
14554,14205,13851,13507,13155,12802,12452,12104,11757,11405,11054,10705,10354,10006,9660.2,9315.5,8967.2,8584.2,8249.4,8159.4,8071.8,7888.6,7602,7318,7033.5,6747.6,6466.1,6187.4,5899.5
14618,14273,13919,13569,13220,12869,12517,12166,11817,11471,11120,10770,10419,10069,9719.4,9374.7,9029.8,8648.1,8311.1,8214.5,8120.4,7936,7654.6,7365.9,7086.2,6797.2,6518.7,6234.5,5951.2
14687,14340,13987,13634,13282,12936,12584,12231,11879,11538,11186,10835,10485,10134,9784.6,9435.1,9088.3,8709.3,8375,8273.1,8173.6,7987.5,7707.3,7418.6,7136.9,6849.2,6570.9,6281.6,6003.3
14756,14402,14056,13701,13348,13004,12651,12297,11946,11602,11252,10901,10550,10199,9849.8,9499.7,9149.6,8767.8,8439.4,8334.5,8230.2,8040.7,7755.4,7471.2,7184.3,6901.7,6623,6333.7,6053.7
14824,14468,14124,13769,13415,13071,12717,12364,12012,11662,11318,10966,10615,10265,9914.4,9564.3,9214.2,8830.1,8504,8398.4,8294,8093.9,7803.7,7523.9,7233.8,6954.3,6670.6,6385.8,6100.1
14893,14537,14192,13836,13483,13137,12784,12431,12078,11726,11384,11032,10681,10330,9979.2,9628.9,9278.7,8894.7,8567.9,8462.2,8357.9,8147.2,7856.3,7576.5,7285.9,7006.6,6717.5,6437.9,6148.5
14962,14606,14259,13905,13550,13205,12851,12498,12145,11792,11450,11098,10746,10395,10044,9693.4,9343.3,8958.7,8631.8,8526.1,8421.8,8205.4,7909.1,7629.2,7338.3,7058.7,6769.3,6489.9,6200.6
15030,14675,14327,13973,13618,13272,12919,12565,12211,11862,11516,11164,10811,10460,10109,9758,9407.9,9022.6,8695.6,8590.5,8485.6,8264.3,7962.3,7681.8,7391,7111.2,6821.4,6542,6252.7
15099,14743,14396,14040,13685,13340,12986,12631,12278,11934,11582,11230,10877,10526,10174,9823,9472.5,9091.8,8759.6,8655.1,8549.5,8328.2,8015.5,7734.5,7443.6,7163.8,6874.1,6594.1,6304.8
15168,14813,14465,14108,13753,13408,13053,12699,12345,12001,11648,11296,10943,10591,10239,9888.3,9541.8,9161.6,8824.2,8719,8613.8,8392.1,8068.7,7787.4,7496.3,7216.5,6926.6,6646.2,6356.9
15237,14888,14534,14177,13824,13475,13120,12766,12417,12067,11714,11362,11008,10659,10304,9957.4,9611.6,9226.2,8888.5,8783.2,8678.4,8455.9,8121.7,7840.7,7549.4,7269.1,6978.7,6698.3,6408.9
15306,14959,14602,14249,13898,13543,13187,12838,12488,12134,11781,11428,11077,10730,10374,10027,9676.2,9290.8,8952.4,8853.1,8746.8,8519.8,8174.4,7893.5,7602.6,7321.8,7030.9,6750.4,6461
15380,15028,14671,14323,13967,13612,13260,12910,12555,12201,11847,11497,11148,10797,10444,10093,9740.8,9355.3,9018.8,8921.9,8816,8583.7,8232.8,7946.2,7655.3,7374.4,7083.6,6802.7,6513.1
15456,15097,14740,14392,14036,13679,13333,12977,12622,12267,11917,11568,11216,10863,10510,10158,9806.1,9421.6,9088.7,8985.8,8880.1,8649.8,8296.7,7999.2,7708,7427.1,7136.1,6855.4,6565.2
15525,15166,14814,14461,14104,13748,13400,13045,12690,12337,11988,11636,11282,10929,10576,10223,9873,9491.5,9155.7,9049.9,8944,8719,8363.9,8052.5,7760.6,7479.7,7188.2,6907.7,6617.3
15596,15242,14887,14530,14174,13822,13468,13112,12760,12409,12056,11702,11348,10994,10647,10290,9942.9,9559.1,9220.3,9114.4,9008.6,8785.6,8433.1,8105.2,7813.6,7532.4,7240.5,6959.8,6669.4
15671,15315,14956,14601,14248,13893,13536,13183,12832,12478,12123,11774,11414,11066,10717,10361,10011,9623.6,9288.6,9181.4,9074.3,8850.2,8498.3,8157.8,7872.2,7585,7293.1,7011.9,6721.5
15744,15385,15028,14675,14319,13961,13608,13256,12901,12544,12195,11845,11486,11136,10783,10432,10076,9691.4,9358.5,9251.4,9144.2,8918,8562.1,8221.3,7929.6,7637.7,7348.3,7064,6777.9
15814,15458,15103,14746,14387,14033,13681,13325,12969,12617,12267,11911,11557,11202,10850,10502,10145,9761.3,9424,9318.1,9214.2,8987.2,8631.3,8285.1,7982.3,7692.4,7406.3,7116.5,6835.2
15889,15534,15173,14814,14460,14107,13755,13393,13042,12690,12333,11979,11629,11271,10921,10570,10215,9827.9,9488.5,9382.7,9284.1,9052.6,8701.3,8349,8035.1,7750.3,7461.1,7169.1,6887.8
15964,15603,15243,14889,14534,14181,13828,13466,13115,12763,12402,12051,11698,11342,10992,10635,10286,9893.1,9558.4,9451.2,9351.5,9117.2,8770.4,8413.9,8088.3,7805.6,7513.7,7226,6939.8
16034,15674,15319,14963,14609,14254,13896,13539,13188,12833,12474,12124,11765,11414,11064,10705,10357,9962.6,9628.3,9521.2,9416,9186.9,8839,8483.1,8143.7,7858.3,7570,7283.9,6992.5
16106,15749,15394,15038,14684,14323,13967,13613,13261,12901,12547,12196,11835,11485,11131,10777,10422,10033,9698.3,9591.1,9484,9256.8,8903.6,8552.5,8202.2,7911.3,7627.9,7337.1,7045.6
16182,15825,15469,15114,14759,14394,14041,13687,13334,12971,12619,12268,11908,11557,11197,10848,10488,10103,9768.4,9661.1,9553.9,9326.8,8969.4,8622.5,8266.4,7964.5,7681.7,7389.7,7102.9
16258,15901,15544,15189,14834,14468,14115,13760,13407,13045,12692,12341,11979,11628,11268,10918,10559,10174,9839.1,9731,9623.9,9396.7,9038.6,8692.1,8335.6,8021.5,7734.3,7447,7160.3
16335,15977,15620,15265,14909,14543,14189,13834,13481,13118,12765,12413,12051,11700,11340,10990,10630,10245,9909.5,9801.1,9693.8,9466.7,9108.1,8761.3,8404.8,8080.1,7791.7,7504.4,7218.2
16411,16054,15696,15339,14984,14618,14263,13908,13554,13191,12838,12485,12123,11773,11411,11061,10700,10315,9979.5,9871.8,9764.5,9536.6,9178.1,8830.5,8474,8138.1,7849.6,7562.3,7274.5
16488,16130,15772,15415,15059,14693,14337,13982,13628,13264,12911,12558,12196,11844,11483,11133,10772,10386,10050,9942.3,9835.2,9606.6,9248,8899.7,8543.1,8196,7902.8,7619.4,7326.6
16565,16206,15848,15491,15133,14769,14411,14056,13702,13337,12985,12630,12268,11916,11554,11204,10843,10457,10121,10012,9905.1,9676.5,9318,8969.4,8612.3,8264.4,7956.6,7672.6,7380.8
16642,16283,15924,15566,15209,14850,14485,14130,13775,13410,13058,12703,12340,11988,11629,11275,10918,10528,10191,10083,9976.4,9746.5,9391.6,9039.3,8681.5,8333.6,8014.5,7727.2,7438.7
16718,16359,16000,15641,15284,14927,14560,14204,13849,13487,13131,12777,12413,12061,11707,11347,10995,10599,10262,10153,10053,9816.9,9466.9,9109.3,8750.8,8402.8,8072.6,7785.1,7496.6
16800,16435,16076,15717,15360,15002,14639,14279,13923,13566,13207,12850,12489,12133,11780,11419,11067,10670,10333,10227,10127,9887.7,9537.8,9179.2,8825.3,8472,8131.1,7843,7554.5
16882,16517,16152,15798,15435,15077,14719,14358,13997,13642,13286,12923,12568,12210,11852,11495,11138,10746,10404,10304,10197,9962.2,9607.8,9254.5,8899.2,8541.2,8193.2,7900.9,7612.4
16959,16598,16235,15880,15516,15152,14795,14437,14076,13716,13360,12996,12641,12287,11924,11572,11209,10822,10480,10375,10268,10038,9677.7,9329.1,8969.1,8611.9,8262.4,7959.2,7670.4
17040,16676,16316,15956,15596,15234,14870,14512,14155,13795,13434,13075,12714,12360,11997,11644,11282,10894,10555,10446,10339,10108,9748.3,9399.1,9040.6,8686.4,8331.6,8017.7,7728.3
17123,16756,16392,16031,15672,15313,14951,14589,14230,13873,13508,13152,12793,12433,12075,11716,11359,10966,10626,10522,10413,10180,9824.5,9470.5,9115.9,8759,8400.8,8075.9,7786.2
17202,16839,16473,16107,15750,15388,15030,14669,14307,13947,13583,13226,12870,12512,12151,11794,11436,11042,10699,10598,10490,10256,9900.4,9545.8,9188.7,8829,8473.1,8133.8,7844.6
17279,16917,16555,16188,15832,15467,15104,14747,14386,14023,13662,13301,12943,12588,12223,11870,11514,11117,10776,10669,10561,10331,9975.8,9618.9,9257.9,8901.5,8547.6,8199.8,7903.1
17364,16996,16638,16270,15910,15549,15184,14822,14463,14104,13741,13380,13019,12661,12299,11942,11588,11188,10852,10742,10632,10401,10049,9688.9,9330.3,8976,8622.1,8269,7961.1
17445,17078,16719,16353,15987,15625,15265,14901,14538,14180,13821,13459,13098,12737,12376,12018,11660,11263,10929,10818,10708,10475,10120,9761.8,9405.7,9051.1,8696.6,8338.2,8019
17523,17161,16796,16436,16069,15702,15347,14982,14618,14254,13900,13539,13177,12816,12455,12096,11736,11340,11005,10895,10784,10551,10194,9837.2,9481,9126.4,8766.7,8407.4,8082.8
17605,17245,16876,16518,16151,15784,15429,15063,14698,14334,13980,13618,13255,12895,12534,12174,11814,11417,11082,10972,10861,10627,10270,9913.1,9556.3,9201.7,8835.9,8481.7,8146.6
17689,17328,16960,16600,16233,15865,15510,15143,14779,14415,14054,13697,13335,12973,12612,12252,11891,11494,11155,11049,10939,10704,10346,9989.2,9632.3,9277,8910.9,8556.2,8209.8
17773,17412,17043,16683,16316,15948,15592,15225,14860,14494,14130,13776,13414,13053,12690,12330,11968,11572,11226,11126,11016,10781,10422,10065,9708.5,9353.1,8986.2,8630.7,8275.3
17859,17496,17127,16767,16398,16030,15673,15307,14941,14575,14210,13856,13493,13131,12768,12408,12046,11649,11303,11202,11092,10857,10498,10142,9784.6,9427.6,9060.7,8705.2,8349.8
17943,17581,17211,16850,16480,16112,15755,15388,15020,14656,14294,13936,13573,13210,12848,12485,12124,11726,11382,11280,11168,10935,10575,10218,9859.3,9502.4,9136.3,8779.7,8424.3
18028,17665,17294,16934,16564,16194,15837,15470,15102,14735,14379,14015,13652,13288,12926,12563,12202,11804,11465,11358,11244,11011,10652,10292,9935.5,9578.2,9216.6,8854.8,8498.8
18113,17750,17378,17017,16647,16278,15918,15552,15183,14817,14462,14097,13732,13367,13004,12642,12281,11882,11545,11434,11322,11087,10729,10369,10011,9653.2,9296.3,8930.3,8573.3
18204,17833,17467,17100,16729,16367,16000,15633,15266,14904,14541,14177,13812,13447,13084,12721,12359,11962,11623,11510,11400,11167,10805,10445,10086,9729.4,9371.8,9007.3,8647.8
18292,17918,17555,17183,16813,16453,16082,15717,15353,14990,14621,14256,13891,13526,13168,12799,12441,12046,11700,11590,11478,11250,10883,10522,10162,9804.7,9447.1,9087.1,8725.4
18377,18005,17639,17268,16902,16535,16166,15805,15438,15071,14703,14338,13972,13612,13251,12881,12525,12125,11777,11674,11561,11329,10966,10601,10239,9883,9522.3,9163.8,8805.2
18463,18096,17724,17359,16990,16618,16248,15888,15520,15154,14784,14419,14057,13696,13331,12966,12604,12203,11859,11754,11642,11406,11046,10683,10318,9964.6,9600.2,9239.4,8881.4
18548,18181,17809,17446,17072,16703,16335,15970,15606,15242,14867,14505,14141,13776,13412,13044,12683,12281,11943,11831,11720,11487,11122,10761,10400,10041,9681.2,9318.3,8957.1
18640,18268,17898,17529,17159,16791,16425,16059,15693,15324,14953,14587,14222,13858,13497,13126,12767,12360,12021,11913,11800,11569,11203,10837,10481,10117,9758.6,9399.5,9036.3
18728,18360,17987,17618,17250,16877,16514,16144,15774,15405,15041,14668,14305,13943,13579,13211,12849,12444,12100,11996,11883,11646,11286,10919,10563,10198,9834.8,9474.9,9116.2
18814,18447,18073,17708,17334,16961,16599,16227,15859,15492,15128,14753,14391,14025,13658,13296,12928,12528,12183,12074,11966,11724,11364,11001,10639,10279,9916,9551,9191
18905,18532,18162,17792,17419,17050,16682,16314,15947,15578,15209,14840,14478,14104,13742,13381,13010,12612,12267,12153,12049,11808,11441,11083,10718,10356,9996,9632.5,9267.5
18998,18624,18252,17880,17509,17139,16771,16402,16035,15661,15292,14927,14563,14191,13827,13461,13094,12695,12350,12236,12128,11891,11523,11166,10799,10433,10078,9712.6,9347.6
19091,18715,18342,17970,17600,17229,16859,16490,16124,15746,15379,15015,14650,14277,13913,13541,13179,12780,12430,12320,12206,11975,11606,11249,10881,10514,10158,9793.8,9429.2
19183,18807,18433,18062,17690,17318,16949,16579,16211,15834,15466,15101,14733,14362,13998,13626,13264,12861,12508,12403,12289,12058,11689,11329,10963,10596,10234,9874.1,9510.2
19275,18899,18525,18153,17781,17408,17038,16669,16299,15921,15555,15188,14814,14447,14084,13712,13349,12939,12591,12488,12373,12142,11772,11406,11046,10678,10311,9955.7,9590.1
19367,18993,18617,18244,17871,17499,17128,16757,16389,16010,15643,15275,14900,14534,14170,13797,13433,13030,12676,12572,12457,12225,11855,11490,11127,10761,10392,10037,9670.7
19461,19084,18709,18335,17962,17589,17218,16846,16478,16098,15730,15363,14987,14620,14256,13883,13519,13118,12761,12655,12542,12309,11939,11578,11210,10842,10478,10118,9751.4
19554,19177,18801,18427,18052,17680,17307,16936,16566,16189,15818,15450,15080,14707,14342,13968,13604,13203,12846,12739,12625,12392,12022,11662,11292,10924,10566,10199,9832.2
19646,19270,18892,18518,18143,17770,17397,17025,16654,16283,15905,15538,15170,14794,14429,14058,13690,13287,12936,12824,12712,12476,12106,11745,11375,11007,10649,10281,9913.8
19739,19367,18986,18611,18235,17861,17487,17115,16743,16372,15994,15625,15258,14881,14514,14149,13775,13373,13024,12908,12803,12561,12190,11827,11459,11093,10730,10362,9995.5
19836,19462,19081,18708,18328,17956,17578,17204,16833,16461,16087,15713,15345,14975,14601,14236,13860,13457,13108,12993,12889,12646,12279,11911,11546,11180,10812,10444,10080
19934,19554,19178,18802,18424,18052,17674,17294,16925,16551,16181,15805,15433,15065,14694,14321,13952,13542,13193,13079,12972,12736,12366,11994,11634,11264,10894,10530,10167
20032,19648,19274,18892,18521,18143,17769,17390,17021,16642,16270,15899,15525,15151,14783,14407,14041,13632,13277,13171,13056,12823,12449,12079,11717,11347,10983,10617,10249
20126,19746,19370,18990,18616,18237,17860,17485,17112,16737,16360,15987,15617,15243,14871,14495,14127,13722,13368,13256,13144,12906,12536,12168,11801,11436,11069,10699,10331
20221,19844,19461,19085,18708,18332,17953,17575,17202,16828,16455,16076,15705,15336,14963,14587,14216,13808,13458,13341,13234,12995,12626,12254,11890,11522,11151,10782,10418
20320,19943,19558,19182,18800,18428,18047,17668,17297,16918,16546,16171,15794,15423,15054,14681,14308,13895,13548,13432,13324,13086,12711,12338,11976,11604,11236,10870,10503
20420,20042,19656,19280,18897,18524,18142,17762,17393,17013,16634,16265,15889,15512,15141,14772,14399,13987,13637,13523,13415,13170,12797,12426,12060,11691,11324,10955,10585
20520,20140,19754,19378,18992,18621,18238,17858,17487,17108,16729,16360,15983,15606,15230,14859,14490,14078,13722,13612,13501,13256,12887,12516,12147,11779,11412,11038,10669
20621,20240,19852,19476,19090,18718,18333,17952,17580,17203,16824,16450,16076,15699,15324,14948,14576,14170,13811,13703,13585,13346,12976,12605,12236,11867,11500,11123,10756
20721,20340,19952,19574,19188,18814,18430,18054,17676,17297,16917,16542,16171,15794,15417,15041,14665,14262,13902,13795,13677,13437,13066,12694,12325,11956,11589,11210,10843
20822,20441,20052,19672,19288,18911,18526,18153,17771,17390,17015,16640,16265,15887,15510,15133,14758,14353,13994,13886,13768,13528,13157,12784,12415,12045,11676,11299,10932
20924,20541,20152,19772,19392,19007,18629,18248,17866,17491,17114,16735,16358,15981,15604,15226,14850,14446,14085,13977,13859,13619,13247,12875,12505,12134,11765,11388,11021
21025,20642,20258,19871,19492,19104,18729,18344,17960,17589,17207,16828,16451,16073,15696,15320,14943,14537,14178,14070,13951,13710,13337,12965,12594,12223,11854,11477,11108
21127,20742,20359,19977,19590,19205,18826,18442,18060,17684,17303,16923,16543,16167,15788,15413,15036,14629,14269,14161,14043,13801,13428,13055,12683,12312,11943,11565,11195
21232,20843,20460,20077,19688,19309,18925,18543,18161,17779,17398,17018,16640,16265,15884,15510,15127,14722,14361,14252,14139,13893,13518,13145,12773,12401,12032,11658,11284
21340,20947,20567,20177,19792,19407,19029,18643,18259,17874,17494,17117,16739,16360,15982,15605,15224,14814,14457,14344,14235,13984,13609,13236,12863,12492,12121,11750,11373
21444,21056,20672,20284,19897,19508,19127,18740,18358,17975,17595,17216,16833,16453,16080,15697,15321,14910,14553,14436,14327,14077,13706,13327,12958,12581,12210,11839,11461
21551,21166,20773,20388,20001,19613,19227,18842,18460,18076,17696,17316,16930,16552,16177,15793,15419,15006,14645,14531,14420,14174,13801,13424,13053,12676,12299,11928,11555
21660,21272,20880,20489,20106,19720,19331,18946,18564,18179,17798,17413,17029,16652,16274,15889,15517,15097,14737,14626,14516,14270,13892,13517,13142,12771,12393,12016,11647
21770,21373,20986,20594,20206,19823,19435,19050,18665,18281,17899,17507,17130,16751,16372,15986,15613,15190,14833,14722,14613,14366,13986,13608,13235,12860,12487,12109,11734
21876,21482,21088,20704,20311,19923,19541,19154,18767,18383,17998,17609,17229,16850,16465,16085,15712,15287,14929,14819,14708,14462,14082,13701,13332,12950,12578,12203,11827
21981,21592,21196,20812,20418,20026,19639,19258,18871,18486,18093,17710,17328,16949,16562,16184,15809,15384,15025,14914,14804,14557,14176,13796,13426,13046,12668,12293,11921
22091,21703,21303,20920,20524,20132,19742,19362,18975,18588,18194,17812,17430,17050,16661,16283,15908,15481,15122,15011,14899,14652,14271,13890,13520,13141,12763,12384,12016
22204,21813,21413,21027,20632,20239,19848,19467,19080,18691,18297,17913,17530,17149,16764,16381,16004,15578,15219,15107,14996,14749,14367,13985,13615,13236,12858,12479,12110
22316,21923,21522,21135,20740,20346,19956,19573,19184,18795,18406,18015,17631,17249,16869,16480,16102,15675,15316,15204,15093,14845,14462,14087,13709,13331,12951,12573,12199
22429,22036,21635,21244,20847,20452,20068,19677,19288,18899,18510,18123,17732,17350,16969,16579,16200,15779,15413,15301,15189,14942,14557,14186,13804,13424,13044,12666,12291
22544,22148,21751,21354,20959,20566,20175,19783,19393,19003,18614,18229,17839,17450,17069,16686,16299,15881,15516,15402,15286,15039,14657,14281,13898,13518,13137,12763,12389
22663,22258,21865,21464,21073,20678,20282,19887,19498,19109,18718,18332,17945,17556,17169,16789,16403,15979,15616,15505,15383,15138,14758,14376,13993,13613,13236,12861,12484
22776,22371,21975,21577,21183,20786,20388,19997,19610,19219,18823,18433,18047,17663,17275,16888,16507,16080,15714,15602,15486,15241,14856,14472,14091,13713,13336,12956,12578
22890,22488,22088,21694,21294,20897,20504,20110,19718,19325,18933,18537,18152,17764,17380,16990,16606,16184,15817,15703,15588,15339,14953,14571,14191,13813,13429,13049,12674
23004,22606,22204,21807,21410,21013,20615,20218,19823,19432,19040,18645,18261,17869,17480,17097,16709,16283,15920,15806,15691,15438,15055,14672,14293,13913,13525,13148,12772
23125,22720,22323,21919,21524,21122,20723,20326,19934,19544,19144,18755,18364,17976,17583,17199,16815,16384,16024,15906,15792,15540,15157,14774,14394,14011,13625,13248,12868
23246,22838,22442,22037,21634,21235,20835,20441,20047,19654,19254,18865,18469,18086,17691,17300,16920,16489,16126,16004,15890,15644,15260,14877,14490,14107,13725,13347,12960
23368,22958,22558,22155,21752,21351,20951,20554,20160,19766,19364,18976,18578,18193,17798,17405,17024,16594,16226,16108,15992,15747,15362,14979,14586,14206,13825,13447,13058
23484,23080,22670,22274,21869,21467,21067,20667,20273,19872,19475,19086,18688,18301,17906,17513,17124,16699,16326,16211,16097,15852,15465,15079,14686,14306,13925,13547,13158
23605,23202,22792,22393,21987,21583,21183,20783,20386,19980,19588,19196,18798,18410,18015,17620,17229,16804,16430,16316,16200,15954,15567,15182,14789,14406,14025,13646,13258
23728,23322,22911,22512,22104,21700,21299,20899,20501,20093,19699,19308,18908,18520,18123,17728,17341,16911,16539,16423,16304,16057,15671,15284,14891,14508,14127,13745,13357
23860,23445,23032,22631,22223,21817,21415,21013,20614,20210,19812,19419,19018,18628,18230,17836,17450,17016,16650,16534,16409,16162,15774,15387,14996,14609,14228,13845,13456
23985,23567,23159,22752,22342,21935,21531,21129,20729,20331,19928,19531,19128,18738,18338,17950,17558,17124,16757,16640,16516,16266,15877,15489,15103,14712,14328,13945,13558
24110,23692,23285,22875,22461,22053,21647,21247,20843,20444,20045,19641,19243,18848,18447,18060,17665,17236,16862,16745,16627,16370,15981,15594,15207,14819,14430,14046,13664
24235,23823,23407,22996,22586,22177,21772,21370,20960,20557,20159,19753,19359,18961,18564,18169,17774,17344,16967,16850,16734,16475,16087,15698,15309,14924,14537,14148,13765
24359,23949,23529,23124,22712,22301,21893,21489,21082,20672,20274,19870,19471,19078,18678,18282,17888,17452,17077,16957,16839,16585,16198,15803,15419,15027,14641,14254,13865
24487,24075,23658,23247,22832,22420,22012,21608,21200,20792,20387,19989,19585,19188,18787,18395,17998,17563,17188,17070,16949,16695,16304,15911,15526,15133,14743,14358,13971
24620,24207,23788,23371,22956,22544,22135,21732,21317,20914,20507,20108,19705,19301,18900,18505,18105,17675,17296,17182,17063,16807,16409,16020,15629,15242,14848,14459,14077
24753,24333,23920,23501,23084,22673,22261,21852,21439,21037,20626,20226,19824,19419,19016,18617,18219,17782,17404,17293,17175,16916,16518,16131,15735,15350,14956,14563,14182
24886,24462,24044,23630,23214,22801,22389,21970,21563,21154,20747,20340,19941,19535,19133,18733,18335,17893,17516,17401,17287,17021,16629,16240,15844,15458,15062,14671,14286
25022,24595,24172,23761,23343,22929,22508,22094,21687,21272,20869,20459,20060,19654,19251,18849,18450,18009,17629,17509,17399,17133,16742,16350,15952,15566,15170,14779,14387
25156,24728,24304,23891,23472,23055,22632,22219,21811,21394,20991,20578,20179,19773,19368,18965,18565,18123,17743,17621,17512,17244,16852,16461,16062,15676,15278,14885,14492
25293,24864,24437,24021,23601,23182,22759,22345,21935,21523,21114,20699,20299,19892,19486,19081,18681,18237,17856,17737,17625,17363,16963,16572,16171,15785,15387,14993,14597
25430,24997,24573,24154,23731,23312,22894,22473,22061,21652,21236,20826,20419,20012,19603,19198,18798,18352,17971,17859,17739,17480,17074,16683,16282,15893,15495,15100,14710
25569,25132,24713,24287,23863,23441,23023,22603,22184,21776,21359,20954,20540,20131,19722,19316,18916,18471,18093,17974,17852,17592,17188,16795,16392,16003,15603,15214,14823
25706,25269,24846,24420,23994,23570,23151,22734,22314,21901,21487,21076,20661,20252,19845,19441,19039,18593,18209,18087,17966,17705,17307,16906,16506,16114,15713,15325,14929
25844,25409,24981,24557,24128,23705,23280,22861,22448,22025,21615,21199,20789,20377,19971,19561,19156,18707,18324,18202,18084,17819,17422,17023,16622,16224,15826,15433,15038
25987,25553,25119,24695,24266,23841,23413,22995,22574,22157,21738,21322,20913,20501,20090,19679,19273,18826,18443,18319,18205,17940,17535,17138,16735,16339,15942,15545,15150
26128,25695,25263,24830,24399,23973,23550,23130,22702,22285,21869,21450,21036,20621,20212,19803,19397,18948,18564,18441,18321,18058,17654,17250,16846,16452,16052,15661,15262
26274,25838,25404,24970,24539,24111,23688,23257,22837,22412,22000,21581,21163,20749,20338,19929,19519,19071,18678,18561,18438,18171,17773,17367,16965,16563,16163,15770,15370
26420,25980,25544,25112,24678,24246,23820,23391,22972,22547,22131,21711,21292,20876,20463,20054,19636,19195,18798,18683,18559,18291,17892,17486,17081,16678,16278,15880,15482
26565,26124,25684,25252,24814,24382,23951,23528,23106,22679,22258,21842,21423,21005,20591,20180,19761,19311,18921,18806,18681,18411,18013,17605,17199,16795,16394,15995,15598
26711,26268,25830,25392,24959,24522,24092,23666,23242,22814,22387,21973,21553,21134,20718,20305,19886,19430,19045,18928,18803,18533,18134,17725,17317,16914,16511,16109,15712
26856,26414,25975,25533,25100,24664,24233,23805,23378,22948,22521,22105,21681,21263,20847,20431,20012,19555,19168,19050,18925,18654,18253,17844,17436,17032,16628,16225,15827
27006,26559,26117,25680,25241,24809,24372,23943,23516,23084,22658,22237,21812,21392,20973,20560,20142,19686,19290,19175,19048,18775,18373,17964,17555,17149,16745,16341,15942
27155,26713,26267,25829,25384,24947,24517,24082,23653,23217,22795,22370,21944,21523,21102,20687,20273,19815,19417,19298,19170,18902,18495,18083,17676,17270,16868,16458,16059
27303,26864,26414,25972,25531,25093,24660,24224,23790,23354,22930,22502,22077,21656,21231,20815,20399,19939,19548,19420,19299,19030,18618,18210,17801,17395,16989,16580,16180
27458,27011,26563,26116,25680,25241,24805,24367,23932,23499,23068,22643,22216,21792,21363,20943,20524,20065,19671,19549,19429,19153,18738,18334,17923,17514,17106,16701,16298
27610,27163,26718,26269,25827,25384,24948,24510,24075,23642,23207,22781,22351,21925,21498,21079,20652,20193,19799,19680,19552,19282,18865,18455,18043,17636,17227,16818,16415
27762,27313,26871,26419,25974,25529,25094,24653,24217,23785,23349,22917,22484,22057,21635,21209,20787,20325,19931,19805,19681,19411,18994,18581,18168,17760,17352,16939,16537
27918,27464,27020,26565,26121,25678,25242,24797,24360,23928,23492,23053,22627,22196,21771,21339,20922,20459,20057,19932,19811,19535,19125,18709,18296,17880,17471,17062,16658
28076,27619,27171,26717,26273,25832,25388,24943,24500,24067,23634,23194,22763,22332,21910,21476,21055,20592,20186,20064,19942,19662,19250,18837,18422,18002,17593,17185,16774
28231,27776,27324,26871,26422,25981,25533,25088,24646,24206,23773,23342,22901,22469,22046,21615,21190,20724,20319,20195,20071,19792,19372,18965,18545,18128,17719,17310,16895
28390,27931,27480,27026,26575,26132,25680,25237,24796,24354,23917,23481,23049,22608,22179,21751,21328,20859,20453,20328,20197,19923,19501,19095,18667,18253,17844,17435,17017
28551,28091,27640,27180,26731,26282,25831,25389,24947,24505,24063,23624,23190,22755,22320,21890,21463,20995,20586,20462,20334,20055,19634,19223,18801,18380,17970,17558,17142
28709,28250,27795,27338,26887,26436,25985,25537,25091,24649,24208,23769,23330,22899,22462,22029,21601,21130,20718,20594,20472,20193,19773,19352,18934,18513,18095,17684,17266
28872,28416,27947,27499,27039,26590,26140,25689,25241,24798,24351,23912,23474,23036,22607,22168,21740,21266,20857,20729,20606,20328,19906,19481,19062,18647,18223,17809,17396
29036,28575,28109,27656,27197,26742,26294,25843,25395,24946,24499,24059,23622,23179,22744,22307,21879,21403,20996,20864,20741,20463,20038,19613,19191,18775,18356,17936,17523
29196,28729,28272,27813,27356,26898,26446,25998,25543,25094,24654,24207,23771,23323,22886,22447,22018,21541,21135,21005,20874,20597,20170,19745,19323,18902,18484,18069,17649
29361,28889,28435,27970,27513,27055,26601,26151,25698,25244,24804,24355,23912,23473,23035,22589,22156,21681,21272,21147,21011,20732,20305,19879,19460,19032,18613,18198,17779
29529,29053,28596,28129,27670,27212,26758,26302,25856,25398,24953,24504,24061,23622,23177,22740,22304,21822,21408,21282,21151,20876,20443,20018,19593,19166,18747,18323,17909
29692,29218,28755,28292,27829,27372,26912,26457,26007,25552,25105,24657,24212,23767,23321,22886,22448,21964,21549,21421,21293,21014,20579,20158,19723,19301,18879,18456,18035
29856,29383,28920,28457,27994,27532,27068,26615,26160,25705,25257,24812,24358,23914,23469,23033,22590,22107,21693,21563,21435,21150,20719,20294,19860,19438,19008,18590,18163
30018,29549,29084,28619,28155,27692,27231,26777,26317,25862,25408,24962,24509,24061,23619,23181,22736,22254,21841,21704,21577,21292,20861,20430,19998,19575,19141,18723,18297
30185,29716,29247,28779,28315,27855,27390,26933,26475,26019,25562,25113,24666,24215,23773,23325,22884,22398,21981,21847,21718,21436,21002,20571,20138,19710,19279,18857,18428
30354,29883,29414,28945,28480,28020,27549,27088,26635,26174,25719,25267,24818,24366,23923,23472,23029,22545,22124,21994,21863,21582,21142,20709,20280,19851,19413,18992,18563
30528,30050,29585,29115,28646,28183,27713,27253,26797,26333,25873,25421,24970,24517,24074,23619,23180,22690,22268,22139,22009,21720,21287,20849,20418,19989,19552,19127,18698
30698,30219,29748,29283,28813,28348,27878,27417,26956,26492,26031,25581,25125,24673,24222,23770,23330,22836,22416,22285,22154,21865,21431,20994,20557,20129,19691,19265,18836
30867,30392,29918,29450,28980,28509,28039,27580,27112,26651,26190,25740,25282,24827,24378,23924,23479,22987,22567,22435,22301,22015,21578,21138,20700,20268,19835,19403,18976
31042,30562,30089,29614,29148,28671,28203,27743,27273,26815,26349,25893,25441,24980,24531,24081,23630,23138,22718,22586,22451,22160,21720,21282,20845,20407,19977,19541,19115
31216,30736,30258,29782,29314,28836,28370,27904,27438,26978,26510,26053,25600,25139,24684,24235,23786,23286,22867,22734,22599,22308,21868,21427,20989,20549,20115,19679,19252
31388,30908,30427,29956,29479,29004,28537,28071,27605,27141,26674,26217,25758,25299,24841,24388,23939,23439,23014,22881,22750,22461,22016,21569,21133,20691,20258,19821,19388
31563,31079,30601,30129,29648,29176,28701,28237,27772,27302,26835,26378,25913,25458,25000,24542,24092,23592,23165,23030,22897,22609,22163,21717,21281,20835,20401,19965,19531
31740,31253,30773,30300,29821,29345,28873,28402,27937,27464,26998,26539,26072,25614,25156,24699,24245,23745,23318,23183,23050,22759,22314,21868,21428,20984,20550,20107,19672
31914,31429,30949,30473,29996,29515,29042,28570,28103,27628,27164,26701,26237,25770,25316,24855,24400,23903,23471,23336,23200,22910,22465,22021,21575,21131,20694,20253,19813
32089,31603,31126,30645,30167,29687,29209,28739,28267,27795,27327,26863,26395,25931,25477,25014,24556,24059,23626,23489,23353,23063,22617,22169,21722,21278,20834,20399,19956
32267,31782,31302,30816,30338,29860,29378,28905,28436,27964,27493,27030,26558,26093,25636,25175,24714,24217,23781,23644,23508,23213,22770,22316,21872,21429,20984,20544,20103
32448,31963,31476,30992,30509,30031,29552,29075,28605,28131,27661,27194,26723,26259,25796,25336,24872,24372,23939,23800,23663,23370,22919,22473,22022,21579,21135,20691,20250
32623,32143,31652,31169,30682,30205,29723,29249,28772,28299,27830,27360,26886,26423,25954,25495,25031,24527,24096,23955,23818,23526,23071,22625,22172,21731,21280,20838,20395
32802,32320,31830,31347,30856,30382,29895,29419,28941,28468,27998,27521,27050,26590,26118,25656,25196,24685,24256,24115,23976,23686,23226,22774,22322,21881,21427,20987,20547
32983,32497,32008,31525,31032,30558,30071,29588,29112,28634,28164,27688,27218,26753,26283,25820,25359,24846,24413,24276,24137,23843,23385,22929,22477,22030,21577,21136,20693
33168,32676,32188,31703,31210,30731,30246,29761,29288,28805,28331,27862,27384,26917,26447,25983,25516,25009,24573,24436,24296,23996,23546,23085,22632,22181,21732,21285,20836
33353,32856,32371,31879,31388,30909,30419,29938,29464,28978,28501,28028,27556,27084,26615,26147,25678,25173,24731,24596,24453,24152,23704,23244,22788,22336,21887,21438,20989
33535,33040,32550,32055,31566,31087,30595,30115,29636,29154,28672,28197,27727,27254,26784,26316,25847,25336,24889,24759,24616,24313,23864,23405,22945,22490,22040,21593,21144
33716,33225,32730,32236,31746,31264,30773,30294,29809,29328,28844,28371,27892,27425,26949,26483,26010,25499,25052,24920,24779,24476,24022,23563,23102,22644,22194,21745,21292
33897,33407,32907,32420,31926,31441,30951,30471,29981,29501,29020,28545,28064,27591,27115,26648,26172,25662,25216,25082,24942,24638,24180,23718,23263,22803,22347,21898,21443
34078,33589,33089,32600,32105,31620,31125,30646,30157,29673,29193,28714,28238,27757,27280,26813,26343,25828,25384,25242,25104,24799,24342,23875,23419,22962,22504,22052,21600
34268,33768,33278,32780,32287,31800,31305,30823,30335,29846,29367,28888,28414,27930,27449,26979,26512,25993,25550,25407,25265,24965,24505,24039,23574,23119,22661,22204,21753
34460,33953,33461,32966,32470,31979,31485,30999,30514,30026,29543,29066,28586,28105,27621,27146,26678,26158,25715,25574,25430,25132,24665,24200,23733,23282,22818,22360,21905
34642,34143,33639,33151,32653,32160,31669,31179,30694,30207,29717,29236,28759,28278,27797,27317,26848,26326,25880,25740,25595,25297,24824,24360,23895,23441,22977,22522,22062
34829,34329,33825,33329,32840,32341,31850,31361,30873,30382,29894,29408,28933,28450,27970,27489,27022,26494,26046,25909,25763,25462,24988,24523,24060,23600,23138,22685,22220
35017,34516,34016,33513,33023,32522,32032,31544,31052,30556,30073,29588,29109,28620,28142,27662,27191,26664,26216,26074,25934,25624,25158,24688,24225,23760,23299,22838,22382
35209,34703,34199,33703,33208,32703,32214,31725,31228,30734,30252,29766,29283,28796,28311,27834,27358,26832,26383,26238,26103,25789,25326,24853,24390,23919,23458,22995,22543
35399,34893,34385,33889,33392,32895,32393,31906,31406,30916,30429,29941,29457,28971,28487,28007,27529,27004,26550,26410,26270,25958,25488,25018,24554,24083,23623,23160,22702
35587,35082,34577,34072,33574,33081,32579,32083,31592,31099,30608,30117,29635,29150,28669,28184,27699,27177,26720,26582,26437,26127,25654,25185,24717,24248,23787,23323,22861
35774,35269,34764,34259,33761,33263,32769,32264,31777,31279,30792,30299,29812,29330,28846,28359,27876,27348,26892,26755,26607,26298,25821,25352,24883,24415,23950,23482,23021
35962,35461,34952,34447,33952,33447,32953,32451,31956,31460,30973,30482,29987,29508,29018,28533,28050,27519,27066,26926,26780,26471,25994,25519,25050,24585,24116,23647,23186
36153,35653,35140,34637,34140,33636,33135,32642,32139,31646,31151,30663,30166,29684,29194,28712,28224,27693,27244,27095,26954,26643,26165,25689,25217,24752,24283,23814,23347
36348,35846,35333,34830,34327,33826,33321,32821,32329,31829,31332,30844,30347,29861,29371,28892,28400,27870,27418,27266,27128,26817,26335,25861,25384,24919,24450,23979,23508
36546,36035,35526,35023,34515,34013,33509,33004,32514,32015,31515,31023,30528,30039,29550,29067,28578,28049,27592,27440,27302,26991,26508,26031,25556,25084,24617,24141,23672
36741,36228,35717,35216,34702,34201,33696,33192,32694,32203,31702,31203,30714,30218,29731,29243,28754,28222,27765,27618,27475,27165,26682,26200,25726,25250,24784,24305,23839
36935,36417,35909,35408,34895,34387,33884,33382,32878,32387,31889,31389,30897,30402,29912,29418,28929,28396,27937,27797,27647,27340,26856,26373,25897,25421,24947,24472,24006
37129,36610,36106,35598,35087,34575,34072,33566,33065,32574,32075,31576,31079,30586,30093,29597,29109,28576,28114,27974,27823,27512,27031,26547,26066,25595,25116,24643,24170
37323,36804,36299,35787,35276,34765,34264,33754,33256,32762,32259,31760,31262,30768,30275,29782,29290,28756,28292,28149,28001,27685,27205,26722,26238,25769,25288,24813,24342
37517,37003,36493,35975,35466,34957,34457,33944,33449,32949,32444,31947,31449,30950,30458,29962,29470,28934,28468,28325,28179,27860,27376,26896,26412,25935,25460,24982,24510
37715,37202,36687,36168,35663,35153,34646,34135,33635,33133,32632,32131,31632,31136,30640,30141,29648,29114,28646,28501,28360,28039,27555,27072,26584,26104,25634,25154,24679
37914,37395,36879,36362,35856,35345,34835,34326,33821,33321,32819,32318,31817,31321,30822,30324,29830,29292,28825,28678,28538,28220,27736,27247,26758,26283,25808,25328,24849
38110,37586,37071,36557,36047,35534,35028,34519,34014,33513,33005,32506,32005,31508,31006,30509,30012,29473,29005,28859,28718,28398,27908,27423,26937,26458,25980,25503,25022
38305,37786,37268,36755,36242,35729,35221,34713,34208,33702,33191,32690,32191,31692,31193,30697,30200,29655,29187,29043,28896,28578,28084,27599,27117,26634,26150,25673,25192
38500,37989,37467,36954,36441,35928,35415,34906,34397,33891,33382,32873,32376,31876,31377,30882,30383,29838,29370,29227,29073,28756,28262,27778,27295,26810,26324,25843,25364
38698,38184,37664,37149,36639,36121,35609,35100,34586,34081,33573,33062,32567,32062,31561,31066,30567,30023,29552,29406,29254,28933,28443,27957,27467,26985,26500,26015,25539
38898,38379,37861,37344,36834,36314,35799,35292,34779,34275,33761,33255,32758,32251,31748,31249,30754,30209,29735,29589,29437,29115,28625,28136,27643,27162,26677,26195,25715
39098,38579,38061,37543,37030,36508,35994,35484,34973,34468,33954,33449,32946,32440,31933,31436,30938,30393,29922,29770,29620,29302,28806,28316,27825,27339,26857,26371,25888
39302,38779,38261,37739,37227,36703,36193,35680,35172,34661,34147,33642,33135,32628,32122,31625,31122,30576,30106,29950,29804,29485,28986,28497,28007,27516,27034,26544,26062
39507,38980,38459,37938,37423,36901,36388,35877,35367,34851,34338,33832,33324,32817,32310,31813,31311,30760,30290,30134,29987,29664,29169,28679,28190,27693,27212,26720,26242
39709,39185,38657,38138,37620,37101,36583,36072,35557,35042,34531,34026,33513,33011,32499,31997,31499,30946,30474,30318,30171,29847,29352,28859,28372,27873,27389,26897,26420
39910,39386,38860,38338,37818,37301,36783,36267,35747,35237,34726,34219,33705,33204,32690,32186,31688,31134,30654,30504,30360,30031,29536,29041,28554,28053,27566,27077,26597
40110,39586,39062,38539,38015,37501,36983,36462,35946,35435,34920,34409,33899,33398,32883,32379,31877,31323,30842,30693,30545,30219,29720,29225,28732,28235,27748,27259,26774
40314,39787,39263,38739,38217,37701,37183,36657,36146,35628,35115,34600,34091,33588,33076,32568,32065,31510,31030,30882,30733,30404,29905,29412,28913,28421,27927,27441,26956
40517,39988,39464,38940,38420,37898,37382,36857,36341,35821,35313,34794,34283,33778,33266,32754,32251,31697,31219,31071,30922,30589,30092,29601,29098,28606,28111,27622,27134
40719,40190,39665,39144,38621,38097,37578,37059,36536,36017,35506,34989,34478,33968,33457,32943,32441,31885,31408,31259,31111,30778,30279,29782,29287,28789,28294,27803,27313
40923,40395,39866,39346,38822,38298,37774,37258,36732,36217,35700,35184,34673,34167,33649,33136,32635,32075,31602,31448,31299,30967,30466,29962,29474,28974,28478,27987,27492
41129,40597,40069,39551,39024,38499,37975,37455,36931,36416,35898,35380,34868,34362,33841,33331,32828,32265,31791,31635,31484,31155,30653,30149,29659,29159,28662,28170,27670
41335,40802,40276,39757,39228,38699,38179,37656,37132,36613,36098,35579,35063,34556,34036,33526,33019,32454,31981,31822,31669,31345,30844,30335,29845,29346,28847,28351,27849
41541,41008,40485,39960,39430,38903,38376,37856,37333,36813,36295,35776,35261,34747,34233,33720,33214,32646,32171,32012,31863,31535,31036,30524,30033,29532,29031,28534,28038
41748,41215,40691,40161,39632,39106,38577,38056,37533,37014,36491,35976,35461,34938,34431,33915,33409,32841,32361,32205,32053,31729,31223,30717,30219,29717,29216,28719,28222
41956,41422,40894,40363,39837,39308,38779,38254,37734,37214,36690,36175,35659,35133,34625,34110,33604,33035,32551,32399,32248,31919,31410,30911,30406,29902,29401,28904,28407
42166,41632,41100,40567,40039,39512,38984,38456,37935,37415,36891,36371,35857,35329,34817,34305,33799,33230,32746,32592,32442,32109,31600,31101,30593,30090,29587,29089,28592
42373,41840,41307,40774,40241,39718,39190,38661,38136,37615,37092,36572,36055,35528,35014,34501,33992,33423,32941,32781,32632,32298,31792,31291,30783,30275,29776,29274,28777
42580,42044,41513,40980,40447,39924,39392,38862,38337,37812,37293,36773,36253,35729,35213,34697,34185,33619,33136,32975,32822,32490,31987,31481,30973,30464,29965,29459,28962
42787,42249,41720,41185,40654,40131,39597,39065,38539,38013,37496,36973,36452,35930,35410,34892,34380,33816,33326,33172,33013,32684,32182,31668,31162,30654,30154,29647,29147
42994,42456,41928,41389,40861,40336,39804,39271,38746,38215,37700,37170,36650,36131,35611,35091,34577,34010,33517,33370,33208,32879,32375,31857,31354,30841,30339,29837,29332
43198,42665,42135,41598,41071,40538,40007,39477,38954,38417,37904,37372,36851,36331,35812,35292,34776,34203,33712,33563,33408,33070,32566,32051,31548,31030,30526,30026,29522
43410,42877,42342,41808,41275,40741,40213,39684,39155,38624,38107,37577,37052,36529,36011,35493,34973,34400,33908,33756,33604,33266,32759,32243,31738,31223,30720,30216,29711
43626,43088,42553,42015,41478,40949,40419,39890,39355,38834,38309,37779,37254,36729,36208,35691,35173,34601,34108,33952,33800,33466,32954,32434,31931,31418,30911,30406,29898
43838,43296,42765,42222,41687,41159,40623,40092,39559,39040,38510,37984,37457,36930,36406,35890,35370,34798,34305,34150,33996,33662,33150,32628,32124,31610,31103,30594,30088
44047,43505,42974,42430,41899,41366,40828,40300,39764,39243,38712,38187,37661,37135,36607,36088,35571,34992,34505,34351,34192,33858,33346,32824,32315,31801,31297,30785,30282
44258,43721,43182,42642,42111,41574,41035,40507,39968,39445,38916,38385,37862,37338,36812,36287,35771,35191,34701,34549,34384,34053,33541,33019,32507,31998,31488,30978,30473
44468,43933,43390,42850,42320,41777,41243,40714,40177,39651,39122,38589,38060,37539,37014,36489,35968,35395,34897,34744,34584,34249,33737,33215,32703,32195,31683,31168,30664
44679,44142,43597,43058,42528,41984,41452,40921,40387,39854,39328,38796,38263,37741,37216,36690,36165,35597,35098,34939,34785,34446,33933,33411,32899,32391,31874,31359,30859
44890,44354,43807,43270,42737,42196,41664,41128,40594,40057,39531,39000,38469,37946,37417,36892,36367,35796,35303,35142,34986,34646,34129,33608,33095,32587,32065,31553,31050
45100,44567,44020,43482,42947,42408,41875,41335,40801,40266,39738,39202,38676,38150,37624,37094,36568,35994,35502,35345,35191,34847,34327,33807,33291,32783,32261,31749,31241
45313,44776,44232,43695,43152,42616,42083,41543,41010,40478,39946,39407,38883,38355,37826,37295,36770,36196,35698,35542,35389,35044,34527,34008,33488,32976,32457,31945,31437
45526,44988,44446,43907,43361,42827,42295,41753,41221,40685,40153,39614,39090,38561,38029,37499,36971,36397,35899,35740,35586,35245,34724,34206,33689,33171,32654,32141,31633
45744,45201,44663,44120,43578,43038,42503,41965,41429,40890,40360,39821,39297,38766,38235,37706,37177,36600,36100,35941,35787,35447,34921,34403,33890,33370,32854,32336,31825
45961,45414,44876,44333,43795,43246,42715,42178,41641,41097,40572,40029,39504,38970,38438,37911,37380,36806,36302,36143,35988,35648,35123,34602,34086,33571,33047,32531,32020
46179,45629,45089,44546,44004,43456,42924,42387,41849,41307,40780,40237,39712,39177,38640,38115,37583,37008,36507,36350,36193,35847,35325,34803,34283,33770,33242,32726,32216
46394,45846,45302,44759,44213,43669,43136,42592,42057,41519,40988,40448,39916,39384,38846,38322,37788,37206,36713,36556,36397,36050,35526,35003,34480,33966,33443,32925,32409
46607,46058,45512,44972,44424,43883,43345,42801,42268,41731,41196,40656,40122,39587,39053,38529,37995,37412,36918,36759,36599,36257,35728,35203,34681,34163,33645,33124,32605
46821,46268,45724,45185,44637,44099,43557,43015,42478,41943,41403,40864,40332,39795,39263,38736,38202,37623,37120,36961,36804,36461,35934,35404,34883,34362,33843,33325,32804
47036,46486,45938,45395,44853,44308,43770,43232,42687,42152,41611,41072,40542,40002,39473,38943,38409,37824,37323,37164,37008,36663,36137,35606,35089,34562,34039,33526,33002
47253,46704,46153,45608,45069,44521,43983,43440,42897,42364,41821,41284,40750,40210,39681,39150,38615,38025,37527,37369,37211,36866,36339,35810,35292,34761,34240,33723,33199
47468,46922,46371,45825,45283,44738,44196,43649,43110,42577,42032,41497,40958,40422,39890,39354,38819,38231,37734,37576,37415,37068,36542,36015,35494,34964,34441,33920,33399
47682,47138,46589,46043,45496,44953,44409,43865,43323,42786,42242,41709,41166,40630,40101,39561,39028,38438,37941,37781,37621,37272,36744,36218,35693,35170,34644,34121,33598
47896,47354,46807,46261,45710,45166,44623,44082,43536,42998,42456,41919,41374,40839,40309,39769,39238,38646,38148,37986,37825,37479,36947,36421,35893,35371,34846,34319,33796
48114,47570,47022,46479,45924,45382,44841,44295,43749,43211,42672,42127,41583,41050,40517,39977,39442,38854,38351,38191,38032,37686,37152,36628,36096,35569,35048,34522,33996
48333,47785,47239,46696,46137,45598,45055,44506,43958,43424,42882,42336,41795,41262,40729,40185,39645,39061,38558,38397,38239,37893,37359,36835,36301,35777,35253,34728,34199
48551,48000,47454,46910,46354,45811,45268,44719,44171,43635,43095,42546,42008,41473,40938,40395,39858,39271,38762,38607,38447,38096,37567,37038,36508,35984,35457,34931,34404
48768,48218,47669,47124,46570,46021,45482,44933,44388,43847,43308,42759,42221,41683,41146,40606,40070,39480,38969,38817,38655,38304,37775,37245,36713,36187,35660,35133,34607
48984,48437,47885,47338,46786,46235,45696,45147,44603,44064,43521,42973,42434,41896,41358,40815,40279,39685,39177,39025,38863,38512,37981,37452,36918,36389,35862,35336,34809
49203,48652,48103,47557,47005,46453,45910,45361,44817,44278,43734,43187,42648,42109,41568,41027,40491,39893,39388,39232,39071,38720,38185,37656,37125,36595,36064,35538,35012
49422,48870,48318,47775,47224,46672,46125,45579,45031,44491,43948,43404,42858,42322,41776,41236,40703,40102,39598,39436,39279,38928,38393,37863,37332,36799,36264,35741,35214
49641,49089,48536,47991,47442,46891,46343,45794,45246,44705,44162,43622,43069,42536,41985,41449,40913,40314,39808,39644,39484,39139,38606,38071,37535,37006,36472,35947,35417
49860,49308,48756,48206,47661,47109,46562,46011,45463,44919,44375,43836,43283,42749,42196,41662,41124,40530,40019,39853,39690,39351,38818,38279,37743,37214,36684,36152,35624
50080,49527,48975,48422,47876,47328,46781,46229,45678,45136,44589,44047,43496,42958,42411,41872,41337,40744,40229,40065,39901,39562,39026,38486,37951,37421,36891,36357,35827
50299,49746,49194,48641,48090,47545,46999,46448,45896,45352,44803,44259,43711,43171,42627,42084,41549,40954,40441,40277,40113,39770,39230,38695,38159,37629,37095,36562,36034
50519,49965,49413,48860,48308,47760,47215,46666,46115,45566,45021,44475,43929,43385,42841,42300,41759,41161,40650,40487,40327,39979,39438,38904,38363,37836,37302,36766,36238
50738,50185,49632,49079,48527,47975,47429,46884,46333,45782,45236,44693,44147,43598,43055,42516,41972,41369,40863,40698,40543,40187,39647,39116,38574,38041,37507,36970,36445
50958,50404,49851,49298,48747,48194,47644,47099,46552,46000,45453,44910,44358,43814,43268,42729,42181,41585,41072,40909,40752,40396,39858,39325,38784,38249,37713,37178,36653
51181,50624,50071,49518,48970,48413,47860,47314,46768,46219,45669,45124,44570,44030,43482,42943,42390,41801,41281,41119,40956,40609,40071,39533,38992,38462,37921,37386,36860
51402,50844,50294,49737,49190,48635,48079,47528,46985,46434,45886,45339,44787,44240,43696,43156,42607,42014,41493,41329,41169,40823,40284,39742,39201,38670,38129,37594,37066
51622,51068,50518,49957,49405,48856,48298,47746,47202,46652,46103,45557,45006,44454,43912,43366,42825,42223,41710,41543,41386,41032,40497,39950,39411,38882,38338,37807,37272
51842,51288,50737,50177,49623,49076,48522,47965,47417,46870,46318,45776,45224,44673,44128,43580,43041,42437,41925,41760,41598,41244,40710,40162,39624,39092,38547,38016,37478
52062,51508,50953,50401,49845,49295,48742,48186,47632,47087,46537,45992,45443,44891,44344,43798,43254,42650,42139,41974,41807,41458,40919,40376,39837,39300,38756,38227,37685
52282,51728,51170,50624,50067,49519,48961,48408,47851,47302,46756,46206,45661,45107,44563,44012,43468,42864,42351,42184,42020,41672,41132,40589,40050,39506,38969,38437,37896
52505,51948,51394,50846,50288,49739,49181,48628,48073,47518,46971,46421,45880,45321,44781,44230,43682,43081,42562,42397,42239,41885,41346,40803,40259,39716,39181,38646,38105
52727,52169,51618,51065,50512,49955,49400,48847,48294,47737,47186,46637,46095,45539,44995,44448,43896,43299,42781,42614,42455,42099,41560,41015,40472,39931,39391,38857,38318
52948,52393,51837,51285,50732,50175,49620,49067,48514,47960,47403,46855,46310,45761,45206,44665,44111,43516,42999,42829,42665,42313,41770,41224,40682,40147,39600,39068,38531
53169,52617,52055,51505,50952,50398,49839,49286,48733,48180,47624,47075,46525,45979,45426,44878,44325,43730,43213,43045,42879,42527,41983,41434,40895,40359,39812,39277,38737
53393,52842,52276,51726,51171,50617,50059,49506,48953,48400,47847,47298,46741,46194,45646,45090,44540,43944,43427,43262,43097,42745,42197,41652,41108,40569,40028,39487,38945
53617,53064,52501,51949,51392,50833,50279,49725,49172,48619,48066,47518,46962,46409,45864,45313,44757,44154,43641,43477,43311,42960,42412,41870,41322,40783,40244,39700,39159
53839,53283,52729,52171,51613,51053,50499,49945,49389,48840,48286,47735,47185,46627,46078,45532,44977,44372,43856,43696,43529,43174,42629,42085,41538,40996,40456,39909,39375
54060,53501,52954,52391,51837,51273,50719,50165,49609,49063,48505,47952,47404,46849,46294,45748,45199,44591,44070,43910,43745,43388,42844,42295,41754,41210,40667,40118,39587
54282,53729,53176,52612,52057,51495,50939,50389,49831,49283,48727,48171,47619,47069,46513,45963,45418,44810,44286,44129,43961,43602,43058,42511,41964,41421,40880,40331,39796
54506,53955,53397,52837,52277,51718,51159,50613,50051,49503,48949,48391,47835,47284,46736,46180,45637,45029,44504,44347,44179,43818,43272,42729,42178,41636,41090,40545,40006
54728,54177,53617,53058,52500,51939,51383,50835,50272,49723,49169,48615,48053,47500,46953,46400,45856,45248,44723,44564,44394,44036,43486,42945,42396,41852,41303,40761,40219
54951,54397,53838,53278,52723,52159,51607,51056,50496,49943,49389,48835,48274,47719,47169,46623,46075,45467,44942,44778,44613,44251,43701,43156,42615,42066,41521,40977,40433
55178,54614,54062,53501,52944,52383,51832,51276,50717,50163,49609,49055,48497,47939,47387,46838,46292,45686,45161,44993,44828,44470,43918,43370,42830,42280,41736,41192,40651
55405,54839,54285,53725,53165,52605,52056,51496,50939,50383,49829,49275,48717,48161,47611,47053,46509,45901,45381,45209,45046,44689,44136,43585,43045,42495,41950,41406,40866
55627,55064,54506,53950,53385,52827,52281,51717,51162,50603,50049,49495,48940,48383,47835,47275,46728,46120,45600,45428,45263,44908,44355,43803,43259,42713,42164,41620,41080
55844,55289,54727,54171,53608,53052,52501,51937,51382,50827,50269,49715,49161,48603,48054,47498,46948,46339,45818,45647,45480,45127,44574,44022,43474,42929,42380,41834,41294
56069,55515,54952,54392,53832,53277,52722,52159,51603,51048,50489,49931,49381,48823,48270,47720,47167,46558,46033,45863,45700,45345,44793,44241,43689,43143,42598,42049,41509
56297,55740,55177,54614,54053,53502,52943,52383,51827,51267,50710,50154,49603,49043,48489,47939,47387,46777,46253,46081,45923,45560,45013,44460,43908,43358,42813,42266,41723
56522,55961,55400,54835,54279,53726,53165,52604,52049,51485,50934,50375,49826,49266,48709,48155,47607,46993,46472,46300,46138,45775,45229,44679,44127,43574,43032,42482,41937
56744,56183,55623,55061,54507,53950,53389,52825,52271,51710,51158,50597,50047,49490,48930,48379,47827,47212,46692,46520,46353,45994,45444,44898,44346,43794,43247,42699,42152
56969,56406,55848,55286,54731,54171,53610,53048,52496,51931,51381,50822,50267,49713,49154,48603,48047,47436,46909,46739,46574,46214,45661,45113,44565,44013,43465,42916,42370
57194,56631,56069,55511,54954,54392,53832,53272,52721,52154,51603,51046,50488,49933,49374,48823,48266,47657,47126,46959,46798,46433,45880,45329,44783,44232,43684,43131,42586
57419,56857,56291,55736,55179,54613,54053,53497,52938,52379,51827,51267,50708,50153,49597,49040,48486,47877,47347,47179,47021,46653,46100,45547,44998,44451,43901,43350,42800
57641,57079,56515,55962,55400,54837,54275,53722,53158,52604,52048,51488,50929,50374,49819,49260,48706,48097,47570,47398,47241,46873,46323,45766,45213,44670,44117,43569,43017
57863,57301,56740,56187,55622,55061,54500,53947,53380,52829,52268,51709,51154,50594,50041,49481,48926,48317,47791,47618,47461,47093,46547,45986,45433,44890,44336,43786,43236
58087,57523,56966,56410,55845,55283,54725,54171,53606,53050,52491,51929,51374,50815,50265,49701,49146,48537,48011,47838,47680,47312,46766,46206,45652,45108,44556,44003,43455
58312,57745,57191,56633,56070,55508,54950,54393,53831,53273,52715,52150,51598,51035,50486,49924,49367,48760,48233,48058,47900,47536,46982,46430,45872,45323,44775,44222,43670
58534,57970,57417,56858,56296,55733,55175,54618,54056,53496,52936,52371,51823,51256,50706,50148,49587,48982,48456,48282,48120,47760,47199,46654,46094,45538,44995,44442,43889
58756,58196,57643,57080,56518,55957,55401,54840,54279,53718,53161,52595,52047,51481,50930,50372,49812,49202,48676,48503,48339,47981,47423,46875,46317,45762,45214,44661,44108
58981,58422,57868,57302,56740,56179,55626,55061,54501,53943,53387,52820,52268,51706,51152,50593,50033,49423,48896,48726,48556,48198,47647,47095,46541,45982,45434,44881,44328
59206,58648,58091,57526,56962,56405,55849,55284,54726,54165,53610,53045,52492,51929,51373,50813,50254,49643,49117,48949,48780,48418,47865,47314,46761,46202,45653,45100,44547
59428,58871,58313,57751,57184,56631,56072,55510,54948,54389,53830,53270,52715,52151,51594,51034,50476,49863,49339,49169,49005,48638,48084,47534,46981,46422,45869,45320,44767
59654,59096,58535,57973,57410,56856,56297,55735,55172,54615,54047,53495,52936,52375,51815,51255,50700,50087,49562,49390,49225,48858,48305,47755,47198,46642,46088,45537,44986
59881,59321,58758,58195,57635,57081,56519,55957,55396,54840,54273,53720,53157,52596,52039,51476,50925,50312,49783,49614,49443,49081,48530,47975,47418,46862,46308,45754,45206
60106,59543,58984,58418,57861,57303,56744,56179,55618,55065,54498,53944,53378,52818,52263,51697,51150,50536,50004,49836,49664,49305,48754,48195,47641,47082,46528,45974,45422
60329,59766,59208,58641,58087,57526,56968,56402,55844,55288,54723,54165,53603,53039,52488,51922,51372,50756,50228,50056,49888,49529,48975,48416,47861,47305,46748,46194,45641
60555,59991,59430,58867,58313,57750,57190,56628,56070,55510,54949,54387,53828,53261,52714,52147,51595,50977,50450,50278,50109,49750,49193,48637,48082,47527,46968,46418,45860
60778,60216,59653,59094,58537,57975,57412,56850,56295,55732,55174,54609,54054,53486,52936,52372,51819,51201,50671,50503,50332,49971,49413,48861,48302,47747,47188,46639,46080
60998,60439,59879,59320,58760,58197,57635,57075,56520,55958,55397,54832,54279,53712,53159,52596,52040,51424,50891,50727,50557,50194,49638,49086,48523,47968,47409,46860,46301
61221,60665,60106,59545,58982,58423,57859,57301,56743,56183,55618,55058,54501,53940,53383,52818,52261,51646,51113,50950,50781,50419,49867,49307,48744,48188,47632,47079,46525
61444,60892,60331,59768,59205,58649,58084,57527,56965,56407,55841,55283,54725,54167,53605,53042,52483,51871,51334,51172,51002,50643,50088,49528,48969,48412,47856,47295,46749
61668,61118,60554,59994,59428,58875,58307,57753,57189,56629,56067,55509,54949,54392,53826,53268,52705,52096,51557,51396,51224,50864,50306,49749,49189,48634,48080,47520,46971
61895,61341,60777,60219,59651,59102,58533,57977,57415,56852,56289,55733,55172,54614,54048,53493,52930,52319,51783,51618,51447,51085,50525,49970,49413,48855,48300,47744,47191
62122,61564,61000,60441,59878,59325,58759,58199,57641,57074,56514,55956,55397,54836,54271,53718,53156,52542,52007,51839,51672,51309,50747,50190,49638,49076,48517,47966,47411
62346,61786,61224,60661,60104,59548,58984,58422,57863,57296,56740,56181,55623,55058,54497,53940,53381,52766,52229,52062,51897,51534,50972,50415,49861,49296,48740,48188,47628
62570,62006,61447,60883,60331,59771,59207,58644,58088,57520,56966,56407,55846,55280,54722,54165,53605,52988,52453,52286,52123,51759,51197,50640,50082,49521,48966,48412,47848
62793,62229,61670,61107,60557,59994,59433,58867,58315,57746,57189,56631,56069,55506,54948,54390,53827,53209,52678,52508,52345,51984,51422,50864,50303,49746,49193,48633,48071
63014,62455,61895,61334,60780,60216,59658,59091,58541,57972,57413,56853,56291,55729,55172,54615,54053,53433,52904,52733,52566,52206,51647,51085,50528,49969,49413,48854,48294
63237,62682,62121,61557,61003,60440,59880,59317,58764,58198,57638,57076,56513,55953,55395,54837,54275,53657,53129,52959,52788,52428,51871,51306,50753,50190,49630,49077,48515
63464,62909,62345,61783,61227,60663,60100,59543,58987,58425,57861,57301,56738,56179,55621,55059,54497,53879,53351,53182,53009,52649,52093,51530,50978,50411,49853,49302,48740
63688,63131,62569,62009,61450,60886,60322,59770,59210,58651,58083,57528,56963,56405,55843,55283,54719,54105,53575,53405,53231,52871,52318,51753,51202,50636,50076,49526,48961
63910,63351,62792,62233,61670,61112,60547,59996,59433,58874,58308,57753,57185,56631,56065,55509,54941,54330,53799,53630,53455,53093,52543,51976,51424,50861,50298,49747,49185
64131,63572,63016,62456,61892,61338,60773,60219,59656,59095,58534,57976,57411,56855,56289,55735,55166,54556,54021,53856,53681,53317,52767,52201,51645,51085,50519,49968,49410
64355,63795,63242,62680,62115,61565,61000,60443,59879,59315,58757,58202,57637,57078,56515,55961,55392,54782,54243,54082,53906,53542,52989,52426,51867,51306,50744,50189,49634
64579,64017,63469,62904,62339,61789,61225,60665,60102,59538,58983,58426,57864,57300,56737,56184,55618,55004,54468,54306,54132,53768,53215,52652,52089,51531,50967,50411,49855
64803,64238,63692,63128,62563,62011,61448,60885,60325,59764,59209,58649,58090,57523,56962,56406,55844,55226,54694,54529,54358,53994,53438,52876,52310,51757,51190,50632,50076
65028,64462,63914,63351,62787,62231,61672,61108,60551,59989,59435,58872,58313,57747,57188,56625,56067,55448,54919,54754,54584,54217,53660,53098,52535,51982,51415,50857,50300
65249,64686,64134,63575,63015,62452,61895,61331,60778,60212,59659,59095,58534,57973,57415,56850,56292,55671,55145,54978,54809,54440,53881,53320,52758,52208,51640,51085,50525
65470,64911,64355,63796,63239,62674,62119,61555,61004,60436,59882,59318,58754,58196,57638,57077,56517,55897,55371,55200,55031,54666,54104,53542,52981,52433,51866,51311,50750
65691,65135,64576,64019,63461,62898,62343,61778,61228,60661,60104,59541,58977,58422,57863,57302,56739,56120,55597,55422,55253,54892,54328,53765,53207,52655,52091,51532,50971
65915,65359,64798,64243,63682,63126,62567,62002,61452,60888,60324,59764,59203,58648,58088,57525,56962,56344,55823,55648,55475,55115,54554,53990,53433,52877,52315,51750,51196
66139,65583,65023,64467,63906,63351,62791,62227,61675,61111,60547,59990,59428,58874,58311,57751,57186,56571,56045,55872,55699,55337,54780,54213,53658,53099,52537,51974,51421
66360,65801,65247,64691,64130,63574,63014,62454,61896,61335,60770,60217,59652,59098,58534,57974,57412,56797,56268,56094,55925,55560,55006,54438,53883,53321,52759,52197,51647
66582,66021,65470,64914,64354,63794,63238,62678,62116,61560,60994,60444,59878,59321,58759,58194,57635,57021,56490,56317,56151,55786,55230,54664,54105,53546,52981,52421,51872
66803,66243,65691,65135,64575,64015,63460,62900,62337,61787,61217,60668,60103,59544,58985,58417,57861,57245,56713,56539,56377,56012,55454,54890,54327,53770,53206,52646,52094
67025,66467,65916,65359,64796,64237,63681,63121,62561,62010,61443,60891,60327,59767,59208,58640,58087,57471,56936,56764,56603,56238,55679,55116,54549,53993,53435,52872,52316
67246,66690,66138,65582,65017,64461,63901,63345,62785,62234,61669,61115,60550,59991,59434,58864,58314,57694,57159,56990,56826,56465,55902,55339,54773,54219,53661,53098,52538
67468,66911,66360,65804,65238,64682,64125,63569,63009,62458,61893,61338,60774,60214,59660,59091,58537,57917,57382,57213,57049,56687,56124,55562,54999,54445,53884,53322,52760
67690,67133,66578,66022,65462,64904,64349,63793,63233,62678,62117,61560,60997,60438,59883,59318,58760,58140,57605,57439,57272,56910,56347,55784,55221,54671,54106,53544,52986
67909,67355,66797,66241,65686,65125,64574,64014,63457,62899,62341,61780,61221,60661,60107,59542,58983,58363,57828,57665,57495,57133,56570,56007,55447,54896,54329,53766,53209
68129,67576,67015,66459,65911,65349,64795,64237,63680,63120,62565,62001,61441,60887,60330,59766,59207,58586,58053,57891,57717,57356,56796,56230,55673,55118,54551,53989,53433
68350,67795,67237,66680,66134,65574,65016,64461,63901,63341,62785,62224,61664,61113,60554,59989,59430,58811,58278,58115,57943,57579,57020,56454,55899,55341,54776,54211,53659
68572,68013,67459,66902,66355,65799,65237,64682,64122,63561,63006,62448,61887,61337,60777,60213,59653,59038,58502,58338,58168,57802,57243,56680,56122,55564,55001,54434,53885
68794,68232,67680,67124,66577,66020,65459,64906,64344,63783,63227,62672,62111,61558,60999,60435,59877,59265,58728,58561,58392,58026,57466,56906,56347,55786,55223,54660,54108
69016,68454,67899,67348,66799,66242,65681,65129,64569,64008,63452,62896,62335,61780,61220,60656,60100,59489,58953,58784,58615,58253,57689,57133,56572,56009,55446,54886,54332
69234,68678,68119,67572,67020,66464,65902,65351,64793,64229,63678,63119,62559,62004,61444,60879,60326,59713,59177,59007,58840,58477,57913,57359,56795,56236,55671,55112,54558
69450,68903,68341,67794,67238,66685,66124,65570,65016,64452,63904,63340,62784,62225,61668,61103,60552,59936,59404,59231,59067,58702,58136,57582,57018,56460,55896,55339,54780
69669,69118,68563,68013,67459,66905,66346,65789,65237,64676,64122,63564,63005,62445,61890,61327,60776,60157,59628,59454,59290,58928,58363,57808,57241,56682,56119,55565,55003
69888,69336,68785,68232,67680,67124,66567,66011,65455,64901,64342,63786,63227,62666,62111,61550,61000,60379,59852,59678,59516,59148,58590,58031,57465,56905,56346,55789,55227
70107,69554,69007,68451,67899,67346,66789,66232,65676,65124,64564,64007,63451,62891,62332,61774,61224,60603,60076,59904,59741,59370,58816,58252,57692,57129,56572,56012,55453
70326,69773,69229,68672,68118,67566,67010,66454,65897,65346,64789,64228,63673,63113,62552,61999,61448,60826,60296,60130,59961,59594,59039,58475,57916,57352,56798,56235,55676
70545,69992,69449,68894,68337,67785,67228,66676,66119,65565,65011,64452,63896,63334,62774,62223,61668,61050,60517,60354,60184,59817,59263,58698,58137,57576,57021,56457,55899
70764,70212,69665,69116,68559,68003,67447,66895,66339,65784,65232,64676,64120,63559,62998,62447,61889,61273,60737,60578,60408,60044,59486,58922,58358,57802,57247,56682,56122
70983,70431,69881,69334,68781,68222,67667,67114,66558,66006,65450,64898,64342,63783,63222,62671,62110,61494,60961,60802,60632,60270,59709,59145,58584,58029,57472,56908,56345
71202,70650,70097,69550,69003,68441,67888,67333,66779,66225,65669,65119,64562,64007,63446,62895,62334,61715,61187,61025,60856,60493,59930,59369,58809,58255,57695,57132,56568
71421,70869,70312,69765,69222,68663,68108,67553,67001,66444,65888,65341,64780,64228,63671,63114,62556,61936,61414,61246,61078,60717,60152,59592,59033,58478,57915,57355,56791
71640,71088,70528,69981,69441,68885,68328,67775,67223,66666,66109,65563,65001,64447,63893,63333,62777,62161,61638,61469,61298,60939,60376,59816,59261,58702,58140,57578,57015
71859,71307,70744,70197,69660,69107,68550,67994,67441,66888,66331,65784,65224,64666,64114,63554,62998,62385,61858,61692,61519,61160,60600,60040,59485,58924,58366,57801,57242
72078,71526,70960,70413,69879,69329,68772,68214,67660,67110,66553,66006,65449,64888,64333,63778,63219,62609,62076,61917,61742,61381,60824,60264,59709,59144,58589,58025,57468
72297,71745,71176,70629,70098,69551,68993,68436,67879,67332,66775,66225,65668,65110,64553,64002,63441,62833,62297,62138,61965,61604,61046,60488,59933,59368,58810,58248,57694
72516,71964,71392,70845,70317,69773,69215,68658,68098,67554,66997,66443,65888,65331,64775,64223,63666,63055,62520,62359,62186,61827,61267,60712,60156,59592,59032,58472,57917
72735,72183,71607,71060,70536,69995,69437,68880,68316,67776,67219,66662,66110,65553,64996,64442,63888,63276,62745,62580,62410,62048,61491,60936,60380,59815,59255,58696,58141
72954,72402,71823,71276,70755,70217,69659,69102,68535,67998,67441,66881,66331,65775,65218,64662,64110,63498,62969,62801,62635,62269,61714,61159,60604,60039,59479,58922,58365
73173,72621,72039,71492,70974,70439,69881,69324,68754,68220,67663,67099,66553,65996,65440,64883,64332,63719,63191,63023,62859,62490,61935,61380,60824,60263,59703,59147,58588
73393,72840,72255,71708,71193,70661,70103,69546,68972,68442,67885,67318,66775,66218,65661,65104,64553,63940,63411,63244,63081,62711,62159,61600,61047,60486,59926,59367,58812
73612,73059,72471,71924,71412,70883,70325,69768,69191,68664,68107,67537,66996,66440,65883,65326,64775,64162,63630,63469,63302,62932,62384,61822,61271,60706,60147,59587,59035
73831,73278,72687,72140,71631,71105,70547,69990,69410,68886,68329,67755,67218,66661,66105,65547,64997,64383,63848,63693,63524,63153,62608,62047,61492,60930,60370,59810,59259
74050,73497,72902,72355,71850,71326,70769,70212,69629,69108,68550,67974,67440,66883,66326,65768,65218,64604,64066,63918,63745,63374,62833,62271,61713,61154,60594,60034,59483
74269,73716,73118,72571,72069,71548,70991,70434,69847,69330,68772,68193,67661,67105,66548,65990,65440,64826,64285,64143,63966,63595,63057,62496,61934,61379,60818,60261,59704
74488,73935,73334,72787,72288,71770,71213,70656,70066,69552,68994,68412,67883,67326,66770,66211,65662,65047,64503,64367,64188,63816,63281,62720,62155,61603,61039,60489,59926
74707,74154,73550,73003,72507,71992,71435,70878,70285,69774,69216,68630,68105,67548,66991,66432,65883,65268,64721,64592,64409,64037,63506,62945,62376,61827,61260,60716,60150
74926,74373,73766,73219,72726,72214,71657,71100,70504,69996,69438,68848,68327,67770,67212,66653,66104,65489,64939,64817,64630,64258,63731,63170,62597,62051,61481,60943,60374
75145,74592,73982,73435,72945,72436,71879,71322,70723,70218,69660,69066,68549,67992,67433,66874,66325,65710,65157,65042,64851,64479,63956,63395,62818,62275,61702,61170,60598
75364,74811,74198,73651,73164,72658,72101,71544,70942,70440,69882,69284,68771,68214,67654,67095,66546,65931,65375,65267,65072,64700,64181,63620,63039,62499,61923,61397,60822
75583,75030,74414,73867,73383,72880,72323,71766,71161,70662,70104,69502,68993,68436,67875,67316,66767,66152,65593,65492,65293,64921,64406,63845,63260,62723,62144,61624,61046
75802,75249,74630,74083,73602,73102,72545,71988,71380,70884,70326,69720,69215,68658,68096,67537,66988,66373,65811,65717,65514,65142,64631,64070,63481,62947,62365,61851,61270
76021,75468,74846,74299,73821,73324,72767,72210,71599,71106,70548,69938,69437,68880,68317,67758,67209,66594,66029,65942,65735,65363,64856,64295,63702,63171,62586,62078,61494
76240,75687,75062,74515,74040,73546,72989,72432,71818,71328,70770,70156,69659,69102,68538,67979,67430,66815,66247,66167,65956,65584,65081,64520,63923,63395,62807,62305,61718
76459,75906,75278,74731,74259,73768,73211,72654,72037,71550,70992,70374,69881,69324,68759,68200,67651,67036,66465,66392,66177,65805,65306,64745,64144,63619,63028,62532,61942
76678,76125,75494,74947,74478,73990,73433,72876,72256,71772,71214,70592,70103,69546,68980,68421,67872,67257,66683,66617,66398,66026,65531,64970,64365,63843,63249,62759,62166
76897,76344,75710,75163,74697,74212,73655,73098,72475,71994,71436,70810,70325,69768,69201,68642,68093,67478,66901,66842,66619,66247,65756,65195,64586,64067,63470,62986,62390
77116,76563,75926,75379,74916,74434,73877,73320,72694,72216,71658,71028,70547,69990,69422,68863,68314,67699,67119,67067,66840,66468,65981,65420,64807,64291,63691,63213,62614
77335,76782,76142,75595,75135,74656,74099,73542,72913,72438,71880,71246,70769,70212,69643,69084,68535,67920,67337,67292,67061,66689,66206,65645,65028,64515,63912,63440,62838
77554,77001,76358,75811,75354,74878,74321,73764,73132,72660,72102,71464,70991,70434,69864,69305,68756,68141,67555,67517,67282,66910,66431,65870,65249,64739,64133,63667,63062
77773,77220,76574,76027,75573,75100,74543,73986,73351,72882,72324,71682,71213,70656,70085,69526,68977,68362,67773,67742,67503,67131,66656,66095,65470,64963,64354,63894,63286
77992,77439,76790,76243,75792,75322,74765,74208,73570,73104,72546,71900,71435,70878,70306,69747,69198,68583,67991,67967,67724,67352,66881,66320,65691,65187,64575,64121,63510
78211,77658,77006,76459,76011,75544,74987,74430,73789,73326,72768,72118,71657,71100,70527,69968,69419,68804,68209,68192,67945,67573,67106,66545,65912,65411,64796,64348,63734
78430,77877,77222,76675,76230,75766,75209,74652,74008,73548,72990,72336,71879,71322,70748,70189,69640,69025,68427,68417,68166,67794,67331,66770,66133,65635,65017,64575,63958
78649,78096,77438,76891,76449,75988,75431,74874,74227,73770,73212,72554,72101,71544,70969,70410,69861,69246,68645,68642,68387,68015,67556,66995,66354,65859,65238,64802,64182
78868,78315,77654,77107,76668,76210,75653,75096,74446,73992,73434,72772,72323,71766,71190,70631,70082,69467,68863,68867,68608,68236,67781,67220,66575,66083,65459,65029,64406
79087,78534,77870,77323,76887,76432,75875,75318,74665,74214,73656,72990,72545,71988,71411,70852,70303,69688,69081,69092,68829,68457,68006,67445,66796,66307,65680,65256,64630
79306,78753,78086,77539,77106,76654,76097,75540,74884,74436,73878,73208,72767,72210,71632,71073,70524,69909,69299,69317,69050,68678,68231,67670,67017,66531,65901,65483,64854
79525,78972,78302,77755,77325,76876,76319,75762,75103,74658,74100,73426,72989,72432,71853,71294,70745,70130,69517,69542,69271,68899,68456,67895,67238,66755,66122,65710,65078
79744,79191,78518,77971,77544,77098,76541,75984,75322,74880,74322,73644,73211,72654,72074,71515,70966,70351,69735,69767,69492,69120,68681,68120,67459,66979,66343,65937,65302
79963,79410,78734,78187,77763,77320,76763,76206,75541,75102,74544,73862,73433,72876,72295,71736,71187,70572,69953,69992,69713,69341,68906,68345,67680,67203,66564,66164,65526
80182,79629,78950,78403,77982,77542,76985,76428,75760,75324,74766,74080,73655,73098,72516,71957,71408,70793,70171,70217,69934,69562,69131,68570,67901,67427,66785,66391,65750
80401,79848,79166,78619,78201,77764,77207,76650,75979,75546,74988,74298,73877,73320,72737,72178,71629,71014,70389,70442,70155,69783,69356,68795,68122,67651,67006,66618,65974
80620,80067,79382,78835,78420,77986,77429,76872,76198,75768,75210,74516,74099,73542,72958,72399,71850,71235,70607,70667,70376,70004,69581,69020,68343,67875,67227,66845,66198
80839,80286,79598,79051,78639,78208,77651,77094,76417,75990,75432,74734,74321,73764,73179,72620,72071,71456,70825,70892,70597,70225,69806,69245,68564,68099,67448,67072,66422
81058,80505,79814,79267,78858,78430,77873,77316,76636,76212,75654,74952,74543,73986,73400,72841,72292,71677,71043,71117,70818,70446,70031,69470,68785,68323,67669,67299,66646
81277,80724,80030,79483,79077,78652,78095,77538,76855,76434,75876,75170,74765,74208,73621,73062,72513,71898,71261,71342,71039,70667,70256,69695,69006,68547,67890,67526,66870
81496,80943,80246,79699,79296,78874,78317,77760,77074,76656,76098,75388,74987,74430,73842,73283,72734,72119,71479,71567,71260,70888,70481,69920,69227,68771,68111,67753,67094
81715,81162,80462,79915,79515,79096,78539,77982,77293,76878,76320,75606,75209,74652,74063,73504,72955,72340,71697,71792,71481,71109,70706,70145,69448,68995,68332,67980,67318
81934,81381,80678,80131,79734,79318,78761,78204,77512,77100,76542,75824,75431,74874,74284,73725,73176,72561,71915,72017,71702,71330,70931,70370,69669,69219,68553,68207,67542
82153,81600,80894,80347,79953,79540,78983,78426,77731,77322,76764,76042,75653,75096,74505,73946,73397,72782,72133,72242,71923,71551,71156,70595,69890,69443,68774,68434,67766
82372,81819,81110,80563,80172,79762,79205,78648,77950,77544,76986,76260,75875,75318,74726,74167,73618,73003,72351,72467,72144,71772,71381,70820,70111,69667,68995,68661,67990
82591,82038,81326,80779,80391,79984,79427,78870,78169,77766,77208,76478,76097,75540,74947,74388,73839,73224,72569,72692,72365,71993,71606,71045,70332,69891,69216,68888,68214
82810,82257,81542,80995,80610,80206,79649,79092,78388,77988,77430,76696,76319,75762,75168,74609,74060,73445,72787,72917,72586,72214,71831,71270,70553,70115,69437,69115,68438
83029,82476,81758,81211,80829,80428,79871,79314,78607,78210,77652,76914,76541,75984,75389,74830,74281,73666,73005,73142,72807,72435,72056,71495,70774,70339,69658,69342,68662
83248,82695,81974,81427,81048,80650,80093,79536,78826,78432,77874,77132,76763,76206,75610,75051,74502,73887,73223,73367,73028,72656,72281,71720,70995,70563,69879,69569,68886
83467,82914,82190,81643,81267,80872,80315,79758,79045,78654,78096,77350,76985,76428,75831,75272,74723,74108,73441,73592,73249,72877,72506,71945,71216,70787,70100,69796,69110
83686,83133,82406,81859,81486,81094,80537,79980,79264,78876,78318,77568,77207,76650,76052,75493,74944,74329,73659,73817,73470,73098,72731,72170,71437,71011,70321,70023,69334
83905,83352,82622,82075,81705,81316,80759,80202,79483,79098,78540,77786,77429,76872,76273,75714,75165,74550,73877,74042,73691,73319,72956,72395,71658,71235,70542,70250,69558
84124,83571,82838,82291,81924,81538,80981,80424,79702,79320,78762,78004,77651,77094,76494,75935,75386,74771,74095,74267,73912,73540,73181,72620,71879,71459,70763,70477,69782
84343,83790,83054,82507,82143,81760,81203,80646,79921,79542,78984,78222,77873,77316,76715,76156,75607,74992,74313,74492,74133,73761,73406,72845,72100,71683,70984,70704,70006
84562,84009,83270,82723,82362,81982,81425,80868,80140,79764,79206,78440,78095,77538,76936,76377,75828,75213,74531,74717,74354,73982,73631,73070,72321,71907,71205,70931,70230
84781,84228,83486,82939,82581,82204,81647,81090,80359,79986,79428,78658,78317,77760,77157,76598,76049,75434,74749,74942,74575,74203,73856,73295,72542,72131,71426,71158,70454
85000,84447,83702,83155,82800,82426,81869,81312,80578,80208,79650,78876,78539,77982,77378,76819,76270,75655,74967,75167,74796,74424,74081,73520,72763,72355,71647,71385,70678
85219,84666,83918,83371,83019,82648,82091,81534,80797,80430,79872,79094,78761,78204,77599,77040,76491,75876,75185,75392,75017,74645,74306,73745,72984,72579,71868,71612,70902
85438,84885,84134,83587,83238,82870,82313,81756,81016,80652,80094,79312,78983,78426,77820,77261,76712,76097,75403,75617,75238,74866,74531,73970,73205,72803,72089,71839,71126
85657,85104,84350,83803,83457,83092,82535,81978,81235,80874,80316,79530,79205,78648,78041,77482,76933,76318,75621,75842,75459,75087,74756,74195,73426,73027,72310,72066,71350
85876,85323,84566,84019,83676,83314,82757,82200,81454,81096,80538,79748,79427,78870,78262,77703,77154,76539,75839,76067,75680,75308,74981,74420,73647,73251,72531,72293,71574
86095,85542,84782,84235,83895,83536,82979,82422,81673,81318,80760,79966,79649,79092,78483,77924,77375,76760,76057,76292,75901,75529,75206,74645,73868,73475,72752,72520,71798
86314,85761,84998,84451,84114,83758,83201,82644,81892,81540,80982,80184,79871,79314,78704,78145,77596,76981,76275,76517,76122,75750,75431,74870,74089,73699,72973,72747,72022
86533,85980,85214,84667,84333,83980,83423,82866,82111,81762,81204,80402,80093,79536,78925,78366,77817,77202,76493,76742,76343,75971,75656,75095,74310,73923,73194,72974,72246
86752,86199,85430,84883,84552,84202,83645,83088,82330,81984,81426,80620,80315,79758,79146,78587,78038,77423,76711,76967,76564,76192,75881,75320,74531,74147,73415,73201,72470
86971,86418,85646,85099,84771,84424,83867,83310,82549,82206,81648,80838,80537,79980,79367,78808,78259,77644,76929,77192,76785,76413,76106,75545,74752,74371,73636,73428,72694
87190,86637,85862,85315,84990,84646,84089,83532,82768,82428,81870,81056,80759,80202,79588,79029,78480,77865,77147,77417,77006,76634,76331,75770,74973,74595,73857,73655,72918
87409,86856,86078,85531,85209,84868,84311,83754,82987,82650,82092,81274,80981,80424,79809,79250,78701,78086,77365,77642,77227,76855,76556,75995,75194,74819,74078,73882,73142
87628,87075,86294,85747,85428,85090,84533,83976,83206,82872,82314,81492,81203,80646,80030,79471,78922,78307,77583,77867,77448,77076,76781,76220,75415,75043,74299,74109,73366
87847,87294,86510,85963,85647,85312,84755,84198,83425,83094,82536,81710,81425,80868,80251,79692,79143,78528,77801,78092,77669,77297,77006,76445,75636,75267,74520,74336,73590
88066,87513,86726,86179,85866,85534,84977,84420,83644,83316,82758,81928,81647,81090,80472,79913,79364,78749,78019,78317,77890,77518,77231,76670,75857,75491,74741,74563,73814
88285,87732,86942,86395,86085,85756,85199,84642,83863,83538,82980,82146,81869,81312,80693,80134,79585,78970,78237,78542,78111,77739,77456,76895,76078,75715,74962,74790,74038
88504,87951,87158,86611,86304,85978,85421,84864,84082,83760,83202,82364,82091,81534,80914,80355,79806,79191,78455,78767,78332,77960,77681,77120,76299,75939,75183,75017,74262
88723,88170,87374,86827,86523,86200,85643,85086,84301,83982,83424,82582,82313,81756,81135,80576,80027,79412,78673,78992,78553,78181,77906,77345,76520,76163,75404,75244,74486
88942,88389,87590,87043,86742,86422,85865,85308,84520,84204,83646,82800,82535,81978,81356,80797,80248,79633,78891,79217,78774,78402,78131,77570,76741,76387,75625,75471,74710
89161,88608,87806,87259,86961,86644,86087,85530,84739,84426,83868,83018,82757,82200,81577,81018,80469,79854,79109,79442,78995,78623,78356,77795,76962,76611,75846,75698,74934
89380,88827,88022,87475,87180,86866,86309,85752,84958,84648,84090,83236,82979,82422,81798,81239,80690,80075,79327,79667,79216,78844,78581,78020,77183,76835,76067,75925,75158
89599,89046,88238,87691,87399,87088,86531,85974,85177,84870,84312,83454,83201,82644,82019,81460,80911,80296,79545,79892,79437,79065,78806,78245,77404,77059,76288,76152,75382
89818,89265,88454,87907,87618,87310,86753,86196,85396,85092,84534,83672,83423,82866,82240,81681,81132,80517,79763,80117,79658,79286,79031,78470,77625,77283,76509,76379,75606
90037,89484,88670,88123,87837,87532,86975,86418,85615,85314,84756,83890,83645,83088,82461,81902,81353,80738,79981,80342,79879,79507,79256,78695,77846,77507,76730,76606,75830
90256,89703,88886,88339,88056,87754,87197,86640,85834,85536,84978,84108,83867,83310,82682,82123,81574,80959,80199,80567,80100,79728,79481,78920,78067,77731,76951,76833,76054
90475,89922,89102,88555,88275,87976,87419,86862,86053,85758,85200,84326,84089,83532,82903,82344,81795,81180,80417,80792,80321,79949,79706,79145,78288,77955,77172,77060,76278
90694,90141,89318,88771,88494,88198,87641,87084,86272,85980,85422,84544,84311,83754,83124,82565,82016,81401,80635,81017,80542,80170,79931,79370,78509,78179,77393,77287,76502
90913,90360,89534,88987,88713,88420,87863,87306,86491,86202,85644,84762,84533,83976,83345,82786,82237,81622,80853,81242,80763,80391,80156,79595,78730,78403,77614,77514,76726
91132,90579,89750,89203,88932,88642,88085,87528,86710,86424,85866,84980,84755,84198,83566,83007,82458,81843,81071,81467,80984,80612,80381,79820,78951,78627,77835,77741,76950
91351,90798,89966,89419,89151,88864,88307,87750,86929,86646,86088,85198,84977,84420,83787,83228,82679,82064,81289,81692,81205,80833,80606,80045,79172,78851,78056,77968,77174
91570,91017,90182,89635,89370,89086,88529,87972,87148,86868,86310,85416,85199,84642,84008,83449,82900,82285,81507,81917,81426,81054,80831,80270,79393,79075,78277,78195,77398
91789,91236,90398,89851,89589,89308,88751,88194,87367,87090,86532,85634,85421,84864,84229,83670,83121,82506,81725,82142,81647,81275,81056,80495,79614,79299,78498,78422,77622
92008,91455,90614,90067,89808,89530,88973,88416,87586,87312,86754,85852,85643,85086,84450,83891,83342,82727,81943,82367,81868,81496,81281,80720,79835,79523,78719,78649,77846
92227,91674,90830,90283,90027,89752,89195,88638,87805,87534,86976,86070,85865,85308,84671,84112,83563,82948,82161,82592,82089,81717,81506,80945,80056,79747,78940,78876,78070
92446,91893,91046,90499,90246,89974,89417,88860,88024,87756,87198,86288,86087,85530,84892,84333,83784,83169,82379,82817,82310,81938,81731,81170,80277,79971,79161,79103,78294
92665,92112,91262,90715,90465,90196,89639,89082,88243,87978,87420,86506,86309,85752,85113,84554,84005,83390,82597,83042,82531,82159,81956,81395,80498,80195,79382,79330,78518
92884,92331,91478,90931,90684,90418,89861,89304,88462,88200,87642,86724,86531,85974,85334,84775,84226,83611,82815,83267,82752,82380,82181,81620,80719,80419,79603,79557,78742
93103,92550,91694,91147,90903,90640,90083,89526,88681,88422,87864,86942,86753,86196,85555,84996,84447,83832,83033,83492,82973,82601,82406,81845,80940,80643,79824,79784,78966
93322,92769,91910,91363,91122,90862,90305,89748,88900,88644,88086,87160,86975,86418,85776,85217,84668,84053,83251,83717,83194,82822,82631,82070,81161,80867,80045,80011,79190
93541,92988,92126,91579,91341,91084,90527,89970,89119,88866,88308,87378,87197,86640,85997,85438,84889,84274,83469,83942,83415,83043,82856,82295,81382,81091,80266,80238,79414
93760,93207,92342,91795,91560,91306,90749,90192,89338,89088,88530,87596,87419,86862,86218,85659,85110,84495,83687,84167,83636,83264,83081,82520,81603,81315,80487,80465,79638
93979,93426,92558,92011,91779,91528,90971,90414,89557,89310,88752,87814,87641,87084,86439,85880,85331,84716,83905,84392,83857,83485,83306,82745,81824,81539,80708,80692,79862
94198,93645,92774,92227,91998,91750,91193,90636,89776,89532,88974,88032,87863,87306,86660,86101,85552,84937,84123,84617,84078,83706,83531,82970,82045,81763,80929,80919,80086
94417,93864,92990,92443,92217,91972,91415,90858,89995,89754,89196,88250,88085,87528,86881,86322,85773,85158,84341,84842,84299,83927,83756,83195,82266,81987,81150,81146,80310
94636,94083,93206,92659,92436,92194,91637,91080,90214,89976,89418,88468,88307,87750,87102,86543,85994,85379,84559,85067,84520,84148,83981,83420,82487,82211,81371,81373,80534
94855,94302,93422,92875,92655,92416,91859,91302,90433,90198,89640,88686,88529,87972,87323,86764,86215,85600,84777,85292,84741,84369,84206,83645,82708,82435,81592,81600,80758
95074,94521,93638,93091,92874,92638,92081,91524,90652,90420,89862,88904,88751,88194,87544,86985,86436,85821,84995,85517,84962,84590,84431,83870,82929,82659,81813,81827,80982
95293,94740,93854,93307,93093,92860,92303,91746,90871,90642,90084,89122,88973,88416,87765,87206,86657,86042,85213,85742,85183,84811,84656,84095,83150,82883,82034,82054,81206
95512,94959,94070,93523,93312,93082,92525,91968,91090,90864,90306,89340,89195,88638,87986,87427,86878,86263,85431,85967,85404,85032,84881,84320,83371,83107,82255,82281,81430
95731,95178,94286,93739,93531,93304,92747,92190,91309,91086,90528,89558,89417,88860,88207,87648,87099,86484,85649,86192,85625,85253,85106,84545,83592,83331,82476,82508,81654
95950,95397,94502,93955,93750,93526,92969,92412,91528,91308,90750,89776,89639,89082,88428,87869,87320,86705,85867,86417,85846,85474,85331,84770,83813,83555,82697,82735,81878
96169,95616,94718,94171,93969,93748,93191,92634,91747,91530,90972,89994,89861,89304,88649,88090,87541,86926,86085,86642,86067,85695,85556,84995,84034,83779,82918,82962,82102
96388,95835,94934,94387,94188,93970,93413,92856,91966,91752,91194,90212,90083,89526,88870,88311,87762,87147,86303,86867,86288,85916,85781,85220,84255,84003,83139,83189,82326
96607,96054,95150,94603,94407,94192,93635,93078,92185,91974,91416,90430,90305,89748,89091,88532,87983,87368,86521,87092,86509,86137,86006,85445,84476,84227,83360,83416,82550
96826,96273,95366,94819,94626,94414,93857,93300,92404,92196,91638,90648,90527,89970,89312,88753,88204,87589,86739,87317,86730,86358,86231,85670,84697,84451,83581,83643,82774
97045,96492,95582,95035,94845,94636,94079,93522,92623,92418,91860,90866,90749,90192,89533,88974,88425,87810,86957,87542,86951,86579,86456,85895,84918,84675,83802,83870,82998
97264,96711,95798,95251,95064,94858,94301,93744,92842,92640,92082,91084,90971,90414,89754,89195,88646,88031,87175,87767,87172,86800,86681,86120,85139,84899,84023,84097,83222
97483,96930,96014,95467,95283,95080,94523,93966,93061,92862,92304,91302,91193,90636,89975,89416,88867,88252,87393,87992,87393,87021,86906,86345,85360,85123,84244,84324,83446
97702,97149,96230,95683,95502,95302,94745,94188,93280,93084,92526,91520,91415,90858,90196,89637,89088,88473,87611,88217,87614,87242,87131,86570,85581,85347,84465,84551,83670
97921,97368,96446,95899,95721,95524,94967,94410,93499,93306,92748,91738,91637,91080,90417,89858,89309,88694,87829,88442,87835,87463,87356,86795,85802,85571,84686,84778,83894
98140,97587,96662,96115,95940,95746,95189,94632,93718,93528,92970,91956,91859,91302,90638,90079,89530,88915,88047,88667,88056,87684,87581,87020,86023,85795,84907,85005,84118
98359,97806,96878,96331,96159,95968,95411,94854,93937,93750,93192,92174,92081,91524,90859,90300,89751,89136,88265,88892,88277,87905,87806,87245,86244,86019,85128,85232,84342
98578,98025,97094,96547,96378,96190,95633,95076,94156,93972,93414,92392,92303,91746,91080,90521,89972,89357,88483,89117,88498,88126,88031,87470,86465,86243,85349,85459,84566
98797,98244,97310,96763,96597,96412,95855,95298,94375,94194,93636,92610,92525,91968,91301,90742,90193,89578,88701,89342,88719,88347,88256,87695,86686,86467,85570,85686,84790
99016,98463,97526,96979,96816,96634,96077,95520,94594,94416,93858,92828,92747,92190,91522,90963,90414,89799,88919,89567,88940,88568,88481,87920,86907,86691,85791,85913,85014
99235,98682,97742,97195,97035,96856,96299,95742,94813,94638,94080,93046,92969,92412,91743,91184,90635,90020,89137,89792,89161,88789,88706,88145,87128,86915,86012,86140,85238
99454,98901,97958,97411,97254,97078,96521,95964,95032,94860,94302,93264,93191,92634,91964,91405,90856,90241,89355,90017,89382,89010,88931,88370,87349,87139,86233,86367,85462
99673,99120,98174,97627,97473,97300,96743,96186,95251,95082,94524,93482,93413,92856,92185,91626,91077,90462,89573,90242,89603,89231,89156,88595,87570,87363,86454,86594,85686
99892,99339,98390,97843,97692,97522,96965,96408,95470,95304,94746,93700,93635,93078,92406,91847,91298,90683,89791,90467,89824,89452,89381,88820,87791,87587,86675,86821,85910
100111,99558,98606,98059,97911,97744,97187,96630,95689,95526,94968,93918,93857,93300,92627,92068,91519,90904,90009,90692,90045,89673,89606,89045,88012,87811,86896,87048,86134
100330,99777,98822,98275,98130,97966,97409,96852,95908,95748,95190,94136,94079,93522,92848,92289,91740,91125,90227,90917,90266,89894,89831,89270,88233,88035,87117,87275,86358
100549,99996,99038,98491,98349,98188,97631,97074,96127,95970,95412,94354,94301,93744,93069,92510,91961,91346,90445,91142,90487,90115,90056,89495,88454,88259,87338,87502,86582
100768,100215,99254,98707,98568,98410,97853,97296,96346,96192,95634,94572,94523,93966,93290,92731,92182,91567,90663,91367,90708,90336,90281,89720,88675,88483,87559,87729,86806
100987,100434,99470,98923,98787,98632,98075,97518,96565,96414,95856,94790,94745,94188,93511,92952,92403,91788,90881,91592,90929,90557,90506,89945,88896,88707,87780,87956,87030
101206,100653,99686,99139,99006,98854,98297,97740,96784,96636,96078,95008,94967,94410,93732,93173,92624,92009,91099,91817,91150,90778,90731,90170,89117,88931,88001,88183,87254
101425,100872,99902,99355,99225,99076,98519,97962,97003,96858,96300,95226,95189,94632,93953,93394,92845,92230,91317,92042,91371,90999,90956,90395,89338,89155,88222,88410,87478
101644,101091,100118,99571,99444,99298,98741,98184,97222,97080,96522,95444,95411,94854,94174,93615,93066,92451,91535,92267,91592,91220,91181,90620,89559,89379,88443,88637,87702
101863,101310,100334,99787,99663,99520,98963,98406,97441,97302,96744,95662,95633,95076,94395,93836,93287,92672,91753,92492,91813,91441,91406,90845,89780,89603,88664,88864,87926
102082,101529,100550,100003,99882,99742,99185,98628,97660,97524,96966,95880,95855,95298,94616,94057,93508,92893,91971,92717,92034,91662,91631,91070,90001,89827,88885,89091,88150
102301,101748,100766,100219,100101,99964,99407,98850,97879,97746,97188,96098,96077,95520,94837,94278,93729,93114,92189,92942,92255,91883,91856,91295,90222,90051,89106,89318,88374
102520,101967,100982,100435,100320,100186,99629,99072,98098,97968,97410,96316,96299,95742,95058,94499,93950,93335,92407,93167,92476,92104,92081,91520,90443,90275,89327,89545,88598
102739,102186,101198,100651,100539,100408,99851,99294,98317,98190,97632,96534,96521,95964,95279,94720,94171,93556,92625,93392,92697,92325,92306,91745,90664,90499,89548,89772,88822
102958,102405,101414,100867,100758,100630,100073,99516,98536,98412,97854,96752,96743,96186,95500,94941,94392,93777,92843,93617,92918,92546,92531,91970,90885,90723,89769,89999,89046
103177,102624,101630,101083,100977,100852,100295,99738,98755,98634,98076,96970,96965,96408,95721,95162,94613,93998,93061,93842,93139,92767,92756,92195,91106,90947,89990,90226,89270
103396,102843,101846,101299,101196,101074,100517,99960,98974,98856,98298,97188,97187,96630,95942,95383,94834,94219,93279,94067,93360,92988,92981,92420,91327,91171,90211,90453,89494
103615,103062,102062,101515,101415,101296,100739,100182,99193,99078,98520,97406,97409,96852,96163,95604,95055,94440,93497,94292,93581,93209,93206,92645,91548,91395,90432,90680,89718
103834,103281,102278,101731,101634,101518,100961,100404,99412,99300,98742,97624,97631,97074,96384,95825,95276,94661,93715,94517,93802,93430,93431,92870,91769,91619,90653,90907,89942
104053,103500,102494,101947,101853,101740,101183,100626,99631,99522,98964,97842,97853,97296,96605,96046,95497,94882,93933,94742,94023,93651,93656,93095,91990,91843,90874,91134,90166
104272,103719,102710,102163,102072,101962,101405,100848,99850,99744,99186,98060,98075,97518,96826,96267,95718,95103,94151,94967,94244,93872,93881,93320,92211,92067,91095,91361,90390
104491,103938,102926,102379,102291,102184,101627,101070,100069,99966,99408,98278,98297,97740,97047,96488,95939,95324,94369,95192,94465,94093,94106,93545,92432,92291,91316,91588,90614
104710,104157,103142,102595,102510,102406,101849,101292,100288,100188,99630,98496,98519,97962,97268,96709,96160,95545,94587,95417,94686,94314,94331,93770,92653,92515,91537,91815,90838
104929,104376,103358,102811,102729,102628,102071,101514,100507,100410,99852,98714,98741,98184,97489,96930,96381,95766,94805,95642,94907,94535,94556,93995,92874,92739,91758,92042,91062
105148,104595,103574,103027,102948,102850,102293,101736,100726,100632,100074,98932,98963,98406,97710,97151,96602,95987,95023,95867,95128,94756,94781,94220,93095,92963,91979,92269,91286
105367,104814,103790,103243,103167,103072,102515,101958,100945,100854,100296,99150,99185,98628,97931,97372,96823,96208,95241,96092,95349,94977,95006,94445,93316,93187,92200,92496,91510
105586,105033,104006,103459,103386,103294,102737,102180,101164,101076,100518,99368,99407,98850,98152,97593,97044,96429,95459,96317,95570,95198,95231,94670,93537,93411,92421,92723,91734
105805,105252,104222,103675,103605,103516,102959,102402,101383,101298,100740,99586,99629,99072,98373,97814,97265,96650,95677,96542,95791,95419,95456,94895,93758,93635,92642,92950,91958
106024,105471,104438,103891,103824,103738,103181,102624,101602,101520,100962,99804,99851,99294,98594,98035,97486,96871,95895,96767,96012,95640,95681,95120,93979,93859,92863,93177,92182
106243,105690,104654,104107,104043,103960,103403,102846,101821,101742,101184,100022,100073,99516,98815,98256,97707,97092,96113,96992,96233,95861,95906,95345,94200,94083,93084,93404,92406
