12159,11814,11470,11126,10773,10430,10086,9743.7,9391.4,9047.9,8705.6,8345.7,8012.5,7707,7440,7156.1,6873.9,6566.6,6295,6215.4,6124.2,5943.8,5661.3,5379.4,5096.2,4814,4524.2,4249.6,3978.7
12216,11871,11528,11183,10829,10487,10143,9799.6,9447.2,9103.7,8761.4,8405.9,8067.7,7757.1,7484.7,7200.8,6918.1,6610.8,6339.2,6259.6,6168.9,5988,5705.5,5423.1,5140,4857.7,4572.8,4297.7,4022
12274,11929,11585,11240,10886,10543,10199,9855.4,9503.1,9159.5,8817.2,8466.1,8122.9,7807.3,7529.4,7245.5,6962.4,6655,6383.4,6303.9,6213.6,6032.3,5749.7,5466.9,5183.7,4901.5,4621.4,4345.8,4065.3
12332,11987,11642,11297,10947,10599,10255,9911.4,9558.9,9215.4,8873.1,8526.3,8178.1,7857.5,7574.5,7290.3,7006.6,6699.5,6427.6,6348.1,6258.3,6076.5,5793.8,5510.6,5227.8,4945.8,4670,4390.8,4108.6
12390,12044,11699,11354,11009,10656,10312,9967.9,9617.9,9271.2,8928.9,8585.4,8233.3,7904,7619.7,7335.5,7051,6744.2,6472.3,6392.3,6302.7,6120.7,5837.5,5554.6,5272.1,4994.4,4716.8,4434.6,4151.9
12448,12102,11756,11411,11066,10713,10368,10024,9678.8,9327,8984.6,8641.2,8291.2,7949.1,7664.4,7380.5,7095.7,6788.9,6517,6436.5,6346.9,6164.9,5881.4,5598.8,5319.9,5042.7,4760.5,4478,4195.2
12511,12161,11813,11468,11123,10774,10425,10080,9736.3,9382.8,9039.9,8696.8,8351.4,8001.9,7709.1,7425.2,7140.6,6833.6,6561.2,6481,6393.5,6209.1,5925.6,5645.3,5368.5,5086.5,4804.3,4521.3,4238.9
12573,12224,11870,11525,11180,10835,10481,10136,9792.2,9443.1,9095.6,8752,8409,8057.1,7754.3,7469.9,7185.8,6878.3,6605.4,6525.7,6442.6,6253.3,5970.9,5693.9,5413.4,5130.2,4848,4564.9,4282.6
12631,12284,11928,11583,11237,10892,10539,10192,9848.4,9504,9156.5,8807.4,8464.2,8116.2,7799.4,7514.6,7233,6923,6654.5,6570.1,6489.8,6297.5,6020,5740.5,5457.1,5174.4,4891.8,4608.6,4326
12688,12342,11989,11640,11294,10948,10601,10251,9904.8,9560.3,9216.8,8863.2,8519.7,8176.4,7844.6,7560.4,7282.7,6970.7,6704.2,6614.3,6534.4,6346.9,6068.2,5784.7,5501.2,5218.7,4935.5,4652.4,4369.3
12746,12400,12052,11701,11351,11005,10661,10313,9965,9616.1,9272.6,8920.8,8575.6,8232.8,7889.8,7610.6,7330.1,7020.4,6749.5,6662,6578.9,6396.5,6112.4,5828.9,5545.4,5262.4,4980.3,4696.1,4416.6
12806,12457,12111,11763,11413,11063,10717,10372,10027,9677.3,9328.4,8981.7,8633.8,8288,7944.9,7659.6,7374.8,7067,6794.1,6711.7,6623.1,6441.1,6156.7,5873.1,5592.9,5306.2,5028.9,4742.1,4465.2
12870,12518,12168,11821,11475,11126,10776,10428,10084,9738.8,9384.2,9040.7,8694.1,8347.1,8000.2,7704.3,7421.6,7111.7,6838.4,6758.2,6669.5,6485.3,6201.4,5919.3,5642.1,5354.3,5076.8,4790.7,4510.1
12931,12581,12230,11879,11533,11186,10838,10488,10139,9794.8,9441.1,9096.5,8751.8,8407.4,8060.4,7750.1,7471.3,7156.4,6882.6,6802.9,6719.1,6534.4,6246.7,5968.4,5687.8,5403,5120.5,4837.2,4553.4
12989,12641,12294,11942,11591,11244,10898,10550,10200,9850.6,9502.6,9154.4,8807.6,8463.6,8120.6,7800.3,7519.1,7201.1,6931.4,6850.3,6766.9,6584.1,6295.8,6015.8,5731.5,5447.8,5164.7,4880.5,4600
13051,12699,12352,12005,11654,11302,10955,10609,10262,9912.2,9564.1,9215.3,8866.5,8518.8,8175.8,7849.4,7564.2,7248.7,6981,6899.4,6811.6,6628.9,6344.5,6060,5775.5,5492,5213.3,4925.4,4648.6
13115,12762,12410,12062,11715,11365,11014,10665,10319,9973.5,9625,9276.2,8927.4,8578.6,8231.1,7894.6,7611.3,7298.3,7026.6,6946,6857.9,6673.1,6388.7,6105.8,5819.7,5539.8,5261.7,4974,4694.5
13174,12826,12473,12121,11773,11427,11076,10726,10376,10030,9684.7,9337.1,8988.3,8639.5,8291.3,7943.1,7661,7345.2,7071.3,6990.7,6907,6722,6433.2,6154.9,5866.6,5588.4,5305.5,5021.4,4738.2
13233,12885,12536,12184,11832,11490,11138,10788,10438,10087,9741.1,9395.6,9049.2,8699.8,8351.6,8003.3,7708.8,7389.9,7120,7038.2,6954.7,6771.6,6482.3,6202.6,5915.7,5633.7,5349.2,5065.1,4784.2
13296,12943,12599,12247,11895,11550,11201,10850,10499,10148,9798.9,9451.4,9106.7,8760,8411.8,8063.5,7753.9,7437.3,7169.6,7087.8,6999.4,6816.7,6531.5,6246.8,5964.9,5677.9,5397.8,5109.9,4832.3
13361,13007,12662,12310,11958,11607,11260,10913,10561,10210,9859.8,9510.1,9162.5,8816.6,8471.9,8123.8,7801.2,7486.9,7219.3,7134.7,7045.6,6860.9,6581.1,6292.3,6014,5725.3,5446.4,5158.5,4878.5
13425,13071,12720,12373,12021,11668,11317,10975,10622,10272,9921,9571.6,9221.8,8872.4,8527.7,8182.8,7851.4,7536.9,7269,7179.4,7095.3,6909.5,6630.7,6341.4,6060.6,5773.9,5490.9,5207.1,4922.3
13490,13134,12781,12437,12084,11731,11378,11037,10685,10333,9982.5,9632.8,9282.7,8932.6,8583.8,8238,7901.6,7587.1,7319,7226.8,7144.9,6959.1,6674.9,6390.5,6104.3,5822.9,5535.1,5255.7,4967.8
13554,13198,12844,12500,12147,11794,11441,11099,10747,10396,10044,9693.7,9343.6,8993.5,8644,8294.6,7951.8,7637.3,7369.2,7276.4,7194.6,7008.8,6719.1,6439.7,6150.3,5872,5583.2,5304.3,5016.4
13618,13263,12908,12564,12210,11857,11504,11162,10809,10458,10106,9755,9404.5,9054.4,8704.3,8355.5,8008.6,7687.5,7415.1,7326.4,7244.3,7058.4,6768.7,6488.9,6199.4,5920.8,5631.8,5352.9,5065
13683,13327,12972,12628,12273,11920,11566,11224,10871,10519,10168,9816.6,9465.9,9115.3,8765.2,8417.6,8073.9,7737.3,7459.8,7376.6,7293.9,7108.1,6818.3,6538.5,6248.5,5969.4,5680.9,5401.4,5113.6
13747,13392,13036,12692,12336,11983,11629,11286,10934,10581,10230,9878.1,9527.5,9176.2,8826.6,8482.8,8136.9,7787,7508.3,7426.5,7343.7,7157.8,6868,6588.1,6297.7,6018.3,5730,5445.6,5162.2
13812,13456,13100,12755,12400,12046,11693,11349,10996,10643,10292,9939.7,9588.5,9237.1,8892.6,8546.9,8197.1,7834.2,7557.9,7476.1,7393.9,7207.4,6917.6,6637.2,6347,6067.4,5778.7,5489.8,5210.8
13877,13520,13168,12819,12464,12110,11761,11412,11058,10706,10353,10001,9649.4,9303.5,8957.9,8607.8,8257.3,7879.4,7608,7526,7443.9,7257.1,6966.8,6686.4,6396.6,6116.6,5827.3,5538.4,5259.4
13942,13585,13238,12883,12527,12173,11828,11474,11121,10768,10415,10063,9715.1,9370.2,9018.8,8668.4,8317.6,7932.8,7658.2,7576.2,7493.6,7306.7,7015.9,6736.1,6446.1,6165.7,5876.3,5587,5308
14007,13649,13303,12946,12591,12236,11891,11537,11184,10830,10478,10129,9781.8,9431.1,9079.7,8728.7,8378.1,7993,7708.4,7626.2,7543.4,7356.4,7065.5,6785.7,6495.2,6214.8,5925.4,5635.6,5356.7
14072,13719,13368,13011,12655,12305,11954,11600,11246,10892,10543,10196,9844,9492,9140.5,8789.1,8439,8053.3,7758.6,7675.8,7593.6,7406.4,7115.2,6834.8,6544.4,6263.9,5974.2,5684.2,5405.3
14137,13790,13432,13076,12725,12373,12018,11663,11309,10958,10611,10259,9905.6,9553.6,9201.6,8850,8499.6,8113.5,7808.8,7725.7,7643.6,7456.6,7164.8,6884,6593.5,6313.1,6022.8,5737.6,5453.9
14203,13854,13497,13145,12794,12437,12083,11726,11374,11025,10674,10320,9967.1,9615.6,9263.1,8912.6,8559.8,8176.9,7859,7775.9,7693.3,7506.4,7214.5,6933.6,6642.7,6362.2,6071.8,5791.6,5502.5
14273,13919,13561,13214,12857,12502,12152,11791,11442,11090,10737,10387,10029,9682.3,9325.8,8978.6,8622.9,8242.9,7913.1,7826.1,7743.1,7556.1,7264.6,6983.3,6692.4,6411.3,6120.9,5841.1,5551.1
14343,13984,13627,13278,12923,12571,12218,11860,11507,11153,10803,10454,10096,9748.3,9391.7,9042.9,8688.9,8305.5,7968.3,7876.3,7793.3,7606.1,7314.8,7032.9,6743.1,6460.4,6173,5889.7,5599.7
14409,14051,13698,13345,12993,12638,12282,11929,11570,11219,10870,10517,10163,9809.8,9457.9,9104.5,8754.8,8365.7,8031.4,7931.8,7843.5,7656.3,7368.9,7082.6,6797.2,6509.8,6227,5938.7,5648.3
14477,14122,13768,13415,13060,12703,12348,11997,11637,11288,10933,10578,10225,9872.4,9524.6,9167.9,8820.8,8428.9,8096.7,7992,7893.7,7706.5,7423.6,7132.2,6850.3,6559.4,6278.3,5987.8,5701.6
14547,14193,13839,13482,13125,12770,12417,12062,11705,11351,10996,10645,10287,9939.1,9589.7,9233.9,8883.9,8494.2,8161.9,8055,7948,7756.7,7473.8,7182.1,6899.9,6610.8,6327.4,6036.6,5755.1
14619,14264,13907,13547,13192,12839,12483,12126,11774,11413,11063,10713,10354,10006,9651.2,9300.2,8944.8,8559.9,8227.2,8120.2,8013.3,7810.1,7523.5,7236.7,6949.6,6664.8,6376.5,6085.2,5804.6
14690,14332,13972,13615,13262,12905,12548,12194,11843,11481,11132,10776,10422,10072,9714.7,9366.9,9008.7,8625.8,8288.4,8185.5,8078.5,7864.7,7577.9,7291.2,6999.2,6717.1,6425.6,6137.6,5853.7
14758,14398,14041,13685,13332,12969,12616,12263,11911,11550,11199,10839,10489,10138,9781.4,9430.7,9074.7,8688.6,8348.6,8250.7,8143.8,7919.8,7633.1,7340.8,7049.8,6766.2,6477.2,6191.6,5906.6
14825,14468,14112,13756,13402,13038,12685,12332,11979,11619,11267,10907,10557,10200,9848.1,9491.6,9141.1,8749.5,8413.5,8313.6,8209.2,7975,7683.5,7390.5,7104.4,6817.1,6531.3,6242.4,5960.1
14896,14539,14183,13826,13472,13108,12754,12401,12043,11687,11335,10974,10624,10264,9914.8,9555.6,9207.8,8813.8,8479.5,8374.5,8275.2,8037.5,7733.1,7445.1,7159,6871.7,6583,6291.5,6010
14968,14611,14254,13898,13543,13178,12824,12470,12107,11755,11403,11042,10692,10332,9981.5,9622.3,9274,8879.7,8544.8,8437.9,8340.9,8102.8,7787.6,7499.8,7213.6,6924.8,6632.1,6343.7,6059.2
15040,14682,14325,13969,13608,13248,12894,12539,12176,11823,11471,11110,10759,10399,10048,9689,9340,8945.7,8610.1,8503.1,8406.2,8168.5,7842.8,7555,7267.5,6974.5,6683.6,6397.7,6111.7
15112,14754,14396,14040,13675,13318,12964,12609,12246,11892,11539,11178,10827,10466,10115,9755.7,9406.4,9011.7,8675.9,8571.8,8471.7,8234.5,7898,7610.2,7317.2,7025.4,6738.3,6451.8,6165.1
15184,14826,14467,14111,13751,13389,13034,12679,12321,11961,11608,11246,10894,10535,10183,9825.6,9473.1,9081.3,8741.9,8642.8,8537.6,8303.8,7953.2,7660.4,7367.5,7079.4,6792.6,6505.8,6219
15257,14898,14539,14182,13825,13458,13103,12748,12393,12030,11676,11314,10962,10608,10250,9897.5,9539.9,9152.3,8812.3,8710.7,8603.3,8374,8017.2,7710.6,7422.1,7133.6,6846.7,6559.9,6273
15329,14970,14610,14253,13896,13531,13173,12818,12463,12102,11745,11385,11030,10678,10316,9966.3,9606.6,9220.1,8883.4,8776.7,8668.6,8441,8082.5,7765.2,7476.7,7188.2,6900.9,6613.9,6323.7
15405,15041,14682,14324,13967,13607,13246,12888,12533,12176,11814,11458,11098,10746,10387,10034,9677.3,9286.8,8949.8,8842.7,8734.1,8507,8147.7,7819.8,7531.3,7242.9,6955.5,6667.9,6372.8
15483,15117,14754,14395,14037,13680,13321,12961,12602,12247,11883,11529,11166,10814,10460,10101,9749.2,9352.9,9015.8,8908.6,8800.1,8572.3,8213,7875.1,7586,7297.5,7010.2,6722,6425.2
15557,15195,14830,14466,14108,13750,13393,13036,12671,12316,11955,11598,11238,10881,10529,10167,9816.7,9418.9,9082.4,8978,8868,8637.6,8283.4,7930.3,7641.2,7352.2,7064.8,6776.3,6479.2
15630,15269,14907,14543,14180,13821,13464,13107,12741,12385,12028,11670,11312,10953,10596,10239,9883.4,9489.7,9149.1,9049.1,8939.1,8707.5,8354.5,7995.6,7696.5,7407.4,7119.2,6830.9,6533.2
15703,15343,14980,14621,14256,13892,13539,13177,12815,12454,12099,11743,11381,11027,10668,10311,9950.1,9561.6,9220.1,9116.5,9008.3,8778.6,8420.2,8060.9,7751.7,7462.5,7173.2,6885.2,6587.3
15779,15421,15053,14692,14333,13968,13615,13252,12890,12528,12168,11813,11449,11095,10742,10380,10017,9628.9,9291.2,9182.5,9075,8845.4,8485.4,8131.1,7806.8,7517.1,7227.4,6939.3,6644.2
15857,15497,15131,14765,14410,14045,13686,13328,12965,12603,12242,11882,11522,11163,10810,10447,10089,9695.6,9363,9252.8,9143.7,8911.3,8556,8201.4,7861.4,7571.7,7282.1,6993.6,6703.1
15936,15570,15209,14843,14486,14122,13757,13398,13040,12679,12317,11956,11595,11235,10877,10519,10162,9767.1,9434.4,9324.6,9214.8,8981.7,8627.1,8272.5,7917.2,7626.4,7336.9,7048.2,6759.4
16015,15647,15288,14921,14557,14197,13834,13469,13111,12753,12391,12030,11670,11309,10950,10592,10234,9838.9,9500.4,9396.4,9286.2,9052.7,8698.1,8343.2,7982.5,7681.1,7392.1,7102.8,6813.4
16090,15725,15363,14999,14631,14269,13911,13545,13182,12823,12465,12105,11744,11382,11024,10665,10305,9911.5,9566.9,9468.3,9358.1,9124.5,8769.2,8408.5,8048.3,7736.3,7447.1,7157.4,6867.8
16165,15804,15435,15077,14709,14343,13987,13621,13257,12894,12535,12179,11817,11456,11097,10737,10378,9984.1,9638.8,9535.2,9429.4,9196.3,8840.2,8474.1,8118.6,7792.6,7501.7,7212,6922.4
16243,15883,15513,15155,14787,14420,14063,13698,13333,12969,12606,12253,11891,11530,11169,10810,10451,10056,9710.7,9601.2,9500.5,9267.4,8911.3,8545.1,8188.9,7852.8,7557.8,7266.7,6976.7
16322,15962,15592,15232,14865,14497,14140,13775,13409,13044,12681,12328,11965,11604,11243,10883,10523,10128,9783.4,9672.2,9572,9338.5,8982.3,8616.1,8260,7914.1,7617.4,7323.2,7030.7
16402,16041,15671,15310,14943,14574,14217,13851,13485,13120,12758,12403,12040,11678,11316,10956,10596,10200,9855.8,9744,9643.8,9410.3,9053.3,8687.2,8330.9,7979.4,7675.7,7382.8,7087.3
16483,16121,15749,15389,15021,14651,14294,13927,13561,13195,12839,12478,12114,11751,11391,11030,10669,10273,9927.7,9821.4,9715.7,9482.1,9124.4,8758.7,8401.2,8045.7,7731,7442.4,7146.9
16563,16201,15828,15468,15098,14729,14371,14004,13637,13271,12917,12552,12189,11826,11465,11103,10742,10346,9999.5,9899.2,9787.5,9553.9,9195.5,8834,8472.4,8116,7787.5,7502,7206.5
16648,16280,15910,15547,15176,14813,14448,14080,13713,13351,12992,12627,12264,11900,11538,11177,10815,10418,10071,9971.1,9859.9,9625.8,9267.3,8908.9,8548.5,8186.3,7847,7559.8,7266.1
16733,16360,15996,15626,15254,14895,14526,14157,13794,13432,13068,12702,12338,11974,11612,11250,10888,10491,10145,10043,9932.5,9697.6,9339,8980.7,8623.5,8256.6,7908.2,7614.4,7323.5
16814,16440,16077,15704,15335,14973,14603,14240,13877,13509,13144,12777,12413,12051,11686,11326,10962,10565,10223,10116,10005,9770.1,9410.1,9052.4,8693.8,8328,7973.5,7670.9,7378.1
16895,16526,16157,15787,15419,15051,14680,14322,13953,13585,13219,12852,12491,12131,11763,11405,11037,10643,10299,10189,10076,9847.1,9482.1,9123.4,8764.2,8403.3,8041.6,7731.2,7434.8
16976,16610,16236,15872,15500,15129,14760,14399,14030,13667,13294,12932,12572,12208,11842,11480,11115,10719,10371,10266,10153,9923.1,9559,9195.5,8835.3,8477.6,8116.9,7791.2,7494.4
17060,16691,16316,15952,15579,15210,14843,14478,14112,13748,13375,13014,12648,12283,11918,11554,11191,10792,10446,10342,10231,9994.9,9634.9,9271.6,8907.7,8548.6,8190.9,7850.8,7554
17146,16775,16403,16033,15663,15295,14927,14560,14193,13825,13457,13090,12723,12362,11992,11631,11264,10867,10524,10415,10309,10068,9706.7,9346.7,8984.6,8621,8261.9,7912.3,7613.6
17228,16861,16489,16118,15747,15379,15010,14640,14271,13903,13538,13165,12803,12441,12070,11711,11342,10946,10602,10488,10387,10146,9779.9,9418.6,9061.3,8697.2,8334.4,7977.5,7673.4
17310,16943,16574,16201,15827,15464,15090,14718,14351,13986,13619,13247,12884,12517,12150,11787,11421,11025,10680,10566,10459,10224,9856.9,9491.9,9137.5,8773.3,8409.7,8046.3,7733.6
17397,17024,16657,16281,15908,15542,15169,14800,14434,14068,13695,13328,12964,12592,12230,11861,11500,11103,10755,10644,10532,10302,9934.1,9568.8,9212,8849.4,8484.9,8121.6,7793.6
17485,17111,16737,16365,15992,15623,15252,14884,14517,14150,13774,13410,13045,12673,12311,11940,11579,11178,10828,10723,10610,10379,10012,9645.8,9283,8925.5,8560.2,8196.9,7853.2
17573,17197,16824,16450,16078,15707,15336,14967,14600,14233,13856,13491,13126,12753,12390,12019,11658,11252,10905,10801,10688,10457,10089,9722.8,9356.1,9001.6,8635.8,8272.2,7916.9
17660,17284,16910,16536,16163,15792,15420,15051,14683,14315,13938,13573,13208,12834,12470,12099,11738,11329,10983,10879,10766,10535,10166,9799.7,9433.1,9077.7,8711.9,8347.4,7987.1
17748,17371,16997,16621,16249,15876,15505,15135,14765,14398,14020,13655,13289,12915,12551,12179,11817,11408,11061,10958,10844,10613,10244,9876.7,9512,9153.9,8788,8422.7,8059.4
17837,17459,17083,16708,16334,15961,15589,15220,14849,14480,14103,13737,13371,12996,12631,12258,11896,11491,11140,11036,10922,10691,10322,9953.6,9594.1,9230,8864.2,8498.3,8134.7
17925,17547,17170,16794,16421,16047,15674,15304,14933,14564,14185,13819,13452,13080,12712,12339,11976,11575,11223,11115,11001,10769,10399,10031,9673.9,9306.1,8940.3,8574.4,8211.9
18013,17634,17262,16881,16509,16132,15760,15388,15017,14647,14274,13900,13534,13166,12793,12425,12056,11655,11307,11194,11080,10847,10477,10111,9750.9,9382.6,9016.4,8652.6,8292.2
18101,17722,17355,16971,16600,16219,15849,15471,15101,14731,14362,13988,13615,13249,12874,12509,12136,11735,11386,11272,11160,10926,10555,10194,9827.9,9459.5,9094.7,8733.8,8370.5
18190,17813,17443,17064,16689,16310,15939,15561,15185,14814,14444,14075,13698,13330,12958,12590,12217,11814,11465,11351,11244,11004,10633,10274,9904.8,9538.9,9175.9,8812.8,8445.8
18284,17908,17531,17152,16775,16400,16025,15652,15273,14898,14527,14158,13780,13412,13044,12670,12302,11895,11545,11434,11326,11083,10715,10351,9984.6,9621,9255.1,8888.9,8521.4
18378,17998,17618,17241,16867,16486,16112,15736,15363,14984,14611,14240,13867,13493,13127,12751,12385,11980,11625,11518,11405,11166,10799,10433,10067,9700.4,9332.1,8967.4,8597.6
18468,18087,17710,17333,16958,16576,16203,15823,15448,15073,14697,14324,13954,13581,13208,12835,12466,12063,11710,11598,11486,11250,10882,10516,10146,9777.4,9411.2,9048.6,8675.5
18560,18182,17803,17423,17045,16667,16291,15914,15533,15163,14786,14409,14042,13669,13295,12921,12549,12143,11795,11678,11570,11334,10965,10595,10224,9857.3,9492.4,9127.3,8755.8
18655,18276,17898,17511,17134,16760,16377,16005,15623,15253,14875,14497,14129,13756,13381,13007,12635,12225,11879,11762,11655,11418,11044,10673,10305,9939.4,9571.3,9203.4,8836.5
18751,18371,17991,17604,17228,16851,16468,16096,15713,15338,14964,14586,14212,13841,13468,13094,12721,12311,11961,11847,11740,11497,11123,10755,10388,10021,9648.3,9282.1,8917.7
18847,18466,18078,17698,17321,16937,16560,16183,15805,15424,15053,14675,14298,13924,13554,13181,12807,12396,12042,11932,11821,11576,11207,10838,10471,10104,9728.2,9363.3,8998.9
18943,18561,18170,17792,17415,17027,16653,16269,15895,15514,15142,14764,14386,14009,13636,13268,12893,12481,12125,12017,11900,11661,11291,10921,10554,10186,9810.3,9445,9080.1
19039,18651,18265,17886,17508,17121,16745,16360,15985,15604,15232,14853,14475,14097,13721,13355,12979,12567,12210,12102,11984,11746,11375,11005,10637,10269,9892.4,9527.1,9161.8
19135,18745,18360,17981,17602,17213,16837,16451,16076,15694,15323,14942,14564,14185,13815,13442,13066,12653,12295,12187,12069,11831,11459,11089,10720,10352,9974.5,9609.2,9243.9
19232,18847,18456,18075,17695,17306,16930,16544,16168,15785,15413,15031,14652,14273,13905,13529,13153,12739,12379,12272,12160,11915,11544,11173,10803,10435,10057,9691.3,9325.4
19329,18944,18551,18170,17789,17399,17022,16638,16260,15876,15503,15121,14740,14366,13993,13616,13240,12824,12469,12357,12249,12000,11628,11257,10886,10518,10140,9773.4,9406.6
19426,19040,18649,18265,17882,17495,17114,16735,16352,15973,15593,15211,14830,14460,14081,13703,13327,12911,12561,12443,12335,12088,11712,11341,10970,10601,10227,9855.5,9488.4
19523,19138,18751,18361,17977,17594,17208,16830,16443,16068,15684,15301,14922,14548,14169,13790,13414,12999,12647,12532,12421,12178,11798,11425,11054,10684,10315,9941.2,9570.4
19621,19234,18849,18462,18072,17691,17307,16923,16539,16159,15775,15395,15017,14637,14257,13878,13503,13090,12733,12623,12507,12265,11889,11511,11138,10767,10399,10028,9652.5
19726,19330,18945,18559,18173,17785,17405,17015,16637,16250,15871,15491,15108,14726,14346,13970,13595,13180,12819,12711,12595,12350,11977,11602,11223,10856,10481,10112,9734.6
19828,19431,19046,18656,18271,17884,17498,17110,16730,16342,15966,15582,15198,14817,14439,14064,13685,13266,12908,12797,12686,12439,12062,11689,11312,10945,10569,10195,9820.3
19926,19534,19146,18758,18366,17983,17596,17208,16823,16437,16057,15673,15293,14913,14534,14152,13773,13356,12999,12887,12775,12530,12150,11773,11401,11027,10658,10282,9907.5
20030,19632,19244,18857,18467,18077,17695,17307,16921,16534,16152,15768,15386,15009,14623,14241,13865,13448,13091,12979,12861,12617,12241,11860,11491,11112,10740,10369,9994.7
20133,19733,19346,18953,18568,18175,17789,17406,17019,16632,16248,15864,15482,15103,14714,14335,13959,13541,13183,13065,12950,12703,12332,11950,11579,11201,10825,10452,10082
20233,19838,19449,19054,18669,18276,17885,17499,17117,16730,16346,15961,15579,15193,14809,14430,14052,13635,13272,13153,13041,12794,12422,12041,11664,11291,10914,10536,10165
20335,19942,19547,19157,18770,18377,17985,17595,17213,16829,16444,16059,15669,15284,14902,14523,14146,13724,13359,13245,13134,12888,12513,12132,11750,11380,11001,10625,10249
20442,20048,19650,19261,18865,18480,18085,17695,17306,16928,16542,16155,15762,15379,14998,14616,14239,13811,13451,13338,13226,12979,12604,12222,11840,11471,11090,10712,10336
20550,20154,19754,19364,18966,18581,18186,17795,17406,17027,16638,16253,15859,15475,15093,14711,14333,13903,13543,13431,13319,13071,12695,12313,11932,11560,11180,10801,10423
20656,20260,19859,19467,19070,18684,18287,17895,17506,17125,16736,16349,15959,15571,15189,14805,14426,13997,13636,13523,13411,13163,12787,12404,12022,11649,11269,10890,10512
20763,20367,19963,19572,19173,18786,18390,17995,17612,17223,16834,16447,16060,15669,15284,14901,14520,14096,13727,13615,13502,13255,12880,12495,12116,11739,11358,10979,10599
20872,20473,20069,19676,19276,18889,18492,18096,17714,17322,16932,16545,16156,15771,15378,14996,14614,14194,13826,13708,13596,13348,12971,12586,12211,11830,11447,11068,10693
20981,20581,20175,19782,19381,18992,18593,18205,17814,17422,17030,16644,16255,15868,15474,15092,14710,14288,13924,13802,13689,13443,13062,12678,12303,11920,11539,11162,10787
21090,20689,20282,19888,19490,19095,18696,18310,17915,17521,17131,16742,16353,15966,15573,15187,14804,14383,14017,13899,13785,13541,13154,12775,12394,12011,11634,11255,10875
21199,20798,20396,19994,19599,19199,18805,18412,18016,17625,17229,16840,16453,16064,15676,15283,14898,14476,14111,13998,13884,13634,13246,12870,12485,12101,11728,11344,10965
21309,20907,20508,20106,19705,19302,18912,18513,18116,17732,17331,16943,16556,16161,15773,15385,14994,14575,14204,14092,13979,13727,13341,12961,12575,12194,11818,11436,11059
21418,21016,20614,20217,19813,19411,19015,18616,18221,17833,17437,17046,16655,16264,15869,15486,15095,14674,14301,14186,14073,13825,13439,13056,12674,12291,11910,11532,11152
21532,21129,20721,20323,19925,19521,19123,18723,18329,17935,17543,17146,16753,16364,15973,15587,15197,14768,14401,14285,14171,13924,13538,13153,12769,12387,12006,11624,11242
21650,21244,20832,20433,20033,19625,19232,18832,18437,18041,17648,17247,16857,16462,16074,15686,15298,14864,14502,14384,14270,14017,13637,13247,12861,12484,12099,11713,11333
21762,21354,20948,20547,20142,19736,19338,18942,18544,18145,17748,17353,16963,16564,16176,15782,15399,14965,14602,14484,14369,14112,13731,13340,12954,12575,12189,11807,11427
21876,21468,21066,20656,20254,19848,19444,19049,18647,18247,17851,17457,17067,16668,16280,15884,15501,15065,14701,14585,14468,14211,13823,13435,13050,12667,12284,11902,11521
21996,21586,21179,20769,20369,19960,19555,19153,18753,18356,17957,17563,17172,16772,16384,15987,15598,15166,14800,14685,14567,14311,13922,13534,13148,12764,12379,11996,11616
22114,21702,21288,20882,20482,20073,19667,19262,18861,18462,18065,17670,17277,16876,16488,16090,15694,15267,14901,14784,14669,14411,14021,13633,13246,12861,12476,12092,11710
22234,21821,21404,21000,20596,20185,19779,19373,18970,18570,18173,17776,17383,16980,16590,16192,15803,15369,15002,14885,14769,14510,14120,13732,13342,12957,12572,12189,11806
22355,21940,21521,21115,20710,20300,19891,19485,19081,18679,18279,17883,17489,17085,16693,16295,15909,15470,15102,14986,14868,14609,14219,13829,13441,13055,12669,12286,11903
22476,22061,21639,21230,20825,20412,20004,19597,19191,18789,18389,17990,17595,17190,16797,16399,16010,15572,15203,15086,14968,14707,14317,13928,13542,13153,12765,12380,11998
22596,22180,21762,21346,20941,20526,20116,19709,19305,18903,18497,18098,17700,17301,16902,16503,16113,15678,15304,15187,15070,14809,14420,14033,13646,13254,12862,12477,12092
22718,22299,21887,21467,21056,20641,20235,19828,19421,19017,18609,18213,17807,17412,17007,16613,16216,15784,15406,15291,15169,14915,14526,14135,13745,13357,12962,12579,12189
22840,22421,22006,21592,21174,20758,20354,19942,19534,19128,18724,18324,17917,17517,17113,16721,16323,15886,15507,15396,15276,15019,14626,14234,13845,13455,13065,12680,12290
22966,22545,22124,21710,21290,20880,20468,20055,19648,19242,18834,18432,18032,17626,17225,16825,16432,15991,15614,15499,15382,15120,14725,14336,13947,13553,13164,12777,12392
23095,22673,22246,21830,21412,21000,20588,20176,19767,19360,18945,18545,18141,17738,17335,16933,16536,16100,15721,15602,15483,15224,14832,14441,14050,13655,13261,12875,12486
23220,22795,22373,21957,21535,21116,20708,20293,19881,19470,19062,18658,18250,17847,17446,17044,16641,16206,15829,15709,15588,15331,14937,14543,14149,13759,13361,12977,12584
23345,22921,22502,22078,21660,21238,20824,20406,19994,19585,19179,18768,18364,17954,17557,17154,16751,16308,15937,15816,15696,15438,15044,14642,14251,13862,13465,13080,12686
23477,23050,22627,22199,21783,21361,20943,20527,20112,19703,19294,18880,18479,18068,17670,17266,16861,16416,16046,15925,15803,15545,15150,14746,14355,13966,13570,13183,12788
23609,23180,22750,22326,21901,21487,21065,20648,20233,19822,19413,18997,18592,18181,17778,17376,16972,16526,16154,16033,15910,15652,15255,14853,14461,14071,13672,13282,12890
23740,23313,22876,22452,22026,21609,21188,20768,20352,19940,19530,19115,18707,18295,17885,17489,17082,16636,16263,16141,16019,15759,15362,14960,14566,14175,13776,13379,12992
23874,23443,23006,22581,22153,21735,21314,20890,20474,20059,19647,19231,18824,18410,18004,17601,17195,16747,16372,16250,16127,15867,15469,15066,14671,14280,13881,13486,13094
24009,23576,23137,22710,22287,21860,21436,21015,20596,20179,19766,19348,18941,18526,18123,17714,17307,16857,16482,16359,16237,15975,15576,15177,14778,14384,13984,13594,13196
24142,23706,23271,22839,22415,21988,21559,21136,20717,20299,19884,19468,19056,18645,18237,17826,17417,16971,16592,16469,16345,16084,15686,15287,14884,14488,14089,13696,13299
24276,23839,23409,22971,22544,22113,21688,21262,20845,20420,20004,19591,19172,18765,18350,17939,17530,17087,16701,16577,16454,16197,15793,15394,14991,14595,14199,13801,13406
24411,23975,23540,23109,22673,22239,21820,21393,20971,20544,20130,19710,19295,18882,18465,18054,17647,17199,16811,16693,16567,16310,15901,15501,15102,14700,14306,13905,13513
24554,24114,23678,23239,22808,22374,21946,21518,21093,20671,20255,19831,19416,18998,18586,18174,17765,17313,16927,16808,16683,16420,16015,15608,15211,14810,14411,14010,13618
24699,24251,23815,23375,22941,22508,22076,21648,21222,20793,20375,19957,19535,19114,18705,18290,17877,17429,17043,16918,16800,16530,16126,15723,15318,14921,14519,14119,13720
24842,24387,23948,23512,23070,22642,22208,21780,21350,20918,20498,20078,19659,19238,18821,18406,17993,17548,17159,17033,16915,16646,16235,15836,15429,15027,14631,14228,13828
24979,24530,24088,23652,23206,22772,22336,21912,21475,21048,20625,20197,19784,19361,18943,18527,18113,17666,17275,17149,17027,16762,16349,15950,15542,15135,14741,14338,13938
25122,24673,24228,23788,23346,22904,22467,22040,21605,21176,20753,20325,19909,19486,19065,18647,18231,17779,17385,17264,17141,16879,16464,16064,15654,15248,14851,14448,14048
25268,24817,24371,23922,23483,23040,22603,22165,21734,21307,20881,20452,20036,19610,19189,18768,18352,17894,17505,17383,17257,16995,16580,16178,15767,15360,14957,14560,14158
25416,24961,24513,24062,23623,23178,22738,22298,21867,21437,21012,20579,20161,19733,19312,18892,18474,18019,17629,17501,17373,17110,16695,16291,15882,15471,15066,14671,14268
25562,25109,24657,24209,23763,23314,22878,22438,22005,21569,21143,20707,20287,19859,19435,19015,18595,18144,17748,17620,17491,17228,16811,16406,15994,15590,15184,14781,14378
25713,25259,24801,24355,23902,23454,23020,22580,22143,21702,21273,20838,20413,19985,19565,19145,18717,18263,17867,17738,17616,17346,16929,16521,16109,15708,15300,14893,14488
25865,25411,24949,24497,24042,23601,23159,22716,22277,21841,21403,20973,20541,20110,19694,19271,18843,18384,17986,17861,17738,17463,17053,16638,16226,15821,15410,15003,14598
26016,25555,25100,24641,24188,23743,23295,22852,22409,21975,21538,21102,20675,20242,19819,19394,18970,18504,18111,17987,17856,17584,17172,16759,16346,15934,15522,15114,14708
26171,25710,25249,24789,24337,23885,23435,22988,22545,22108,21676,21235,20807,20374,19944,19518,19092,18632,18236,18106,17979,17708,17289,16879,16462,16047,15637,15229,14825
26327,25861,25400,24940,24481,24032,23580,23131,22688,22249,21808,21371,20935,20502,20069,19642,19218,18756,18356,18228,18106,17828,17413,16995,16579,16166,15756,15347,14940
26484,26011,25549,25090,24631,24173,23726,23276,22831,22386,21944,21510,21069,20636,20203,19773,19348,18878,18478,18356,18226,17950,17537,17118,16700,16285,15874,15465,15050
26638,26165,25705,25242,24778,24319,23871,23420,22973,22520,22082,21647,21206,20769,20336,19906,19476,19007,18606,18481,18348,18074,17662,17239,16821,16406,15993,15583,15165
26797,26322,25859,25397,24929,24469,24013,23567,23118,22663,22223,21779,21343,20906,20470,20038,19607,19135,18734,18608,18476,18198,17786,17364,16944,16527,16113,15702,15283
26958,26483,26013,25553,25083,24623,24166,23714,23264,22805,22365,21916,21482,21040,20602,20170,19738,19264,18861,18736,18604,18325,17910,17487,17066,16648,16233,15820,15401
27116,26643,26172,25706,25237,24777,24317,23861,23408,22950,22505,22056,21617,21176,20737,20304,19872,19395,18989,18865,18731,18452,18035,17610,17190,16769,16354,15941,15519
27278,26803,26328,25858,25388,24931,24464,24008,23555,23102,22647,22203,21756,21313,20871,20436,20003,19523,19117,18994,18859,18581,18163,17734,17314,16892,16475,16060,15642
27443,26970,26488,26017,25546,25083,24616,24154,23699,23246,22790,22347,21897,21450,21011,20571,20135,19654,19247,19122,18989,18714,18289,17861,17436,17014,16596,16180,15766
27613,27133,26651,26174,25704,25240,24768,24300,23848,23393,22934,22486,22037,21590,21154,20708,20273,19788,19381,19250,19125,18845,18413,17985,17560,17136,16719,16300,15884
27782,27296,26814,26333,25863,25396,24919,24453,23999,23538,23086,22627,22182,21733,21290,20849,20411,19928,19518,19381,19254,18973,18541,18113,17688,17265,16846,16421,16005
27952,27460,26978,26496,26019,25552,25076,24612,24152,23686,23231,22773,22323,21877,21433,20985,20546,20066,19649,19516,19386,19106,18674,18245,17818,17393,16972,16544,16124
28119,27627,27144,26659,26181,25709,25236,24766,24305,23838,23376,22926,22467,22024,21574,21122,20680,20202,19783,19650,19521,19241,18808,18377,17949,17516,17094,16671,16248
28290,27797,27314,26823,26342,25863,25398,24922,24458,23988,23525,23075,22619,22163,21713,21265,20821,20335,19920,19788,19658,19370,18942,18511,18078,17643,17222,16799,16373
28461,27969,27480,26988,26510,26026,25552,25084,24614,24143,23680,23225,22768,22308,21856,21409,20965,20473,20057,19928,19795,19505,19073,18638,18205,17773,17350,16928,16499
28633,28140,27652,27163,26676,26191,25713,25241,24770,24299,23836,23374,22914,22458,22001,21551,21106,20614,20199,20065,19936,19642,19203,18768,18334,17903,17480,17055,16626
28809,28312,27820,27329,26844,26356,25880,25397,24923,24459,23990,23521,23064,22607,22151,21696,21249,20755,20338,20202,20073,19779,19339,18902,18468,18036,17610,17184,16753
28986,28486,27991,27493,27008,26521,26038,25562,25088,24614,24145,23680,23215,22754,22300,21841,21392,20896,20475,20344,20210,19916,19478,19040,18607,18168,17740,17314,16880
29168,28668,28168,27669,27175,26691,26206,25724,25249,24772,24299,23836,23368,22901,22447,21989,21537,21037,20616,20483,20350,20056,19621,19182,18745,18304,17871,17442,17008
29347,28844,28341,27842,27349,26857,26373,25888,25408,24937,24457,23988,23522,23055,22598,22136,21684,21188,20757,20623,20492,20202,19759,19317,18879,18441,18001,17572,17142
29527,29017,28518,28019,27524,27026,26536,26053,25569,25095,24618,24145,23678,23208,22750,22287,21834,21334,20901,20765,20631,20345,19896,19452,19015,18576,18138,17702,17276
29707,29197,28698,28193,27698,27202,26704,26219,25737,25254,24781,24305,23833,23366,22902,22439,21985,21480,21052,20915,20778,20484,20035,19588,19149,18710,18275,17836,17404
29894,29377,28875,28368,27871,27376,26881,26386,25905,25423,24944,24468,23992,23525,23052,22589,22128,21625,21196,21061,20925,20629,20181,19731,19292,18850,18407,17974,17534
30082,29562,29053,28547,28044,27549,27054,26559,26072,25586,25109,24628,24151,23680,23203,22740,22277,21775,21342,21203,21067,20776,20325,19874,19433,18988,18544,18111,17670
30263,29747,29238,28723,28218,27722,27225,26729,26239,25748,25270,24789,24312,23835,23361,22897,22434,21931,21491,21352,21216,20920,20470,20020,19574,19123,18684,18247,17807
30450,29930,29419,28903,28397,27892,27396,26896,26405,25914,25437,24949,24472,23996,23521,23051,22591,22079,21639,21504,21364,21064,20614,20167,19717,19265,18823,18380,17945
30643,30118,29600,29084,28578,28074,27572,27073,26577,26086,25604,25113,24636,24159,23682,23208,22745,22229,21792,21652,21512,21215,20759,20311,19861,19406,18963,18517,18085
30836,30310,29785,29268,28762,28255,27751,27248,26748,26255,25768,25280,24803,24316,23842,23369,22899,22382,21946,21806,21662,21369,20912,20459,20007,19549,19105,18657,18221
31029,30499,29972,29456,28944,28429,27928,27425,26925,26425,25939,25452,24966,24482,24002,23529,23058,22541,22100,21960,21816,21521,21063,20606,20153,19697,19246,18802,18360
31219,30691,30161,29643,29130,28614,28108,27601,27100,26601,26108,25621,25133,24647,24164,23690,23214,22700,22252,22111,21967,21674,21208,20754,20300,19847,19389,18947,18498
31413,30885,30353,29830,29312,28801,28289,27777,27275,26777,26276,25789,25296,24809,24326,23855,23373,22853,22404,22269,22123,21827,21361,20898,20447,19993,19532,19086,18638
31608,31081,30544,30022,29497,28985,28473,27960,27456,26951,26451,25958,25464,24980,24497,24018,23535,23010,22563,22425,22281,21980,21516,21051,20595,20137,19679,19228,18782
31808,31275,30738,30211,29688,29169,28657,28143,27635,27125,26627,26128,25634,25149,24665,24180,23700,23176,22720,22583,22440,22138,21672,21208,20746,20283,19832,19372,18927
32007,31471,30933,30400,29878,29355,28843,28322,27814,27306,26808,26303,25809,25315,24834,24343,23863,23338,22882,22741,22597,22294,21823,21359,20896,20432,19976,19522,19068
32205,31670,31127,30595,30072,29543,29026,28504,27996,27488,26986,26481,25980,25486,25002,24508,24026,23498,23042,22897,22760,22451,21975,21510,21047,20584,20122,19672,19215
32409,31865,31325,30790,30266,29734,29210,28691,28178,27671,27166,26658,26154,25661,25167,24677,24193,23659,23203,23062,22919,22613,22137,21666,21203,20740,20272,19821,19364
32612,32064,31522,30988,30458,29928,29398,28880,28362,27857,27342,26838,26331,25831,25341,24851,24358,23823,23371,23226,23081,22776,22297,21826,21357,20892,20423,19971,19511
32819,32270,31722,31189,30647,30119,29587,29069,28550,28039,27521,27017,26509,26005,25513,25021,24527,23990,23538,23387,23245,22935,22458,21985,21512,21042,20578,20120,19660
33026,32472,31928,31385,30842,30313,29780,29262,28735,28218,27703,27199,26687,26183,25689,25191,24700,24156,23702,23550,23412,23102,22616,22146,21671,21201,20731,20267,19807
33233,32680,32129,31586,31044,30508,29976,29450,28928,28404,27887,27382,26868,26364,25865,25365,24871,24325,23866,23719,23578,23266,22779,22304,21831,21361,20888,20422,19958
33441,32887,32333,31787,31249,30704,30175,29638,29117,28593,28075,27561,27047,26546,26041,25541,25042,24495,24034,23889,23744,23430,22943,22462,21992,21519,21049,20580,20113
33653,33090,32541,31989,31450,30899,30371,29836,29308,28782,28262,27748,27234,26727,26214,25714,25218,24671,24203,24059,23908,23594,23107,22624,22147,21677,21202,20732,20265
33871,33302,32753,32191,31648,31102,30566,30032,29500,28974,28450,27931,27415,26905,26391,25888,25392,24846,24373,24229,24077,23758,23271,22789,22306,21836,21357,20886,20420
34084,33520,32961,32397,31848,31309,30761,30227,29690,29165,28641,28117,27595,27085,26571,26063,25566,25020,24549,24396,24247,23933,23442,22959,22476,22000,21521,21044,20578
34298,33727,33168,32609,32060,31506,30962,30427,29889,29356,28831,28307,27783,27268,26758,26248,25744,25196,24722,24568,24421,24104,23610,23127,22644,22162,21683,21203,20735
34514,33940,33378,32817,32267,31710,31159,30624,30090,29551,29017,28496,27972,27452,26942,26432,25921,25369,24893,24745,24592,24272,23776,23296,22805,22325,21846,21366,20890
34734,34156,33592,33025,32469,31921,31363,30822,30290,29746,29212,28688,28161,27641,27125,26615,26100,25546,25066,24920,24768,24446,23949,23462,22970,22490,22006,21530,21051
34953,34373,33805,33240,32677,32129,31570,31023,30486,29942,29410,28883,28353,27831,27311,26799,26283,25725,25245,25094,24946,24623,24121,23629,23136,22656,22168,21691,21213
35168,34593,34019,33459,32891,32337,31781,31225,30682,30138,29608,29076,28546,28018,27498,26982,26464,25907,25428,25272,25122,24795,24299,23800,23311,22822,22336,21857,21373
35393,34812,34238,33673,33104,32545,31986,31431,30883,30338,29804,29266,28736,28206,27683,27167,26647,26088,25605,25446,25297,24969,24475,23974,23481,22990,22503,22023,21537
35618,35033,34457,33887,33318,32749,32194,31639,31085,30545,30001,29461,28931,28401,27871,27355,26835,26271,25782,25630,25476,25150,24650,24152,23651,23162,22673,22189,21703
35845,35258,34677,34102,33533,32967,32407,31847,31292,30746,30202,29662,29127,28591,28066,27540,27024,26456,25970,25811,25658,25331,24828,24326,23827,23330,22845,22351,21868
36074,35484,34897,34322,33752,33181,32619,32056,31500,30946,30405,29865,29323,28783,28257,27727,27210,26641,26153,25990,25841,25513,25002,24503,24001,23502,23016,22518,22031
36296,35709,35119,34541,33969,33395,32828,32268,31711,31154,30607,30067,29519,28979,28454,27924,27401,26829,26332,26177,26021,25696,25180,24682,24174,23676,23183,22688,22201
36523,35934,35344,34761,34186,33611,33042,32479,31922,31362,30809,30266,29719,29176,28650,28117,27591,27016,26517,26362,26206,25876,25364,24861,24352,23852,23353,22858,22372
36757,36164,35570,34985,34406,33831,33258,32693,32133,31573,31015,30466,29925,29376,28843,28308,27782,27207,26708,26553,26394,26061,25549,25040,24531,24025,23529,23031,22541
36986,36394,35799,35210,34626,34051,33476,32907,32343,31783,31223,30673,30125,29575,29043,28503,27973,27394,26898,26743,26584,26248,25731,25219,24710,24202,23707,23205,22713
37215,36621,36030,35435,34846,34270,33696,33126,32551,31991,31431,30881,30326,29776,29240,28705,28169,27584,27088,26932,26771,26436,25914,25398,24889,24381,23886,23378,22886
37455,36856,36261,35661,35076,34496,33915,33345,32770,32205,31645,31084,30534,29983,29442,28902,28361,27779,27275,27120,26961,26625,26103,25582,25069,24565,24065,23557,23056
37692,37087,36493,35891,35306,34721,34136,33565,32989,32419,31858,31289,30742,30187,29640,29103,28559,27972,27467,27307,27153,26812,26293,25772,25254,24750,24240,23736,23230
37923,37323,36728,36118,35533,34946,34361,33783,33203,32633,32068,31503,30951,30395,29843,29300,28759,28169,27664,27502,27348,27007,26479,25958,25440,24933,24418,23913,23406
38159,37560,36958,36350,35762,35172,34587,33999,33419,32847,32282,31715,31157,30601,30048,29500,28959,28366,27859,27699,27541,27198,26667,26147,25629,25113,24597,24093,23583
38400,37795,37185,36585,35990,35397,34810,34222,33639,33064,32496,31926,31363,30808,30254,29703,29161,28563,28050,27891,27738,27390,26862,26333,25817,25293,24779,24275,23760
38642,38028,37417,36818,36223,35626,35036,34445,33862,33284,32714,32144,31575,31016,30460,29909,29361,28763,28250,28084,27935,27583,27053,26522,26005,25481,24963,24455,23940
38883,38269,37655,37054,36457,35854,35267,34668,34088,33504,32930,32363,31793,31229,30669,30114,29563,28966,28453,28287,28129,27780,27242,26713,26191,25672,25149,24635,24121
39129,38510,37896,37290,36687,36082,35497,34897,34313,33728,33148,32579,32008,31443,30878,30327,29770,29169,28655,28490,28325,27978,27439,26909,26381,25859,25340,24821,24307
39369,38751,38137,37526,36921,36313,35724,35128,34543,33953,33368,32793,32218,31653,31087,30536,29975,29367,28854,28690,28523,28179,27642,27106,26569,26046,25531,25007,24493
39606,38993,38378,37764,37157,36552,35954,35359,34769,34179,33589,33013,32438,31871,31306,30744,30188,29577,29055,28895,28726,28382,27836,27303,26761,26242,25715,25196,24679
39857,39239,38619,38006,37393,36793,36185,35585,34990,34405,33814,33234,32661,32087,31520,30955,30397,29789,29257,29099,28934,28580,28033,27496,26960,26434,25901,25387,24868
40103,39484,38862,38247,37633,37030,36416,35821,35226,34635,34040,33458,32878,32307,31735,31169,30606,29992,29466,29303,29137,28783,28237,27694,27161,26628,26095,25576,25056
40353,39724,39106,38488,37874,37266,36652,36057,35457,34861,34267,33680,33102,32527,31952,31384,30818,30200,29675,29506,29340,28987,28440,27892,27359,26823,26290,25763,25243
40598,39966,39349,38731,38115,37507,36893,36288,35687,35088,34498,33905,33330,32744,32172,31601,31029,30412,29884,29715,29547,29190,28643,28089,27557,27016,26482,25950,25430
40843,40212,39594,38974,38356,37743,37134,36519,35915,35320,34729,34131,33556,32965,32388,31821,31242,30624,30093,29924,29752,29394,28847,28293,27755,27212,26679,26146,25622
41093,40464,39840,39218,38597,37979,37370,36755,36152,35554,34959,34359,33778,33191,32607,32037,31456,30838,30301,30135,29963,29600,29050,28502,27952,27410,26877,26344,25815
41348,40718,40087,39463,38837,38219,37611,36992,36392,35787,35190,34587,34005,33416,32831,32252,31676,31053,30515,30349,30178,29812,29257,28707,28159,27608,27075,26536,26007
41598,40968,40337,39709,39082,38464,37847,37233,36626,36024,35424,34816,34232,33642,33057,32471,31891,31263,30725,30561,30388,30023,29463,28907,28363,27811,27273,26730,26201
41848,41217,40586,39954,39327,38706,38088,37474,36861,36257,35657,35051,34462,33868,33277,32697,32116,31477,30941,30771,30597,30233,29671,29114,28567,28020,27472,26930,26397
42101,41472,40832,40201,39576,38955,38333,37715,37101,36490,35888,35283,34689,34093,33503,32922,32336,31698,31159,30983,30817,30446,29880,29328,28776,28224,27676,27133,26593
42358,41727,41082,40453,39826,39201,38579,37957,37342,36729,36126,35518,34923,34319,33734,33148,32558,31923,31376,31202,31036,30665,30094,29542,28981,28429,27880,27334,26794
42617,41977,41338,40706,40073,39446,38824,38202,37583,36970,36363,35754,35155,34550,33965,33374,32783,32147,31596,31426,31251,30880,30314,29752,29190,28636,28084,27536,26995
42873,42234,41597,40956,40321,39696,39070,38448,37826,37211,36599,35990,35386,34786,34195,33599,33011,32366,31813,31647,31469,31100,30529,29966,29399,28840,28290,27740,27193
43128,42492,41851,41207,40573,39946,39315,38693,38071,37449,36838,36230,35621,35027,34422,33827,33237,32585,32034,31867,31695,31320,30743,30177,29611,29049,28499,27944,27396
43388,42747,42105,41460,40827,40195,39561,38934,38317,37690,37079,36471,35857,35262,34652,34056,33460,32812,32256,32087,31918,31540,30958,30394,29823,29264,28706,28148,27600
43650,43001,42354,41711,41080,40445,39810,39184,38562,37935,37323,36707,36098,35494,34883,34285,33691,33043,32480,32308,32138,31760,31177,30611,30035,29479,28914,28356,27804
43907,43256,42610,41969,41331,40695,40060,39435,38808,38181,37566,36947,36339,35730,35116,34521,33924,33272,32706,32534,32361,31981,31402,30826,30250,29690,29123,28566,28008
44164,43515,42868,42228,41585,40947,40313,39684,39053,38428,37806,37192,36575,35966,35353,34757,34155,33500,32935,32760,32587,32203,31625,31044,30468,29904,29333,28780,28213
44426,43778,43126,42486,41839,41201,40567,39934,39299,38677,38050,37438,36821,36202,35594,34991,34383,33731,33162,32990,32816,32429,31846,31265,30689,30118,29547,28990,28424
44687,44039,43386,42744,42098,41456,40819,40184,39549,38923,38295,37679,37062,36443,35833,35224,34618,33962,33392,33217,33043,32655,32072,31485,30909,30333,29767,29200,28637
44949,44296,43648,43002,42356,41715,41068,40434,39799,39172,38543,37920,37307,36684,36071,35458,34856,34193,33623,33448,33273,32880,32300,31705,31129,30553,29982,29414,28849
45215,44562,43909,43259,42614,41973,41322,40687,40053,39417,38791,38164,37548,36925,36312,35696,35092,34427,33858,33680,33504,33109,32525,31934,31354,30774,30202,29625,29064
45483,44827,44167,43516,42871,42231,41578,40941,40307,39664,39038,38413,37793,37165,36552,35939,35328,34663,34090,33915,33735,33340,32755,32160,31580,30994,30418,29842,29279
45748,45093,44432,43775,43129,42484,41834,41194,40561,39917,39287,38660,38038,37411,36793,36180,35567,34899,34325,34145,33962,33570,32982,32386,31801,31220,30638,30062,29491
46012,45356,44698,44038,43386,42741,42097,41450,40811,40167,39537,38905,38283,37656,37035,36421,35808,35131,34565,34376,34195,33804,33211,32616,32026,31445,30860,30282,29709
46282,45618,44960,44303,43645,43003,42359,41707,41067,40426,39788,39152,38532,37902,37280,36661,36048,35368,34797,34611,34431,34040,33446,32847,32257,31665,31084,30503,29931
46551,45884,45221,44569,43908,43262,42617,41961,41323,40684,40042,39406,38782,38147,37525,36902,36289,35612,35033,34850,34671,34276,33678,33073,32488,31888,31308,30723,30149
46816,46153,45483,44830,44174,43519,42874,42220,41576,40943,40296,39663,39028,38396,37771,37146,36532,35858,35273,35087,34908,34512,33913,33304,32714,32119,31537,30946,30367
47082,46417,45749,45091,44440,43779,43135,42482,41831,41198,40550,39917,39276,38646,38021,37396,36778,36101,35513,35328,35148,34751,34145,33535,32945,32350,31761,31172,30588
47350,46685,46018,45354,44705,44045,43394,42744,42090,41454,40808,40170,39528,38892,38271,37644,37023,36341,35750,35569,35388,34992,34380,33775,33176,32579,31984,31398,30812
47618,46952,46287,45620,44970,44311,43656,43006,42352,41709,41066,40419,39782,39147,38521,37890,37266,36582,35990,35808,35629,35232,34619,34016,33407,32808,32212,31627,31038
47889,47221,46551,45889,45235,44576,43920,43264,42614,41966,41324,40673,40037,39403,38766,38134,37508,36827,36234,36046,35866,35470,34860,34252,33643,33044,32445,31854,31260
48161,47493,46821,46157,45502,44841,44181,43523,42871,42227,41579,40931,40294,39657,39014,38380,37753,37074,36479,36291,36108,35706,35101,34488,33874,33278,32678,32080,31485
48432,47760,47093,46430,45771,45105,44446,43787,43132,42484,41837,41189,40548,39908,39268,38629,38001,37319,36728,36537,36354,35946,35338,34728,34110,33509,32907,32306,31714
48702,48028,47365,46695,46039,45370,44712,44052,43394,42741,42099,41447,40801,40161,39521,38883,38254,37565,36975,36787,36599,36191,35573,34964,34346,33741,33140,32538,31945
48973,48297,47636,46961,46303,45634,44976,44316,43657,43003,42359,41707,41059,40419,39775,39137,38504,37812,37220,37032,36844,36439,35815,35200,34586,33977,33378,32774,32176
49243,48570,47908,47230,46574,45899,45241,44577,43923,43264,42616,41969,41321,40677,40031,39391,38758,38065,37465,37277,37089,36687,36061,35440,34822,34213,33614,33010,32407
49517,48845,48179,47502,46843,46168,45509,44841,44187,43528,42873,42229,41580,40934,40289,39648,39012,38315,37712,37522,37334,36933,36306,35684,35067,34450,33850,33246,32642
49793,49119,48449,47773,47112,46435,45781,45109,44448,43794,43134,42486,41834,41192,40545,39903,39266,38569,37961,37771,37580,37182,36551,35926,35318,34691,34086,33482,32878
50071,49393,48720,48044,47383,46706,46049,45378,44716,44057,43399,42744,42091,41449,40798,40157,39516,38818,38212,38020,37831,37427,36796,36169,35559,34936,34321,33718,33110
50349,49667,48990,48315,47655,46978,46317,45646,44985,44319,43664,43009,42352,41703,41052,40412,39768,39067,38466,38273,38084,37677,37042,36414,35803,35181,34560,33953,33348
50623,49941,49260,48588,47925,47249,46580,45914,45254,44587,43931,43274,42615,41961,41309,40670,40024,39320,38720,38527,38334,37931,37293,36662,36048,35422,34806,34189,33585
50897,50215,49535,48866,48196,47520,46849,46181,45520,44856,44199,43539,42880,42223,41570,40928,40282,39577,38974,38781,38588,38176,37546,36912,36293,35667,35051,34429,33821
51172,50493,49813,49140,48467,47791,47118,46453,45786,45124,44463,43804,43145,42486,41832,41190,40540,39832,39227,39034,38842,38425,37797,37164,36542,35912,35295,34675,34056
51449,50770,50090,49411,48737,48062,47386,46725,46058,45392,44727,44069,43410,42751,42093,41447,40798,40087,39485,39290,39095,38678,38050,37417,36788,36157,35536,34918,34298
51723,51048,50364,49682,49007,48334,47661,46996,46325,45658,44995,44332,43672,43016,42356,41712,41059,40345,39739,39546,39348,38931,38299,37670,37036,36402,35781,35158,34544
52000,51325,50638,49957,49284,48608,47936,47266,46596,45922,45263,44593,43936,43276,42621,41974,41317,40603,39991,39799,39605,39190,38548,37919,37285,36651,36026,35401,34786
52278,51598,50912,50235,49559,48882,48210,47532,46864,46190,45533,44866,44205,43540,42886,42234,41582,40865,40247,40052,39863,39450,38801,38168,37534,36903,36276,35651,35026
52556,51876,51186,50513,49833,49160,48484,47803,47134,46461,45804,45134,44473,43808,43146,42495,41844,41126,40506,40309,40118,39708,39057,38422,37783,37157,36525,35900,35271
52838,52154,51464,50788,50111,49434,48758,48076,47409,46735,46072,45402,44737,44076,43411,42756,42105,41387,40767,40570,40373,39964,39312,38675,38034,37409,36774,36145,35519
53120,52432,51746,51063,50389,49708,49032,48350,47684,47008,46343,45669,45001,44345,43675,43017,42366,41649,41025,40835,40635,40217,39570,38933,38292,37658,37024,36389,35764
53396,52709,52028,51340,50663,49982,49302,48624,47954,47279,46611,45937,45274,44613,43942,43282,42628,41909,41291,41096,40901,40474,39830,39187,38550,37908,37273,36643,36008
53671,52982,52308,51618,50939,50256,49576,48897,48226,47550,46882,46208,45547,44881,44210,43550,42893,42172,41552,41355,41158,40731,40087,39443,38803,38160,37522,36897,36254
53949,53262,52585,51896,51216,50533,49854,49174,48500,47823,47155,46483,45817,45148,44478,43815,43162,42437,41813,41617,41419,40995,40344,39702,39056,38410,37775,37147,36508
54231,53544,52858,52174,51489,50808,50131,49452,48773,48097,47425,46755,46084,45416,44746,44081,43431,42701,42073,41881,41683,41258,40606,39962,39309,38668,38031,37396,36762
54513,53826,53139,52452,51766,51084,50409,49730,49047,48371,47699,47024,46351,45683,45013,44349,43696,42962,42336,42142,41945,41521,40867,40219,39565,38930,38284,37648,37016
54797,54107,53420,52734,52047,51366,50684,50008,49324,48645,47973,47291,46624,45950,45281,44617,43962,43225,42601,42402,42207,41786,41128,40477,39824,39184,38538,37903,37269
55082,54389,53702,53011,52328,51643,50959,50286,49600,48923,48245,47565,46898,46221,45550,44889,44228,43493,42865,42666,42472,42050,41391,40737,40086,39440,38791,38159,37519
55368,54670,53984,53291,52610,51920,51236,50560,49873,49197,48515,47839,47172,46496,45821,45160,44492,43761,43129,42935,42742,42310,41657,40998,40347,39697,39048,38412,37768
55650,54953,54261,53573,52887,52198,51510,50835,50146,49472,48789,48113,47441,46767,46097,45429,44760,44028,43397,43206,43006,42571,41921,41262,40608,39956,39309,38666,38021
55928,55238,54544,53854,53168,52476,51790,51112,50424,49749,49062,48387,47715,47039,46372,45697,45027,44291,43662,43474,43269,42841,42186,41527,40868,40217,39567,38923,38278
56207,55515,54830,54136,53447,52753,52069,51385,50701,50022,49338,48665,47992,47312,46643,45968,45297,44563,43927,43737,43536,43111,42450,41792,41133,40478,39826,39180,38537
56488,55796,55115,54418,53725,53034,52347,51662,50979,50300,49616,48938,48267,47582,46915,46238,45569,44834,44196,44005,43804,43379,42714,42057,41398,40739,40087,39441,38798
56774,56080,55397,54697,54007,53318,52629,51942,51261,50577,49893,49215,48541,47858,47189,46508,45845,45105,44468,44272,44072,43646,42978,42321,41663,40999,40349,39702,39055
57063,56365,55674,54975,54288,53602,52911,52222,51538,50856,50175,49490,48819,48133,47462,46780,46119,45376,44739,44539,44344,43909,43242,42585,41926,41263,40615,39963,39317
57353,56651,55957,55256,54570,53883,53195,52499,51819,51137,50450,49764,49093,48407,47736,47054,46390,45647,45010,44808,44611,44176,43506,42849,42186,41528,40875,40224,39574
57641,56936,56241,55542,54852,54165,53479,52781,52098,51414,50723,50037,49366,48685,48009,47328,46662,45917,45281,45078,44877,44444,43774,43115,42455,41792,41135,40485,39833
57927,57224,56522,55827,55133,54443,53760,53059,52376,51695,50998,50317,49639,48959,48284,47602,46934,46190,45553,45349,45146,44712,44046,43381,42719,42057,41398,40745,40094
58207,57510,56811,56113,55419,54724,54042,53339,52658,51974,51280,50596,49913,49234,48561,47875,47204,46465,45827,45623,45418,44983,44317,43646,42989,42320,41663,41005,40355
58495,57791,57101,56399,55701,55009,54319,53620,52935,52253,51557,50875,50189,49511,48835,48149,47477,46737,46097,45895,45692,45254,44588,43917,43259,42584,41928,41269,40615
58782,58077,57386,56689,55984,55290,54601,53901,53215,52534,51840,51156,50470,49789,49111,48427,47751,47007,46367,46167,45966,45524,44859,44184,43527,42855,42196,41534,40875
59068,58366,57668,56974,56269,55575,54886,54186,53497,52816,52124,51434,50750,50066,49388,48709,48024,47284,46638,46445,46237,45794,45129,44454,43798,43124,42464,41800,41144
59357,58655,57954,57259,56554,55861,55166,54469,53778,53095,52405,51711,51027,50346,49664,48984,48298,47559,46912,46718,46508,46067,45399,44724,44065,43393,42732,42068,41412
59647,58944,58243,57544,56843,56148,55452,54751,54063,53373,52687,51990,51309,50626,49937,49257,48576,47832,47185,46991,46782,46344,45669,44995,44335,43664,42997,42336,41678
59939,59228,58530,57825,57127,56437,55734,55037,54349,53654,52965,52271,51587,50904,50214,49532,48853,48105,47458,47265,47055,46618,45941,45265,44606,43930,43264,42603,41941
60231,59518,58816,58109,57410,56722,56017,55318,54632,53935,53244,52552,51866,51185,50492,49814,49130,48379,47734,47538,47328,46891,46214,45539,44876,44200,43535,42870,42201
60519,59807,59105,58397,57696,57010,56302,55602,54914,54220,53525,52837,52148,51463,50769,50091,49408,48655,48011,47811,47605,47164,46484,45813,45146,44471,43801,43140,42473
60809,60097,59390,58687,57985,57297,56591,55890,55200,54503,53811,53120,52429,51740,51046,50368,49690,48932,48288,48084,47886,47438,46760,46086,45416,44742,44067,43410,42741
61095,60390,59681,58976,58271,57582,56877,56178,55481,54784,54092,53402,52710,52019,51331,50645,49967,49210,48565,48359,48163,47715,47037,46359,45689,45012,44337,43677,43011
61381,60679,59973,59269,58560,57867,57164,56463,55767,55065,54376,53688,52993,52305,51614,50922,50244,49492,48845,48636,48437,47992,47313,46632,45961,45282,44609,43947,43281
61670,60971,60262,59556,58852,58152,57453,56752,56055,55350,54660,53969,53277,52586,51896,51203,50521,49769,49125,48913,48710,48267,47586,46906,46231,45558,44883,44218,43548
61959,61262,60556,59843,59141,58436,57738,57039,56340,55635,54941,54250,53559,52870,52182,51488,50799,50046,49402,49190,48984,48540,47859,47180,46503,45833,45162,44488,43819
62250,61551,60845,60132,59431,58722,58027,57325,56625,55921,55227,54532,53844,53154,52463,51769,51080,50323,49679,49467,49261,48813,48135,47457,46779,46107,45436,44758,44085
62546,61840,61133,60421,59717,59012,58313,57614,56909,56211,55512,54818,54126,53435,52743,52046,51361,50601,49956,49744,49538,49095,48412,47734,47054,46380,45709,45028,44356
62841,62133,61422,60714,60005,59301,58598,57899,57194,56495,55797,55099,54407,53716,53024,52323,51642,50881,50233,50021,49818,49373,48689,48011,47328,46653,45982,45302,44630
63129,62423,61711,61004,60298,59593,58883,58187,57479,56784,56082,55386,54688,53997,53305,52608,51923,51162,50511,50303,50099,49652,48967,48289,47601,46929,46255,45575,44904
63423,62715,61999,61293,60587,59883,59177,58475,57769,57071,56371,55673,54969,54278,53586,52891,52200,51445,50788,50584,50380,49933,49244,48566,47878,47204,46529,45850,45177
63715,63012,62291,61582,60875,60168,59466,58760,58055,57356,56657,55958,55253,54560,53871,53173,52480,51730,51065,50865,50657,50214,49523,48843,48155,47477,46805,46127,45451
64008,63304,62584,61880,61164,60457,59757,59049,58342,57641,56944,56243,55541,54845,54154,53458,52761,52011,51347,51146,50934,50492,49804,49120,48433,47754,47080,46404,45724
64301,63597,62877,62173,61453,60749,60050,59337,58631,57933,57233,56528,55829,55130,54435,53742,53044,52292,51631,51427,51213,50769,50090,49397,48714,48031,47353,46678,45997
64598,63889,63175,62464,61745,61042,60339,59626,58920,58224,57517,56812,56114,55415,54716,54028,53329,52573,51912,51708,51494,51047,50368,49674,48995,48308,47630,46949,46270
64892,64182,63468,62752,62042,61335,60627,59916,59208,58511,57806,57099,56403,55701,55006,54311,53618,52854,52193,51989,51780,51328,50645,49951,49273,48585,47907,47219,46547
65186,64474,63760,63041,62337,61628,60916,60209,59500,58796,58095,57388,56689,55991,55292,54593,53901,53135,52474,52270,52061,51609,50923,50232,49550,48862,48184,47496,46821
65482,64767,64053,63333,62629,61917,61206,60498,59792,59081,58383,57677,56974,56275,55576,54878,54182,53416,52756,52550,52342,51892,51204,50513,49827,49142,48461,47773,47095
65779,65062,64345,63628,62922,62208,61498,60787,60081,59368,58672,57966,57259,56563,55861,55162,54464,53699,53041,52835,52624,52177,51485,50794,50108,49423,48738,48052,47372
66075,65358,64638,63925,63219,62500,61795,61079,60369,59659,58966,58256,57548,56852,56146,55447,54748,53986,53326,53118,52909,52461,51766,51075,50389,49704,49019,48333,47649
66371,65650,64933,64222,63513,62793,62086,61376,60658,59952,59255,58549,57836,57140,56434,55732,55033,54275,53611,53400,53194,52747,52047,51355,50670,49985,49299,48614,47929
66668,65947,65229,64518,63805,63085,62375,61668,60948,60244,59544,58838,58125,57424,56723,56017,55321,54560,53895,53685,53479,53029,52328,51636,50951,50266,49580,48891,48210
66964,66243,65525,64811,64098,63378,62664,61960,61241,60537,59832,59126,58415,57713,57011,56309,55609,54844,54181,53970,53763,53312,52613,51917,51232,50547,49861,49165,48490
67260,66539,65822,65104,64390,63672,62957,62253,61539,60830,60121,59415,58708,58002,57301,56600,55894,55129,54471,54255,54048,53597,52898,52199,51513,50828,50138,49441,48767
67557,66835,66118,65397,64686,63969,63249,62545,61832,61122,60410,59703,58997,58291,57586,56887,56182,55414,54756,54539,54333,53881,53183,52484,51794,51108,50417,49722,49041
67853,67132,66414,65693,64982,64262,63543,62838,62124,61411,60701,59992,59286,58580,57873,57172,56471,55699,55041,54824,54618,54166,53467,52773,52076,51389,50698,50003,49317
68149,67428,66711,65989,65278,64557,63840,63130,62417,61703,60993,60281,59576,58868,58162,57457,56759,55987,55325,55109,54902,54451,53752,53059,52361,51670,50979,50286,49598
68445,67724,67007,66286,65575,64854,64136,63423,62709,61995,61285,60572,59868,59157,58451,57744,57048,56275,55610,55394,55188,54736,54037,53344,52645,51951,51260,50571,49879
68742,68021,67303,66582,65871,65150,64432,63715,63002,62289,61583,60864,60161,59447,58743,58033,57337,56563,55895,55680,55478,55020,54322,53629,52930,52231,51541,50855,50160
69038,68317,67599,66878,66167,65446,64729,64008,63297,62585,61877,61157,60450,59739,59036,58322,57625,56848,56180,55969,55763,55305,54606,53909,53215,52516,51823,51136,50441
69334,68613,67896,67175,66464,65743,65025,64300,63593,62882,62169,61449,60739,60032,59326,58614,57914,57132,56466,56258,56048,55593,54891,54192,53500,52801,52108,51417,50722
69631,68910,68192,67471,66760,66039,65321,64593,63889,63178,62462,61742,61028,60324,59615,58907,58202,57420,56755,56546,56334,55881,55176,54477,53784,53086,52393,51698,51002
69927,69206,68488,67767,67056,66335,65618,64885,64185,63474,62754,62034,61320,60617,59904,59197,58491,57709,57044,56835,56622,56170,55464,54762,54069,53370,52678,51979,51286
70223,69502,68785,68064,67353,66631,65914,65177,64482,63771,63046,62326,61613,60909,60195,59486,58780,57997,57332,57123,56911,56458,55752,55047,54354,53655,52962,52264,51571
70520,69798,69081,68360,67649,66928,66210,65470,64778,64067,63339,62619,61905,61202,60488,59774,59071,58290,57621,57412,57199,56747,56041,55334,54639,53940,53247,52548,51856
70816,70095,69377,68656,67945,67224,66507,65762,65074,64363,63631,62911,62198,61494,60780,60067,59363,58582,57910,57701,57488,57036,56329,55623,54923,54225,53532,52833,52140
71112,70391,69674,68953,68241,67520,66803,66055,65371,64660,63924,63204,62490,61787,61073,60359,59655,58873,58203,57989,57777,57324,56618,55912,55212,54509,53817,53118,52425
71408,70687,69970,69249,68538,67817,67099,66347,65667,64956,64216,63496,62783,62079,61365,60652,59944,59162,58495,58278,58070,57613,56907,56200,55500,54794,54101,53403,52710
71705,70984,70266,69545,68834,68113,67395,66640,65963,65252,64509,63789,63075,62371,61658,60944,60233,59450,58785,58567,58358,57901,57195,56489,55789,55083,54386,53687,52993
72001,71280,70563,69841,69130,68409,67692,66932,66260,65549,64801,64081,63368,62664,61950,61237,60521,59739,59074,58859,58648,58190,57484,56778,56077,55371,54675,53975,53273
72297,71576,70859,70138,69427,68706,67988,67225,66556,65845,65094,64374,63660,62956,62243,61529,60810,60027,59362,59152,58941,58478,57772,57066,56361,55660,54960,54264,53558
72594,71873,71155,70434,69723,69002,68284,67517,66852,66141,65386,64666,63952,63249,62535,61821,61098,60316,59651,59444,59233,58766,58061,57355,56648,55948,55244,54551,53846
72890,72169,71451,70730,70019,69298,68581,67810,67149,66437,65679,64959,64245,63541,62828,62114,61387,60605,59940,59737,59526,59058,58350,57647,56937,56237,55531,54831,54135
73186,72465,71748,71027,70316,69594,68877,68102,67445,66734,65971,65251,64537,63834,63120,62406,61676,60893,60228,60029,59818,59351,58638,57940,57226,56525,55819,55115,54423
73483,72762,72044,71323,70612,69891,69173,68395,67741,67030,66264,65544,64830,64126,63413,62699,61964,61182,60517,60322,60111,59643,58927,58232,57514,56815,56108,55404,54712
73779,73058,72340,71619,70908,70187,69470,68687,68037,67326,66556,65836,65122,64419,63705,62991,62253,61470,60805,60614,60403,59936,59215,58525,57803,57107,56400,55696,54996
74075,73354,72637,71916,71204,70483,69766,68979,68334,67623,66848,66128,65415,64711,63997,63284,62542,61759,61094,60906,60695,60228,59504,58817,58092,57400,56690,55989,55283
74372,73650,72933,72212,71501,70780,70062,69272,68630,67919,67141,66421,65707,65004,64290,63576,62830,62048,61383,61199,60988,60521,59793,59110,58380,57692,56977,56281,55571
74668,73947,73229,72508,71797,71076,70358,69564,68926,68215,67433,66713,66000,65296,64582,63869,63119,62336,61671,61491,61280,60813,60081,59402,58669,57985,57265,56574,55860
74964,74244,73525,72804,72093,71372,70654,69856,69222,68511,67725,67005,66293,65588,64874,64162,63408,62624,61959,61783,61572,61105,60369,59694,58958,58278,57553,56867,56149
75260,74541,73821,73100,72389,71668,70950,70148,69518,68807,68017,67297,66586,65880,65166,64455,63697,62912,62247,62075,61864,61397,60657,59986,59247,58571,57841,57160,56438
75556,74838,74117,73396,72685,71964,71246,70440,69814,69103,68309,67589,66879,66172,65458,64748,63986,63200,62535,62367,62156,61689,60945,60278,59536,58864,58129,57453,56727
75852,75135,74413,73692,72981,72260,71542,70732,70110,69399,68601,67881,67172,66464,65750,65041,64275,63488,62823,62659,62448,61981,61233,60570,59825,59157,58417,57746,57016
76148,75432,74709,73988,73277,72556,71838,71024,70406,69695,68893,68173,67465,66756,66042,65334,64564,63776,63111,62951,62740,62273,61521,60862,60114,59450,58705,58039,57305
76444,75729,75005,74284,73573,72852,72134,71316,70702,69991,69185,68465,67758,67048,66334,65627,64853,64064,63399,63243,63032,62565,61809,61154,60403,59743,58993,58332,57594
76740,76026,75301,74580,73869,73148,72430,71608,70998,70287,69477,68757,68051,67340,66626,65920,65142,64352,63687,63535,63324,62857,62097,61446,60692,60036,59281,58625,57883
77036,76323,75597,74876,74165,73444,72726,71900,71294,70583,69769,69049,68344,67632,66918,66213,65431,64640,63975,63827,63616,63149,62385,61738,60981,60329,59569,58918,58172
77332,76620,75893,75172,74461,73740,73022,72192,71590,70879,70061,69341,68637,67924,67210,66506,65720,64928,64263,64119,63908,63441,62673,62030,61270,60622,59857,59211,58461
77628,76917,76189,75468,74757,74036,73318,72484,71886,71175,70353,69633,68930,68216,67502,66799,66009,65216,64551,64411,64200,63733,62961,62322,61559,60915,60145,59504,58750
77924,77214,76485,75764,75053,74332,73614,72776,72182,71471,70645,69925,69223,68508,67794,67092,66298,65504,64839,64703,64492,64025,63249,62614,61848,61208,60433,59797,59039
78220,77511,76781,76060,75349,74628,73910,73068,72478,71767,70937,70217,69516,68800,68086,67385,66587,65792,65127,64995,64784,64317,63537,62906,62137,61501,60721,60090,59328
78516,77808,77077,76356,75645,74924,74206,73360,72774,72063,71229,70509,69809,69092,68378,67678,66876,66080,65415,65287,65076,64609,63825,63198,62426,61794,61009,60383,59617
78812,78105,77373,76652,75941,75220,74502,73652,73070,72359,71521,70801,70102,69384,68670,67971,67165,66368,65703,65579,65368,64901,64113,63490,62715,62087,61297,60676,59906
79108,78402,77669,76948,76237,75516,74798,73944,73366,72655,71813,71093,70395,69676,68962,68264,67454,66656,65991,65871,65660,65193,64401,63782,63004,62380,61585,60969,60195
79404,78699,77965,77244,76533,75812,75094,74236,73662,72951,72105,71385,70688,69968,69254,68557,67743,66944,66279,66163,65952,65485,64689,64074,63293,62673,61873,61262,60484
79700,78996,78261,77540,76829,76108,75390,74528,73958,73247,72397,71677,70981,70260,69546,68850,68032,67232,66567,66455,66244,65777,64977,64366,63582,62966,62161,61555,60773
79996,79293,78557,77836,77125,76404,75686,74820,74254,73543,72689,71969,71274,70552,69838,69143,68321,67520,66855,66747,66536,66069,65265,64658,63871,63259,62449,61848,61062
80292,79590,78853,78132,77421,76700,75982,75112,74550,73839,72981,72261,71567,70844,70130,69436,68610,67808,67143,67039,66828,66361,65553,64950,64160,63552,62737,62141,61351
80588,79887,79149,78428,77717,76996,76278,75404,74846,74135,73273,72553,71860,71136,70422,69729,68899,68096,67431,67331,67120,66653,65841,65242,64449,63845,63025,62434,61640
80884,80184,79445,78724,78013,77292,76574,75696,75142,74431,73565,72845,72153,71428,70714,70022,69188,68384,67719,67623,67412,66945,66129,65534,64738,64138,63313,62727,61929
81180,80481,79741,79020,78309,77588,76870,75988,75438,74727,73857,73137,72446,71720,71006,70315,69477,68672,68007,67915,67704,67237,66417,65826,65027,64431,63601,63020,62218
81476,80778,80037,79316,78605,77884,77166,76280,75734,75023,74149,73429,72739,72012,71298,70608,69766,68960,68295,68207,67996,67529,66705,66118,65316,64724,63889,63313,62507
81772,81075,80333,79612,78901,78180,77462,76572,76030,75319,74441,73721,73032,72304,71590,70901,70055,69248,68583,68499,68288,67821,66993,66410,65605,65017,64177,63606,62796
82068,81372,80629,79908,79197,78476,77758,76864,76326,75615,74733,74013,73325,72596,71882,71194,70344,69536,68871,68791,68580,68113,67281,66702,65894,65310,64465,63899,63085
82364,81669,80925,80204,79493,78772,78054,77156,76622,75911,75025,74305,73618,72888,72174,71487,70633,69824,69159,69083,68872,68405,67569,66994,66183,65603,64753,64192,63374
82660,81966,81221,80500,79789,79068,78350,77448,76918,76207,75317,74597,73911,73180,72466,71780,70922,70112,69447,69375,69164,68697,67857,67286,66472,65896,65041,64485,63663
82956,82263,81517,80796,80085,79364,78646,77740,77214,76503,75609,74889,74204,73472,72758,72073,71211,70400,69735,69667,69456,68989,68145,67578,66761,66189,65329,64778,63952
83252,82560,81813,81092,80381,79660,78942,78032,77510,76799,75901,75181,74497,73764,73050,72366,71500,70688,70023,69959,69748,69281,68433,67870,67050,66482,65617,65071,64241
83548,82857,82109,81388,80677,79956,79238,78324,77806,77095,76193,75473,74790,74056,73342,72659,71789,70976,70311,70251,70040,69573,68721,68162,67339,66775,65905,65364,64530
83844,83154,82405,81684,80973,80252,79534,78616,78102,77391,76485,75765,75083,74348,73634,72952,72078,71264,70599,70543,70332,69865,69009,68454,67628,67068,66193,65657,64819
84140,83451,82701,81980,81269,80548,79830,78908,78398,77687,76777,76057,75376,74640,73926,73245,72367,71552,70887,70835,70624,70157,69297,68746,67917,67361,66481,65950,65108
84436,83748,82997,82276,81565,80844,80126,79200,78694,77983,77069,76349,75669,74932,74218,73538,72656,71840,71175,71127,70916,70449,69585,69038,68206,67654,66769,66243,65397
84732,84045,83293,82572,81861,81140,80422,79492,78990,78279,77361,76641,75962,75224,74510,73831,72945,72128,71463,71419,71208,70741,69873,69330,68495,67947,67057,66536,65686
85028,84342,83589,82868,82157,81436,80718,79784,79286,78575,77653,76933,76255,75516,74802,74124,73234,72416,71751,71711,71500,71033,70161,69622,68784,68240,67345,66829,65975
85324,84639,83885,83164,82453,81732,81014,80076,79582,78871,77945,77225,76548,75808,75094,74417,73523,72704,72039,72003,71792,71325,70449,69914,69073,68533,67633,67122,66264
85620,84936,84181,83460,82749,82028,81310,80368,79878,79167,78237,77517,76841,76100,75386,74710,73812,72992,72327,72295,72084,71617,70737,70206,69362,68826,67921,67415,66553
85916,85233,84477,83756,83045,82324,81606,80660,80174,79463,78529,77809,77134,76392,75678,75003,74101,73280,72615,72587,72376,71909,71025,70498,69651,69119,68209,67708,66842
86212,85530,84773,84052,83341,82620,81902,80952,80470,79759,78821,78101,77427,76684,75970,75296,74390,73568,72903,72879,72668,72201,71313,70790,69940,69412,68497,68001,67131
86508,85827,85069,84348,83637,82916,82198,81244,80766,80055,79113,78393,77720,76976,76262,75589,74679,73856,73191,73171,72960,72493,71601,71082,70229,69705,68785,68294,67420
86804,86124,85365,84644,83933,83212,82494,81536,81062,80351,79405,78685,78013,77268,76554,75882,74968,74144,73479,73463,73252,72785,71889,71374,70518,69998,69073,68587,67709
87100,86421,85661,84940,84229,83508,82790,81828,81358,80647,79697,78977,78306,77560,76846,76175,75257,74432,73767,73755,73544,73077,72177,71666,70807,70291,69361,68880,67998
87396,86718,85957,85236,84525,83804,83086,82120,81654,80943,79989,79269,78599,77852,77138,76468,75546,74720,74055,74047,73836,73369,72465,71958,71096,70584,69649,69173,68287
87692,87015,86253,85532,84821,84100,83382,82412,81950,81239,80281,79561,78892,78144,77430,76761,75835,75008,74343,74339,74128,73661,72753,72250,71385,70877,69937,69466,68576
87988,87312,86549,85828,85117,84396,83678,82704,82246,81535,80573,79853,79185,78436,77722,77054,76124,75296,74631,74631,74420,73953,73041,72542,71674,71170,70225,69759,68865
88284,87609,86845,86124,85413,84692,83974,82996,82542,81831,80865,80145,79478,78728,78014,77347,76413,75584,74919,74923,74712,74245,73329,72834,71963,71463,70513,70052,69154
88580,87906,87141,86420,85709,84988,84270,83288,82838,82127,81157,80437,79771,79020,78306,77640,76702,75872,75207,75215,75004,74537,73617,73126,72252,71756,70801,70345,69443
88876,88203,87437,86716,86005,85284,84566,83580,83134,82423,81449,80729,80064,79312,78598,77933,76991,76160,75495,75507,75296,74829,73905,73418,72541,72049,71089,70638,69732
89172,88500,87733,87012,86301,85580,84862,83872,83430,82719,81741,81021,80357,79604,78890,78226,77280,76448,75783,75799,75588,75121,74193,73710,72830,72342,71377,70931,70021
89468,88797,88029,87308,86597,85876,85158,84164,83726,83015,82033,81313,80650,79896,79182,78519,77569,76736,76071,76091,75880,75413,74481,74002,73119,72635,71665,71224,70310
89764,89094,88325,87604,86893,86172,85454,84456,84022,83311,82325,81605,80943,80188,79474,78812,77858,77024,76359,76383,76172,75705,74769,74294,73408,72928,71953,71517,70599
90060,89391,88621,87900,87189,86468,85750,84748,84318,83607,82617,81897,81236,80480,79766,79105,78147,77312,76647,76675,76464,75997,75057,74586,73697,73221,72241,71810,70888
90356,89688,88917,88196,87485,86764,86046,85040,84614,83903,82909,82189,81529,80772,80058,79398,78436,77600,76935,76967,76756,76289,75345,74878,73986,73514,72529,72103,71177
90652,89985,89213,88492,87781,87060,86342,85332,84910,84199,83201,82481,81822,81064,80350,79691,78725,77888,77223,77259,77048,76581,75633,75170,74275,73807,72817,72396,71466
90948,90282,89509,88788,88077,87356,86638,85624,85206,84495,83493,82773,82115,81356,80642,79984,79014,78176,77511,77551,77340,76873,75921,75462,74564,74100,73105,72689,71755
91244,90579,89805,89084,88373,87652,86934,85916,85502,84791,83785,83065,82408,81648,80934,80277,79303,78464,77799,77843,77632,77165,76209,75754,74853,74393,73393,72982,72044
91540,90876,90101,89380,88669,87948,87230,86208,85798,85087,84077,83357,82701,81940,81226,80570,79592,78752,78087,78135,77924,77457,76497,76046,75142,74686,73681,73275,72333
91836,91173,90397,89676,88965,88244,87526,86500,86094,85383,84369,83649,82994,82232,81518,80863,79881,79040,78375,78427,78216,77749,76785,76338,75431,74979,73969,73568,72622
92132,91470,90693,89972,89261,88540,87822,86792,86390,85679,84661,83941,83287,82524,81810,81156,80170,79328,78663,78719,78508,78041,77073,76630,75720,75272,74257,73861,72911
92428,91767,90989,90268,89557,88836,88118,87084,86686,85975,84953,84233,83580,82816,82102,81449,80459,79616,78951,79011,78800,78333,77361,76922,76009,75565,74545,74154,73200
92724,92064,91285,90564,89853,89132,88414,87376,86982,86271,85245,84525,83873,83108,82394,81742,80748,79904,79239,79303,79092,78625,77649,77214,76298,75858,74833,74447,73489
93020,92361,91581,90860,90149,89428,88710,87668,87278,86567,85537,84817,84166,83400,82686,82035,81037,80192,79527,79595,79384,78917,77937,77506,76587,76151,75121,74740,73778
93316,92658,91877,91156,90445,89724,89006,87960,87574,86863,85829,85109,84459,83692,82978,82328,81326,80480,79815,79887,79676,79209,78225,77798,76876,76444,75409,75033,74067
93612,92955,92173,91452,90741,90020,89302,88252,87870,87159,86121,85401,84752,83984,83270,82621,81615,80768,80103,80179,79968,79501,78513,78090,77165,76737,75697,75326,74356
93908,93252,92469,91748,91037,90316,89598,88544,88166,87455,86413,85693,85045,84276,83562,82914,81904,81056,80391,80471,80260,79793,78801,78382,77454,77030,75985,75619,74645
94204,93549,92765,92044,91333,90612,89894,88836,88462,87751,86705,85985,85338,84568,83854,83207,82193,81344,80679,80763,80552,80085,79089,78674,77743,77323,76273,75912,74934
94500,93846,93061,92340,91629,90908,90190,89128,88758,88047,86997,86277,85631,84860,84146,83500,82482,81632,80967,81055,80844,80377,79377,78966,78032,77616,76561,76205,75223
94796,94143,93357,92636,91925,91204,90486,89420,89054,88343,87289,86569,85924,85152,84438,83793,82771,81920,81255,81347,81136,80669,79665,79258,78321,77909,76849,76498,75512
95092,94440,93653,92932,92221,91500,90782,89712,89350,88639,87581,86861,86217,85444,84730,84086,83060,82208,81543,81639,81428,80961,79953,79550,78610,78202,77137,76791,75801
95388,94737,93949,93228,92517,91796,91078,90004,89646,88935,87873,87153,86510,85736,85022,84379,83349,82496,81831,81931,81720,81253,80241,79842,78899,78495,77425,77084,76090
95684,95034,94245,93524,92813,92092,91374,90296,89942,89231,88165,87445,86803,86028,85314,84672,83638,82784,82119,82223,82012,81545,80529,80134,79188,78788,77713,77377,76379
95980,95331,94541,93820,93109,92388,91670,90588,90238,89527,88457,87737,87096,86320,85606,84965,83927,83072,82407,82515,82304,81837,80817,80426,79477,79081,78001,77670,76668
96276,95628,94837,94116,93405,92684,91966,90880,90534,89823,88749,88029,87389,86612,85898,85258,84216,83360,82695,82807,82596,82129,81105,80718,79766,79374,78289,77963,76957
96572,95925,95133,94412,93701,92980,92262,91172,90830,90119,89041,88321,87682,86904,86190,85551,84505,83648,82983,83099,82888,82421,81393,81010,80055,79667,78577,78256,77246
96868,96222,95429,94708,93997,93276,92558,91464,91126,90415,89333,88613,87975,87196,86482,85844,84794,83936,83271,83391,83180,82713,81681,81302,80344,79960,78865,78549,77535
97164,96519,95725,95004,94293,93572,92854,91756,91422,90711,89625,88905,88268,87488,86774,86137,85083,84224,83559,83683,83472,83005,81969,81594,80633,80253,79153,78842,77824
97460,96816,96021,95300,94589,93868,93150,92048,91718,91007,89917,89197,88561,87780,87066,86430,85372,84512,83847,83975,83764,83297,82257,81886,80922,80546,79441,79135,78113
97756,97113,96317,95596,94885,94164,93446,92340,92014,91303,90209,89489,88854,88072,87358,86723,85661,84800,84135,84267,84056,83589,82545,82178,81211,80839,79729,79428,78402
98052,97410,96613,95892,95181,94460,93742,92632,92310,91599,90501,89781,89147,88364,87650,87016,85950,85088,84423,84559,84348,83881,82833,82470,81500,81132,80017,79721,78691
98348,97707,96909,96188,95477,94756,94038,92924,92606,91895,90793,90073,89440,88656,87942,87309,86239,85376,84711,84851,84640,84173,83121,82762,81789,81425,80305,80014,78980
98644,98004,97205,96484,95773,95052,94334,93216,92902,92191,91085,90365,89733,88948,88234,87602,86528,85664,84999,85143,84932,84465,83409,83054,82078,81718,80593,80307,79269
98940,98301,97501,96780,96069,95348,94630,93508,93198,92487,91377,90657,90026,89240,88526,87895,86817,85952,85287,85435,85224,84757,83697,83346,82367,82011,80881,80600,79558
99236,98598,97797,97076,96365,95644,94926,93800,93494,92783,91669,90949,90319,89532,88818,88188,87106,86240,85575,85727,85516,85049,83985,83638,82656,82304,81169,80893,79847
99532,98895,98093,97372,96661,95940,95222,94092,93790,93079,91961,91241,90612,89824,89110,88481,87395,86528,85863,86019,85808,85341,84273,83930,82945,82597,81457,81186,80136
99828,99192,98389,97668,96957,96236,95518,94384,94086,93375,92253,91533,90905,90116,89402,88774,87684,86816,86151,86311,86100,85633,84561,84222,83234,82890,81745,81479,80425
100124,99489,98685,97964,97253,96532,95814,94676,94382,93671,92545,91825,91198,90408,89694,89067,87973,87104,86439,86603,86392,85925,84849,84514,83523,83183,82033,81772,80714
100420,99786,98981,98260,97549,96828,96110,94968,94678,93967,92837,92117,91491,90700,89986,89360,88262,87392,86727,86895,86684,86217,85137,84806,83812,83476,82321,82065,81003
100716,100083,99277,98556,97845,97124,96406,95260,94974,94263,93129,92409,91784,90992,90278,89653,88551,87680,87015,87187,86976,86509,85425,85098,84101,83769,82609,82358,81292
101012,100380,99573,98852,98141,97420,96702,95552,95270,94559,93421,92701,92077,91284,90570,89946,88840,87968,87303,87479,87268,86801,85713,85390,84390,84062,82897,82651,81581
101308,100677,99869,99148,98437,97716,96998,95844,95566,94855,93713,92993,92370,91576,90862,90239,89129,88256,87591,87771,87560,87093,86001,85682,84679,84355,83185,82944,81870
101604,100974,100165,99444,98733,98012,97294,96136,95862,95151,94005,93285,92663,91868,91154,90532,89418,88544,87879,88063,87852,87385,86289,85974,84968,84648,83473,83237,82159
101900,101271,100461,99740,99029,98308,97590,96428,96158,95447,94297,93577,92956,92160,91446,90825,89707,88832,88167,88355,88144,87677,86577,86266,85257,84941,83761,83530,82448
102196,101568,100757,100036,99325,98604,97886,96720,96454,95743,94589,93869,93249,92452,91738,91118,89996,89120,88455,88647,88436,87969,86865,86558,85546,85234,84049,83823,82737
102492,101865,101053,100332,99621,98900,98182,97012,96750,96039,94881,94161,93542,92744,92030,91411,90285,89408,88743,88939,88728,88261,87153,86850,85835,85527,84337,84116,83026
102788,102162,101349,100628,99917,99196,98478,97304,97046,96335,95173,94453,93835,93036,92322,91704,90574,89696,89031,89231,89020,88553,87441,87142,86124,85820,84625,84409,83315
103084,102459,101645,100924,100213,99492,98774,97596,97342,96631,95465,94745,94128,93328,92614,91997,90863,89984,89319,89523,89312,88845,87729,87434,86413,86113,84913,84702,83604
103380,102756,101941,101220,100509,99788,99070,97888,97638,96927,95757,95037,94421,93620,92906,92290,91152,90272,89607,89815,89604,89137,88017,87726,86702,86406,85201,84995,83893
103676,103053,102237,101516,100805,100084,99366,98180,97934,97223,96049,95329,94714,93912,93198,92583,91441,90560,89895,90107,89896,89429,88305,88018,86991,86699,85489,85288,84182
103972,103350,102533,101812,101101,100380,99662,98472,98230,97519,96341,95621,95007,94204,93490,92876,91730,90848,90183,90399,90188,89721,88593,88310,87280,86992,85777,85581,84471
104268,103647,102829,102108,101397,100676,99958,98764,98526,97815,96633,95913,95300,94496,93782,93169,92019,91136,90471,90691,90480,90013,88881,88602,87569,87285,86065,85874,84760
104564,103944,103125,102404,101693,100972,100254,99056,98822,98111,96925,96205,95593,94788,94074,93462,92308,91424,90759,90983,90772,90305,89169,88894,87858,87578,86353,86167,85049
104860,104241,103421,102700,101989,101268,100550,99348,99118,98407,97217,96497,95886,95080,94366,93755,92597,91712,91047,91275,91064,90597,89457,89186,88147,87871,86641,86460,85338
105156,104538,103717,102996,102285,101564,100846,99640,99414,98703,97509,96789,96179,95372,94658,94048,92886,92000,91335,91567,91356,90889,89745,89478,88436,88164,86929,86753,85627
105452,104835,104013,103292,102581,101860,101142,99932,99710,98999,97801,97081,96472,95664,94950,94341,93175,92288,91623,91859,91648,91181,90033,89770,88725,88457,87217,87046,85916
105748,105132,104309,103588,102877,102156,101438,100224,100006,99295,98093,97373,96765,95956,95242,94634,93464,92576,91911,92151,91940,91473,90321,90062,89014,88750,87505,87339,86205
106044,105429,104605,103884,103173,102452,101734,100516,100302,99591,98385,97665,97058,96248,95534,94927,93753,92864,92199,92443,92232,91765,90609,90354,89303,89043,87793,87632,86494
106340,105726,104901,104180,103469,102748,102030,100808,100598,99887,98677,97957,97351,96540,95826,95220,94042,93152,92487,92735,92524,92057,90897,90646,89592,89336,88081,87925,86783
106636,106023,105197,104476,103765,103044,102326,101100,100894,100183,98969,98249,97644,96832,96118,95513,94331,93440,92775,93027,92816,92349,91185,90938,89881,89629,88369,88218,87072
106932,106320,105493,104772,104061,103340,102622,101392,101190,100479,99261,98541,97937,97124,96410,95806,94620,93728,93063,93319,93108,92641,91473,91230,90170,89922,88657,88511,87361
107228,106617,105789,105068,104357,103636,102918,101684,101486,100775,99553,98833,98230,97416,96702,96099,94909,94016,93351,93611,93400,92933,91761,91522,90459,90215,88945,88804,87650
107524,106914,106085,105364,104653,103932,103214,101976,101782,101071,99845,99125,98523,97708,96994,96392,95198,94304,93639,93903,93692,93225,92049,91814,90748,90508,89233,89097,87939
107820,107211,106381,105660,104949,104228,103510,102268,102078,101367,100137,99417,98816,98000,97286,96685,95487,94592,93927,94195,93984,93517,92337,92106,91037,90801,89521,89390,88228
108116,107508,106677,105956,105245,104524,103806,102560,102374,101663,100429,99709,99109,98292,97578,96978,95776,94880,94215,94487,94276,93809,92625,92398,91326,91094,89809,89683,88517
108412,107805,106973,106252,105541,104820,104102,102852,102670,101959,100721,100001,99402,98584,97870,97271,96065,95168,94503,94779,94568,94101,92913,92690,91615,91387,90097,89976,88806
