718.64,696.16,673.6,650.85,628.04,605.08,582.02,559.06,536.05,513.25,490.86,468.9,447.77,427.86,409.41,393.09,379.32,368.4,362.43,361.51,360.71,360.08,358.88,357.23,354.99,352.51,349.37,345.92,341.94
718.6,696.14,673.58,650.88,628.06,605.09,582.06,559.07,536.1,513.32,490.94,469.04,447.95,428.07,409.69,393.41,379.71,368.76,362.91,362.04,361.28,360.71,359.68,358.16,356.06,353.63,350.6,347.19,343.3
718.57,696.11,673.57,650.9,628.08,605.11,582.1,559.09,536.15,513.4,491.02,469.18,448.12,428.27,409.97,393.73,380.1,369.13,363.4,362.56,361.84,361.34,360.48,359.09,357.14,354.74,351.84,348.46,344.67
718.55,696.09,673.57,650.93,628.11,605.14,582.14,559.11,536.19,513.47,491.1,469.31,448.29,428.48,410.26,394.05,380.5,369.49,363.88,363.09,362.4,361.98,361.28,360.03,358.21,355.87,353.07,349.76,346.03
718.53,696.08,673.62,650.95,628.11,605.17,582.18,559.13,536.23,513.52,491.18,469.43,448.44,428.69,410.51,394.36,380.89,369.85,364.37,363.62,362.96,362.65,362.07,360.98,359.29,357.07,354.3,351.11,347.4
718.62,696.09,673.65,650.97,628.12,605.21,582.21,559.18,536.27,513.59,491.27,469.54,448.6,428.87,410.77,394.67,381.25,370.21,364.85,364.15,363.53,363.32,362.9,361.94,360.4,358.27,355.61,352.46,348.85
718.68,696.1,673.67,650.97,628.14,605.23,582.23,559.22,536.32,513.64,491.34,469.65,448.74,429.05,411.01,394.96,381.62,370.63,365.33,364.69,364.12,364.01,363.72,362.94,361.52,359.49,356.94,353.85,350.3
718.65,696.09,673.69,651,628.16,605.24,582.24,559.27,536.36,513.69,491.42,469.75,448.89,429.23,411.23,395.25,381.95,371.05,365.83,365.24,364.71,364.71,364.57,364,362.65,360.77,358.27,355.28,351.76
718.71,696.13,673.71,651.05,628.18,605.23,582.25,559.33,536.4,513.78,491.49,469.86,449.02,429.39,411.45,395.52,382.29,371.46,366.33,365.81,365.33,365.41,365.49,365.05,363.88,362.05,359.69,356.72,353.29
718.73,696.23,673.75,651.07,628.18,605.26,582.28,559.36,536.45,513.88,491.56,469.95,449.15,429.55,411.66,395.8,382.61,371.83,366.83,366.37,365.96,366.15,366.42,366.13,365.1,363.39,361.1,358.25,354.82
718.65,696.2,673.77,651.09,628.17,605.29,582.31,559.39,536.5,513.93,491.64,470.04,449.27,429.71,411.88,396.05,382.92,372.21,367.39,366.98,366.6,366.89,367.37,367.21,366.34,364.76,362.56,359.81,356.42
718.66,696.21,673.76,651.09,628.2,605.36,582.36,559.41,536.56,513.97,491.74,470.15,449.39,429.87,412.06,396.3,383.24,372.67,367.95,367.6,367.28,367.65,368.34,368.31,367.61,366.14,364.08,361.37,358.1
718.68,696.26,673.84,651.13,628.24,605.41,582.42,559.45,536.63,514.04,491.84,470.26,449.54,430.06,412.24,396.53,383.55,373.15,368.55,368.23,367.95,368.45,369.32,369.47,368.87,367.6,365.59,363.01,359.78
718.71,696.31,673.86,651.2,628.28,605.43,582.44,559.51,536.71,514.12,491.96,470.4,449.74,430.26,412.45,396.76,383.87,373.64,369.17,368.9,368.64,369.23,370.31,370.63,370.22,369.05,367.19,364.66,361.5
718.75,696.35,673.86,651.17,628.31,605.44,582.47,559.58,536.79,514.2,492.1,470.55,449.94,430.47,412.72,396.99,384.15,374.15,369.79,369.56,369.35,370.11,371.3,371.84,371.6,370.55,368.83,366.34,363.25
718.84,696.4,673.89,651.16,628.33,605.45,582.5,559.66,536.87,514.3,492.23,470.68,450.11,430.7,413,397.33,384.42,374.66,370.44,370.25,370.06,371,372.34,373.07,372.99,372.11,370.47,368.13,365
718.91,696.51,673.94,651.19,628.41,605.52,582.55,559.71,536.91,514.38,492.33,470.82,450.29,430.92,413.29,397.69,384.75,375.15,371.08,370.96,370.81,371.89,373.42,374.3,374.41,373.67,372.17,369.91,366.92
718.92,696.56,674.02,651.25,628.48,605.57,582.59,559.76,536.96,514.47,492.42,470.95,450.46,431.13,413.57,398.05,385.19,375.64,371.74,371.66,371.57,372.78,374.51,375.62,375.84,375.29,373.88,371.73,368.85
718.96,696.6,674.02,651.29,628.54,605.59,582.63,559.76,537.03,514.53,492.51,471.09,450.63,431.34,413.83,398.41,385.64,376.08,372.39,372.4,372.36,373.67,375.71,376.94,377.34,376.94,375.63,373.57,370.8
719.01,696.68,674.07,651.29,628.54,605.63,582.68,559.78,537.1,514.61,492.61,471.23,450.8,431.55,414.08,398.76,386.09,376.5,373.05,373.13,373.15,374.64,376.93,378.3,378.89,378.6,377.47,375.42,372.8
719.06,696.75,674.13,651.35,628.57,605.68,582.75,559.88,537.15,514.69,492.72,471.37,450.98,431.78,414.33,399.06,386.55,376.95,373.73,373.88,373.96,375.61,378.16,379.68,380.45,380.34,379.31,377.43,374.81
719.11,696.81,674.18,651.4,628.62,605.78,582.82,559.94,537.19,514.77,492.83,471.51,451.16,432,414.57,399.37,386.97,377.45,374.4,374.64,374.8,376.62,379.41,381.07,382.09,382.09,381.23,379.46,376.9
719.15,696.85,674.23,651.44,628.66,605.85,582.91,559.99,537.25,514.88,492.95,471.66,451.34,432.24,414.82,399.66,387.36,377.95,375.1,375.42,375.64,377.66,380.67,382.58,383.74,383.92,383.2,381.51,379.08
719.22,696.9,674.29,651.47,628.69,605.88,582.94,560.04,537.32,514.97,493.06,471.81,451.51,432.45,415.07,399.95,387.75,378.52,375.81,376.23,376.52,378.71,382.02,384.09,385.43,385.83,385.16,383.66,381.26
719.29,696.97,674.35,651.51,628.71,605.92,582.98,560.11,537.39,515.05,493.16,471.96,451.67,432.66,415.32,400.26,388.13,379.1,376.54,377.04,377.4,379.8,383.37,385.66,387.18,387.74,387.28,385.81,383.56
719.31,697.04,674.45,651.57,628.74,605.96,583.03,560.19,537.48,515.14,493.26,472.09,451.84,432.87,415.58,400.57,388.51,379.71,377.31,377.9,378.31,380.9,384.74,387.34,388.93,389.71,389.4,388.05,385.9
719.41,697.05,674.53,651.68,628.79,606.02,583.1,560.27,537.59,515.23,493.36,472.2,452.02,433.06,415.85,400.87,388.91,380.34,378.09,378.77,379.26,382.02,386.14,389.02,390.81,391.7,391.55,390.37,388.25
719.48,697.1,674.57,651.77,628.86,606.07,583.18,560.33,537.67,515.33,493.48,472.33,452.17,433.27,416.1,401.19,389.3,380.97,378.92,379.66,380.21,383.18,387.54,390.77,392.73,393.74,393.77,392.69,390.72
719.54,697.15,674.61,651.85,628.94,606.12,583.27,560.39,537.76,515.43,493.6,472.46,452.32,433.47,416.36,401.51,389.69,381.62,379.75,380.58,381.2,384.33,389.1,392.52,394.66,395.91,395.99,395.12,393.2
719.64,697.21,674.67,651.92,629.02,606.17,583.35,560.44,537.84,515.55,493.74,472.62,452.49,433.68,416.63,401.84,390.08,382.27,380.62,381.52,382.19,385.56,390.68,394.32,396.69,398.08,398.36,397.56,395.73
719.79,697.27,674.74,652,629.11,606.21,583.41,560.55,537.93,515.68,493.88,472.78,452.66,433.9,416.89,402.17,390.55,382.94,381.49,382.5,383.23,386.79,392.29,396.2,398.72,400.32,400.78,400.04,398.37
719.87,697.37,674.79,652.08,629.22,606.28,583.46,560.65,538.02,515.78,494.06,472.95,452.86,434.14,417.18,402.52,391.04,383.61,382.39,383.48,384.3,388.08,393.94,398.07,400.88,402.6,403.22,402.69,401.01
720.01,697.45,674.91,652.13,629.29,606.39,583.53,560.76,538.13,515.92,494.22,473.13,453.06,434.38,417.46,402.87,391.55,384.3,383.33,384.5,385.39,389.4,395.58,400.04,403.09,404.89,405.8,405.36,403.81
720.16,697.55,674.98,652.22,629.34,606.48,583.62,560.87,538.25,516.07,494.34,473.32,453.27,434.64,417.77,403.26,392.07,385,384.28,385.52,386.5,390.74,397.29,402.03,405.34,407.4,408.38,408.11,406.71
720.22,697.67,675.06,652.32,629.42,606.54,583.7,560.96,538.39,516.17,494.48,473.52,453.5,434.88,418.08,403.65,392.59,385.7,385.26,386.58,387.62,392.14,399,404.08,407.73,409.9,411.03,410.94,409.6
720.35,697.76,675.17,652.41,629.54,606.61,583.78,561.01,538.49,516.27,494.63,473.7,453.74,435.16,418.41,404.03,393.13,386.43,386.24,387.68,388.81,393.53,400.78,406.26,410.13,412.52,413.76,413.77,412.68
720.44,697.89,675.22,652.5,629.65,606.73,583.85,561.09,538.58,516.4,494.78,473.89,454,435.43,418.73,404.42,393.67,387.16,387.25,388.79,390.01,395.02,402.6,408.44,412.58,415.26,416.48,416.77,415.76
720.55,698,675.31,652.59,629.76,606.85,583.95,561.17,538.68,516.53,494.93,474.08,454.25,435.73,419.09,404.86,394.22,387.92,388.28,389.94,391.24,396.49,404.45,410.69,415.05,418,419.42,419.79,418.88
720.67,698.1,675.43,652.69,629.86,606.98,584.08,561.31,538.8,516.67,495.1,474.3,454.5,436.03,419.43,405.29,394.77,388.68,389.35,391.1,392.48,398.02,406.43,412.94,417.54,420.79,422.39,422.86,422.12
720.81,698.22,675.56,652.8,629.96,607.07,584.24,561.45,538.93,516.79,495.27,474.53,454.73,436.34,419.82,405.74,395.34,389.48,390.44,392.32,393.77,399.56,408.4,415.25,420.17,423.59,425.42,426.07,425.37
720.92,698.34,675.65,652.94,630.06,607.17,584.34,561.61,539.08,516.94,495.47,474.71,454.96,436.66,420.2,406.2,395.9,390.28,391.55,393.55,395.11,401.13,410.41,417.62,422.79,426.49,428.61,429.28,428.76
721.04,698.5,675.77,653.05,630.2,607.27,584.44,561.73,539.22,517.12,495.61,474.88,455.2,436.96,420.6,406.69,396.5,391.09,392.71,394.83,396.49,402.77,412.4,420.01,425.54,429.53,431.79,432.63,432.27
721.18,698.61,675.91,653.17,630.34,607.39,584.56,561.85,539.37,517.3,495.73,475.05,455.45,437.27,421.01,407.19,397.08,391.91,393.88,396.14,397.91,404.42,414.53,422.55,428.35,432.58,435.09,436.11,435.77
721.33,698.73,676.06,653.3,630.47,607.55,584.68,561.98,539.5,517.46,495.92,475.24,455.7,437.6,421.47,407.72,397.67,392.77,395.08,397.47,399.34,406.18,416.76,425.08,431.2,435.78,438.44,439.58,439.48
721.47,698.87,676.19,653.42,630.58,607.69,584.84,562.1,539.65,517.62,496.12,475.43,455.96,437.94,421.92,408.25,398.25,393.64,396.3,398.85,400.83,407.95,419.02,427.67,434.19,438.99,441.83,443.26,443.22
721.61,699.07,676.33,653.57,630.68,607.81,584.99,562.23,539.81,517.79,496.35,475.67,456.19,438.28,422.34,408.82,398.94,394.54,397.57,400.26,402.32,409.81,421.33,430.27,437.19,442.25,445.37,446.95,447.01
721.75,699.19,676.47,653.68,630.81,607.92,585.14,562.39,539.96,517.96,496.56,475.93,456.4,438.62,422.76,409.39,399.61,395.45,398.86,401.7,403.89,411.66,423.65,432.96,440.34,445.6,448.91,450.73,450.95
721.89,699.36,676.61,653.82,630.96,608.06,585.26,562.58,540.14,518.16,496.79,476.21,456.68,438.94,423.17,409.98,400.38,396.4,400.18,403.17,405.46,413.59,426.09,435.8,443.53,448.94,452.62,454.66,454.89
722.04,699.51,676.76,653.95,631.1,608.21,585.4,562.73,540.34,518.34,497.03,476.51,457,439.2,423.54,410.55,401.14,397.36,401.52,404.68,407.12,415.53,428.53,438.64,446.78,452.5,456.43,458.59,459
722.2,699.62,676.91,654.12,631.21,608.37,585.55,562.88,540.52,518.5,497.23,476.83,457.41,439.51,423.88,411.1,401.98,398.31,402.91,406.2,408.8,417.55,431.07,441.61,450.09,456.06,460.26,462.7,463.21
722.38,699.76,677.03,654.28,631.35,608.51,585.7,563.03,540.69,518.75,497.4,477.07,457.81,439.96,424.27,411.67,402.82,399.27,404.3,407.81,410.54,419.63,433.64,444.58,453.42,459.76,464.22,466.85,467.43
722.53,699.91,677.18,654.41,631.53,608.63,585.9,563.19,540.85,518.96,497.63,477.29,458.12,440.41,424.67,412.29,403.76,400.21,405.72,409.42,412.3,421.75,436.28,447.71,456.91,463.56,468.17,471.05,471.97
722.69,700.05,677.33,654.55,631.7,608.78,586.05,563.39,541.03,519.16,497.88,477.47,458.37,440.87,425.29,412.85,404.69,401.14,407.16,411.09,414.12,423.91,438.98,450.87,460.39,467.42,472.31,475.37,476.51
722.85,700.22,677.48,654.7,631.87,608.96,586.19,563.6,541.23,519.39,498.16,477.78,458.59,441.19,425.88,413.39,405.59,402.47,408.67,412.77,415.98,426.12,441.74,454.12,464.08,471.47,476.53,479.69,481.17
723.01,700.4,677.63,654.83,632.02,609.16,586.34,563.8,541.45,519.59,498.4,478.09,458.89,441.52,426.43,414.13,406.38,403.9,410.19,414.53,417.89,428.42,444.57,457.44,467.82,475.51,480.84,484.27,485.96
723.18,700.57,677.8,654.99,632.18,609.32,586.54,563.95,541.73,519.81,498.65,478.37,459.25,441.92,426.96,414.88,407.02,405.46,411.84,416.3,419.82,430.75,447.45,460.82,471.62,479.62,485.38,488.9,490.76
723.36,700.74,678,655.15,632.34,609.51,586.72,564.15,541.88,520.12,498.91,478.73,459.67,442.36,427.48,415.58,407.77,407.03,413.52,418.18,421.82,433.17,450.47,464.31,475.47,483.74,489.92,493.63,495.69
723.55,700.92,678.18,655.33,632.5,609.7,586.9,564.35,542.09,520.38,499.15,479.06,460.14,442.85,428,416.33,408.6,408.11,415.42,420.1,423.89,435.63,453.52,467.83,479.39,488.06,494.52,498.51,500.64
723.74,701.09,678.37,655.53,632.67,609.89,587.11,564.54,542.32,520.59,499.51,479.32,460.59,443.44,428.6,417.13,409.66,409.22,417.37,422.17,426.03,438.19,456.68,471.53,483.48,492.54,499.13,503.39,505.72
723.93,701.29,678.56,655.73,632.86,610.08,587.36,564.72,542.58,520.78,499.83,479.68,460.98,444.03,429.35,417.82,410.74,410.5,419.32,424.26,428.21,440.77,459.87,475.25,487.61,497.07,503.94,508.58,510.98
724.11,701.49,678.75,655.93,633.07,610.26,587.57,564.97,542.81,521.07,500.07,480.08,461.27,444.59,430.1,418.48,411.77,411.85,421.25,426.43,430.47,443.42,463.18,479.12,491.96,501.72,508.91,513.8,516.24
724.32,701.69,678.94,656.15,633.26,610.45,587.76,565.23,543.04,521.34,500.33,480.45,461.66,444.92,430.84,419.51,412.74,413.34,423.18,428.6,432.78,446.14,466.53,483.01,496.31,506.38,513.93,519.1,521.76
724.53,701.9,679.12,656.35,633.49,610.67,587.97,565.48,543.29,521.61,500.65,480.73,462.24,445.35,431.42,420.47,413.6,414.9,425.15,430.77,435.19,448.97,470.06,487.07,500.82,511.28,519.09,524.46,527.3
724.73,702.11,679.33,656.54,633.71,610.9,588.2,565.72,543.56,521.91,501,481.05,462.64,445.94,431.9,421.33,414.77,416.51,427.21,433.03,437.62,451.85,473.61,491.13,505.32,516.18,524.24,529.88,533.04
724.95,702.29,679.57,656.74,633.91,611.11,588.45,565.97,543.87,522.19,501.35,481.42,463.03,446.6,432.34,421.96,416.08,418.07,429.35,435.37,440.14,454.77,477.25,495.38,510.06,521.34,529.77,535.5,538.95
725.15,702.49,679.78,656.95,634.13,611.31,588.7,566.24,544.16,522.52,501.66,481.82,463.44,447.17,433.29,422.55,417.26,419.64,431.6,437.81,442.69,457.81,480.96,499.63,514.84,526.53,535.3,541.13,544.89
725.36,702.71,679.98,657.17,634.36,611.54,588.91,566.49,544.42,522.85,501.99,482.31,463.94,447.65,434.1,423.49,418.43,421.3,433.88,440.3,445.4,460.94,484.84,504.15,519.85,531.92,541.05,547.1,551.04
725.57,702.93,680.19,657.39,634.59,611.79,589.14,566.74,544.68,523.16,502.35,482.75,464.51,448.16,434.76,424.59,419.59,423.02,436.17,442.87,448.15,464.18,488.79,508.68,524.92,537.36,546.87,553.09,557.19
725.78,703.16,680.41,657.63,634.82,612.06,589.39,566.99,544.96,523.45,502.82,483.06,465.12,448.78,435.57,425.79,420.83,424.85,438.55,445.49,450.98,467.47,492.86,513.42,530.12,542.97,552.85,559.33,563.67
726,703.37,680.64,657.87,635.05,612.32,589.67,567.29,545.25,523.78,503.14,483.63,465.63,449.5,436.36,426.75,422.13,426.78,440.98,448.2,453.87,470.96,497.03,518.19,535.35,548.67,558.92,565.67,570.2
726.22,703.6,680.88,658.09,635.29,612.56,589.96,567.6,545.57,524.12,503.49,484.18,466.09,450.41,437.16,427.79,423.56,428.75,443.55,451,456.8,474.49,501.31,523.16,540.86,554.58,565.15,572.19,576.92
726.45,703.82,681.11,658.32,635.56,612.81,590.25,567.91,545.92,524.48,503.9,484.65,466.69,451.01,438.24,428.92,424.98,430.73,446.2,453.89,459.93,478.12,505.77,528.19,546.42,560.64,571.52,578.92,583.76
726.67,704.05,681.35,658.56,635.81,613.09,590.53,568.21,546.32,524.88,504.31,484.99,467.5,451.65,439.26,430.2,426.41,432.78,448.92,456.9,463.11,481.84,510.33,533.4,552.21,566.86,578.01,585.73,590.76
726.9,704.28,681.58,658.81,636.04,613.35,590.82,568.51,546.65,525.34,504.76,485.44,467.98,452.65,440.15,431.78,427.96,434.88,451.8,459.96,466.42,485.67,515.03,538.75,558.04,573.2,584.68,592.75,598.03
727.14,704.52,681.82,659.05,636.29,613.61,591.11,568.83,546.98,525.77,505.25,485.97,468.49,453.48,440.74,433.46,429.8,437.07,454.73,463.17,469.82,489.69,519.8,544.32,564.22,579.72,591.49,599.83,605.35
727.38,704.76,682.06,659.31,636.54,613.88,591.36,569.17,547.33,526.19,505.75,486.55,469.07,454.14,441.98,434.21,431.86,439.31,457.72,466.45,473.31,493.79,524.85,549.99,570.46,586.37,598.57,607.27,612.92
727.61,705,682.31,659.56,636.81,614.14,591.62,569.43,547.7,526.6,506.24,487.13,469.78,454.7,443.13,435.29,433.95,441.63,460.8,469.81,476.96,498.02,530.01,555.75,576.98,593.28,605.79,614.74,620.49
727.85,705.25,682.56,659.82,637.08,614.41,591.9,569.72,548.04,527.01,506.7,487.7,470.42,455.61,443.65,436.66,435.41,444.14,463.96,473.33,480.69,502.39,535.34,561.81,583.58,600.35,613.31,622.48,628.6
728.09,705.49,682.8,660.07,637.35,614.7,592.26,570.07,548.35,527.39,507.24,488.31,471.13,456.51,444.7,438.36,436.62,446.71,467.28,476.94,484.58,506.94,540.81,567.98,590.44,607.69,620.96,630.26,636.7
728.33,705.74,683.06,660.33,637.64,615,592.58,570.45,548.78,527.74,507.74,488.92,471.91,457.37,445.79,439.49,438.72,449.35,470.71,480.68,488.55,511.63,546.33,574.48,597.45,615.12,628.84,638.49,645.04
728.57,705.99,683.32,660.59,637.91,615.31,592.89,570.86,549.14,528.11,508.21,489.53,472.73,458.21,446.9,440.67,440.98,451.91,474.25,484.54,492.6,516.43,552.27,581.08,604.67,622.87,636.89,646.74,653.4
728.81,706.24,683.57,660.86,638.2,615.62,593.22,571.18,549.54,528.53,508.68,490.14,473.52,459.13,448.18,442.27,443.14,454.33,477.92,488.5,496.94,521.51,558.33,587.94,612.14,630.69,645.16,655.25,662.1
729.07,706.5,683.82,661.15,638.5,615.96,593.57,571.54,550.02,528.99,509.14,490.8,474.31,460.12,449.41,443.69,444.7,456.53,481.5,492.66,501.41,526.69,564.61,595.1,619.75,638.89,653.65,663.83,670.88
729.31,706.75,684.09,661.43,638.8,616.27,593.92,571.93,550.49,529.48,509.65,491.41,475.12,461.15,450.66,445.21,446.81,459.36,484.98,496.74,505.98,531.96,571.15,602.47,627.72,647.24,662.33,673.02,680.08
729.56,707.01,684.36,661.71,639.11,616.57,594.27,572.32,550.9,529.97,510.24,491.98,475.94,462.19,451.95,446.81,449.05,462.34,488.09,500.72,510.49,537.42,577.81,610.09,635.83,656.02,671.4,682.27,689.41
729.81,707.27,684.62,662,639.41,616.89,594.61,572.69,551.33,530.55,510.84,492.64,476.74,463.26,453.33,448.44,451.27,465.42,491.46,504.45,514.8,542.83,584.73,617.84,644.43,665.02,680.66,691.76,699.18
730.07,707.53,684.89,662.29,639.73,617.21,594.96,573.06,551.76,531.16,511.41,493.5,477.32,464.32,454.72,450.14,453.47,468.97,495.15,508.26,518.95,548.16,591.66,625.85,653.24,674.25,690.34,701.44,709.07
730.32,707.79,685.16,662.57,640.04,617.53,595.32,573.43,552.2,531.72,512,494.23,478.57,465.38,456.2,451.93,455.7,472.25,499.31,512.13,522.95,552.92,598.57,634.07,662.29,683.72,700.12,711.55,719.24
730.58,708.06,685.44,662.85,640.33,617.83,595.68,573.83,552.64,532.25,512.73,494.95,479.58,466.53,457.69,453.81,457.93,475.29,503.26,516.06,526.79,557.36,605.17,642.37,671.5,693.28,710.34,721.91,729.45
730.83,708.32,685.72,663.15,640.63,618.14,596.05,574.28,553.1,532.79,513.44,495.68,480.46,467.79,459.16,455.74,460.15,478.18,507,519.74,530.48,561.49,611.25,650.68,680.84,703.42,720.73,732.53,740.45
731.08,708.58,686,663.46,640.95,618.47,596.39,574.69,553.57,533.34,514.17,496.4,481.35,469.13,460.64,457.7,462.36,481.02,510.51,523.31,534.03,565.11,616.87,658.72,690.49,713.7,731.42,743.6,751.53
731.34,708.85,686.28,663.75,641.27,618.82,596.82,575.11,554.04,533.89,514.88,497.17,482.3,470.42,462.28,459.65,464.6,483.86,513.85,526.8,537.53,568.55,621.37,666.53,699.95,724.19,742.38,754.89,762.93
731.6,709.12,686.57,664.04,641.57,619.17,597.22,575.53,554.53,534.43,515.56,498.04,483.27,471.69,463.75,461.62,466.87,486.69,517.12,530.16,540.96,571.91,625.43,673.22,709.27,734.93,753.5,766.44,774.52
731.86,709.39,686.85,664.35,641.88,619.53,597.62,575.95,555.04,535.01,516.25,499,484.2,473,465.25,463.6,469.21,489.53,520.38,533.43,544.32,575.24,629.07,679.16,718.23,745.7,765.08,778.12,786.63
732.12,709.66,687.14,664.66,642.2,619.91,598.07,576.38,555.53,535.6,516.95,499.93,485.13,474.33,466.94,465.53,471.68,492.34,523.45,536.63,547.55,578.45,632.31,684.37,726.48,756.11,776.66,790.3,798.98
732.39,709.93,687.43,664.97,642.52,620.29,598.48,576.87,556.04,536.21,517.67,500.85,486.02,475.61,468.51,467.51,474.13,495.12,526.55,539.78,550.71,581.59,635.48,688.47,734.07,766.04,788.12,802.61,811.56
732.65,710.2,687.72,665.29,642.85,620.66,598.88,577.42,556.56,536.81,518.4,501.77,487.13,476.76,470.07,469.46,476.54,497.91,529.61,542.82,553.81,584.68,638.56,692.23,740.25,775.64,799.5,815.04,824.42
732.92,710.47,688.01,665.6,643.18,621.07,599.31,577.93,557.07,537.43,519.14,502.69,488.44,478.11,471.92,471.45,478.93,500.66,532.6,545.82,556.89,587.69,641.5,695.63,745.8,784.23,810.77,827.45,837.38
733.17,710.75,688.3,665.9,643.5,621.49,599.75,578.38,557.59,538.05,519.9,503.61,489.7,479.2,473.65,473.51,481.33,503.37,535.46,548.77,559.81,590.59,644.3,698.69,750.63,792.12,821.24,839.78,850.49
733.43,711.03,688.59,666.21,643.84,621.86,600.23,578.83,558.15,538.66,520.67,504.53,490.91,480.29,475.23,475.57,483.69,506.13,538.32,551.6,562.69,593.38,647,701.58,754.47,799.16,831.18,851.77,863.65
733.7,711.31,688.89,666.53,644.19,622.23,600.63,579.21,558.79,539.28,521.43,505.46,492.09,481.77,476.78,477.47,486.12,508.86,541.12,554.4,565.52,596.08,649.62,704.33,758,805.13,840.51,863.23,876.88
733.96,711.59,689.18,666.86,644.53,622.61,601.02,579.66,559.42,539.91,522.2,506.42,493.28,483.43,478.28,479.53,488.49,511.52,543.88,557.14,568.22,598.75,652.12,706.87,761.22,810.48,848.7,874.3,889.62
734.23,711.87,689.47,667.18,644.87,623,601.44,580.24,559.99,540.56,522.96,507.39,494.49,485.01,479.57,481.52,490.87,514.16,546.62,559.83,570.93,601.28,654.52,709.24,763.98,815.09,856.3,884.53,902.11
734.48,712.15,689.77,667.51,645.22,623.4,601.9,580.72,560.71,541.38,523.71,508.36,495.7,486.55,481.73,483.45,493.24,516.75,549.34,562.49,573.52,603.73,656.82,711.49,766.5,818.96,863.08,894.28,913.93
734.75,712.43,690.07,667.83,645.57,623.82,602.35,581.19,561.28,542.17,524.47,509.33,496.9,488.05,483.73,485.38,495.51,519.35,551.96,565.07,576.1,606.13,659,713.61,768.84,822.34,868.85,903.27,925.31
735.02,712.71,690.37,668.15,645.92,624.22,602.81,581.66,561.86,542.95,525.28,510.31,498.09,489.53,485.63,487.49,497.76,521.93,554.54,567.64,578.65,608.5,661.04,715.54,770.93,825.27,874.01,911.29,936.11
735.29,712.99,690.67,668.48,646.29,624.61,603.22,582.23,562.57,543.69,526.23,511.25,499.3,491.02,487.48,489.91,500.23,524.51,557.11,570.16,581.09,610.78,663.02,717.31,772.75,827.72,878.44,918.69,946.16
735.55,713.28,690.97,668.8,646.66,625.01,603.66,582.76,563.27,544.4,527.24,512.2,500.53,492.51,489.32,492.24,502.81,527.08,559.68,572.66,583.52,613.03,664.92,718.99,774.42,829.85,882,925.14,955.7
735.82,713.56,691.27,669.13,647.02,625.41,604.14,583.29,563.93,545.13,528.2,513.15,501.73,494,491.12,494.44,505.39,529.68,562.21,575.14,585.96,615.26,666.76,720.6,775.93,831.71,885.03,930.71,964.29
736.08,713.84,691.57,669.46,647.4,625.81,604.62,583.82,564.55,545.87,529.13,514.16,502.91,495.51,492.95,496.58,507.95,532.25,564.73,577.54,588.38,617.45,668.56,722.05,777.24,833.24,887.59,935.62,972.02
736.34,714.12,691.87,669.79,647.77,626.21,605.1,584.37,565.14,546.55,530.01,515.4,504.12,497.03,494.79,498.74,510.44,534.91,567.25,580.03,590.78,619.62,670.35,723.46,778.41,834.47,889.48,939.66,979.16
736.6,714.4,692.17,670.12,648.15,626.63,605.59,584.93,565.78,547.36,530.91,516.62,505.3,498.55,496.61,500.89,512.9,537.52,569.78,582.47,593.15,621.82,672.08,724.8,779.48,835.52,891.05,942.8,985.28
736.87,714.68,692.47,670.46,648.53,627.05,606.07,585.5,566.47,548.21,531.81,517.83,506.48,500.06,498.43,503.01,515.39,540.16,572.34,584.94,595.53,624.05,673.82,726.09,780.47,836.4,892.3,945.39,990.46
737.13,714.97,692.77,670.79,648.91,627.46,606.56,586.05,567.19,549.11,532.72,519.02,507.74,501.58,500.32,505.23,517.88,542.88,574.99,587.51,598,626.33,675.61,727.36,781.35,837.1,893.22,947.45,994.95
737.4,715.25,693.07,671.13,649.29,627.88,607.05,586.6,567.89,549.77,533.74,520.27,509.34,503.1,502.25,507.49,520.44,545.62,577.8,590.23,600.62,628.69,677.48,728.67,782.18,837.65,893.82,948.79,998.51
737.66,715.53,693.37,671.48,649.68,628.3,607.54,587.15,568.55,550.45,534.75,521.56,510.92,504.69,504.25,509.84,523.11,548.46,580.8,593.15,603.47,631.25,679.45,730.01,782.99,838.12,894.24,949.76,1001.1
737.93,715.82,693.68,671.81,650.07,628.71,608.03,587.7,569.23,551.32,535.78,522.87,512.56,506.32,506.34,512.34,525.95,551.58,584.11,596.34,606.59,634.06,681.58,731.42,783.81,838.52,894.49,950.41,1003.2
738.19,716.1,693.99,672.15,650.46,629.13,608.54,588.24,569.91,552.17,537.01,524.15,514.27,508.03,508.55,515.08,529.17,555.11,587.9,600.11,610.14,637.4,683.98,732.96,784.67,838.87,894.58,950.72,1004.6
738.44,716.39,694.31,672.49,650.85,629.56,609.05,588.81,570.62,553.04,538.18,525.41,516.08,510.06,510.98,518.26,533.09,559.29,592.4,604.6,614.32,641.35,686.76,734.68,785.59,839.2,894.56,950.73,1005.4
738.7,716.68,694.62,672.84,651.24,629.98,609.57,589.39,571.32,553.98,539.32,526.69,517.92,512.42,513.56,521.86,537.89,564.44,598.02,610.29,619.66,646.2,690.08,736.65,786.66,839.56,894.48,950.55,1005.7
738.97,716.96,694.94,673.18,651.63,630.41,610.09,590.05,572.02,554.94,540.37,527.98,519.77,514.98,516.33,525.88,543.73,571.4,605.97,617.91,626.93,652.49,694.09,739.07,787.91,840,894.37,950.23,1005.7
739.24,717.25,695.26,673.52,652.03,630.84,610.61,590.72,572.75,555.92,541.45,529.79,521.63,517.67,519.29,530.33,550.59,581.57,617.93,628.44,637.3,661.04,699.31,742.1,789.43,840.52,894.25,949.78,1005.4
739.51,717.53,695.59,673.87,652.43,631.28,611.14,591.4,573.48,556.9,542.54,531.54,523.38,520.49,522.38,535.24,558.61,594.6,636.05,645.45,652.6,672.67,706.59,745.92,791.33,841.21,894.18,949.25,1004.8
739.78,717.82,695.91,674.22,652.83,631.72,611.68,592.07,574.21,557.9,543.59,533.06,525.12,523.37,525.89,540.44,567.17,610.04,661.24,673.18,675.08,691.48,716.58,750.87,793.76,842.2,894.21,948.7,1004.1
740.06,718.1,696.23,674.57,653.23,632.16,612.23,592.73,574.94,558.92,544.63,534.92,527.12,526.31,529.79,545.82,576.07,627.43,693.96,710.9,711.91,721.68,730.78,757.42,796.99,843.56,894.4,948.18,1003.3
740.33,718.4,696.56,674.92,653.64,632.61,612.78,593.42,575.69,559.95,545.65,536.8,529.1,529.44,534.31,551.26,585.12,644.91,731,755.39,762.58,770.43,751.33,765.98,801.41,845.38,894.8,947.69,1002.4
740.61,718.68,696.88,675.26,654.04,633.07,613.34,594.09,576.46,560.98,546.73,538.27,531.08,532.57,538.97,556.86,594.28,661.29,761.66,801.35,817.08,841.12,780.54,779.27,807.44,847.89,895.5,947.34,1001.4
740.89,718.97,697.21,675.61,654.46,633.52,613.9,594.78,577.25,562.05,547.83,539.84,533.29,535.68,543.69,562.53,603.2,676.61,786.73,833.49,866.65,933.26,832.42,798.22,815.62,851.34,896.62,947.2,1000.5
741.16,719.26,697.55,675.96,654.87,633.98,614.46,595.48,578.05,563.11,549.08,541.48,535.51,538.9,548.5,568.27,611.92,690.85,806.95,857.36,899.95,1013.1,918.55,826.32,826.77,855.95,898.4,947.32,999.7
741.44,719.56,697.88,676.31,655.29,634.44,615.03,596.18,578.86,564.2,550.43,543.18,537.74,542.27,553.33,573.78,620.53,703.61,823.69,875.53,919.12,1063.5,1038.4,868.45,842.09,862.48,900.97,947.81,999.01
741.72,719.84,698.21,676.66,655.71,634.9,615.61,596.89,579.68,565.3,552,544.87,540.71,545.96,558.03,579.75,628.84,715.72,838.08,890.51,934.56,1089.1,1175.2,929.57,864.68,871.94,904.65,948.76,998.52
742,720.12,698.55,677.02,656.15,635.37,616.2,597.61,580.53,566.42,553.57,546.6,543.72,548.93,562.23,586.16,636.95,727.13,850.92,902.5,947.22,1097.8,1293.6,1029,898.22,885.04,909.79,950.31,998.4
742.28,720.41,698.89,677.36,656.58,635.84,616.81,598.33,581.4,567.57,555.12,548.35,546.46,551.62,566.03,592.78,644.85,737.55,862.47,913.15,957.49,1100.6,1344.6,1166.2,946.63,902.89,916.85,952.87,998.72
742.55,720.71,699.23,677.71,657.02,636.35,617.41,599.06,582.27,568.72,556.66,550.13,549.21,554.03,569.69,599.07,652.3,747.19,872.04,922.53,965.81,1102.6,1363,1306.1,1014.3,926.77,926.48,956.73,999.58
742.83,721.02,699.56,678.07,657.46,636.88,618.01,599.8,583.16,569.92,558.2,551.96,551.88,556.55,575.56,605.04,659.6,756.27,881.02,930.46,973.21,1104.1,1361.3,1422.9,1104.2,960.67,940.53,962.19,1001.1
743.1,721.33,699.89,678.43,657.9,637.42,618.64,600.56,584.1,571.08,559.73,553.82,554.56,559.1,580.9,611.04,666.77,764.77,889.13,937.71,979.85,1105.3,1351.5,1494.8,1225,1011.2,959.27,969.91,1003.6
743.38,721.65,700.22,678.82,658.34,637.97,619.25,601.31,585.04,572.31,561.28,555.71,557.19,562.33,585.56,617.25,673.61,772.89,896.41,944.17,985.48,1106.4,1341.4,1521.1,1348.5,1077.2,985.35,980.02,1007.3
743.66,721.97,700.57,679.24,658.78,638.53,619.87,602.07,585.99,573.52,562.87,557.62,559.82,565.67,589.87,623.83,680.25,780.43,903.17,950.24,990.5,1107.4,1332.2,1530.5,1451.8,1160.3,1018.9,993.33,1012.9
743.94,722.29,700.91,679.66,659.23,639.11,620.51,602.85,586.95,574.76,564.46,559.59,562.43,569.46,594.05,630.12,686.56,787.46,909.5,955.44,995.17,1108.3,1323.9,1528.9,1533.5,1258.8,1063.5,1012.9,1020.6
744.22,722.62,701.24,680.09,659.67,639.68,621.14,603.65,587.93,576.01,566.02,561.53,565.11,573.23,598.05,636.4,692.31,794.17,915.15,960.41,999.41,1109.1,1316.7,1520.5,1581.1,1362.5,1123.8,1038.9,1031.1
744.51,722.94,701.58,680.52,660.11,640.27,621.78,604.45,588.93,577.29,567.58,563.53,567.77,576.87,602.07,642.05,697.72,800.43,920.42,964.95,1003.2,1110,1310.2,1510.5,1606.5,1456,1197.1,1071.5,1045.1
744.8,723.26,701.92,680.95,660.56,640.86,622.42,605.31,589.96,578.59,569.1,565.59,570.39,580.41,606.02,647.48,702.96,806.23,925.4,969.08,1006.7,1110.7,1304.6,1500.4,1619.5,1530.4,1279.3,1112.4,1062.7
745.08,723.58,702.26,681.37,661,641.46,623.06,606.17,590.99,579.93,570.58,567.67,573.05,583.89,609.96,652.65,708.69,811.91,929.86,972.95,1009.9,1111.3,1299.4,1490.4,1623.3,1587.9,1368.1,1163.8,1087
745.37,723.9,702.61,681.8,661.45,642.06,623.69,607.05,592.04,581.23,572,569.81,575.73,587.27,613.9,657.55,714.95,817.29,934.13,976.46,1012.8,1112,1294.7,1481.6,1620.3,1624.9,1452.4,1228.7,1119.5
745.67,724.23,702.97,682.22,661.9,642.67,624.32,607.95,593.09,582.66,573.33,571.99,578.36,590.72,617.77,662.5,721,822.3,938.26,979.79,1015.5,1112.6,1290.5,1473.5,1615.3,1648.4,1524.7,1301.5,1158.4
745.96,724.54,703.32,682.65,662.33,643.28,624.95,608.85,594.12,584.1,574.47,574.35,581,593.96,621.63,667.2,726.74,827.07,942.07,983.02,1018.1,1113.1,1286.6,1466.1,1608.5,1663.7,1582.5,1375.4,1204.6
746.25,724.86,703.69,683.08,662.78,643.88,625.6,609.74,595.13,585.45,575.9,576.75,583.58,597.27,625.49,671.81,732.03,831.69,945.78,986.1,1020.5,1113.7,1283,1458.1,1599.5,1671.3,1625.6,1452.5,1259
746.55,725.18,704.05,683.5,663.24,644.48,626.24,610.66,596.14,586.79,577.93,579.25,586.16,600.47,629.27,676.29,737.28,836.06,949.34,989.03,1022.9,1114.3,1279.5,1449.6,1589,1670.4,1652.7,1518.3,1322.6
746.84,725.51,704.41,683.93,663.69,645.09,626.88,611.57,597.14,588.14,579.91,581.82,588.75,603.65,633.06,680.67,742.24,840.35,952.63,991.76,1025.1,1114.8,1276.2,1441.2,1578.8,1667.3,1670.7,1574.6,1389.7
747.14,725.84,704.78,684.35,664.17,645.7,627.51,612.48,598.12,589.48,581.56,584.28,591.27,606.77,636.8,684.94,746.96,844.52,955.8,994.31,1027.2,1115.2,1273.4,1433.7,1569.2,1662.2,1682.6,1619.1,1456.1
747.44,726.16,705.14,684.77,664.64,646.31,628.13,613.4,599.12,590.86,583.22,586.63,593.21,609.77,640.48,689.11,751.53,848.59,958.76,996.82,1029.2,1115.5,1270.8,1427.7,1560.6,1655.5,1689.4,1652,1520.9
747.74,726.5,705.53,685.19,665.13,646.9,628.78,614.33,600.08,592.25,584.74,588.8,595.18,612.7,644.09,693.12,755.83,852.48,961.65,999.2,1031.1,1115.9,1267.9,1422.5,1552.7,1649.1,1692,1671.9,1573.6
748.05,726.83,705.92,685.62,665.63,647.5,629.5,615.25,601.07,593.61,586.27,590.79,596.6,615.92,647.64,697.02,760.18,856.2,964.46,1001.4,1032.9,1116.2,1265.3,1416.1,1545.3,1642.8,1692.1,1686.2,1617.4
748.36,727.17,706.32,686.06,666.13,648.1,630.24,616.16,602.09,594.98,588.02,592.78,597.95,619.7,651.07,700.9,764.25,859.83,967.07,1003.6,1034.6,1116.7,1262.9,1410.3,1538.7,1637.1,1689.9,1695.9,1650.4
748.67,727.51,706.72,686.52,666.74,648.68,631.14,617.07,603.21,596.38,589.85,594.81,600.74,623.43,654.47,704.7,768.29,863.35,969.62,1005.7,1036.3,1117,1260.9,1405.2,1533,1631.9,1689,1701.1,1673.5
748.98,727.86,707.11,686.98,667.33,649.25,632.06,617.97,604.58,597.77,591.76,596.84,603.88,627.28,657.36,708.39,772.1,866.76,971.99,1007.7,1037.9,1117.4,1258.9,1402,1528.6,1626.8,1687.4,1705.1,1687.7
749.29,728.2,707.5,687.45,667.92,649.9,632.97,618.87,605.95,599.16,593.73,598.87,606.9,631.01,659.82,712.02,775.86,870.03,974.33,1009.6,1039.5,1117.7,1257.1,1398.6,1524.6,1622.4,1685.1,1707.6,1697.8
749.6,728.55,707.89,687.92,668.52,650.64,633.89,619.74,607.33,600.53,595.73,600.94,609.81,633.81,663.1,715.53,779.46,873.29,976.6,1011.4,1041,1118.2,1255.4,1394.6,1520.3,1618.7,1682.3,1707.1,1704.6
749.91,728.89,708.28,688.39,669.12,651.36,634.83,620.61,608.7,601.88,597.72,602.94,612.66,636.6,667.11,719.03,783.12,876.35,978.78,1013.2,1042.4,1118.5,1253.8,1390.5,1513.1,1615.3,1679.2,1706,1708
750.24,729.19,708.67,688.87,669.69,652.02,635.57,621.35,610.08,603.23,599.72,604.96,615.44,639.25,671.11,722.53,786.65,879.38,980.86,1015,1043.8,1118.9,1252.3,1386.1,1506.4,1607.6,1675.7,1704.8,1710.4
750.59,729.47,709.08,689.35,670.24,652.66,636.25,622.01,611.46,604.53,601.7,606.97,618.17,641.95,675.1,725.83,790.1,882.24,982.93,1016.7,1045.2,1119.3,1251,1382.3,1500.5,1600.4,1670.2,1703.3,1711.9
750.93,729.74,709.48,689.84,670.8,653.31,636.97,622.75,612.83,605.83,603.69,608.96,620.87,644.57,678.92,729.1,793.56,885.12,984.93,1018.3,1046.5,1119.7,1249.6,1378.6,1495.4,1594.3,1664.8,1701.7,1712.5
751.26,730.12,709.99,690.34,671.34,653.98,637.84,624.14,614.15,607.03,605.67,610.93,623.51,647.2,682.3,732.07,796.95,887.78,986.82,1019.9,1047.9,1120.1,1248.4,1375.1,1490.3,1588.9,1659.5,1699.7,1712.8
751.59,730.52,710.49,690.84,671.88,654.67,638.72,625.51,615.44,608.21,607.65,612.85,626.15,649.78,685.75,734.93,800.35,890.34,988.67,1021.4,1049.1,1120.5,1247.2,1372,1485.9,1584.2,1655.2,1696.4,1712.9
751.92,730.91,710.97,691.28,672.42,655.37,639.56,626.67,616.78,609.32,609.62,614.77,628.79,652.32,688.96,737.74,803.75,892.76,990.48,1022.9,1050.2,1120.9,1246,1368.8,1481.7,1580,1651.6,1694,1712.4
752.25,731.31,711.4,691.63,672.94,656.1,640.37,627.62,618.2,610.22,611.57,616.6,631.38,654.89,692.09,740.56,807.18,895.15,992.28,1024.4,1051.4,1121.2,1244.8,1366,1477.7,1576,1648.5,1692.2,1712
752.59,731.71,711.83,691.98,673.46,656.83,641.2,628.6,619.58,611.15,613.52,618.43,633.95,657.36,695.15,743.35,810.51,897.4,993.98,1025.7,1052.5,1121.6,1243.6,1363,1473.8,1572.2,1645.7,1691,1711.7
752.93,732.1,712.26,692.42,674.11,657.61,641.99,629.63,620.69,612.79,615.45,620.18,636.5,659.85,698.15,746.08,813.53,899.67,995.68,1027.1,1053.7,1121.9,1242.5,1360.4,1470.3,1568.5,1643.1,1688.8,1711.4
753.27,732.49,712.69,692.98,674.82,658.4,642.78,630.66,621.72,614.72,617.34,621.82,638.99,662.23,701.09,748.84,816.59,902.27,997.33,1028.5,1054.8,1122.3,1241.4,1357.7,1467,1565.1,1638.9,1685.6,1710.4
753.61,732.88,713.12,693.53,675.53,659.19,643.56,631.69,622.76,616.65,619.19,623.46,641.49,664.6,704.02,751.53,819.49,904.81,998.95,1029.7,1055.9,1122.6,1240.3,1355.4,1463.7,1561.9,1634.5,1681.8,1707.9
753.95,733.27,713.55,694.08,676.19,659.95,644.28,632.8,623.89,618.41,620.92,624.91,643.97,666.9,706.92,754.14,822.27,907.19,1000.6,1031,1056.8,1123,1239.4,1353,1460.7,1558.7,1629.9,1678.3,1705.9
754.3,733.67,713.99,694.64,676.84,660.71,645.01,633.9,625.02,620.21,622.62,626.31,646.41,669.13,709.74,756.71,824.99,909.56,1002.1,1032.3,1057.9,1123.4,1238.4,1350.8,1457.7,1555.5,1625.5,1675,1704.1
754.65,734.06,714.44,695.19,677.51,661.45,645.72,635,626.13,621.92,624.28,628.13,648.8,671.34,712.57,759.28,827.63,911.87,1003.6,1033.5,1058.8,1123.6,1237.5,1348.6,1454.9,1551.8,1621.4,1671.9,1702.5
755,734.45,714.89,695.73,678.12,662.1,646.38,636.12,627.24,623.54,625.91,630.7,651.13,673.4,715.31,761.79,830.21,914.14,1005.1,1034.7,1059.8,1124,1236.6,1346.5,1452.2,1547.5,1617.5,1669.1,1701.1
755.36,734.85,715.35,696.27,678.71,662.75,647.03,637.24,628.36,625.15,627.51,633.34,653.44,675.5,718.02,764.25,832.73,916.35,1006.6,1035.9,1060.7,1124.3,1235.9,1344.5,1449.6,1543.4,1613.8,1666.3,1699.6
755.72,735.24,715.81,696.82,679.3,663.4,647.9,638.37,629.44,626.76,629.1,635.82,655.72,677.81,720.72,766.69,835.26,918.48,1007.9,1037.1,1061.6,1124.6,1235,1342.6,1447.1,1539.5,1610.3,1663.7,1698.3
756.08,735.64,716.28,697.36,679.93,664.14,649.06,639.5,630.5,628.37,630.7,638.26,657.96,680.29,723.39,768.99,837.69,920.56,1009.3,1038.2,1062.5,1125,1234.3,1340.7,1444.7,1535.8,1606.8,1661.3,1696.9
756.45,736.04,716.76,697.91,680.55,664.88,650.22,640.66,631.56,629.97,632.3,640.66,660.16,682.77,725.99,771.3,840.11,922.58,1010.7,1039.3,1063.4,1125.2,1233.5,1339,1442.3,1532.2,1603.6,1658.9,1695.6
756.81,736.44,717.23,698.47,681.18,665.62,651.27,641.78,632.57,631.58,633.88,642.84,662.29,685.65,728.54,773.92,842.48,924.61,1012,1040.4,1064.3,1125.6,1232.7,1337.2,1440.1,1528.9,1600.5,1656.6,1694.2
757.18,736.85,717.72,699.03,681.83,666.38,652.22,642.9,633.59,633.18,635.45,645.05,664.43,688.53,731.04,776.67,844.79,926.55,1013.3,1041.5,1065.2,1126,1232,1335.6,1437.9,1525.5,1597.5,1654.4,1692.2
757.55,737.26,718.21,699.58,682.49,667.15,653.14,644.02,634.61,634.77,637.01,647.23,666.53,691.34,733.48,779.39,847.1,928.49,1014.5,1042.5,1066.1,1126.2,1231.3,1333.9,1435.8,1522.3,1594.6,1652.2,1689.9
757.92,737.67,718.69,700.13,683.14,667.91,654.08,645.08,635.62,636.35,638.53,649.35,668.57,694.04,735.85,782.12,849.36,930.38,1015.8,1043.5,1066.9,1126.6,1230.7,1332.4,1433.8,1519.1,1591.8,1650.2,1687.3
758.3,738.09,719.18,700.69,683.81,668.7,655.01,646.12,636.62,637.92,640.05,651.47,670.58,696.69,738.26,784.78,851.59,932.23,1017,1044.5,1067.7,1126.9,1230.1,1330.9,1431.8,1516.2,1589,1648.2,1684.8
758.68,738.5,719.68,701.25,684.48,669.49,655.92,647.15,637.69,639.47,641.54,653.57,672.57,699.26,740.6,787.42,853.77,934.08,1018.2,1045.5,1068.5,1127.2,1229.6,1329.5,1429.9,1513.3,1586.3,1646.1,1682.4
759.06,738.91,720.18,701.81,685.15,670.28,656.85,648.24,639.12,641,643.01,655.65,674.55,701.78,742.9,790.01,855.91,935.89,1019.5,1046.5,1069.4,1127.6,1229,1328.1,1428,1510.5,1583.7,1644,1680.1
759.44,739.33,720.69,702.38,685.84,671.06,657.79,649.32,640.56,642.55,644.49,657.73,676.54,704.28,745.16,792.57,858.02,937.68,1020.6,1047.5,1070.2,1127.9,1228.4,1326.7,1426.1,1507.9,1581.3,1641.4,1677.8
759.83,739.76,721.19,702.95,686.51,671.85,658.73,650.38,641.97,644.07,645.99,659.76,678.48,706.7,747.39,795.06,860.05,939.41,1021.8,1048.5,1071,1128.3,1227.9,1325.4,1424.2,1505.2,1579,1638.3,1675.7
760.22,740.17,721.71,703.52,687.2,672.64,659.69,651.47,643.32,645.55,647.49,661.78,680.42,709.13,749.61,797.5,862.1,941.12,1022.9,1049.4,1071.7,1128.6,1227.4,1324.1,1422.1,1502.7,1576.6,1635.4,1673.7
760.6,740.59,722.22,704.1,687.9,673.42,660.65,652.56,644.7,647.05,648.96,663.8,682.34,711.52,751.79,799.91,864.12,942.86,1024.1,1050.3,1072.5,1128.9,1226.9,1322.9,1420,1500.2,1574.3,1632.5,1671.6
760.99,741.02,722.73,704.68,688.6,674.21,661.61,653.66,646.06,648.54,650.49,665.75,684.22,713.86,753.9,802.27,866.06,944.48,1025.1,1051.3,1073.3,1129.2,1226.4,1321.7,1417.9,1497.8,1572.1,1629.7,1669.6
761.39,741.46,723.26,705.25,689.31,675.02,662.58,654.77,647.39,650.04,652.04,667.72,686.11,716.19,756.05,804.63,868.05,946.15,1026.2,1052.2,1074,1129.6,1226,1320.6,1415.8,1495.5,1570,1627.1,1667.7
761.79,741.9,723.8,705.84,690.03,675.82,663.55,655.87,648.73,651.5,653.61,669.71,688,718.48,758.15,806.91,869.97,947.77,1027.3,1053.1,1074.7,1129.9,1225.5,1319.5,1413.9,1493.3,1567.9,1624.4,1665.8
762.19,742.33,724.33,706.42,690.74,676.63,664.51,656.98,650.06,652.97,655.2,671.62,689.89,720.74,760.23,809.16,871.87,949.34,1028.4,1054,1075.5,1130.2,1225.2,1318.4,1411.9,1491,1565.9,1621.9,1664.1
762.59,742.76,724.85,707,691.45,677.44,665.51,658.09,651.39,654.44,656.78,673.52,691.75,723.03,762.3,811.41,873.77,950.94,1029.5,1054.8,1076.2,1130.5,1224.8,1317.3,1410.2,1489,1563.9,1619.4,1662.3
762.99,743.2,725.39,707.59,692.17,678.24,666.5,659.2,652.72,655.9,658.37,675.39,693.6,725.23,764.36,813.56,875.6,952.49,1030.5,1055.7,1076.9,1130.8,1224.4,1316.2,1408.4,1486.9,1562,1617,1660.6
763.39,743.64,725.93,708.18,692.9,679.06,667.5,660.32,654.06,657.37,659.97,677.22,695.46,727.39,766.4,815.72,877.43,954.03,1031.6,1056.6,1077.6,1131.2,1224,1315.3,1406.6,1484.9,1560.2,1614.6,1659
763.81,744.08,726.47,708.79,693.64,679.88,668.51,661.44,655.4,658.84,661.57,679.05,697.35,729.55,768.42,817.86,879.24,955.56,1032.5,1057.4,1078.4,1131.5,1223.7,1314.3,1404.9,1483,1558.4,1612.3,1657.3
764.22,744.53,727.01,709.39,694.39,680.7,669.5,662.55,656.74,660.31,663.17,680.87,699.23,731.68,770.38,819.92,881,957.04,1033.6,1058.3,1079,1131.9,1223.4,1313.4,1403.2,1481.1,1556.6,1610.1,1655.7
764.63,744.98,727.56,709.98,695.11,681.51,670.49,663.65,658.07,661.77,664.77,682.67,701.09,733.79,772.34,821.99,882.76,958.51,1034.6,1059.1,1079.8,1132.2,1223.1,1312.5,1401.6,1479.2,1554.4,1608,1654.2
765.04,745.42,728.11,710.58,695.85,682.33,671.5,664.75,659.39,663.24,666.37,684.48,702.95,735.87,774.3,824.04,884.49,959.97,1035.5,1060,1080.5,1132.6,1222.8,1311.6,1400,1477.3,1552.2,1605.9,1652.7
765.45,745.89,728.67,711.18,696.6,683.15,672.52,665.88,660.73,664.71,667.97,686.27,704.8,737.9,776.22,826.05,886.19,961.39,1036.5,1060.8,1081.1,1132.9,1222.5,1310.8,1398.5,1475.6,1549.9,1603.8,1651.2
765.87,746.37,729.23,711.78,697.35,683.98,673.54,667.01,662.08,666.17,669.56,688.05,706.66,739.91,778.18,828.03,887.89,962.81,1037.5,1061.6,1081.8,1133.3,1222.2,1310,1397,1473.9,1547.5,1601.8,1649.8
766.29,746.84,729.78,712.38,698.11,684.81,674.57,668.14,663.42,667.61,671.15,689.83,708.52,741.92,780.13,829.97,889.55,964.2,1038.4,1062.4,1082.5,1133.6,1221.9,1309.2,1395.5,1472.2,1545.3,1599.9,1648.4
766.71,747.36,730.34,712.99,698.87,685.64,675.59,669.25,664.75,669.04,672.73,691.6,710.36,743.88,782.03,831.88,891.19,965.56,1039.3,1063.2,1083.2,1133.9,1221.7,1308.4,1394,1470.6,1543.1,1597.9,1647
767.14,747.89,730.9,713.59,699.62,686.48,676.61,670.37,666.08,670.47,674.3,693.36,712.2,745.84,783.92,833.78,892.86,966.94,1040.3,1064,1083.8,1134.3,1221.5,1307.7,1392.6,1469,1540.9,1596.1,1645.7
767.56,748.41,731.45,714.2,700.38,687.31,677.65,671.48,667.41,671.91,675.89,695.12,714.04,747.79,785.81,835.65,894.47,968.26,1041.3,1064.7,1084.6,1134.7,1221.2,1307,1391.2,1467.5,1538.7,1594.2,1644.4
767.99,748.95,732.01,714.81,701.15,688.14,678.68,672.62,668.76,673.37,677.51,696.87,715.86,749.7,787.68,837.49,896.07,969.58,1042.2,1065.5,1085.2,1135,1221,1306.3,1389.9,1466,1536.7,1592.5,1642.8
768.41,749.5,732.58,715.42,701.91,688.97,679.7,673.74,670.1,674.82,679.19,698.61,717.68,751.61,789.54,839.33,897.67,970.92,1043.1,1066.3,1085.9,1135.4,1220.8,1305.5,1388.6,1464.6,1534.5,1590.7,1641.3
768.82,750.04,733.14,716.03,702.68,689.81,680.74,674.85,671.45,676.26,680.84,700.31,719.5,753.52,791.4,841.14,899.24,972.21,1044,1067,1086.5,1135.7,1220.6,1305,1387.3,1463.2,1532.6,1589.1,1639.5
769.24,750.58,733.72,716.64,703.46,690.64,681.77,675.99,672.8,677.68,682.49,702.01,721.26,755.39,793.23,842.92,900.8,973.49,1044.9,1067.8,1087.2,1136.1,1220.4,1304.3,1386,1461.8,1530.7,1587.4,1637.4
769.66,751.13,734.29,717.24,704.23,691.48,682.8,677.11,674.16,679.12,684.13,703.71,723.03,757.27,795.06,844.71,902.36,974.76,1045.7,1068.6,1087.8,1136.4,1220.3,1303.7,1384.8,1460.5,1528.8,1585.8,1635.4
770.07,751.69,734.86,717.85,705.01,692.32,683.83,678.23,675.51,680.55,685.8,705.43,724.82,759.14,796.88,846.46,903.92,976.03,1046.6,1069.3,1088.5,1136.8,1220,1303.1,1383.7,1459.2,1526.9,1584.3,1633.4
770.48,752.25,735.41,718.45,705.79,693.16,684.87,679.35,676.85,681.97,687.45,707.12,726.59,760.98,798.68,848.19,905.47,977.3,1047.5,1070.1,1089.1,1137.1,1219.9,1302.5,1382.5,1457.9,1525,1582.7,1631.5
770.86,752.81,735.97,719.04,706.57,693.99,685.91,680.46,678.18,683.38,689.08,708.79,728.34,762.79,800.47,849.93,907,978.57,1048.4,1070.9,1089.8,1137.5,1219.7,1301.9,1381.3,1456.7,1523.2,1581.3,1629.6
771.26,753.38,736.54,719.71,707.35,694.83,686.95,681.57,679.52,684.81,690.74,710.5,730.06,764.58,802.23,851.62,908.48,979.76,1049.4,1071.7,1090.4,1137.8,1219.6,1301.3,1380.2,1455.6,1521.4,1579.9,1627.8
771.67,753.94,737.11,720.49,708.13,695.66,688,682.68,680.86,686.24,692.4,712.18,731.76,766.35,803.95,853.3,909.95,980.96,1050.3,1072.5,1091.2,1138.2,1219.5,1300.8,1379.1,1454.5,1519.7,1578.5,1625.9
772.1,754.5,737.66,721.27,708.92,696.49,689.05,683.79,682.2,687.64,694.04,713.86,733.48,768.15,805.71,854.99,911.4,982.15,1051.1,1073.3,1091.9,1138.6,1219.3,1300.2,1378.1,1453.5,1518,1577.2,1624.3
772.52,755.06,738.21,722.05,709.71,697.3,690.1,684.89,683.53,689.04,695.66,715.51,735.21,769.93,807.43,856.64,912.84,983.29,1052,1074,1092.6,1138.9,1219.1,1299.7,1377,1452.5,1516.3,1575.9,1622.5
772.94,755.55,738.73,722.85,710.5,698.11,691.15,686,684.87,690.44,697.27,717.17,736.88,771.67,809.12,858.27,914.29,984.44,1052.7,1074.7,1093.1,1139.3,1219,1299.2,1376,1451.4,1514.7,1574.7,1620.8
773.35,756.01,739.26,723.66,711.3,698.94,692.2,687.1,686.22,691.84,698.88,718.82,738.57,773.43,810.85,859.88,915.73,985.58,1053.5,1075.3,1093.7,1139.7,1218.8,1298.7,1375,1450.5,1513.1,1573.6,1619.2
773.76,756.48,739.78,724.49,712.08,699.74,693.25,688.2,687.56,693.23,700.49,720.45,740.27,775.2,812.55,861.46,917.13,986.73,1054.2,1075.9,1094.2,1140,1218.6,1298.2,1374.1,1449.5,1511.6,1572.4,1617.6
774.22,757.01,740.18,725.32,712.87,700.53,694.29,689.29,688.9,694.61,702.09,722.07,741.92,776.94,814.23,863.05,918.52,987.87,1055,1076.6,1094.8,1140.3,1218.4,1297.8,1373.1,1448.5,1510.1,1571.5,1616
774.75,757.55,740.57,726.15,713.65,701.31,695.33,690.36,690.25,695.99,703.69,723.68,743.58,778.65,815.88,864.66,919.9,989,1055.8,1077.2,1095.3,1140.6,1218.3,1297.5,1372.4,1447.3,1508.7,1570.6,1614.5
775.28,758.08,740.97,727,714.43,702.07,696.37,691.43,691.6,697.38,705.29,725.29,745.25,780.34,817.54,866.2,921.25,990.08,1056.6,1077.9,1095.8,1141,1218.2,1297.2,1371.6,1446.2,1507.3,1569.7,1613
775.82,758.64,741.62,727.87,715.21,702.82,697.43,692.51,692.95,698.75,706.88,726.88,746.87,782.02,819.18,867.76,922.62,991.18,1057.3,1078.6,1096.4,1141.3,1218,1297,1370.9,1445,1506,1568.2,1611.5
776.37,759.2,742.27,728.72,715.98,703.6,698.49,693.58,694.26,700.12,708.48,728.47,748.48,783.74,820.8,869.33,923.99,992.28,1058.1,1079.3,1097,1141.7,1218.1,1296.5,1370.5,1443.7,1504.8,1566.5,1610.1
776.91,759.77,742.92,729.51,716.72,704.65,699.54,694.65,695.6,701.49,710.07,730.06,750.09,785.42,822.4,870.86,925.33,993.36,1058.9,1079.9,1097.6,1142.1,1218.2,1296,1370.1,1442.3,1503.5,1564.9,1608.7
777.44,760.31,743.69,730.2,717.45,705.7,700.58,695.69,696.95,702.85,711.64,731.64,751.67,787.06,823.99,872.38,926.66,994.43,1059.7,1080.5,1098.1,1142.5,1218.4,1295.5,1369.6,1440.6,1502.4,1563.5,1607.4
777.94,760.84,744.48,730.88,718.17,706.73,701.62,696.71,698.3,704.19,713.19,733.21,753.26,788.72,825.61,873.9,927.97,995.48,1060.4,1081.2,1098.7,1142.9,1218.5,1294.8,1368.5,1438.6,1501.4,1562.1,1606
778.46,761.37,745.26,731.53,718.94,707.8,702.66,697.73,699.64,705.52,714.77,734.77,754.84,790.36,827.17,875.4,929.26,996.52,1061.2,1081.8,1099.3,1143.2,1218.5,1294,1367.4,1436.6,1500.4,1560.6,1604.6
778.97,761.9,745.95,732.11,719.73,708.87,703.71,698.77,700.96,706.84,716.36,736.3,756.38,791.98,828.73,876.9,930.58,997.58,1061.9,1082.5,1099.9,1143.6,1218.6,1293.3,1366.4,1435.2,1500,1559.3,1602.9
779.48,762.43,746.64,732.69,720.51,709.94,704.77,699.8,702.28,708.16,717.93,737.83,757.93,793.61,830.28,878.37,931.87,998.62,1062.7,1083.2,1100.4,1143.9,1218.5,1292.8,1365.7,1434.2,1499.8,1558,1601.2
779.99,762.95,747.32,733.28,721.35,710.89,705.82,700.81,703.61,709.48,719.51,739.39,759.48,795.22,831.81,879.82,933.14,999.65,1063.4,1083.8,1101,1144.2,1218.5,1292.2,1365.1,1433.3,1499.6,1556.5,1599.7
780.5,763.47,747.98,733.89,722.23,711.84,706.88,701.81,704.97,710.81,721.07,740.92,761,796.82,833.33,881.27,934.43,1000.7,1064.1,1084.4,1101.5,1144.6,1218.4,1291.6,1364.5,1432.7,1498.1,1554.1,1598.6
781.02,763.99,748.65,734.5,723.08,712.79,707.92,702.82,706.3,712.12,722.61,742.45,762.49,798.41,834.86,882.71,935.7,1001.7,1064.8,1085.1,1102.1,1144.9,1218.4,1291.4,1363.9,1432.2,1496.5,1551.7,1597.4
781.53,764.53,749.32,735.12,723.93,713.56,708.95,703.84,707.62,713.41,724.18,743.98,764.03,799.98,836.35,884.14,936.95,1002.7,1065.6,1085.7,1102.7,1145.3,1218.4,1291.1,1363.4,1431.6,1495,1549.4,1596.3
782.02,765.05,749.97,735.77,724.77,714.33,709.98,704.87,708.93,714.69,725.75,745.49,765.75,801.53,837.84,885.56,938.19,1003.7,1066.3,1086.4,1103.2,1145.7,1218.4,1290.8,1362.7,1430.7,1493,1547.5,1595.4
782.46,765.58,750.63,736.42,725.62,715.1,710.99,705.95,710.21,715.95,727.31,746.99,767.47,803.11,839.33,886.98,939.42,1004.7,1067,1087,1103.8,1146,1218.4,1290.5,1362,1429.7,1491.1,1545.6,1594.3
782.91,766.11,751.29,737.06,726.46,715.87,711.98,707.05,711.49,717.22,728.84,748.47,769.17,804.66,840.77,888.38,940.63,1005.8,1067.8,1087.7,1104.3,1146.4,1218.4,1290.2,1361.3,1428.6,1489.2,1544.2,1594.1
783.36,766.63,751.96,737.71,727.3,716.64,712.95,708.17,712.77,718.5,730.35,749.94,770.82,806.21,842.21,889.78,941.84,1006.7,1068.5,1088.3,1104.9,1146.8,1218.5,1289.9,1360.6,1427.7,1488,1543.7,1594.3
783.8,767.16,752.62,738.35,728.15,717.41,713.93,709.28,714.05,719.77,731.86,751.41,772.46,807.76,843.66,891.17,943.04,1007.7,1069.2,1089,1105.5,1147.2,1218.5,1289.7,1360,1426.8,1486.7,1543.2,1594.5
784.25,767.69,753.29,739,728.99,718.18,714.9,710.4,715.32,721.04,733.37,752.9,774.09,809.28,845.09,892.54,944.2,1008.6,1069.9,1089.6,1106,1147.5,1218.5,1289.5,1359.3,1426,1485.6,1542.9,1593.3
784.7,768.21,753.96,739.65,729.83,718.95,715.88,711.51,716.6,722.31,734.88,754.4,775.71,810.78,846.51,893.9,945.39,1009.6,1070.6,1090.2,1106.6,1147.8,1218.6,1289.2,1358.7,1425.2,1485.1,1542.8,1591.3
785.15,768.74,754.62,740.29,730.68,719.72,716.86,712.62,717.88,723.58,736.39,755.89,777.34,812.31,847.91,895.25,946.57,1010.6,1071.3,1090.8,1107.1,1148.2,1218.6,1289.1,1358.1,1424.4,1484.5,1542.7,1589.3
785.6,769.27,755.29,740.94,731.52,720.5,717.83,713.74,719.16,724.86,737.9,757.38,778.97,813.83,849.31,896.57,947.74,1011.5,1072,1091.4,1107.6,1148.5,1218.6,1288.9,1357.5,1423.6,1483.9,1541.7,1587.8
786.05,769.8,755.95,741.58,732.37,721.27,718.81,714.85,720.44,726.13,739.41,758.87,780.6,815.36,850.71,897.91,948.91,1012.4,1072.7,1091.9,1108.1,1148.8,1218.6,1288.7,1356.8,1422.9,1483.1,1539.9,1586.4
786.49,770.32,756.62,742.23,733.21,722.04,719.78,715.97,721.72,727.4,740.92,760.36,782.23,816.88,852.1,899.26,950.08,1013.4,1073.3,1092.5,1108.6,1149.2,1218.6,1288.5,1356.1,1422.2,1482.3,1538.1,1585
786.94,770.85,757.28,742.87,734.05,722.81,720.76,717.08,723,728.67,742.43,761.86,783.85,818.41,853.5,900.62,951.25,1014.3,1074,1093.1,1109.2,1149.5,1218.6,1288.3,1355.3,1421.4,1481.4,1536.7,1583.8
787.39,771.38,757.95,743.52,734.9,723.58,721.73,718.19,724.28,729.94,743.94,763.35,785.48,819.93,854.9,901.97,952.42,1015.3,1074.7,1093.7,1109.7,1149.9,1218.6,1288.1,1354.5,1420.9,1480.3,1535.7,1582.7
787.84,771.91,758.62,744.17,735.74,724.35,722.71,719.31,725.55,731.22,745.45,764.84,787.11,821.46,856.3,903.32,953.59,1016.2,1075.4,1094.3,1110.2,1150.3,1218.7,1287.8,1353.7,1420.3,1479.2,1534.6,1581.7
788.29,772.43,759.28,744.81,736.58,725.12,723.68,720.42,726.83,732.49,746.96,766.33,788.74,822.99,857.69,904.67,954.76,1017.1,1076,1094.9,1110.8,1150.8,1218.8,1287.5,1352.8,1419.8,1478.1,1533.6,1580.9
788.73,772.96,759.95,745.46,737.43,725.89,724.66,721.53,728.11,733.76,748.47,767.82,790.37,824.51,859.09,906.02,955.93,1018.1,1076.7,1095.5,1111.3,1151.2,1218.9,1287.3,1352.4,1418.8,1477,1532.6,1580.1
789.18,773.49,760.61,746.1,738.27,726.67,725.64,722.65,729.39,735.03,749.98,769.32,791.99,826.04,860.49,907.37,957.1,1019,1077.4,1096.1,1111.8,1151.6,1219.1,1287,1352.1,1417.9,1475.8,1531.7,1579.4
789.63,774.01,761.28,746.75,739.12,727.44,726.61,723.76,730.67,736.31,751.49,770.81,793.62,827.56,861.88,908.72,958.27,1020,1078,1096.7,1112.4,1152,1219.2,1286.7,1351.9,1416.9,1474.9,1530.6,1577.7
790.08,774.54,761.94,747.4,739.96,728.21,727.59,724.88,731.95,737.58,753,772.3,795.25,829.09,863.28,910.07,959.43,1020.9,1078.7,1097.3,1112.9,1152.4,1219.3,1286.5,1351.6,1416,1474.3,1529.5,1575.9
790.53,775.07,762.61,748.04,740.8,728.98,728.56,725.99,733.23,738.85,754.51,773.79,796.88,830.61,864.68,911.42,960.6,1021.9,1079.4,1097.9,1113.5,1152.8,1219.5,1286.2,1351.3,1415,1473.6,1528.4,1574.1
790.98,775.6,763.28,748.69,741.65,729.75,729.54,727.1,734.51,740.12,756.01,775.28,798.51,832.14,866.08,912.77,961.77,1022.8,1080.1,1098.5,1114,1153.2,1219.6,1285.9,1351.1,1414.1,1472.9,1527.4,1573.3
791.42,776.12,763.94,749.33,742.49,730.52,730.51,728.22,735.78,741.39,757.52,776.78,800.13,833.66,867.47,914.12,962.94,1023.7,1080.7,1099.1,1114.5,1153.6,1219.7,1285.7,1350.8,1413.2,1472.3,1526.3,1572.6
791.87,776.65,764.61,749.98,743.33,731.29,731.49,729.33,737.06,742.67,759.03,778.27,801.76,835.19,868.87,915.47,964.11,1024.7,1081.4,1099.7,1115.1,1154,1219.9,1285.4,1350.5,1412.2,1471.6,1525.2,1571.9
792.32,777.18,765.28,750.63,744.17,732.06,732.47,730.44,738.34,743.95,760.54,779.76,803.39,836.72,870.27,916.82,965.28,1025.7,1082.1,1100.3,1115.7,1154.4,1220.1,1285.1,1350.2,1411.2,1470.9,1524.1,1571.2
792.77,777.71,765.95,751.28,745.01,732.83,733.45,731.55,739.62,745.23,762.05,781.25,805.02,838.25,871.67,918.17,966.45,1026.7,1082.8,1100.9,1116.3,1154.8,1220.3,1284.8,1349.9,1410.2,1470.2,1523,1570.5
793.22,778.24,766.62,751.93,745.85,733.6,734.43,732.66,740.9,746.51,763.56,782.74,806.65,839.78,873.07,919.52,967.62,1027.7,1083.5,1101.5,1116.9,1155.2,1220.5,1284.5,1349.6,1409.2,1469.5,1521.9,1569.8
793.67,778.77,767.29,752.58,746.69,734.37,735.41,733.77,742.18,747.79,765.07,784.23,808.28,841.310000000001,874.47,920.87,968.79,1028.7,1084.2,1102.1,1117.5,1155.6,1220.7,1284.2,1349.3,1408.2,1468.8,1520.8,1569.1
794.12,779.3,767.96,753.23,747.530000000001,735.14,736.39,734.88,743.46,749.07,766.58,785.72,809.909999999999,842.84,875.87,922.219999999999,969.959999999999,1029.7,1084.9,1102.7,1118.1,1156,1220.9,1283.9,1349,1407.2,1468.1,1519.7,1568.4
794.570000000001,779.83,768.63,753.88,748.37,735.91,737.370000000001,735.990000000001,744.74,750.349999999999,768.09,787.209999999999,811.54,844.37,877.27,923.57,971.13,1030.7,1085.6,1103.3,1118.7,1156.4,1221.1,1283.6,1348.7,1406.2,1467.4,1518.6,1567.7
795.02,780.36,769.3,754.53,749.21,736.68,738.35,737.1,746.02,751.63,769.6,788.7,813.17,845.900000000001,878.67,924.92,972.3,1031.7,1086.3,1103.9,1119.3,1156.8,1221.3,1283.3,1348.4,1405.2,1466.7,1517.5,1567
795.47,780.889999999999,769.969999999999,755.179999999999,750.05,737.45,739.33,738.21,747.299999999999,752.91,771.11,790.190000000001,814.8,847.430000000001,880.07,926.27,973.469999999999,1032.7,1087,1104.5,1119.9,1157.2,1221.5,1283,1348.1,1404.2,1466,1516.4,1566.3
795.92,781.42,770.639999999999,755.83,750.89,738.219999999999,740.309999999999,739.32,748.58,754.19,772.619999999999,791.68,816.43,848.960000000002,881.47,927.620000000001,974.639999999999,1033.7,1087.7,1105.1,1120.5,1157.6,1221.7,1282.7,1347.8,1403.2,1465.3,1515.3,1565.6
796.37,781.95,771.31,756.48,751.73,738.99,741.29,740.429999999999,749.860000000001,755.47,774.13,793.17,818.06,850.49,882.869999999999,928.969999999999,975.809999999999,1034.7,1088.4,1105.7,1121.1,1158,1221.9,1282.4,1347.5,1402.2,1464.6,1514.2,1564.9
796.820000000002,782.48,771.98,757.129999999999,752.570000000001,739.76,742.270000000001,741.540000000001,751.139999999999,756.749999999999,775.640000000001,794.66,819.689999999999,852.02,884.27,930.32,976.98,1035.7,1089.1,1106.3,1121.7,1158.4,1222.1,1282.1,1347.2,1401.2,1463.9,1513.1,1564.2
797.27,783.009999999998,772.65,757.779999999999,753.41,740.530000000001,743.250000000002,742.650000000001,752.419999999998,758.029999999999,777.15,796.15,821.32,853.550000000001,885.67,931.67,978.15,1036.7,1089.8,1106.9,1122.3,1158.8,1222.3,1281.8,1346.9,1400.2,1463.2,1512,1563.5
797.720000000001,783.540000000001,773.32,758.43,754.25,741.299999999999,744.230000000001,743.76,753.700000000001,759.309999999999,778.66,797.639999999999,822.949999999999,855.08,887.07,933.02,979.32,1037.7,1090.5,1107.5,1122.9,1159.2,1222.5,1281.5,1346.6,1399.2,1462.5,1510.9,1562.8
798.17,784.07,773.99,759.08,755.09,742.07,745.210000000001,744.870000000001,754.98,760.59,780.17,799.129999999999,824.58,856.610000000001,888.469999999999,934.370000000001,980.49,1038.7,1091.2,1108.1,1123.5,1159.6,1222.7,1281.2,1346.3,1398.2,1461.8,1509.8,1562.1
798.620000000001,784.6,774.66,759.73,755.93,742.84,746.190000000001,745.98,756.26,761.869999999999,781.68,800.620000000001,826.209999999999,858.140000000001,889.869999999999,935.720000000001,981.66,1039.7,1091.9,1108.7,1124.1,1160,1222.9,1280.9,1346,1397.2,1461.1,1508.7,1561.4
799.070000000002,785.129999999999,775.33,760.379999999999,756.77,743.610000000001,747.17,747.09,757.539999999999,763.15,783.190000000001,802.110000000001,827.84,859.670000000002,891.27,937.07,982.829999999998,1040.7,1092.6,1109.3,1124.7,1160.4,1223.1,1280.6,1345.7,1396.2,1460.4,1507.6,1560.7
799.52,785.659999999998,775.999999999998,761.029999999999,757.610000000001,744.379999999999,748.15,748.200000000001,758.819999999998,764.43,784.699999999999,803.6,829.470000000001,861.200000000003,892.67,938.419999999998,983.999999999998,1041.7,1093.3,1109.90000000001,1125.3,1160.8,1223.3,1280.3,1345.4,1395.2,1459.7,1506.5,1560
799.970000000001,786.190000000001,776.669999999998,761.68,758.450000000001,745.149999999998,749.129999999999,749.309999999999,760.1,765.709999999999,786.209999999999,805.09,831.1,862.730000000001,894.069999999998,939.77,985.169999999998,1042.7,1094,1110.5,1125.9,1161.2,1223.5,1280,1345.1,1394.2,1459,1505.4,1559.3
800.42,786.719999999999,777.34,762.33,759.290000000001,745.92,750.109999999999,750.42,761.379999999999,766.99,787.719999999999,806.58,832.730000000001,864.260000000004,895.470000000001,941.120000000003,986.34,1043.7,1094.7,1111.1,1126.5,1161.6,1223.7,1279.7,1344.8,1393.2,1458.3,1504.3,1558.6
800.870000000001,787.25,778.009999999998,762.98,760.130000000001,746.690000000001,751.09,751.529999999999,762.66,768.27,789.23,808.070000000002,834.359999999999,865.790000000001,896.869999999999,942.469999999998,987.509999999998,1044.7,1095.4,1111.7,1127.1,1162,1223.9,1279.4,1344.5,1392.2,1457.6,1503.2,1557.9
801.32,787.779999999999,778.68,763.630000000001,760.969999999999,747.459999999999,752.070000000002,752.639999999999,763.940000000001,769.549999999999,790.74,809.559999999999,835.990000000002,867.32,898.27,943.82,988.68,1045.7,1096.1,1112.3,1127.7,1162.4,1224.1,1279.1,1344.2,1391.2,1456.9,1502.1,1557.2
801.77,788.310000000001,779.349999999999,764.279999999999,761.809999999999,748.23,753.050000000001,753.75,765.219999999998,770.83,792.25,811.049999999999,837.619999999999,868.850000000002,899.669999999998,945.170000000002,989.849999999999,1046.7,1096.8,1112.90000000001,1128.3,1162.8,1224.3,1278.8,1343.9,1390.2,1456.2,1501,1556.50000000001
802.220000000001,788.84,780.019999999997,764.93,762.650000000001,749,754.030000000002,754.860000000001,766.5,772.109999999997,793.760000000002,812.540000000001,839.249999999996,870.380000000001,901.07,946.52,991.019999999997,1047.7,1097.5,1113.5,1128.9,1163.2,1224.5,1278.5,1343.6,1389.2,1455.49999999999,1499.9,1555.80000000001
802.670000000002,789.369999999999,780.689999999999,765.579999999998,763.489999999998,749.77,755.010000000002,755.970000000001,767.779999999999,773.389999999999,795.27,814.029999999999,840.880000000001,871.91,902.470000000001,947.869999999999,992.189999999999,1048.7,1098.2,1114.1,1129.5,1163.6,1224.7,1278.2,1343.3,1388.2,1454.8,1498.8,1555.10000000001
803.119999999999,789.899999999998,781.360000000001,766.23,764.330000000002,750.540000000001,755.990000000002,757.080000000002,769.059999999998,774.669999999998,796.779999999999,815.52,842.509999999998,873.440000000002,903.869999999999,949.220000000001,993.360000000001,1049.7,1098.9,1114.7,1130.1,1164,1224.9,1277.9,1343,1387.2,1454.1,1497.7,1554.4
803.570000000003,790.43,782.029999999999,766.879999999997,765.169999999998,751.309999999998,756.970000000001,758.189999999999,770.34,775.950000000001,798.289999999997,817.010000000002,844.139999999999,874.970000000001,905.27,950.570000000003,994.529999999999,1050.7,1099.6,1115.3,1130.7,1164.4,1225.1,1277.6,1342.7,1386.2,1453.4,1496.60000000001,1553.7
804.02,790.959999999999,782.700000000001,767.530000000002,766.010000000002,752.079999999998,757.950000000001,759.299999999999,771.620000000003,777.23,799.799999999999,818.5,845.77,876.5,906.669999999998,951.919999999998,995.700000000001,1051.7,1100.3,1115.90000000001,1131.3,1164.8,1225.3,1277.3,1342.4,1385.2,1452.7,1495.5,1553.00000000001
804.470000000001,791.489999999998,783.369999999999,768.18,766.849999999999,752.850000000002,758.93,760.41,772.899999999998,778.510000000002,801.310000000001,819.989999999998,847.400000000001,878.030000000002,908.07,953.27,996.869999999999,1052.7,1101,1116.50000000001,1131.9,1165.2,1225.50000000001,1277.00000000001,1342.1,1384.2,1451.99999999999,1494.4,1552.30000000001
804.919999999998,792.02,784.039999999997,768.830000000002,767.690000000002,753.619999999999,759.91,761.52,774.18,779.789999999997,802.82,821.48,849.029999999999,879.560000000001,909.469999999998,954.620000000003,998.039999999997,1053.7,1101.7,1117.1,1132.5,1165.60000000001,1225.7,1276.7,1341.8,1383.2,1451.3,1493.3,1551.60000000001
805.370000000003,792.549999999999,784.709999999999,769.48,768.529999999999,754.389999999999,760.889999999999,762.629999999997,775.459999999999,781.07,804.330000000002,822.970000000001,850.66,881.090000000004,910.869999999999,955.970000000001,999.209999999999,1054.7,1102.4,1117.7,1133.1,1166,1225.9,1276.4,1341.5,1382.2,1450.6,1492.2,1550.9
805.82,793.079999999998,785.379999999997,770.130000000001,769.370000000003,755.16,761.869999999999,763.740000000002,776.739999999998,782.349999999999,805.84,824.459999999999,852.290000000001,882.620000000003,912.27,957.32,1000.38,1055.7,1103.1,1118.3,1133.7,1166.4,1226.1,1276.1,1341.2,1381.2,1449.9,1491.10000000001,1550.2
806.27,793.610000000001,786.049999999999,770.779999999999,770.210000000003,755.93,762.850000000002,764.850000000002,778.02,783.629999999997,807.349999999999,825.950000000001,853.919999999998,884.150000000001,913.669999999998,958.670000000002,1001.55,1056.7,1103.8,1118.9,1134.3,1166.8,1226.3,1275.8,1340.9,1380.2,1449.2,1490,1549.50000000001
806.720000000005,794.139999999999,786.720000000001,771.429999999997,771.049999999999,756.700000000001,763.830000000002,765.959999999999,779.299999999999,784.91,808.860000000001,827.440000000002,855.549999999999,885.680000000004,915.07,960.02,1002.72,1057.7,1104.50000000001,1119.50000000001,1134.89999999999,1167.2,1226.50000000001,1275.50000000001,1340.6,1379.2,1448.49999999999,1488.9,1548.80000000001
807.170000000002,794.669999999998,787.389999999999,772.079999999998,771.890000000003,757.469999999998,764.810000000001,767.070000000003,780.579999999998,786.189999999999,810.369999999999,828.93,857.18,887.210000000003,916.470000000001,961.369999999999,1003.89,1058.7,1105.2,1120.10000000001,1135.5,1167.60000000001,1226.7,1275.2,1340.3,1378.2,1447.8,1487.8,1548.10000000001
807.620000000003,795.199999999997,788.059999999998,772.729999999996,772.73,758.239999999998,765.790000000001,768.18,781.859999999997,787.470000000001,811.879999999997,830.420000000002,858.810000000001,888.740000000005,917.869999999999,962.719999999998,1005.06,1059.7,1105.9,1120.7,1136.1,1168,1226.9,1274.9,1340,1377.2,1447.1,1486.7,1547.4
808.07,795.73,788.729999999996,773.380000000001,773.570000000003,759.009999999998,766.77,769.290000000001,783.139999999999,788.749999999996,813.389999999999,831.91,860.439999999999,890.270000000004,919.269999999997,964.07,1006.23,1060.7,1106.6,1121.3,1136.7,1168.4,1227.1,1274.6,1339.7,1376.2,1446.4,1485.60000000001,1546.7
808.520000000004,796.260000000002,789.399999999998,774.029999999999,774.41,759.779999999999,767.75,770.400000000001,784.419999999998,790.029999999999,814.900000000001,833.399999999998,862.07,891.800000000003,920.669999999998,965.419999999998,1007.4,1061.7,1107.3,1121.9,1137.3,1168.8,1227.3,1274.3,1339.4,1375.2,1445.7,1484.5,1546.00000000001
808.970000000001,796.789999999997,790.07,774.68,775.250000000004,760.549999999999,768.73,771.510000000002,785.699999999997,791.309999999998,816.41,834.889999999999,863.700000000001,893.330000000005,922.07,966.770000000004,1008.57,1062.7,1108.00000000001,1122.50000000001,1137.89999999999,1169.2,1227.50000000001,1274.00000000001,1339.1,1374.2,1444.99999999999,1483.4,1545.30000000001
809.420000000002,797.32,790.739999999998,775.329999999998,776.09,761.32,769.709999999999,772.619999999999,786.98,792.59,817.919999999998,836.380000000001,865.330000000002,894.860000000008,923.470000000001,968.120000000003,1009.74,1063.7,1108.7,1123.10000000001,1138.5,1169.60000000001,1227.7,1273.7,1338.8,1373.2,1444.3,1482.3,1544.60000000001
809.870000000003,797.849999999999,791.41,775.98,776.930000000004,762.09,770.689999999999,773.73,788.260000000002,793.869999999999,819.43,837.870000000003,866.959999999995,896.389999999999,924.869999999995,969.470000000001,1010.91,1064.7,1109.4,1123.7,1139.1,1170,1227.9,1273.4,1338.5,1372.2,1443.6,1481.2,1543.9
810.320000000003,798.379999999997,792.079999999998,776.629999999997,777.77,762.860000000001,771.670000000002,774.84,789.539999999997,795.150000000001,820.939999999999,839.360000000001,868.589999999997,897.920000000006,926.269999999997,970.82,1012.08,1065.7,1110.1,1124.3,1139.7,1170.4,1228.1,1273.1,1338.2,1371.2,1442.9,1480.10000000001,1543.2
810.770000000004,798.909999999996,792.75,777.279999999999,778.610000000001,763.629999999997,772.650000000001,775.950000000001,790.82,796.429999999997,822.449999999997,840.850000000002,870.220000000001,899.450000000004,927.670000000006,972.169999999998,1013.25,1066.7,1110.8,1124.9,1140.3,1170.8,1228.3,1272.8,1337.9,1370.2,1442.2,1479.00000000001,1542.5
811.220000000001,799.439999999995,793.419999999998,777.93,779.450000000001,764.399999999998,773.630000000001,777.059999999998,792.100000000002,797.709999999999,823.959999999999,842.339999999997,871.850000000006,900.980000000003,929.07,973.519999999997,1014.42,1067.7,1111.50000000001,1125.50000000001,1140.89999999999,1171.2,1228.50000000001,1272.50000000001,1337.6,1369.2,1441.49999999999,1477.90000000001,1541.8
811.670000000006,799.970000000001,794.089999999997,778.579999999994,780.289999999997,765.169999999998,774.610000000004,778.169999999998,793.379999999997,798.990000000002,825.470000000001,843.830000000002,873.479999999996,902.510000000002,930.470000000001,974.870000000003,1015.59,1068.7,1112.2,1126.10000000001,1141.49999999999,1171.60000000001,1228.7,1272.2,1337.3,1368.2,1440.8,1476.8,1541.10000000001
812.119999999995,800.5,794.759999999995,779.230000000003,781.129999999997,765.939999999995,775.590000000004,779.279999999999,794.659999999996,800.269999999997,826.979999999996,845.32,875.110000000001,904.040000000008,931.869999999995,976.220000000001,1016.75999999999,1069.7,1112.9,1126.70000000001,1142.1,1172.00000000001,1228.9,1271.9,1337,1367.2,1440.09999999999,1475.7,1540.40000000001
812.57,801.029999999999,795.429999999993,779.879999999997,781.970000000001,766.709999999999,776.57,780.389999999999,795.940000000002,801.549999999996,828.489999999998,846.810000000005,876.739999999998,905.57,933.269999999997,977.570000000007,1017.92999999999,1070.7,1113.6,1127.3,1142.7,1172.4,1229.1,1271.6,1336.7,1366.2,1439.39999999999,1474.60000000001,1539.70000000001
813.020000000004,801.559999999998,796.099999999999,780.529999999999,782.810000000005,767.479999999996,777.550000000003,781.5,797.220000000001,802.829999999994,830,848.300000000003,878.369999999995,907.100000000006,934.669999999998,978.919999999998,1019.1,1071.7,1114.3,1127.90000000001,1143.3,1172.8,1229.3,1271.3,1336.4,1365.2,1438.7,1473.50000000001,1539.00000000001
813.470000000001,802.089999999997,796.769999999997,781.18,783.650000000001,768.25,778.530000000006,782.610000000008,798.499999999993,804.109999999993,831.510000000002,849.789999999994,880,908.630000000005,936.07,980.269999999997,1020.27,1072.7,1115,1128.50000000001,1143.89999999999,1173.2,1229.5,1271,1336.10000000001,1364.2,1438,1472.40000000001,1538.30000000002
813.920000000006,802.620000000003,797.439999999995,781.829999999994,784.489999999998,769.020000000004,779.510000000002,783.720000000001,799.779999999999,805.389999999999,833.020000000004,851.279999999999,881.629999999997,910.160000000003,937.470000000001,981.620000000003,1021.44,1073.7,1115.7,1129.10000000001,1144.49999999999,1173.60000000001,1229.7,1270.7,1335.8,1363.2,1437.3,1471.3,1537.60000000001
814.370000000003,803.150000000001,798.110000000001,782.480000000003,785.330000000002,769.790000000001,780.489999999998,784.830000000002,801.059999999998,806.669999999998,834.529999999999,852.769999999997,883.260000000002,911.690000000002,938.870000000003,982.970000000001,1022.61,1074.7,1116.4,1129.70000000001,1145.1,1174.00000000001,1229.9,1270.40000000001,1335.5,1362.2,1436.59999999999,1470.2,1536.90000000001
814.82,803.679999999993,798.779999999999,783.129999999997,786.170000000006,770.560000000005,781.470000000001,785.940000000002,802.339999999997,807.949999999997,836.040000000001,854.260000000002,884.889999999999,913.220000000008,940.269999999997,984.32,1023.78,1075.7,1117.1,1130.3,1145.7,1174.4,1230.1,1270.10000000001,1335.2,1361.20000000001,1435.89999999999,1469.10000000001,1536.20000000001
815.270000000004,804.209999999999,799.449999999997,783.779999999999,787.010000000002,771.329999999994,782.450000000004,787.050000000003,803.620000000003,809.229999999996,837.549999999996,855.75,886.519999999997,914.75,941.669999999998,985.670000000006,1024.95,1076.7,1117.8,1130.90000000001,1146.3,1174.8,1230.3,1269.8,1334.90000000001,1360.2,1435.2,1468.00000000001,1535.50000000001
815.720000000008,804.739999999998,800.120000000003,784.429999999993,787.849999999999,772.099999999999,783.43,788.159999999996,804.900000000001,810.510000000002,839.059999999998,857.240000000005,888.150000000001,916.280000000006,943.07,987.020000000004,1026.12,1077.7,1118.5,1131.50000000001,1146.89999999999,1175.2,1230.5,1269.5,1334.60000000001,1359.2,1434.5,1466.90000000001,1534.80000000002
816.169999999998,805.269999999997,800.790000000001,785.080000000002,788.690000000002,772.869999999995,784.409999999996,789.269999999997,806.18,811.790000000001,840.57,858.730000000003,889.780000000006,917.810000000005,944.469999999994,988.369999999995,1027.29,1078.7,1119.2,1132.10000000001,1147.49999999999,1175.60000000001,1230.7,1269.2,1334.3,1358.2,1433.8,1465.8,1534.10000000001
816.620000000003,805.800000000003,801.459999999999,785.730000000003,789.530000000006,773.639999999999,785.389999999999,790.380000000005,807.459999999999,813.07,842.080000000002,860.219999999994,891.409999999996,919.340000000004,945.870000000003,989.720000000001,1028.46,1079.7,1119.90000000001,1132.70000000001,1148.09999999999,1176.00000000001,1230.90000000001,1268.90000000001,1334,1357.2,1433.09999999999,1464.7,1533.40000000001
817.070000000007,806.329999999994,802.130000000005,786.379999999997,790.370000000003,774.410000000003,786.370000000003,791.490000000005,808.739999999998,814.349999999999,843.590000000004,861.709999999999,893.040000000001,920.870000000003,947.270000000004,991.07,1029.63,1080.7,1120.6,1133.30000000001,1148.7,1176.40000000001,1231.10000000001,1268.60000000001,1333.7,1356.20000000001,1432.39999999999,1463.60000000001,1532.70000000001
817.520000000004,806.859999999993,802.799999999996,787.029999999999,791.209999999999,775.18,787.349999999999,792.599999999999,810.019999999997,815.630000000005,845.099999999999,863.199999999997,894.670000000006,922.400000000009,948.669999999998,992.419999999998,1030.8,1081.7,1121.3,1133.90000000001,1149.3,1176.8,1231.3,1268.3,1333.40000000001,1355.2,1431.7,1462.50000000001,1532.00000000001
817.970000000001,807.389999999999,803.469999999994,787.68,792.050000000003,775.950000000004,788.330000000002,793.709999999999,811.299999999996,816.909999999996,846.610000000001,864.690000000002,896.299999999996,923.930000000008,950.07,993.770000000004,1031.96999999999,1082.7,1122,1134.50000000001,1149.89999999999,1177.20000000001,1231.5,1268,1333.10000000001,1354.2,1431,1461.40000000001,1531.30000000002
818.419999999998,807.919999999998,804.139999999992,788.330000000002,792.889999999999,776.719999999994,789.310000000005,794.82,812.580000000002,818.189999999995,848.119999999995,866.18,897.93,925.460000000006,951.469999999994,995.120000000003,1033.13999999999,1083.7,1122.7,1135.10000000001,1150.5,1177.60000000001,1231.7,1267.7,1332.8,1353.2,1430.3,1460.3,1530.60000000001
818.870000000003,808.450000000004,804.809999999998,788.979999999996,793.730000000003,777.489999999998,790.290000000001,795.93,813.860000000001,819.469999999994,849.630000000005,867.670000000006,899.559999999998,926.990000000005,952.869999999995,996.470000000001,1034.31,1084.7,1123.40000000001,1135.7,1151.09999999999,1178,1231.90000000001,1267.40000000001,1332.5,1352.2,1429.59999999999,1459.2,1529.90000000001
819.320000000007,808.979999999996,805.479999999996,789.629999999997,794.57,778.259999999995,791.269999999997,797.040000000001,815.139999999992,820.75,851.139999999999,869.159999999996,901.190000000002,928.520000000011,954.270000000004,997.82,1035.48,1085.7,1124.10000000001,1136.30000000002,1151.7,1178.40000000001,1232.10000000001,1267.10000000001,1332.2,1351.20000000001,1428.89999999999,1458.10000000001,1529.20000000001
819.769999999997,809.509999999995,806.149999999994,790.279999999999,795.410000000003,779.029999999999,792.25,798.150000000001,816.419999999998,822.029999999999,852.650000000001,870.650000000001,902.82,930.050000000003,955.669999999998,999.169999999998,1036.64999999999,1086.7,1124.8,1136.90000000001,1152.29999999999,1178.8,1232.3,1266.8,1331.90000000001,1350.2,1428.2,1457.00000000001,1528.50000000001
820.220000000001,810.040000000001,806.82,790.93,796.25,779.799999999996,793.230000000003,799.260000000002,817.699999999997,823.309999999998,854.159999999996,872.139999999999,904.449999999997,931.580000000009,957.07,1000.52,1037.82,1087.7,1125.5,1137.50000000001,1152.89999999999,1179.20000000001,1232.5,1266.5,1331.60000000001,1349.2,1427.5,1455.90000000001,1527.80000000002
820.670000000006,810.57,807.489999999998,791.580000000002,797.090000000004,780.57,794.209999999999,800.370000000003,818.979999999996,824.589999999997,855.669999999998,873.629999999997,906.080000000002,933.110000000008,958.470000000001,1001.87,1038.99,1088.7,1126.2,1138.10000000001,1153.5,1179.60000000001,1232.7,1266.2,1331.3,1348.2,1426.8,1454.8,1527.10000000001
821.120000000003,811.099999999999,808.159999999996,792.229999999996,797.930000000008,781.340000000004,795.190000000002,801.480000000003,820.260000000002,825.869999999995,857.18,875.120000000003,907.709999999999,934.639999999999,959.869999999995,1003.22,1040.16,1089.7,1126.90000000001,1138.7,1154.09999999999,1180,1232.90000000001,1265.90000000001,1331,1347.2,1426.09999999999,1453.7,1526.40000000001
821.570000000007,811.629999999997,808.830000000002,792.879999999997,798.769999999997,782.110000000001,796.170000000006,802.589999999997,821.540000000001,827.150000000001,858.689999999995,876.610000000001,909.339999999997,936.170000000006,961.269999999997,1004.57000000001,1041.33,1090.70000000001,1127.60000000001,1139.30000000002,1154.7,1180.40000000001,1233.10000000001,1265.60000000001,1330.7,1346.20000000001,1425.39999999999,1452.60000000001,1525.70000000001
822.020000000004,812.159999999996,809.5,793.529999999999,799.610000000001,782.880000000005,797.150000000001,803.699999999997,822.82,828.43,860.200000000004,878.100000000006,910.970000000001,937.700000000004,962.669999999998,1005.92,1042.49999999999,1091.7,1128.3,1139.90000000001,1155.29999999999,1180.8,1233.3,1265.3,1330.40000000001,1345.2,1424.7,1451.50000000001,1525.00000000001
822.470000000001,812.689999999995,810.169999999998,794.18,800.450000000004,783.649999999994,798.129999999997,804.810000000005,824.099999999999,829.709999999999,861.709999999999,879.589999999997,912.600000000006,939.230000000003,964.07,1007.27,1043.66999999999,1092.7,1129,1140.50000000001,1155.89999999999,1181.20000000001,1233.5,1265,1330.10000000001,1344.2,1424,1450.40000000001,1524.30000000002
822.920000000006,813.220000000001,810.840000000004,794.829999999994,801.290000000008,784.419999999998,799.110000000001,805.920000000006,825.379999999997,830.989999999998,863.220000000001,881.080000000002,914.229999999996,940.760000000002,965.470000000001,1008.62,1044.84,1093.7,1129.7,1141.10000000001,1156.5,1181.60000000001,1233.7,1264.7,1329.8,1343.2,1423.3,1449.3,1523.60000000001
823.370000000003,813.75,811.509999999995,795.479999999996,802.129999999997,785.189999999995,800.090000000004,807.029999999999,826.659999999996,832.270000000004,864.729999999996,882.57,915.860000000001,942.290000000008,966.869999999995,1009.97,1046.00999999999,1094.7,1130.40000000001,1141.7,1157.09999999999,1182,1233.90000000001,1264.40000000001,1329.5,1342.2,1422.59999999999,1448.2,1522.90000000001
823.82,814.279999999999,812.179999999993,796.129999999997,802.970000000001,785.959999999999,801.07,808.139999999999,827.939999999995,833.549999999996,866.239999999998,884.060000000005,917.489999999998,943.820000000007,968.269999999997,1011.32,1047.17999999999,1095.70000000001,1131.10000000001,1142.30000000002,1157.7,1182.40000000001,1234.10000000001,1264.10000000001,1329.2,1341.20000000001,1421.89999999999,1447.10000000001,1522.20000000001
824.270000000004,814.809999999998,812.849999999991,796.779999999999,803.810000000005,786.729999999996,802.050000000003,809.25,829.220000000001,834.829999999994,867.749999999993,885.550000000003,919.119999999995,945.350000000006,969.669999999998,1012.67,1048.34999999999,1096.7,1131.8,1142.90000000001,1158.29999999999,1182.8,1234.3,1263.8,1328.90000000001,1340.2,1421.2,1446.00000000001,1521.50000000001
824.720000000001,815.339999999997,813.519999999997,797.43,804.650000000001,787.5,803.030000000006,810.360000000001,830.5,836.109999999993,869.260000000002,887.040000000001,920.75,946.880000000005,971.069999999992,1014.02,1049.51999999999,1097.7,1132.5,1143.50000000001,1158.89999999999,1183.20000000001,1234.5,1263.5,1328.60000000001,1339.2,1420.5,1444.90000000001,1520.80000000002
825.170000000006,815.870000000003,814.189999999995,798.079999999994,805.489999999998,788.270000000004,804.010000000002,811.470000000001,831.779999999992,837.389999999999,870.770000000004,888.529999999999,922.379999999997,948.410000000011,972.470000000001,1015.37,1050.69,1098.7,1133.2,1144.10000000001,1159.5,1183.60000000001,1234.7,1263.2,1328.3,1338.2,1419.8,1443.8,1520.10000000001
825.620000000003,816.400000000001,814.859999999993,798.730000000003,806.330000000002,789.039999999994,804.989999999998,812.580000000002,833.059999999998,838.669999999998,872.279999999999,890.019999999997,924.010000000002,949.940000000002,973.869999999995,1016.72,1051.86,1099.7,1133.90000000001,1144.7,1160.09999999999,1184,1234.90000000001,1262.90000000001,1328,1337.2,1419.09999999999,1442.7,1519.40000000001
826.07,816.929999999993,815.529999999999,799.379999999997,807.170000000006,789.809999999998,805.970000000001,813.690000000002,834.339999999997,839.949999999997,873.790000000001,891.510000000002,925.639999999999,951.470000000008,975.270000000004,1018.07000000001,1053.03,1100.70000000001,1134.60000000001,1145.30000000002,1160.7,1184.40000000001,1235.10000000001,1262.60000000001,1327.7,1336.20000000001,1418.39999999999,1441.60000000001,1518.70000000001
826.520000000004,817.459999999999,816.199999999997,800.029999999999,808.010000000002,790.579999999994,806.950000000004,814.800000000003,835.619999999995,841.229999999996,875.299999999996,893,927.269999999997,953.000000000007,976.669999999998,1019.42,1054.2,1101.7,1135.3,1145.90000000001,1161.29999999999,1184.8,1235.3,1262.3,1327.40000000001,1335.2,1417.7,1440.50000000001,1518.00000000001
826.970000000008,817.989999999998,816.869999999995,800.679999999993,808.849999999999,791.349999999999,807.93,815.909999999996,836.900000000001,842.510000000002,876.809999999998,894.490000000005,928.900000000001,954.530000000013,978.069999999992,1020.77,1055.37,1102.7,1136,1146.50000000001,1161.89999999999,1185.20000000001,1235.5,1262,1327.10000000001,1334.2,1417,1439.40000000001,1517.30000000002
827.419999999998,818.519999999997,817.540000000001,801.330000000002,809.690000000002,792.119999999995,808.909999999996,817.019999999997,838.18,843.790000000001,878.319999999992,895.980000000003,930.530000000006,956.060000000012,979.470000000001,1022.12000000001,1056.53999999999,1103.7,1136.7,1147.10000000001,1162.5,1185.60000000001,1235.7,1261.7,1326.8,1333.2,1416.3,1438.3,1516.60000000001
827.870000000003,819.050000000003,818.209999999999,801.980000000003,810.530000000006,792.889999999999,809.889999999999,818.129999999997,839.459999999999,845.07,879.830000000002,897.470000000001,932.159999999996,957.589999999997,980.869999999995,1023.47,1057.70999999999,1104.7,1137.40000000001,1147.7,1163.09999999999,1186,1235.90000000001,1261.40000000001,1326.5,1332.2,1415.59999999999,1437.2,1515.90000000001
828.320000000007,819.579999999994,818.879999999997,802.629999999997,811.370000000003,793.660000000003,810.870000000003,819.240000000005,840.739999999998,846.349999999999,881.340000000004,898.959999999999,933.789999999994,959.12000000001,982.26999999999,1024.82000000001,1058.88,1105.70000000001,1138.10000000001,1148.30000000002,1163.7,1186.40000000001,1236.10000000001,1261.10000000001,1326.2,1331.20000000001,1414.89999999999,1436.10000000001,1515.20000000001
828.770000000011,820.109999999993,819.550000000003,803.279999999999,812.210000000006,794.43,811.849999999999,820.350000000006,842.019999999997,847.629999999997,882.849999999999,900.449999999997,935.419999999998,960.650000000009,983.669999999998,1026.17000000001,1060.05,1106.7,1138.8,1148.90000000001,1164.29999999999,1186.8,1236.3,1260.8,1325.90000000001,1330.2,1414.2,1435.00000000001,1514.50000000001
829.220000000001,820.639999999999,820.219999999994,803.929999999993,813.050000000003,795.200000000004,812.830000000002,821.459999999999,843.299999999996,848.910000000003,884.360000000001,901.940000000002,937.050000000003,962.180000000008,985.069999999992,1027.51999999999,1061.22,1107.7,1139.5,1149.50000000001,1164.89999999999,1187.20000000001,1236.5,1260.5,1325.60000000001,1329.2,1413.5,1433.90000000001,1513.80000000002
829.669999999998,821.169999999998,820.889999999992,804.580000000002,813.889999999999,795.969999999994,813.810000000005,822.57,844.580000000002,850.189999999995,885.869999999995,903.43,938.680000000008,963.710000000006,986.470000000001,1028.87,1062.39,1108.7,1140.20000000001,1150.10000000001,1165.49999999999,1187.60000000001,1236.70000000001,1260.20000000001,1325.3,1328.2,1412.79999999999,1432.8,1513.10000000001
830.12000000001,821.699999999997,821.560000000005,805.229999999996,814.730000000003,796.739999999998,814.790000000001,823.68,845.860000000001,851.469999999994,887.379999999997,904.919999999998,940.309999999998,965.24000000002,987.87000000001,1030.22,1063.56,1109.7,1140.90000000001,1150.70000000001,1166.09999999999,1188.00000000001,1236.90000000001,1259.90000000001,1325,1327.2,1412.09999999999,1431.70000000001,1512.39999999999
830.570000000007,822.229999999996,822.229999999996,805.879999999997,815.570000000007,797.509999999995,815.769999999997,824.790000000001,847.139999999999,852.749999999993,888.889999999999,906.410000000003,941.940000000002,966.770000000004,989.270000000004,1031.56999999999,1064.73,1110.70000000001,1141.60000000001,1151.30000000002,1166.7,1188.40000000001,1237.10000000001,1259.60000000001,1324.7,1326.20000000001,1411.39999999999,1430.60000000001,1511.70000000001
831.020000000004,822.759999999995,822.900000000009,806.529999999999,816.410000000003,798.279999999999,816.75,825.900000000001,848.419999999998,854.029999999999,890.399999999994,907.899999999994,943.570000000007,968.300000000003,990.669999999998,1032.92,1065.90000000001,1111.7,1142.3,1151.90000000001,1167.29999999999,1188.8,1237.3,1259.3,1324.40000000001,1325.2,1410.7,1429.5,1511.00000000003
831.470000000016,823.289999999994,823.570000000007,807.179999999993,817.250000000007,799.050000000003,817.730000000003,827.010000000002,849.699999999997,855.30999999999,891.910000000003,909.389999999999,945.199999999997,969.830000000002,992.070000000007,1034.27,1067.07000000001,1112.7,1143,1152.50000000001,1167.89999999999,1189.20000000001,1237.5,1259,1324.10000000001,1324.2,1410,1428.40000000002,1510.30000000002
831.920000000013,823.819999999992,824.239999999991,807.829999999987,818.089999999997,799.819999999992,818.710000000006,828.119999999995,850.979999999996,856.590000000011,893.419999999998,910.880000000005,946.830000000002,971.360000000015,993.470000000001,1035.62,1068.23999999999,1113.7,1143.70000000001,1153.10000000001,1168.49999999999,1189.60000000001,1237.70000000001,1258.70000000001,1323.8,1323.2,1409.3,1427.30000000002,1509.60000000001
832.369999999995,824.349999999991,824.909999999989,808.48000000001,818.929999999993,800.589999999997,819.690000000002,829.229999999996,852.259999999995,857.869999999995,894.929999999993,912.369999999995,948.460000000006,972.890000000014,994.869999999995,1036.97,1069.40999999999,1114.7,1144.40000000001,1153.70000000001,1169.09999999999,1190.00000000001,1237.90000000001,1258.40000000001,1323.5,1322.2,1408.60000000001,1426.20000000001,1508.89999999999
832.819999999992,824.880000000005,825.579999999987,809.130000000005,819.770000000004,801.360000000001,820.669999999998,830.339999999997,853.539999999994,859.149999999994,896.440000000002,913.860000000001,950.089999999997,974.420000000013,996.26999999999,1038.32000000001,1070.57999999999,1115.70000000001,1145.10000000001,1154.30000000002,1169.7,1190.40000000001,1238.10000000001,1258.10000000001,1323.2,1321.20000000001,1407.89999999999,1425.10000000001,1508.20000000001
833.270000000004,825.410000000003,826.249999999985,809.779999999999,820.610000000001,802.130000000005,821.650000000009,831.449999999997,854.820000000007,860.429999999993,897.949999999997,915.350000000006,951.719999999987,975.949999999997,997.669999999998,1039.67000000001,1071.74999999999,1116.7,1145.8,1154.90000000001,1170.29999999999,1190.8,1238.3,1257.8,1322.90000000001,1320.2,1407.19999999998,1424,1507.50000000003
833.720000000001,825.939999999988,826.919999999998,810.429999999993,821.449999999997,802.899999999994,822.630000000005,832.559999999998,856.100000000006,861.709999999992,899.459999999992,916.840000000011,953.350000000006,977.48000000001,999.069999999992,1041.02,1072.92,1117.7,1146.5,1155.50000000001,1170.89999999999,1191.20000000001,1238.5,1257.5,1322.60000000001,1319.20000000001,1406.5,1422.90000000002,1506.80000000002
834.169999999998,826.470000000001,827.589999999997,811.080000000002,822.290000000008,803.669999999998,823.610000000001,833.669999999998,857.380000000005,862.989999999991,900.969999999987,918.330000000002,954.979999999996,979.010000000009,1000.46999999999,1042.37000000001,1074.09,1118.7,1147.20000000001,1156.10000000001,1171.49999999999,1191.60000000001,1238.70000000001,1257.20000000001,1322.3,1318.19999999998,1405.80000000002,1421.80000000002,1506.10000000001
834.62000000001,827,828.259999999995,811.729999999996,823.130000000005,804.440000000002,824.590000000011,834.779999999999,858.660000000003,864.26999999999,902.48000000001,919.820000000007,956.609999999986,980.540000000008,1001.87,1043.72,1075.25999999999,1119.70000000001,1147.90000000001,1156.70000000003,1172.09999999999,1192.00000000001,1238.90000000001,1256.90000000001,1322,1317.20000000001,1405.09999999998,1420.70000000001,1505.40000000002
835.070000000007,827.529999999999,828.929999999993,812.37999999999,823.970000000001,805.209999999992,825.570000000007,835.890000000014,859.939999999988,865.549999999988,903.990000000005,921.309999999998,958.240000000005,982.070000000007,1003.27,1045.06999999999,1076.42999999999,1120.7,1148.59999999999,1157.30000000002,1172.7,1192.40000000001,1239.09999999999,1256.59999999999,1321.70000000001,1316.19999999998,1404.39999999999,1419.60000000001,1504.70000000004
835.520000000004,828.059999999998,829.599999999991,813.029999999999,824.810000000012,805.979999999996,826.550000000003,837.000000000015,861.219999999987,866.829999999987,905.5,922.799999999988,959.869999999995,983.600000000006,1004.67,1046.42,1077.59999999999,1121.7,1149.3,1157.90000000001,1173.29999999999,1192.8,1239.3,1256.3,1321.40000000001,1315.20000000001,1403.69999999998,1418.5,1504.00000000003
835.970000000016,828.589999999997,830.26999999999,813.679999999993,825.649999999994,806.75,827.529999999999,838.110000000001,862.499999999985,868.110000000001,907.010000000009,924.289999999994,961.5,985.130000000019,1006.07000000001,1047.77,1078.76999999999,1122.7,1150,1158.50000000001,1173.89999999999,1193.20000000001,1239.5,1256,1321.10000000001,1314.20000000001,1403,1417.40000000002,1503.30000000002
836.419999999998,829.119999999995,830.939999999988,814.330000000002,826.490000000005,807.520000000004,828.509999999995,839.220000000001,863.779999999999,869.389999999999,908.520000000004,925.779999999999,963.130000000005,986.660000000003,1007.47,1049.12,1079.93999999999,1123.7,1150.70000000001,1159.10000000001,1174.49999999999,1193.60000000001,1239.70000000001,1255.70000000001,1320.80000000002,1313.19999999998,1402.30000000002,1416.30000000002,1502.60000000001
836.869999999995,829.649999999994,831.610000000001,814.979999999996,827.330000000002,808.289999999994,829.490000000005,840.330000000002,865.059999999998,870.669999999998,910.029999999999,927.270000000004,964.759999999995,988.190000000002,1008.87,1050.47,1081.11,1124.70000000001,1151.40000000001,1159.70000000003,1175.09999999999,1194.00000000001,1239.90000000001,1255.40000000001,1320.5,1312.20000000001,1401.59999999998,1415.20000000001,1501.90000000002
837.320000000007,830.180000000008,832.279999999999,815.630000000005,828.169999999998,809.059999999998,830.470000000001,841.440000000002,866.339999999997,871.949999999997,911.539999999994,928.759999999995,966.389999999999,989.720000000001,1010.27,1051.82000000001,1082.28,1125.7,1152.09999999999,1160.30000000002,1175.7,1194.40000000001,1240.09999999999,1255.10000000001,1320.20000000001,1311.19999999998,1400.89999999999,1414.10000000001,1501.20000000004
837.770000000004,830.709999999992,832.949999999997,816.279999999999,829.010000000009,809.830000000002,831.449999999997,842.550000000003,867.619999999995,873.229999999996,913.050000000003,930.25,968.020000000004,991.250000000015,1011.67,1053.17,1083.45,1126.7,1152.8,1160.90000000001,1176.29999999999,1194.8,1240.3,1254.80000000002,1319.89999999999,1310.20000000001,1400.19999999998,1413,1500.50000000003
838.220000000001,831.239999999991,833.619999999995,816.929999999993,829.850000000006,810.600000000006,832.430000000008,843.660000000003,868.899999999994,874.509999999995,914.559999999998,931.740000000005,969.649999999994,992.780000000013,1013.06999999999,1054.52,1084.62,1127.7,1153.5,1161.50000000001,1176.89999999999,1195.20000000001,1240.5,1254.5,1319.60000000001,1309.20000000001,1399.5,1411.90000000002,1499.80000000002
838.670000000013,831.770000000004,834.289999999994,817.580000000002,830.690000000002,811.369999999995,833.410000000003,844.770000000004,870.179999999993,875.789999999994,916.069999999992,933.229999999996,971.279999999999,994.310000000012,1014.47,1055.87000000001,1085.78999999999,1128.7,1154.20000000001,1162.10000000001,1177.49999999999,1195.60000000001,1240.70000000001,1254.19999999998,1319.30000000002,1308.19999999998,1398.80000000002,1410.80000000002,1499.10000000001
839.12000000001,832.299999999988,834.959999999992,818.229999999996,831.530000000013,812.139999999999,834.389999999999,845.880000000005,871.460000000006,877.069999999992,917.580000000002,934.720000000001,972.910000000003,995.839999999997,1015.87,1057.22,1086.95999999999,1129.70000000001,1154.90000000001,1162.70000000003,1178.09999999999,1196.00000000001,1240.90000000001,1253.90000000002,1319,1307.20000000001,1398.09999999998,1409.70000000001,1498.40000000002
839.570000000007,832.830000000002,835.630000000005,818.87999999999,832.369999999995,812.910000000003,835.37000000001,846.989999999991,872.740000000005,878.350000000006,919.089999999997,936.210000000006,974.539999999994,997.37000000001,1017.26999999999,1058.57000000001,1088.13,1130.7,1155.59999999999,1163.30000000002,1178.7,1196.40000000001,1241.09999999999,1253.60000000001,1318.70000000001,1306.19999999998,1397.39999999999,1408.60000000001,1497.70000000004
840.020000000004,833.360000000001,836.300000000003,819.529999999999,833.209999999992,813.679999999993,836.350000000006,848.099999999991,874.020000000004,879.630000000005,920.599999999991,937.700000000012,976.169999999998,998.900000000009,1018.67,1059.92000000001,1089.3,1131.7,1156.3,1163.90000000001,1179.29999999999,1196.8,1241.3,1253.30000000002,1318.39999999999,1305.20000000001,1396.69999999998,1407.5,1497.00000000003
840.470000000001,833.889999999985,836.970000000001,820.180000000008,834.050000000003,814.449999999997,837.330000000002,849.209999999992,875.300000000003,880.910000000003,922.110000000001,939.190000000002,977.800000000003,1000.43000000001,1020.06999999999,1061.26999999999,1090.47,1132.7,1157,1164.50000000001,1179.89999999999,1197.20000000001,1241.5,1253,1318.10000000001,1304.20000000001,1396,1406.40000000002,1496.30000000002
840.919999999998,834.419999999998,837.639999999999,820.830000000002,834.889999999999,815.220000000001,838.309999999998,850.320000000007,876.579999999987,882.190000000002,923.62000000001,940.679999999993,979.430000000008,1001.96000000001,1021.47,1062.62,1091.64,1133.7,1157.70000000001,1165.10000000001,1180.49999999999,1197.60000000001,1241.69999999998,1252.69999999998,1317.80000000002,1303.19999999998,1395.30000000002,1405.30000000002,1495.60000000001
841.37000000001,834.949999999997,838.309999999998,821.479999999996,835.73000000001,815.990000000005,839.289999999994,851.430000000008,877.859999999986,883.470000000001,925.130000000005,942.169999999998,981.059999999998,1003.49000000002,1022.87000000001,1063.97,1092.81,1134.70000000001,1158.40000000001,1165.70000000003,1181.09999999999,1198.00000000001,1241.90000000002,1252.40000000002,1317.5,1302.20000000001,1394.59999999998,1404.20000000001,1494.90000000002
841.820000000007,835.479999999996,838.979999999996,822.130000000005,836.570000000007,816.759999999995,840.270000000004,852.540000000008,879.139999999999,884.75,926.639999999999,943.659999999989,982.690000000002,1005.02,1024.27,1065.31999999999,1093.98,1135.7,1159.10000000001,1166.30000000002,1181.69999999998,1198.40000000001,1242.10000000001,1252.10000000001,1317.20000000001,1301.19999999998,1393.89999999999,1403.10000000001,1494.20000000004
842.270000000004,836.009999999995,839.650000000009,822.779999999999,837.410000000003,817.529999999999,841.25,853.650000000009,880.419999999998,886.029999999999,928.150000000009,945.149999999994,984.320000000007,1006.55,1025.67,1066.67,1095.15000000001,1136.7,1159.8,1166.90000000002,1182.29999999999,1198.80000000002,1242.30000000002,1251.80000000002,1316.89999999999,1300.20000000001,1393.19999999998,1402,1493.50000000003
842.720000000016,836.539999999994,840.320000000007,823.429999999993,838.250000000015,818.300000000003,842.229999999996,854.760000000009,881.699999999997,887.309999999998,929.660000000003,946.639999999999,985.949999999997,1008.08,1027.07000000001,1068.02,1096.32000000001,1137.7,1160.5,1167.50000000001,1182.89999999999,1199.20000000001,1242.5,1251.5,1316.60000000001,1299.20000000001,1392.5,1400.90000000002,1492.80000000002
843.170000000013,837.069999999992,840.990000000005,824.079999999987,839.090000000011,819.069999999992,843.210000000006,855.87000000001,882.979999999996,888.589999999997,931.169999999998,948.130000000005,987.580000000002,1009.61000000002,1028.47,1069.37,1097.49000000001,1138.7,1161.20000000001,1168.10000000001,1183.49999999999,1199.60000000001,1242.69999999998,1251.19999999998,1316.30000000002,1298.19999999998,1391.80000000002,1399.80000000002,1492.10000000001
843.62000000001,837.599999999991,841.659999999989,824.729999999996,839.929999999993,819.839999999997,844.190000000002,856.979999999996,884.259999999995,889.87000000001,932.679999999993,949.619999999995,989.210000000006,1011.14000000001,1029.87,1070.72,1098.65999999999,1139.70000000001,1161.90000000001,1168.70000000003,1184.09999999999,1200,1242.90000000002,1250.90000000002,1316,1297.20000000001,1391.09999999998,1398.70000000001,1491.40000000002
844.069999999992,838.130000000005,842.329999999987,825.380000000005,840.770000000004,820.610000000001,845.169999999998,858.089999999997,885.539999999994,891.149999999994,934.190000000002,951.110000000001,990.839999999997,1012.67000000001,1031.26999999999,1072.07000000001,1099.82999999999,1140.7,1162.60000000001,1169.30000000002,1184.69999999998,1200.40000000002,1243.10000000001,1250.60000000001,1315.70000000001,1296.19999999998,1390.39999999999,1397.60000000001,1490.70000000004
844.520000000004,838.660000000003,842.999999999985,826.029999999999,841.610000000001,821.380000000005,846.150000000009,859.199999999997,886.819999999992,892.429999999993,935.699999999997,952.600000000006,992.469999999987,1014.20000000001,1032.67,1073.42000000001,1100.99999999999,1141.7,1163.3,1169.90000000002,1185.29999999999,1200.80000000002,1243.30000000002,1250.30000000002,1315.39999999999,1295.20000000001,1389.69999999998,1396.5,1490.00000000003
844.970000000001,839.189999999988,843.669999999984,826.679999999993,842.449999999997,822.149999999994,847.130000000005,860.309999999998,888.100000000006,893.709999999992,937.209999999992,954.090000000011,994.100000000006,1015.73000000001,1034.06999999999,1074.77,1102.16999999998,1142.7,1164,1170.50000000001,1185.89999999999,1201.20000000001,1243.5,1250,1315.10000000001,1294.20000000001,1389,1395.40000000002,1489.30000000002
845.419999999998,839.720000000001,844.339999999997,827.330000000002,843.290000000008,822.919999999984,848.110000000001,861.419999999998,889.380000000005,894.989999999991,938.719999999987,955.580000000002,995.729999999996,1017.26000000001,1035.46999999999,1076.12000000001,1103.34,1143.7,1164.70000000001,1171.10000000001,1186.5,1201.60000000001,1243.69999999998,1249.69999999998,1314.80000000002,1293.19999999998,1388.30000000002,1394.30000000002,1488.60000000001
845.87000000001,840.25,845.009999999995,827.979999999996,844.130000000005,823.690000000002,849.090000000011,862.529999999999,890.660000000003,896.26999999999,940.229999999996,957.070000000007,997.359999999986,1018.79000000001,1036.87,1077.47000000002,1104.50999999999,1144.70000000001,1165.40000000001,1171.70000000001,1187.09999999998,1202,1243.90000000002,1249.40000000002,1314.5,1292.20000000001,1387.59999999998,1393.20000000001,1487.90000000002
846.320000000007,840.779999999999,845.679999999993,828.62999999999,844.970000000001,824.459999999992,850.070000000007,863.639999999999,891.940000000002,897.549999999988,941.740000000005,958.560000000012,998.990000000005,1020.32000000001,1038.26999999999,1078.81999999999,1105.67999999999,1145.7,1166.10000000001,1172.30000000002,1187.69999999998,1202.40000000002,1244.10000000001,1249.10000000001,1314.20000000001,1291.19999999998,1386.89999999999,1392.10000000001,1487.20000000004
846.770000000004,841.309999999998,846.349999999991,829.279999999999,845.810000000012,825.229999999996,851.050000000003,864.750000000015,893.219999999987,898.829999999987,943.25,960.049999999988,1000.62,1021.85000000002,1039.67,1080.17,1106.84999999999,1146.7,1166.80000000002,1172.90000000002,1188.29999999999,1202.80000000002,1244.30000000002,1248.80000000002,1313.89999999999,1290.20000000001,1386.19999999998,1391,1486.50000000003
847.220000000016,841.839999999997,847.01999999999,829.929999999993,846.649999999994,826,852.029999999999,865.860000000001,894.499999999985,900.110000000001,944.760000000009,961.539999999994,1002.25,1023.38000000002,1041.07000000001,1081.52,1108.01999999999,1147.7,1167.5,1173.50000000003,1188.89999999999,1203.20000000001,1244.5,1248.5,1313.60000000001,1289.20000000001,1385.5,1389.90000000002,1485.80000000002
847.669999999998,842.369999999995,847.689999999988,830.580000000002,847.490000000005,826.770000000004,853.009999999995,866.970000000001,895.779999999999,901.389999999999,946.270000000004,963.029999999999,1003.88,1024.91,1042.47,1082.87,1109.18999999999,1148.7,1168.19999999998,1174.10000000001,1189.5,1203.60000000001,1244.69999999998,1248.19999999998,1313.30000000002,1288.19999999998,1384.80000000002,1388.80000000002,1485.10000000001
848.119999999995,842.899999999994,848.360000000001,831.229999999996,848.330000000002,827.539999999994,853.990000000005,868.080000000002,897.059999999998,902.669999999998,947.779999999999,964.520000000004,1005.50999999999,1026.44,1043.87,1084.22,1110.36,1149.70000000001,1168.90000000002,1174.70000000001,1190.09999999998,1204,1244.90000000002,1247.90000000002,1313,1287.20000000001,1384.09999999998,1387.70000000001,1484.40000000002
