13433,13102,12756,12406,12075,11731,11378,11050,10706,10354,10027,9681.3,9329.6,8993,8659.6,8315.5,7970.6,7604.3,7265.5,7162.9,7093.2,6884.2,6535.6,6207.9,5864.2,5522.1,5169.7,4833.8,4503.1
13487,13151,12805,12460,12125,11780,11432,11099,10754,10408,10075,9730.1,9383.2,9046.1,8707.8,8363.8,8023.7,7652.5,7318,7215.9,7141.4,6932,6588.1,6255.6,5912,5569.3,5222.2,4886.3,4550.4
13541,13201,12855,12513,12174,11829,11487,11149,10803,10462,10123,9778.8,9436.9,9099.1,8756.1,8412,8076.8,7700.8,7370.5,7269,7189.7,6979.7,6640.6,6303.4,5959.7,5616.6,5274.7,4938.8,4597.6
13595,13250,12906,12567,12223,11879,11541,11197,10852,10515,10172,9827.6,9490.5,9148.8,8804.3,8460.3,8126.2,7749,7423,7322.1,7237.9,7027.7,6693.1,6351.1,6007.4,5663.8,5327.2,4988.2,4644.9
13646,13299,12961,12617,12273,11933,11592,11246,10901,10566,10221,9876.4,9542,9197.5,8852.6,8510.4,8174.5,7797.2,7474.3,7374.6,7286.2,7076,6741.9,6398.9,6055.2,5715.6,5378.8,5035.4,4692.1
13695,13348,13013,12667,12321,11986,11640,11295,10952,10615,10270,9925.6,9590.7,9245.9,8900.9,8563.5,8222.7,7845.5,7522.5,7422.4,7334,7126.4,6790.2,6446.6,6105.2,5768.2,5426,5082.7,4739.3
13745,13399,13062,12716,12370,12035,11689,11344,11005,10664,10318,9979.3,9639.3,9294.2,8954.6,8615,8271,7893.3,7570.8,7470.1,7381.7,7178.9,6838,6494.8,6157.7,5817,5473.3,5129.9,4790.7
13794,13453,13111,12765,12424,12084,11739,11397,11058,10713,10371,10033,9687.5,9346,9008.2,8663.3,8319.2,7941,7619,7518.4,7433.9,7229.7,6885.8,6547.3,6208.4,5864.7,5521,5179.1,4843.2
13848,13507,13161,12818,12479,12133,11791,11451,11107,10763,10424,10081,9737.5,9399.7,9056.6,8711.6,8367.5,7993.1,7667.9,7566.6,7486.9,7277.9,6936.9,6599.8,6256.1,5912.4,5568.8,5231.6,4892.1
13903,13557,13213,12872,12528,12183,11844,11501,11156,10817,10475,10129,9791.2,9450,9104.9,8760.4,8418.3,8046.2,7720.4,7619.4,7536.4,7327.6,6989.4,6647.6,6303.9,5960.2,5621.2,5282.7,4939.4
13953,13607,13267,12924,12577,12238,11896,11550,11210,10869,10523,10183,9843.3,9498.2,9157.4,8809.9,8471.4,8095.7,7772.7,7672.4,7584.6,7380.1,7039.3,6695.3,6351.6,6010.7,5673.7,5329.9,4986.6
14003,13662,13319,12973,12631,12291,11945,11602,11263,10918,10575,10236,9891.6,9549.1,9210.5,8862.4,8522.2,8143.9,7820.9,7720.9,7632.5,7431.6,7087.5,6743,6400.3,6063.2,5721.5,5378,5033.8
14057,13716,13369,13026,12686,12340,11996,11656,11312,10968,10629,10285,9940.9,9602.2,9259.6,8915,8570.5,8195.4,7869.2,7768.7,7680.3,7479.8,7135.5,6790.8,6452.8,6113.2,5768.8,5430.5,5083.4
14112,13766,13420,13080,12735,12390,12050,11707,11361,11022,10680,10334,9994.6,9653,9307.9,8968,8620.4,8248.5,7922.2,7820.5,7731.1,7528.8,7183.3,6842.8,6504.8,6160.4,5820.1,5482.7,5136
14163,13816,13475,13131,12785,12445,12102,11756,11414,11074,10728,10387,10047,9701.2,9359.7,9021,8672.9,8298.4,7975.3,7873.6,7784.2,7581.3,7233.1,6895.9,6552.6,6209.6,5872.6,5530.5,5186.6
14213,13871,13528,13181,12838,12498,12151,11808,11468,11123,10780,10440,10096,9751.6,9412.8,9069.3,8725.6,8346.1,8023.5,7922.9,7837,7633.5,7285.6,6948.2,6600.3,6262.1,5921.9,5578.2,5233.9
14267,13925,13578,13233,12892,12547,12202,11862,11517,11173,10834,10489,10144,9805.3,9463,9117.5,8778.6,8396.5,8071.2,7970.7,7889.5,7681.2,7338.1,7000.1,6652.9,6313.3,5969.6,5630,5282.3
14322,13975,13629,13288,12947,12597,12257,11916,11567,11226,10887,10538,10198,9857,9511.7,9170.3,8830.6,8449.6,8122.9,8021.3,7940,7729,7390.6,7049.5,6705.4,6361.1,6019.8,5682,5334.9
14372,14025,13683,13343,13002,12651,12311,11970,11620,11280,10941,10591,10252,9905.3,9563.2,9223.4,8878.9,8502.7,8175.4,8073.8,7987.7,7781.4,7442,7097.2,6757.4,6409.6,6071.8,5730,5387.3
14422,14080,13738,13397,13052,12706,12365,12021,11674,11334,10992,10644,10305,9955,9616.3,9272.2,8927.9,8555.7,8228.3,8126.6,8037.2,7833.9,7489.7,7147.5,6809.4,6461.5,6124,5777.2,5439.3
14476,14135,13793,13449,13101,12760,12417,12071,11728,11388,11041,10698,10358,10009,9669.3,9320.5,8980.9,8606.9,8281.4,8179.7,8090.3,7886.9,7538.2,7200,6858,6513.6,6176.5,5828.3,5491.1
14531,14190,13846,13498,13155,12814,12467,12123,11782,11436,11092,10752,10407,10062,9722.4,9373.1,9034,8654.7,8331.3,8230.7,8143.2,7940,7590.7,7252.5,6905.7,6566.1,6227.1,5880.8,5538.4
14586,14245,13896,13551,13210,12868,12518,12177,11836,11486,11145,10805,10455,10115,9773.4,9426.7,9087.1,8703.8,8379.5,8278.9,8195.7,7988.7,7643.2,7305,6956.8,6618.6,6274.3,5933,5585.6
14642,14299,13947,13606,13264,12922,12572,12231,11891,11539,11199,10859,10509,10168,9822.2,9479.9,9140.2,8756.9,8430.3,8328.7,8248.3,8036.5,7696.3,7355.9,7009.3,6671.1,6322.8,5984.9,5637.1
14697,14354,14002,13661,13319,12972,12626,12285,11940,11593,11253,10910,10562,10222,9872.8,9533,9193.2,8809.9,8482.8,8381.2,8301.4,8088,7749.4,7403.7,7061.8,6723.6,6374.7,6036.9,5689.1
14751,14404,14057,13716,13373,13022,12680,12340,11989,11647,11307,10958,10616,10276,9925.9,9586.1,9246.3,8863,8535.6,8433.8,8354,8141.1,7801.9,7452.5,7114.3,6775.6,6426.8,6088.9,5741.1
14807,14454,14112,13770,13428,13076,12735,12394,12042,11701,11361,11010,10670,10329,9979.1,9639.2,9294.9,8916.1,8588.6,8486.9,8401.8,8193.8,7854.4,7505.1,7166.8,6827.6,6479.3,6141.1,5793
14862,14509,14167,13825,13483,13131,12790,12448,12096,11756,11415,11063,10723,10383,10033,9692.6,9343.1,8969.1,8641.7,8540,8449.5,8246.3,7906.9,7557.7,7219.4,6876.4,6531.8,6193.6,5845
14918,14565,14222,13880,13538,13185,12844,12502,12151,11810,11468,11117,10777,10437,10086,9746.2,9396,9022.2,8694.8,8593.1,8502.5,8299.1,7959.5,7610.7,7271.9,6924.1,6584.3,6245.9,5897
14973,14620,14277,13935,13589,13240,12898,12557,12205,11864,11522,11172,10831,10490,10139,9799.5,9449.6,9075.3,8747.8,8646.1,8555.6,8352.2,8012.4,7663.8,7324.4,6975,6636.8,6297.9,5948.9
15028,14674,14332,13990,13639,13295,12953,12611,12259,11917,11576,11226,10884,10544,10193,9852.6,9502.8,9128.4,8800.9,8698.6,8608.7,8405,8065.5,7716.3,7376.9,7027.5,6688.8,6349.9,6000.9
15084,14730,14387,14045,13696,13350,13007,12665,12313,11971,11631,11279,10938,10598,10246,9906,9555.9,9181.4,8853.8,8751.1,8661.8,8457.5,8118.2,7768.8,7429.4,7080.1,6740.8,6401.8,6053.1
15139,14785,14442,14099,13756,13404,13061,12719,12367,12026,11684,11333,10991,10651,10300,9959.6,9612.5,9234.5,8906.4,8804.2,8714.8,8510.3,8170.7,7821.3,7481.9,7132.6,6793.2,6453.8,6105.6
15195,14841,14498,14154,13812,13458,13116,12774,12422,12080,11738,11387,11045,10705,10353,10013,9670.4,9287.6,8959,8857.3,8767.9,8563.3,8223.5,7873.8,7534.5,7187.4,6845.7,6506.3,6157.9
15250,14896,14553,14209,13867,13513,13171,12829,12476,12134,11792,11441,11100,10759,10407,10066,9725.5,9340.7,9012,8910.3,8824.2,8616.4,8276.6,7926.3,7587,7244.7,6898.2,6558.9,6209.9
15306,14952,14608,14265,13922,13568,13226,12883,12531,12188,11846,11495,11154,10812,10461,10119,9779.1,9393.7,9065.2,8963.4,8881.5,8669.5,8329.4,7978.8,7639.5,7300.1,6950.7,6610.8,6261.9
15361,15008,14663,14320,13976,13628,13281,12937,12589,12242,11901,11551,11207,10866,10515,10173,9832.4,9446.8,9118.8,9016.5,8936,8723.7,8381.9,8035.6,7692,7352.6,7002.9,6662.8,6313.8
15416,15068,14718,14375,14031,13687,13335,12992,12648,12297,11955,11610,11261,10919,10573,10227,9885.5,9500.3,9172.7,9069.6,8989,8781.6,8434.7,8093.5,7744.5,7405.1,7054.9,6715.2,6366.4
15472,15128,14774,14430,14086,13742,13391,13047,12704,12351,12009,11667,11314,10973,10632,10280,9938.9,9553.9,9230.5,9126.5,9042.1,8838.7,8487.7,8147.5,7797,7457.7,7109.6,6767.8,6423.7
15527,15183,14831,14485,14141,13797,13450,13101,12758,12410,12063,11721,11371,11027,10685,10335,9992.5,9610.6,9288.4,9184.4,9095.2,8891.8,8542.7,8200.1,7854.6,7510.2,7166.9,6820.3,6480.9
15583,15239,14892,14543,14197,13853,13509,13156,12813,12470,12118,11775,11430,11081,10739,10394,10046,9668.5,9341.6,9238.8,9148.5,8944.8,8600.6,8252.9,7912.5,7562.7,7222.2,6872.8,6532.9
15639,15294,14950,14603,14252,13908,13563,13213,12868,12525,12172,11829,11487,11135,10793,10451,10099,9723.7,9394.7,9291.8,9202.2,8997.9,8656.8,8306,7965.7,7615.7,7274.7,6928.1,6584.8
15700,15350,15006,14660,14307,13963,13618,13272,12925,12579,12231,11884,11541,11192,10846,10505,10154,9777.3,9447.8,9345.3,9257.9,9051.1,8709.3,8361.4,8018.2,7673,7327.2,6984.8,6637.3
15760,15411,15061,14716,14366,14018,13674,13330,12984,12633,12290,11943,11595,11251,10904,10559,10213,9830.7,9500.9,9398.9,9315.8,9109,8761.9,8418.7,8070.8,7730.2,7379.7,7039.2,6689.8
15816,15471,15116,14771,14426,14077,13730,13384,13041,12688,12344,12001,11649,11306,10963,10612,10270,9883.7,9557.9,9455.2,9371.7,9166.9,8815,8474,8123.3,7782.7,7433.3,7091.7,6745.7
15872,15527,15174,14827,14482,14137,13790,13441,13096,12746,12399,12056,11705,11360,11018,10666,10323,9939.6,9615.8,9513.1,9424.8,9220.2,8868.8,8527.1,8179.5,7835.3,7490.6,7144.2,6802.4
15928,15583,15234,14885,14537,14193,13849,13501,13151,12806,12458,12111,11764,11417,11072,10725,10378,9998.1,9670.5,9568.4,9479.5,9273.3,8926.7,8580.2,8237.3,7888.3,7547.2,7196.7,6856.2
15985,15638,15293,14945,14596,14248,13904,13559,13205,12861,12518,12170,11821,11476,11130,10783,10437,10054,9724.2,9621.5,9537.4,9326.4,8984.2,8633.3,8292,7941.4,7599.8,7251,6908.7
16045,15695,15348,15003,14657,14308,13959,13614,13263,12916,12573,12228,11875,11532,11188,10837,10494,10107,9780.8,9677,9594.2,9379.4,9037.3,8687.8,8344.5,7998,7652.5,7308.3,6964.1
16106,15756,15406,15058,14713,14368,14020,13670,13323,12974,12627,12283,11931,11586,11243,10890,10548,10162,9838.7,9735.6,9647.8,9436.4,9090.4,8745.7,8399.8,8055.2,7709.8,7365.6,7021.3
16167,15817,15467,15117,14769,14423,14079,13731,13383,13034,12686,12337,11990,11643,11297,10949,10602,10221,9893.9,9791.8,9702.3,9494.3,9148.3,8803.5,8457.7,8112.5,7767.1,7422.8,7076
16228,15878,15528,15178,14828,14479,14134,13789,13442,13090,12745,12397,12050,11703,11354,11007,10661,10279,9947.6,9844.9,9760.2,9552.2,9206.2,8860.8,8513.4,8169.8,7820.3,7479.3,7127.9
16284,15938,15589,15239,14889,14539,14190,13844,13499,13145,12800,12456,12109,11761,11414,11067,10719,10338,10004,9899.8,9817.5,9610.1,9264.1,8917.5,8566.5,8224.4,7873.4,7531.8,7181.9
16342,15994,15647,15300,14949,14600,14250,13901,13554,13203,12855,12511,12166,11820,11469,11126,10772,10395,10063,9958.4,9871.2,9665.2,9322,8970.5,8621.1,8277.5,7930.2,7584.7,7239.2
16403,16052,15703,15357,15009,14660,14311,13961,13612,13263,12914,12565,12221,11876,11523,11180,10827,10449,10121,10017,9925.2,9718.8,9376.2,9023.9,8678.4,8332.9,7987.5,7642,7296.5
16464,16113,15762,15412,15066,14721,14370,14021,13672,13323,12974,12625,12276,11931,11581,11233,10885,10503,10179,10075,9983.1,9775,9429.9,9081.8,8735.9,8390.2,8044.8,7699.3,7353.8
16525,16174,15823,15472,15122,14776,14430,14081,13731,13383,13033,12685,12335,11987,11639,11292,10944,10562,10237,10133,10041,9832.9,9487,9139.7,8793.8,8447.8,8102.1,7756.6,7411.1
16585,16235,15884,15533,15182,14832,14485,14141,13791,13442,13092,12744,12395,12046,11698,11351,11003,10621,10295,10191,10100,9891.2,9544.9,9197.6,8851.7,8505.7,8159.8,7813.9,7468.4
16642,16296,15945,15594,15243,14892,14541,14201,13851,13502,13152,12803,12455,12106,11757,11410,11062,10679,10352,10249,10158,9949.7,9602.8,9255.5,8909.6,8563.6,8217.7,7871.2,7525.2
16700,16357,16006,15655,15304,14952,14602,14259,13912,13562,13212,12863,12514,12166,11816,11468,11120,10738,10406,10303,10217,10008,9660.7,9314,8967.5,8621.5,8275.2,7928.4,7577.7
16761,16417,16067,15716,15365,15013,14662,14315,13972,13622,13272,12923,12573,12225,11875,11527,11179,10796,10461,10357,10275,10067,9719,9372.5,9025.4,8679.2,8332.5,7982.4,7630.3
16823,16473,16129,15777,15425,15073,14723,14372,14032,13682,13332,12983,12633,12284,11935,11586,11238,10855,10519,10415,10334,10125,9777.5,9430.5,9083.3,8736.5,8390.1,8035.4,7687.5
16884,16532,16190,15838,15486,15135,14783,14433,14089,13741,13391,13042,12692,12343,11994,11646,11297,10914,10578,10474,10392,10183,9835.6,9488.4,9141.2,8793.9,8448,8091.6,7744.8
16946,16593,16251,15898,15547,15196,14844,14493,14145,13802,13451,13102,12752,12403,12053,11705,11356,10973,10636,10532,10451,10241,9893.5,9546.3,9199.1,8851.8,8505.6,8148.9,7802.1
17008,16658,16312,15960,15608,15256,14904,14553,14206,13862,13511,13161,12811,12462,12112,11764,11414,11031,10695,10591,10509,10300,9951.8,9604.2,9257,8909.7,8562.9,8209.2,7859.4
17070,16725,16374,16022,15669,15317,14965,14616,14271,13922,13572,13221,12871,12521,12172,11823,11473,11090,10754,10649,10568,10358,10010,9662.5,9314.9,8967.6,8620.4,8271.2,7916.7
17132,16789,16435,16083,15730,15378,15026,14681,14333,13982,13632,13280,12930,12580,12231,11882,11533,11148,10813,10708,10626,10417,10069,9721.1,9372.8,9025.5,8678.3,8331.1,7974
17196,16850,16497,16144,15792,15439,15087,14745,14393,14042,13692,13340,12990,12640,12291,11941,11592,11207,10877,10771,10685,10475,10127,9779.2,9430.7,9083.4,8736.2,8389,8035.2
17263,16912,16558,16205,15853,15500,15149,14805,14453,14103,13751,13400,13050,12700,12350,12000,11651,11266,10940,10834,10743,10534,10186,9837.1,9489.1,9141.3,8794.1,8446.6,8097.9
17327,16973,16620,16266,15914,15562,15215,14866,14514,14163,13811,13461,13110,12760,12409,12060,11710,11325,10999,10893,10802,10592,10243,9895.3,9547.6,9199.2,8852,8503.9,8157.1
17389,17035,16681,16328,15975,15628,15280,14926,14574,14224,13872,13521,13170,12821,12468,12122,11769,11384,11057,10952,10860,10651,10302,9953.9,9605.6,9257.1,8909.9,8561.4,8214.4
17452,17096,16743,16389,16042,15692,15340,14987,14635,14284,13932,13581,13230,12885,12530,12186,11832,11444,11116,11011,10922,10710,10360,10015,9663.5,9315,8967.7,8619.3,8271.7
17514,17159,16805,16456,16107,15753,15401,15048,14696,14343,13996,13641,13295,12948,12595,12247,11895,11507,11174,11070,10985,10773,10420,10077,9724.9,9372.9,9025,8677.2,8329
17576,17221,16872,16522,16168,15815,15462,15111,14757,14407,14061,13705,13359,13008,12657,12306,11956,11570,11234,11129,11046,10836,10484,10138,9787.6,9435,9082.5,8735.1,8388.8
17638,17288,16939,16584,16230,15876,15525,15177,14821,14473,14122,13770,13419,13067,12716,12366,12016,11630,11293,11187,11105,10895,10546,10197,9847.6,9497.8,9145.2,8793.9,8451.5
17705,17355,17001,16647,16292,15938,15591,15240,14886,14535,14183,13831,13479,13127,12776,12426,12075,11689,11356,11250,11164,10955,10604,10255,9906.1,9557.1,9207.9,8856,8512.3
17772,17417,17063,16713,16354,16005,15655,15301,14948,14595,14243,13891,13538,13188,12836,12488,12134,11752,11420,11314,11223,11018,10664,10314,9967.1,9615.6,9266.6,8917.5,8570.2
17835,17479,17130,16778,16421,16071,15717,15363,15009,14659,14304,13956,13599,13253,12897,12552,12197,11816,11479,11374,11284,11082,10727,10374,10030,9677.3,9325.1,8975.4,8628
17897,17547,17196,16840,16486,16132,15780,15424,15073,14725,14369,14021,13664,13317,12962,12614,12261,11876,11538,11433,11348,11140,10790,10437,10090,9740,9387.5,9033.5,8685.2
17964,17614,17258,16903,16548,16195,15846,15488,15139,14787,14434,14081,13730,13376,13027,12674,12325,11936,11602,11495,11412,11199,10849,10499,10149,9799.9,9450.2,9096.3,8743.7
18032,17676,17321,16970,16611,16261,15910,15554,15202,14848,14500,14142,13795,13438,13092,12736,12389,11998,11666,11559,11475,11263,10909,10558,10210,9858.4,9508.9,9159,8806.4
18094,17738,17388,17036,16678,16328,15971,15620,15262,14913,14565,14207,13859,13503,13155,12800,12450,12063,11730,11623,11537,11327,10972,10618,10273,9919.6,9566.8,9221.7,8869.2
18157,17806,17454,17098,16745,16395,16035,15687,15327,14978,14626,14273,13919,13569,13214,12864,12510,12123,11794,11687,11596,11386,11036,10681,10334,9982.3,9628.4,9284.4,8931.9
18225,17874,17516,17161,16812,16459,16101,15750,15393,15045,14686,14338,13981,13633,13276,12929,12573,12182,11854,11748,11657,11445,11099,10744,10393,10045,9691.1,9342.8,8994.3
18293,17942,17580,17229,16877,16521,16168,15811,15459,15111,14752,14404,14046,13697,13341,12991,12637,12245,11913,11807,11721,11508,11162,10808,10453,10109,9754.3,9400.7,9052.2
18361,18008,17647,17297,16939,16585,16235,15875,15525,15172,14817,14464,14111,13757,13406,13051,12701,12310,11977,11870,11785,11572,11221,10871,10517,10169,9817.7,9463.2,9110.1
18429,18071,17714,17364,17003,16651,16301,15942,15592,15233,14883,14525,14176,13818,13471,13113,12766,12374,12041,11934,11850,11636,11281,10935,10580,10227,9880.6,9526.6,9172.8
18497,18135,17782,17431,17070,16718,16368,16008,15658,15298,14950,14590,14241,13883,13535,13178,12831,12438,12105,11998,11914,11700,11344,10998,10644,10288,9943.4,9589.4,9235.5
18566,18203,17850,17499,17137,16785,16431,16074,15724,15364,15015,14656,14307,13949,13600,13243,12896,12503,12169,12062,11978,11764,11407,11062,10707,10351,10006,9652.2,9298.2
18633,18271,17918,17566,17204,16852,16493,16141,15790,15431,15081,14721,14372,14014,13665,13308,12958,12567,12233,12126,12042,11828,11471,11126,10770,10414,10070,9714.9,9360.9
18701,18338,17986,17633,17271,16919,16558,16208,15857,15497,15147,14787,14438,14080,13731,13373,13017,12631,12297,12190,12106,11892,11535,11190,10834,10478,10133,9777.6,9423.7
18770,18407,18053,17701,17338,16987,16625,16274,15923,15563,15213,14853,14503,14145,13796,13437,13083,12696,12362,12255,12170,11956,11600,11253,10897,10541,10196,9840.8,9486.4
18839,18475,18121,17768,17406,17054,16692,16341,15989,15629,15279,14919,14569,14210,13861,13503,13153,12761,12426,12319,12234,12020,11664,11317,10961,10605,10259,9904.2,9549.1
18907,18543,18189,17836,17473,17122,16759,16407,16055,15696,15344,14985,14634,14275,13926,13568,13220,12826,12491,12384,12298,12084,11728,11381,11024,10668,10322,9967.2,9611.8
18976,18611,18257,17904,17542,17189,16831,16474,16122,15762,15410,15051,14701,14341,13991,13634,13285,12891,12555,12448,12363,12148,11792,11445,11087,10731,10386,10030,9674.6
19044,18679,18325,17971,17609,17256,16903,16541,16189,15827,15477,15117,14767,14406,14057,13698,13349,12955,12620,12512,12428,12212,11856,11508,11151,10796,10449,10093,9737.3
19113,18748,18393,18039,17676,17323,16970,16608,16255,15895,15544,15184,14832,14473,14122,13762,13414,13019,12684,12576,12492,12278,11920,11572,11215,10865,10512,10156,9803.1
19181,18821,18461,18108,17743,17390,17037,16675,16322,15967,15609,15254,14898,14544,14188,13827,13479,13084,12748,12642,12556,12342,11988,11636,11278,10932,10575,10219,9871.5
19250,18893,18529,18175,17816,17458,17104,16743,16389,16037,15675,15324,14963,14613,14253,13895,13543,13152,12813,12712,12621,12406,12057,11700,11342,10996,10639,10283,9936.8
19318,18962,18597,18243,17888,17530,17171,16815,16456,16104,15743,15391,15030,14680,14319,13966,13609,13222,12881,12780,12686,12470,12122,11764,11412,11060,10702,10348,9999.6
19387,19031,18671,18311,17956,17602,17240,16886,16523,16171,15815,15456,15101,14745,14384,14034,13674,13289,12951,12845,12750,12538,12186,11828,11480,11124,10767,10416,10063
19456,19099,18744,18384,18024,17669,17307,16953,16591,16238,15884,15522,15172,14811,14452,14099,13742,13354,13016,12910,12816,12608,12250,11893,11545,11187,10835,10482,10126
19530,19168,18813,18458,18091,17738,17380,17021,16663,16304,15951,15591,15238,14878,14523,14167,13812,13419,13081,12975,12885,12674,12315,11961,11609,11256,10903,10546,10191
19603,19244,18882,18526,18160,17806,17451,17093,16734,16377,16018,15662,15304,14949,14591,14238,13880,13484,13149,13041,12954,12738,12384,12030,11673,11325,10967,10610,10259
19673,19316,18956,18594,18234,17874,17519,17164,16801,16447,16084,15731,15370,15018,14656,14306,13945,13552,13219,13111,13019,12806,12453,12095,11737,11389,11030,10679,10325
19743,19385,19028,18668,18308,17946,17588,17231,16869,16514,16152,15797,15439,15084,14724,14371,14013,13621,13286,13178,13084,12876,12518,12159,11804,11452,11099,10746,10388
19817,19455,19097,18740,18381,18019,17661,17300,16941,16583,16225,15866,15510,15152,14795,14440,14083,13691,13351,13243,13153,12942,12582,12227,11873,11521,11168,10809,10454
19890,19529,19167,18809,18452,18087,17732,17374,17014,16655,16297,15938,15581,15223,14865,14510,14150,13762,13419,13311,13224,13007,12650,12296,11943,11590,11230,10873,10522
19959,19600,19241,18880,18521,18156,17799,17444,17086,16725,16369,16008,15652,15293,14937,14578,14216,13829,13490,13381,13294,13075,12720,12366,12013,11654,11295,10942,10588
20031,19670,19315,18953,18591,18230,17869,17512,17156,16792,16438,16075,15722,15359,15006,14643,14284,13894,13556,13450,13362,13145,12789,12436,12077,11718,11364,11011,10651
20105,19743,19389,19027,18664,18304,17942,17582,17224,16862,16504,16143,15788,15427,15072,14712,14355,13962,13621,13520,13428,13215,12860,12501,12141,11787,11433,11080,10716
20180,19818,19461,19101,18738,18377,18016,17655,17294,16934,16574,16215,15856,15499,15141,14782,14425,14032,13690,13588,13494,13284,12926,12565,12210,11856,11502,11147,10784
20256,19891,19530,19172,18812,18450,18089,17728,17366,17006,16646,16288,15928,15571,15211,14853,14496,14103,13760,13653,13563,13353,12990,12633,12279,11925,11569,11211,10853
20332,19965,19602,19240,18882,18524,18161,17800,17439,17078,16718,16359,16000,15642,15283,14924,14567,14173,13830,13721,13634,13423,13058,12703,12348,11994,11633,11274,10921
20406,20039,19676,19313,18951,18597,18234,17873,17512,17151,16790,16430,16072,15712,15354,14996,14638,14244,13900,13791,13704,13491,13128,12772,12417,12063,11698,11343,10990
20479,20114,19750,19386,19023,18670,18308,17947,17584,17224,16863,16502,16144,15784,15425,15066,14709,14315,13971,13861,13773,13556,13198,12842,12486,12132,11766,11412,11059
20555,20190,19825,19462,19097,18744,18382,18019,17657,17296,16936,16575,16215,15856,15496,15138,14780,14385,14041,13931,13844,13625,13267,12912,12556,12201,11835,11481,11127
20631,20265,19899,19536,19172,18818,18455,18093,17730,17368,17008,16647,16287,15927,15568,15209,14850,14456,14112,14002,13915,13695,13337,12981,12625,12270,11904,11549,11195
20706,20340,19975,19610,19246,18891,18528,18166,17803,17442,17080,16719,16359,15999,15639,15279,14921,14526,14182,14072,13985,13765,13408,13051,12694,12339,11973,11618,11264
20780,20415,20050,19683,19320,18965,18602,18239,17877,17514,17153,16791,16431,16071,15710,15351,14991,14597,14253,14142,14056,13835,13478,13120,12765,12408,12047,11687,11332
20856,20490,20124,19757,19394,19039,18676,18313,17950,17588,17225,16863,16503,16142,15782,15422,15063,14667,14324,14212,14126,13909,13548,13190,12834,12478,12121,11756,11401
20931,20565,20198,19834,19473,19113,18750,18386,18022,17660,17297,16937,16575,16214,15854,15494,15135,14738,14394,14285,14195,13984,13621,13260,12903,12547,12191,11825,11470
21007,20640,20274,19914,19552,19188,18823,18460,18095,17732,17370,17009,16647,16286,15926,15566,15206,14808,14465,14360,14266,14055,13696,13330,12973,12616,12260,11899,11539
21082,20715,20348,19992,19626,19262,18897,18532,18169,17806,17444,17081,16720,16358,15997,15637,15277,14880,14535,14434,14337,14126,13767,13401,13044,12685,12330,11973,11608
21158,20790,20425,20067,19701,19336,18971,18606,18243,17883,17517,17158,16792,16434,16069,15707,15347,14951,14606,14506,14413,14196,13838,13475,13113,12756,12399,12042,11677
21235,20869,20506,20141,19775,19410,19045,18681,18321,17962,17594,17235,16868,16512,16145,15779,15423,15022,14680,14576,14487,14267,13908,13549,13187,12825,12468,12111,11750
21312,20951,20584,20216,19853,19484,19120,18760,18399,18036,17671,17308,16946,16584,16222,15856,15499,15097,14756,14647,14558,14341,13979,13621,13261,12898,12537,12180,11824
21388,21030,20660,20291,19933,19560,19199,18838,18473,18108,17745,17381,17018,16657,16295,15933,15572,15173,14829,14720,14630,14416,14052,13690,13332,12973,12610,12249,11894
21471,21105,20737,20367,20010,19640,19276,18912,18547,18182,17817,17454,17090,16729,16366,16004,15644,15245,14899,14795,14701,14489,14127,13764,13402,13044,12685,12322,11961
21553,21181,20813,20448,20086,19718,19351,18987,18620,18256,17896,17528,17168,16801,16443,16076,15715,15317,14974,14869,14773,14559,14199,13839,13475,13114,12756,12398,12035
21630,21258,20893,20529,20162,19793,19429,19066,18695,18334,17975,17607,17246,16878,16520,16153,15787,15392,15050,14940,14848,14633,14270,13911,13550,13187,12825,12468,12110
21708,21336,20976,20605,20237,19872,19509,19144,18773,18412,18048,17684,17318,16955,16592,16230,15864,15469,15121,15014,14922,14709,14344,13981,13622,13262,12898,12537,12180
21785,21415,21053,20683,20317,19953,19586,19218,18853,18485,18122,17762,17391,17027,16665,16303,15939,15541,15193,15089,14993,14782,14419,14054,13692,13334,12973,12610,12249
21866,21498,21129,20766,20398,20030,19662,19295,18933,18561,18199,17840,17469,17100,16742,16373,16017,15612,15270,15162,15067,14853,14491,14130,13765,13403,13043,12685,12322
21949,21578,21206,20846,20474,20106,19741,19376,19010,18641,18277,17913,17548,17179,16819,16451,16094,15687,15346,15234,15144,14927,14562,14206,13841,13477,13113,12759,12396
22028,21656,21286,20922,20552,20186,19821,19453,19085,18720,18351,17987,17627,17257,16897,16528,16166,15764,15421,15309,15220,15003,14636,14281,13916,13552,13188,12833,12470
22107,21737,21369,21000,20635,20267,19897,19528,19164,18800,18428,18067,17703,17334,16974,16605,16237,15842,15498,15385,15295,15078,14713,14353,13992,13626,13262,12905,12544
22191,21820,21452,21082,20714,20343,19973,19609,19245,18876,18508,18146,17777,17413,17047,16683,16314,15917,15576,15461,15371,15155,14789,14424,14067,13701,13336,12974,12614
22274,21898,21535,21162,20790,20422,20054,19690,19321,18951,18587,18225,17853,17491,17120,16760,16392,15995,15651,15537,15447,15233,14865,14498,14143,13776,13411,13048,12684
22352,21978,21613,21240,20870,20504,20136,19771,19395,19030,18667,18301,17932,17568,17198,16837,16469,16072,15722,15615,15524,15309,14940,14574,14215,13852,13486,13122,12759
22433,22061,21691,21321,20953,20585,20217,19851,19476,19110,18747,18375,18011,17642,17277,16915,16546,16149,15794,15691,15601,15380,15017,14649,14284,13927,13561,13197,12833
22518,22146,21776,21404,21035,20667,20299,19926,19557,19191,18827,18453,18090,17718,17356,16993,16623,16227,15871,15766,15677,15452,15093,14726,14359,14003,13636,13272,12907
22603,22231,21859,21489,21118,20750,20381,20004,19638,19272,18904,18533,18169,17797,17435,17066,16701,16304,15947,15843,15755,15533,15169,14802,14435,14079,13712,13346,12981
22688,22315,21942,21572,21200,20831,20460,20085,19719,19353,18978,18612,18248,17876,17513,17142,16779,16381,16024,15921,15832,15614,15246,14878,14515,14153,13786,13421,13056
22773,22399,22026,21655,21284,20914,20538,20168,19800,19434,19058,18693,18327,17955,17592,17221,16858,16460,16102,15998,15909,15691,15321,14953,14596,14228,13861,13495,13130
22859,22484,22110,21738,21368,20997,20619,20250,19882,19515,19138,18772,18408,18034,17671,17299,16936,16537,16179,16075,15986,15769,15399,15030,14672,14304,13937,13570,13209
22939,22569,22195,21822,21452,21080,20700,20331,19964,19596,19219,18853,18489,18114,17750,17377,17014,16615,16259,16154,16064,15846,15476,15107,14748,14379,14013,13650,13288
23020,22656,22281,21907,21536,21163,20783,20413,20045,19677,19301,18932,18568,18193,17829,17458,17093,16693,16342,16232,16141,15923,15553,15183,14825,14455,14088,13730,13364
23106,22741,22366,21992,21619,21248,20866,20495,20126,19758,19387,19013,18649,18273,17908,17543,17171,16771,16423,16309,16218,16001,15631,15263,14901,14532,14164,13806,13439
23197,22826,22451,22075,21702,21330,20955,20578,20208,19839,19472,19094,18728,18358,17987,17623,17250,16848,16501,16386,16296,16078,15706,15346,14976,14608,14243,13881,13514
23288,22911,22536,22160,21786,21413,21042,20666,20291,19921,19553,19177,18808,18442,18068,17703,17329,16926,16580,16465,16374,16155,15784,15423,15053,14688,14324,13958,13590
23376,22998,22621,22245,21871,21498,21125,20753,20377,20003,19634,19263,18889,18523,18147,17782,17408,17006,16658,16548,16452,16233,15866,15501,15131,14770,14401,14034,13669
23463,23083,22707,22330,21954,21581,21208,20836,20465,20084,19714,19347,18969,18602,18231,17861,17491,17085,16736,16630,16529,16310,15948,15578,15208,14848,14478,14110,13750
23550,23170,22794,22415,22040,21666,21291,20919,20548,20166,19795,19428,19053,18683,18315,17945,17574,17167,16814,16707,16611,16390,16027,15656,15288,14923,14555,14185,13827
23637,23257,22880,22503,22131,21749,21377,21002,20629,20255,19878,19509,19138,18764,18396,18029,17654,17250,16894,16786,16695,16473,16105,15738,15371,14999,14631,14265,13902
23725,23346,22972,22595,22220,21840,21468,21088,20712,20341,19964,19590,19221,18850,18477,18110,17733,17330,16978,16864,16773,16553,16188,15820,15448,15076,14711,14345,13978
23816,23439,23061,22682,22305,21929,21553,21177,20797,20424,20052,19675,19302,18934,18563,18190,17817,17409,17061,16944,16852,16631,16269,15897,15526,15158,14793,14422,14054
23911,23529,23147,22769,22390,22014,21637,21261,20886,20508,20139,19763,19386,19014,18646,18276,17903,17491,17145,17027,16936,16712,16346,15975,15608,15241,14875,14499,14133
23998,23616,23237,22862,22476,22102,21728,21346,20972,20596,20226,19850,19473,19097,18726,18359,17987,17575,17226,17111,17019,16795,16425,16058,15689,15322,14956,14579,14214
24090,23710,23330,22951,22566,22192,21817,21434,21056,20683,20309,19936,19561,19184,18808,18438,18071,17659,17305,17196,17103,16879,16508,16140,15771,15404,15032,14661,14296
24184,23803,23419,23037,22657,22283,21902,21525,21143,20772,20392,20018,19647,19270,18895,18520,18152,17744,17388,17280,17187,16962,16593,16223,15853,15481,15109,14742,14377
24279,23896,23506,23127,22750,22374,21990,21614,21232,20860,20481,20101,19734,19356,18981,18606,18232,17828,17471,17363,17270,17045,16676,16305,15930,15559,15190,14823,14457
24374,23988,23601,23220,22841,22461,22079,21705,21322,20951,20569,20190,19819,19443,19068,18692,18317,17914,17555,17444,17353,17129,16760,16388,16009,15641,15272,14905,14538
24462,24078,23694,23313,22934,22548,22171,21795,21411,21034,20658,20277,19901,19529,19153,18778,18402,17993,17639,17523,17432,17213,16843,16472,16091,15722,15353,14986,14620
24553,24171,23787,23406,23027,22640,22262,21886,21502,21118,20746,20365,19987,19616,19238,18863,18487,18074,17724,17609,17515,17298,16925,16554,16174,15804,15435,15066,14701
24650,24265,23881,23499,23119,22731,22353,21977,21592,21207,20835,20453,20081,19704,19327,18950,18572,18165,17808,17699,17605,17381,17009,16637,16257,15887,15518,15149,14782
24746,24360,23977,23592,23211,22823,22443,22067,21681,21298,20925,20542,20172,19792,19413,19036,18659,18254,17893,17784,17692,17464,17092,16720,16342,15969,15600,15231,14862
24842,24456,24072,23686,23305,22914,22535,22158,21772,21393,21014,20630,20260,19879,19500,19121,18745,18338,17979,17869,17777,17549,17176,16804,16430,16053,15682,15314,14943
24937,24551,24166,23782,23399,23007,22628,22249,21863,21487,21102,20719,20347,19967,19586,19207,18830,18423,18063,17955,17861,17633,17260,16887,16515,16141,15764,15396,15025
25036,24647,24261,23875,23493,23105,22719,22341,21953,21577,21191,20813,20436,20053,19673,19294,18920,18509,18150,18039,17945,17718,17345,16970,16599,16227,15852,15477,15108
25139,24742,24359,23970,23586,23203,22816,22432,22045,21668,21280,20906,20524,20141,19763,19387,19012,18596,18241,18124,18030,17802,17429,17054,16682,16309,15938,15565,15188
25239,24844,24461,24066,23680,23296,22915,22524,22141,21757,21374,20996,20613,20233,19856,19478,19099,18681,18328,18209,18114,17892,17512,17142,16764,16392,16021,15650,15276
25337,24945,24557,24167,23774,23389,23008,22616,22236,21853,21470,21088,20707,20327,19945,19564,19186,18769,18413,18300,18203,17983,17601,17230,16850,16475,16103,15732,15361
25433,25042,24654,24265,23873,23483,23103,22713,22328,21948,21562,21183,20800,20416,20033,19653,19277,18860,18503,18389,18294,18067,17690,17315,16939,16561,16186,15816,15444
25533,25143,24756,24361,23973,23584,23202,22812,22423,22039,21651,21275,20888,20505,20124,19745,19368,18948,18593,18475,18381,18153,17780,17400,17025,16648,16271,15903,15527
25637,25246,24856,24461,24068,23683,23297,22910,22521,22132,21747,21364,20979,20599,20217,19839,19454,19034,18681,18561,18466,18244,17869,17489,17109,16736,16359,15990,15612
25742,25344,24951,24563,24168,23784,23390,23005,22620,22230,21844,21459,21074,20693,20311,19932,19543,19125,18765,18652,18556,18334,17955,17578,17198,16825,16447,16072,15699
25848,25445,25054,24665,24269,23880,23491,23098,22715,22329,21940,21555,21169,20787,20405,20020,19636,19217,18856,18744,18647,18425,18041,17668,17286,16913,16535,16156,15782
25946,25549,25158,24765,24370,23975,23589,23195,22809,22426,22037,21650,21265,20881,20499,20108,19728,19309,18948,18835,18739,18516,18131,17758,17375,17002,16623,16244,15865
26048,25653,25260,24860,24472,24074,23689,23294,22903,22522,22134,21746,21361,20977,20593,20201,19822,19401,19040,18927,18830,18607,18220,17847,17465,17088,16712,16331,15951
26155,25758,25364,24963,24573,24176,23791,23393,23001,22621,22231,21842,21456,21071,20687,20295,19916,19495,19131,19019,18921,18697,18311,17937,17552,17173,16799,16419,16039
26260,25864,25468,25067,24677,24277,23890,23495,23100,22719,22328,21940,21552,21167,20782,20389,20008,19586,19223,19111,19012,18788,18402,18027,17642,17265,16887,16507,16126
26367,25968,25573,25169,24778,24379,23989,23595,23201,22816,22426,22037,21648,21262,20877,20485,20100,19678,19315,19203,19104,18879,18493,18116,17732,17358,16976,16594,16215
26474,26075,25678,25277,24882,24480,24090,23694,23305,22915,22523,22134,21745,21358,20973,20584,20194,19771,19407,19294,19196,18971,18583,18207,17821,17448,17064,16682,16308
26579,26179,25783,25388,24985,24588,24192,23794,23408,23014,22622,22230,21841,21452,21068,20682,20293,19864,19502,19386,19288,19063,18674,18299,17913,17538,17153,16771,16400
26686,26288,25889,25492,25087,24695,24293,23899,23508,23113,22720,22327,21937,21548,21164,20776,20392,19961,19600,19484,19385,19155,18769,18389,18004,17626,17243,16862,16489
26802,26402,25994,25596,25195,24799,24395,24005,23610,23212,22818,22426,22038,21645,21258,20871,20486,20061,19695,19580,19483,19247,18867,18482,18099,17716,17337,16956,16576
26912,26508,26105,25700,25305,24904,24501,24107,23709,23313,22921,22529,22142,21744,21360,20966,20582,20153,19788,19674,19575,19340,18959,18578,18192,17811,17430,17046,16664
27019,26616,26216,25811,25409,25013,24610,24211,23816,23419,23025,22631,22239,21846,21459,21066,20681,20248,19884,19768,19667,19439,19051,18670,18282,17905,17520,17135,16755
27134,26725,26321,25921,25516,25118,24712,24318,23920,23524,23124,22730,22337,21948,21555,21166,20778,20347,19983,19867,19765,19536,19148,18761,18377,17996,17610,17229,16849
27246,26835,26433,26026,25626,25220,24818,24421,24021,23631,23225,22831,22441,22050,21653,21266,20873,20447,20077,19961,19864,19633,19245,18857,18473,18088,17704,17322,16943
27354,26949,26546,26135,25736,25330,24927,24525,24126,23731,23331,22936,22544,22147,21754,21367,20972,20546,20170,20054,19963,19732,19342,18955,18568,18182,17799,17416,17036
27472,27065,26660,26247,25849,25441,25035,24633,24233,23833,23438,23043,22649,22247,21856,21463,21074,20646,20269,20152,20061,19830,19440,19052,18664,18277,17894,17511,17130
27593,27178,26773,26361,25955,25551,25145,24742,24340,23941,23544,23147,22751,22351,21960,21562,21174,20745,20369,20252,20161,19925,19537,19149,18761,18373,17989,17604,17224
27706,27291,26886,26473,26062,25664,25255,24850,24448,24048,23651,23252,22856,22453,22063,21663,21275,20845,20469,20351,20260,20017,19635,19246,18857,18470,18084,17699,17317
27820,27410,27000,26585,26175,25774,25366,24960,24558,24156,23755,23357,22961,22557,22165,21764,21376,20946,20568,20451,20360,20120,19733,19343,18953,18566,18180,17794,17411
27936,27527,27113,26703,26292,25886,25476,25070,24665,24263,23861,23464,23065,22661,22269,21866,21478,21046,20668,20550,20460,20225,19831,19441,19051,18661,18276,17889,17506
28056,27639,27224,26819,26408,25997,25586,25178,24773,24372,23968,23571,23171,22766,22371,21976,21580,21148,20773,20652,20559,20325,19929,19538,19148,18758,18371,17984,17601
28178,27756,27340,26932,26518,26108,25698,25292,24888,24485,24076,23675,23277,22877,22475,22082,21682,21248,20878,20757,20659,20424,20029,19636,19246,18855,18467,18081,17696
28304,27876,27461,27045,26635,26224,25815,25408,25002,24595,24188,23781,23382,22985,22584,22185,21784,21350,20979,20859,20759,20524,20129,19739,19348,18952,18567,18176,17789
28425,28002,27586,27163,26752,26340,25927,25519,25111,24705,24301,23892,23494,23090,22694,22291,21891,21452,21078,20960,20860,20626,20233,19842,19450,19054,18668,18273,17884
28546,28127,27707,27286,26868,26457,26038,25631,25224,24813,24408,24005,23604,23198,22796,22401,21999,21557,21180,21064,20962,20731,20335,19943,19549,19157,18765,18375,17979
28672,28252,27824,27409,26988,26573,26159,25746,25338,24923,24520,24118,23710,23309,22903,22507,22102,21663,21282,21171,21067,20834,20435,20040,19648,19254,18862,18473,18081
28798,28377,27947,27526,27110,26690,26278,25861,25452,25037,24634,24231,23819,23416,23013,22609,22207,21770,21390,21272,21174,20934,20536,20142,19752,19352,18963,18569,18182
28922,28500,28072,27646,27233,26810,26394,25975,25568,25150,24748,24338,23933,23522,23124,22717,22315,21880,21497,21374,21281,21038,20642,20247,19852,19455,19066,18669,18282
29054,28624,28194,27769,27356,26931,26513,26094,25681,25266,24861,24447,24046,23634,23236,22828,22424,21988,21605,21482,21389,21143,20748,20352,19951,19558,19168,18770,18383
29185,28754,28324,27897,27477,27052,26632,26215,25798,25385,24975,24560,24157,23746,23342,22938,22535,22094,21713,21590,21494,21251,20854,20457,20055,19662,19271,18872,18484
29316,28883,28453,28026,27598,27173,26754,26336,25917,25501,25089,24675,24270,23858,23449,23049,22643,22197,21820,21698,21596,21359,20961,20562,20158,19766,19373,18975,18586
29453,29015,28582,28155,27718,27295,26876,26455,26037,25621,25208,24794,24382,23971,23567,23161,22753,22308,21928,21805,21701,21466,21067,20668,20263,19869,19477,19077,18687
29588,29146,28711,28281,27846,27421,27001,26574,26157,25740,25327,24913,24493,24082,23681,23272,22864,22422,22036,21913,21815,21572,21174,20774,20369,19974,19581,19177,18788
29725,29281,28839,28410,27973,27549,27126,26699,26280,25857,25443,25031,24610,24199,23791,23383,22974,22533,22144,22021,21925,21680,21279,20880,20480,20077,19683,19280,18891
29863,29416,28974,28544,28107,27674,27252,26822,26400,25978,25560,25148,24727,24315,23906,23493,23085,22641,22254,22129,22033,21787,21385,20985,20588,20182,19786,19384,18994
29999,29552,29110,28679,28240,27804,27377,26947,26519,26103,25680,25264,24846,24431,24022,23606,23200,22749,22361,22245,22141,21895,21495,21092,20693,20287,19890,19494,19094
30143,29696,29251,28812,28372,27935,27504,27076,26648,26225,25803,25381,24967,24552,24136,23721,23313,22861,22475,22356,22251,22008,21608,21198,20799,20395,19995,19601,19201
30284,29837,29392,28946,28503,28067,27636,27205,26775,26347,25923,25502,25083,24671,24253,23838,23429,22975,22589,22465,22367,22123,21718,21312,20904,20505,20102,19705,19309
30428,29978,29530,29079,28637,28198,27765,27336,26898,26471,26045,25624,25204,24787,24373,23959,23544,23090,22703,22577,22480,22231,21826,21422,21015,20612,20213,19810,19414
30574,30124,29670,29218,28777,28329,27895,27464,27027,26598,26172,25750,25331,24903,24494,24079,23663,23203,22818,22691,22593,22343,21938,21529,21126,20720,20323,19919,19517
30723,30271,29811,29358,28914,28465,28032,27591,27161,26724,26299,25872,25454,25028,24613,24198,23779,23321,22931,22809,22705,22462,22051,21639,21239,20830,20433,20030,19625
30876,30416,29958,29502,29051,28602,28166,27724,27290,26857,26425,25993,25574,25150,24732,24317,23893,23440,23044,22927,22818,22576,22163,21753,21350,20943,20538,20139,19733
31029,30562,30102,29645,29194,28743,28301,27859,27418,26989,26556,26124,25699,25271,24851,24435,24015,23557,23162,23038,22933,22688,22277,21870,21463,21054,20645,20247,19842
31182,30709,30249,29792,29337,28886,28439,27997,27552,27116,26688,26255,25825,25396,24976,24552,24137,23675,23279,23154,23051,22804,22394,21987,21576,21165,20756,20357,19953
31336,30865,30399,29941,29480,29029,28581,28136,27687,27248,26821,26385,25956,25526,25100,24673,24258,23792,23397,23276,23168,22921,22512,22098,21686,21275,20869,20468,20062
31491,31022,30553,30091,29627,29172,28721,28270,27825,27388,26951,26516,26083,25651,25223,24797,24381,23912,23519,23395,23285,23037,22628,22209,21799,21392,20985,20578,20172
31650,31175,30708,30240,29773,29313,28862,28407,27963,27524,27082,26646,26207,25777,25348,24923,24504,24034,23640,23511,23406,23154,22744,22323,21914,21508,21098,20689,20282
31814,31334,30867,30389,29922,29459,29008,28553,28103,27660,27213,26777,26339,25906,25476,25050,24626,24159,23762,23629,23528,23276,22858,22441,22028,21623,21208,20800,20391
31980,31499,31022,30540,30072,29608,29156,28698,28244,27800,27351,26907,26474,26035,25603,25178,24748,24284,23883,23750,23648,23398,22979,22561,22144,21736,21321,20915,20501
32151,31661,31177,30701,30224,29760,29301,28844,28389,27937,27491,27046,26608,26168,25732,25305,24874,24411,24003,23874,23771,23518,23098,22680,22265,21851,21435,21030,20615
32323,31827,31337,30862,30383,29911,29451,28989,28534,28080,27633,27188,26743,26301,25865,25432,25006,24535,24125,24001,23897,23640,23222,22799,22383,21969,21554,21143,20729
32492,31997,31507,31023,30541,30065,29602,29132,28677,28224,27775,27321,26877,26436,25998,25560,25134,24662,24250,24128,24021,23764,23345,22921,22500,22087,21672,21258,20848
32662,32165,31675,31181,30698,30222,29753,29283,28826,28365,27914,27459,27014,26573,26136,25691,25259,24787,24377,24252,24145,23888,23464,23045,22620,22204,21791,21376,20964
32831,32333,31842,31342,30859,30383,29906,29435,28975,28511,28055,27605,27152,26712,26273,25827,25388,24917,24507,24379,24274,24013,23585,23169,22744,22322,21907,21495,21076
33014,32507,32009,31509,31023,30546,30063,29590,29123,28659,28198,27751,27294,26850,26405,25963,25521,25049,24636,24509,24403,24139,23713,23291,22867,22443,22024,21611,21193
33195,32685,32179,31679,31190,30709,30223,29747,29278,28812,28349,27896,27440,26989,26540,26101,25656,25179,24766,24639,24530,24269,23843,23415,22988,22565,22143,21732,21314
33376,32864,32352,31849,31355,30872,30383,29901,29432,28965,28502,28042,27585,27133,26682,26236,25791,25309,24897,24767,24659,24398,23971,23537,23112,22691,22265,21854,21435
33564,33047,32529,32025,31525,31035,30545,30060,29590,29118,28655,28187,27729,27275,26823,26379,25926,25443,25032,24895,24786,24525,24097,23669,23239,22818,22387,21975,21555
33750,33227,32708,32204,31694,31198,30709,30223,29749,29272,28808,28335,27878,27417,26965,26519,26063,25581,25167,25031,24918,24658,24224,23800,23365,22944,22513,22096,21675
33938,33412,32892,32379,31868,31372,30876,30389,29908,29429,28958,28485,28028,27564,27109,26660,26203,25721,25299,25169,25057,24792,24354,23926,23492,23070,22637,22214,21794
34128,33599,33074,32560,32046,31547,31044,30555,30070,29588,29116,28643,28177,27711,27250,26801,26346,25859,25431,25302,25195,24924,24486,24053,23622,23194,22763,22335,21917
34321,33790,33259,32743,32229,31721,31219,30720,30237,29746,29271,28798,28327,27863,27400,26947,26492,25999,25569,25437,25332,25058,24622,24183,23752,23319,22891,22464,22040
34517,33981,33448,32926,32409,31896,31393,30891,30402,29910,29431,28953,28480,28015,27554,27093,26636,26139,25714,25578,25469,25195,24759,24317,23885,23448,23020,22593,22164
34715,34173,33635,33107,32589,32070,31564,31062,30567,30072,29593,29110,28635,28169,27700,27239,26780,26276,25856,25720,25606,25335,24896,24453,24019,23581,23149,22721,22288
34920,34375,33832,33298,32775,32255,31743,31238,30736,30242,29756,29270,28790,28321,27849,27387,26926,26424,25998,25862,25746,25477,25031,24589,24155,23715,23278,22850,22413
35128,34578,34031,33491,32961,32440,31920,31417,30905,30410,29921,29434,28954,28477,28005,27538,27069,26571,26141,26005,25888,25618,25173,24728,24290,23848,23408,22978,22542
35337,34781,34231,33686,33148,32623,32103,31593,31080,30578,30088,29600,29116,28638,28162,27691,27221,26719,26283,26147,26034,25759,25312,24867,24424,23980,23542,23107,22672
35546,34984,34429,33881,33343,32811,32289,31771,31259,30752,30258,29766,29276,28797,28318,27846,27378,26867,26429,26287,26182,25903,25454,25006,24555,24116,23673,23240,22803
35757,35188,34630,34082,33540,33003,32472,31952,31440,30932,30430,29932,29438,28956,28475,28003,27531,27018,26574,26435,26327,26049,25594,25145,24694,24255,23807,23373,22934
35978,35401,34838,34281,33738,33192,32658,32138,31622,31106,30605,30104,29606,29119,28631,28159,27687,27167,26724,26583,26474,26194,25738,25285,24833,24393,23946,23509,23065
36199,35614,35044,34484,33936,33383,32849,32329,31803,31281,30777,30275,29778,29286,28795,28318,27843,27320,26877,26733,26623,26341,25884,25427,24977,24529,24082,23645,23201
36419,35835,35259,34694,34139,33586,33045,32516,31990,31468,30954,30447,29947,29453,28963,28479,27998,27475,27027,26887,26775,26494,26033,25571,25119,24667,24223,23781,23337
36645,36052,35474,34903,34343,33788,33240,32704,32176,31651,31134,30622,30120,29623,29130,28641,28156,27633,27180,27042,26925,26643,26183,25719,25265,24810,24364,23918,23473
36866,36272,35689,35115,34546,33988,33442,32897,32360,31837,31319,30803,30294,29792,29298,28802,28318,27794,27337,27199,27078,26798,26332,25868,25414,24955,24505,24057,23606
37089,36498,35909,35330,34757,34195,33641,33094,32552,32024,31501,30983,30474,29964,29465,28974,28483,27958,27495,27355,27236,26952,26484,26019,25563,25101,24646,24198,23744
37320,36722,36125,35546,34972,34404,33842,33295,32750,32214,31684,31166,30653,30136,29634,29144,28650,28121,27659,27516,27391,27110,26638,26173,25710,25248,24792,24338,23885
37559,36952,36354,35766,35187,34618,34050,33497,32949,32409,31870,31353,30835,30315,29812,29316,28818,28282,27818,27677,27554,27266,26793,26325,25859,25394,24935,24478,24027
37793,37182,36584,35987,35403,34828,34260,33701,33147,32603,32062,31541,31017,30497,29990,29489,28987,28444,27979,27839,27715,27425,26947,26479,26007,25543,25081,24622,24170
38026,37419,36811,36211,35624,35044,34469,33905,33346,32801,32256,31729,31201,30681,30168,29660,29159,28608,28142,28001,27880,27586,27107,26637,26163,25694,25227,24770,24313
38265,37652,37046,36441,35847,35261,34675,34111,33551,33000,32450,31918,31390,30866,30347,29835,29332,28780,28308,28166,28048,27751,27272,26794,26319,25848,25383,24920,24456
38510,37886,37279,36673,36071,35479,34892,34324,33760,33200,32649,32111,31583,31052,30528,30017,29506,28954,28477,28332,28213,27916,27435,26950,26475,26004,25536,25068,24603
38754,38124,37512,36906,36296,35698,35116,34536,33970,33404,32851,32305,31773,31238,30712,30200,29684,29124,28648,28501,28379,28082,27598,27109,26632,26160,25689,25216,24751
38998,38365,37747,37138,36523,35923,35339,34752,34180,33611,33059,32501,31965,31427,30895,30380,29858,29298,28823,28674,28551,28251,27763,27271,26791,26316,25845,25367,24903
39247,38609,37992,37369,36761,36154,35564,34971,34393,33821,33263,32703,32157,31622,31087,30564,30043,29477,29001,28849,28723,28421,27928,27435,26950,26476,26001,25522,25056
39497,38858,38233,37603,36998,36382,35786,35192,34608,34034,33468,32908,32354,31818,31281,30753,30228,29657,29178,29027,28895,28593,28094,27601,27116,26635,26154,25676,25209
39747,39108,38475,37847,37232,36621,36014,35413,34828,34246,33680,33116,32557,32013,31475,30937,30416,29842,29356,29207,29072,28768,28262,27771,27283,26798,26312,25834,25362
39999,39358,38719,38087,37471,36859,36245,35640,35050,34460,33891,33327,32762,32207,31670,31127,30603,30026,29535,29382,29252,28945,28439,27946,27449,26964,26473,25994,25516
40257,39609,38964,38330,37705,37094,36474,35873,35276,34686,34111,33537,32971,32416,31864,31321,30796,30211,29718,29566,29433,29128,28619,28117,27616,27130,26635,26156,25672
40519,39865,39214,38580,37951,37330,36709,36105,35503,34912,34327,33747,33177,32622,32060,31517,30986,30397,29900,29747,29615,29310,28796,28289,27788,27294,26798,26319,25834
40776,40124,39470,38831,38195,37569,36947,36335,35730,35132,34544,33964,33393,32831,32265,31715,31175,30587,30085,29931,29800,29490,28971,28464,27959,27462,26969,26482,25996
41036,40381,39726,39084,38440,37807,37185,36569,35960,35354,34765,34184,33609,33037,32470,31914,31370,30779,30276,30113,29989,29674,29151,28640,28130,27633,27137,26646,26162
41303,40637,39982,39337,38690,38051,37428,36807,36189,35587,34989,34399,33824,33246,32677,32119,31573,30974,30468,30307,30179,29859,29336,28821,28306,27808,27304,26813,26327
41567,40898,40242,39589,38942,38302,37672,37045,36424,35815,35215,34620,34043,33456,32888,32325,31778,31172,30662,30498,30365,30045,29522,29003,28490,27982,27475,26981,26494
41837,41164,40502,39842,39198,38556,37917,37284,36662,36046,35446,34850,34264,33674,33098,32533,31980,31372,30854,30690,30558,30233,29707,29188,28672,28157,27651,27149,26661
42104,41427,40764,40097,39449,38805,38165,37528,36905,36284,35674,35079,34485,33895,33315,32744,32184,31573,31052,30886,30750,30427,29897,29373,28853,28333,27824,27322,26832
42374,41693,41030,40358,39703,39059,38412,37773,37149,36522,35906,35310,34706,34117,33533,32954,32393,31773,31253,31087,30948,30626,30088,29556,29035,28516,28001,27500,27002
42647,41963,41293,40625,39959,39310,38661,38023,37393,36766,36149,35537,34932,34342,33749,33169,32604,31981,31453,31289,31145,30823,30283,29746,29217,28702,28182,27677,27173
42919,42235,41559,40885,40225,39564,38915,38272,37639,37008,36392,35765,35159,34569,33969,33389,32815,32187,31654,31493,31350,31023,30479,29934,29405,28889,28364,27855,27346
43197,42507,41826,41149,40487,39820,39170,38522,37889,37248,36628,36004,35392,34791,34191,33611,33026,32398,31864,31696,31555,31228,30675,30130,29597,29075,28550,28033,27521
43475,42779,42092,41415,40754,40081,39430,38776,38138,37495,36867,36246,35627,35019,34418,33833,33243,32613,32072,31902,31762,31429,30876,30326,29788,29261,28737,28216,27702
43750,43057,42368,41685,41020,40343,39691,39031,38387,37744,37114,36487,35868,35251,34651,34058,33468,32829,32287,32110,31973,31640,31077,30523,29982,29448,28919,28402,27884
44027,43335,42645,41957,41287,40610,39952,39292,38642,37998,37361,36727,36106,35487,34883,34281,33690,33040,32498,32321,32184,31846,31278,30726,30178,29641,29110,28584,28066
44306,43613,42918,42230,41553,40876,40212,39551,38892,38248,37606,36969,36344,35728,35113,34510,33911,33257,32710,32536,32397,32057,31485,30932,30376,29838,29301,28769,28249
44586,43893,43191,42503,41824,41143,40476,39807,39153,38502,37859,37216,36589,35966,35345,34740,34135,33480,32930,32756,32617,32268,31697,31138,30580,30034,29494,28964,28431
44874,44173,43471,42779,42096,41414,40742,40071,39411,38754,38108,37470,36834,36204,35583,34969,34364,33707,33154,32977,32833,32485,31912,31344,30786,30231,29690,29157,28618
45157,44453,43750,43054,42369,41680,41009,40338,39669,39012,38358,37720,37077,36446,35825,35205,34596,33933,33378,33194,33051,32701,32125,31552,30990,30431,29886,29350,28810
45445,44735,44031,43334,42645,41957,41280,40608,39929,39269,38613,37974,37321,36689,36068,35443,34829,34163,33602,33420,33273,32919,32341,31766,31194,30636,30083,29546,29002
45733,45023,44314,43615,42921,42228,41547,40875,40193,39532,38870,38223,37575,36938,36311,35685,35065,34395,33827,33642,33497,33142,32560,31980,31403,30845,30288,29742,29196
46022,45306,44596,43893,43201,42501,41823,41146,40459,39795,39130,38474,37826,37187,36555,35923,35298,34627,34054,33874,33727,33371,32781,32193,31614,31053,30495,29936,29393
46315,45594,44883,44174,43477,42778,42096,41413,40730,40059,39394,38731,38080,37436,36804,36166,35540,34863,34284,34106,33959,33600,33003,32412,31832,31263,30706,30143,29590
46608,45881,45177,44456,43754,43059,42371,41689,40997,40325,39656,38991,38337,37689,37053,36411,35784,35105,34517,34339,34191,33824,33224,32634,32050,31475,30913,30349,29789
46898,46170,45463,44744,44040,43341,42645,41960,41270,40596,39921,39256,38601,37947,37302,36658,36028,35343,34754,34573,34419,34052,33449,32859,32270,31690,31119,30555,29992
47192,46462,45748,45032,44327,43624,42922,42231,41545,40863,40187,39522,38863,38204,37553,36905,36277,35581,34991,34810,34655,34288,33679,33086,32488,31907,31331,30759,30201
47485,46758,46041,45319,44609,43906,43207,42509,41819,41135,40453,39787,39123,38464,37807,37159,36523,35829,35229,35048,34893,34525,33915,33317,32712,32128,31547,30971,30411
47781,47052,46330,45609,44894,44188,43490,42788,42095,41406,40725,40052,39383,38724,38065,37414,36771,36072,35473,35285,35131,34763,34148,33544,32939,32354,31764,31187,30619
48078,47349,46621,45899,45187,44476,43772,43069,42372,41679,41001,40319,39643,38984,38325,37668,37022,36316,35716,35530,35374,35001,34385,33776,33171,32581,31985,31399,30831
48375,47647,46918,46192,45480,44763,44049,43351,42648,41956,41272,40589,39909,39249,38585,37927,37275,36565,35963,35775,35617,35238,34623,34008,33403,32803,32208,31617,31046
48673,47939,47211,46486,45769,45051,44336,43633,42930,42232,41546,40859,40181,39515,38839,38181,37529,36816,36214,36022,35864,35481,34860,34245,33635,33029,32434,31838,31266
48975,48235,47507,46782,46060,45341,44622,43916,43212,42509,41822,41136,40452,39780,39105,38441,37783,37073,36463,36270,36115,35725,35099,34483,33868,33252,32657,32061,31482
49277,48537,47804,47075,46348,45630,44905,44202,43494,42790,42099,41412,40723,40047,39370,38701,38042,37329,36715,36524,36364,35975,35343,34721,34104,33484,32888,32288,31701
49577,48840,48101,47372,46642,45920,45195,44484,43777,43072,42375,41689,40996,40318,39636,38967,38307,37587,36969,36774,36612,36227,35591,34964,34337,33717,33116,32517,31923
49877,49140,48399,47669,46939,46211,45490,44773,44065,43360,42651,41960,41273,40586,39903,39234,38573,37843,37219,37033,36864,36476,35839,35205,34576,33956,33347,32747,32144
50183,49438,48699,47966,47231,46508,45785,45067,44356,43648,42933,42236,41549,40854,40176,39502,38837,38102,37477,37286,37122,36730,36088,35447,34821,34197,33577,32976,32373
50489,49742,48998,48262,47523,46801,46073,45355,44640,43933,43221,42518,41826,41133,40450,39767,39098,38356,37736,37540,37382,36986,36339,35695,35067,34435,33815,33205,32608
50794,50047,49304,48559,47826,47097,46368,45645,44927,44219,43508,42800,42096,41415,40721,40035,39365,38621,37996,37799,37636,37240,36593,35946,35313,34677,34057,33440,32837
51100,50353,49606,48863,48128,47395,46665,45937,45223,44508,43794,43086,42384,41692,40996,40309,39633,38892,38261,38061,37896,37494,36847,36200,35561,34922,34302,33682,33064
51402,50659,49912,49168,48429,47696,46962,46233,45516,44795,44077,43371,42670,41963,41267,40586,39901,39161,38525,38324,38155,37752,37105,36454,35813,35168,34545,33922,33300
51709,50961,50218,49471,48726,47991,47260,46530,45808,45081,44363,43661,42950,42244,41542,40862,40176,39426,38786,38585,38415,38017,37364,36708,36062,35420,34787,34159,33543
52015,51264,50524,49777,49029,48289,47561,46827,46099,45371,44656,43947,43230,42531,41823,41133,40447,39693,39053,38854,38682,38281,37623,36966,36315,35673,35034,34400,33781
52323,51572,50825,50083,49336,48590,47858,47123,46391,45662,44950,44234,43516,42813,42105,41414,40717,39964,39324,39119,38951,38547,37883,37225,36568,35927,35278,34643,34023
52632,51887,51129,50385,49642,48891,48158,47414,46681,45959,45242,44520,43805,43098,42391,41690,40993,40238,39598,39389,39218,38816,38147,37484,36827,36176,35530,34894,34265
52945,52194,51437,50688,49944,49197,48455,47714,46979,46256,45533,44806,44094,43379,42674,41971,41269,40518,39870,39660,39488,39082,38409,37744,37086,36429,35778,35143,34508
53260,52498,51746,50994,50247,49506,48756,48019,47280,46553,45825,45096,44384,43663,42961,42254,41551,40795,40140,39935,39758,39352,38679,38009,37345,36688,36031,35391,34755
53568,52810,52056,51302,50548,49808,49059,48320,47577,46849,46117,45388,44676,43953,43247,42539,41832,41070,40409,40206,40032,39625,38949,38273,37606,36947,36290,35639,35003
53875,53119,52365,51611,50852,50111,49364,48620,47879,47146,46418,45684,44967,44245,43533,42822,42112,41346,40686,40482,40308,39898,39219,38538,37869,37207,36549,35897,35251
54194,53432,52674,51920,51165,50416,49670,48923,48184,47448,46714,45981,45259,44537,43820,43108,42396,41627,40966,40760,40583,40172,39488,38805,38131,37472,36804,36151,35505
54507,53740,52983,52230,51476,50725,49976,49229,48485,47748,47011,46277,45549,44833,44110,43394,42683,41913,41247,41038,40859,40447,39762,39075,38401,37736,37069,36409,35758
54817,54052,53295,52543,51785,51031,50286,49535,48788,48049,47311,46580,45846,45123,44401,43680,42969,42194,41528,41317,41135,40726,40038,39348,38671,37998,37333,36664,36014
55134,54365,53608,52852,52094,51335,50592,49841,49094,48350,47606,46880,46142,45415,44693,43971,43258,42477,41809,41598,41422,41007,40313,39623,38941,38259,37595,36924,36277
55452,54682,53920,53165,52402,51643,50896,50146,49400,48650,47906,47176,46433,45708,44984,44262,43550,42763,42089,41882,41704,41288,40593,39898,39214,38530,37859,37191,36535
55763,54993,54233,53473,52716,51952,51200,50450,49701,48951,48212,47471,46730,46009,45281,44559,43836,43052,42373,42169,41990,41569,40874,40174,39489,38805,38129,37458,36796
56072,55303,54545,53785,53024,52266,51508,50759,50008,49258,48515,47771,47032,46304,45572,44849,44127,43343,42659,42455,42273,41850,41155,40454,39765,39077,38399,37725,37061
56386,55620,54858,54098,53331,52574,51817,51065,50314,49564,48816,48077,47333,46599,45868,45139,44418,43630,42948,42741,42556,42131,41436,40735,40040,39347,38665,37995,37322
56700,55936,55173,54415,53643,52888,52125,51371,50619,49873,49123,48380,47635,46897,46169,45437,44710,43920,43240,43021,42845,42418,41715,41015,40314,39626,38932,38265,37583
57020,56251,55488,54726,53955,53196,52438,51685,50923,50179,49429,48680,47941,47197,46464,45738,45001,44211,43531,43309,43136,42703,41994,41297,40595,39901,39206,38530,37851
57340,56571,55804,55036,54266,53508,52751,51989,51235,50487,49733,48983,48244,47498,46761,46033,45297,44497,43817,43604,43423,42991,42285,41582,40876,40181,39486,38798,38125
57655,56886,56119,55353,54583,53820,53063,52297,51549,50796,50042,49292,48545,47798,47062,46329,45593,44791,44107,43895,43713,43279,42575,41863,41156,40462,39767,39073,38395
57972,57199,56435,55663,54901,54138,53376,52615,51864,51100,50352,49598,48848,48098,47363,46626,45892,45093,44403,44184,44009,43568,42858,42149,41438,40741,40042,39347,38670
58286,57513,56745,55977,55212,54448,53688,52928,52172,51408,50661,49902,49157,48401,47663,46927,46197,45395,44700,44473,44300,43862,43143,42438,41724,41017,40322,39628,38939
58601,57830,57061,56297,55527,54764,53999,53241,52479,51716,50971,50210,49463,48706,47963,47227,46497,45690,44990,44771,44596,44155,43437,42726,42007,41298,40602,39908,39214
58917,58144,57380,56612,55842,55079,54316,53553,52787,52029,51274,50519,49767,49015,48266,47528,46798,45986,45286,45070,44887,44449,43734,43014,42289,41584,40879,40182,39494
59234,58459,57693,56925,56162,55395,54633,53870,53099,52344,51587,50829,50075,49326,48571,47832,47095,46282,45582,45365,45182,44749,44026,43302,42577,41872,41163,40458,39774
59550,58775,58010,57239,56477,55710,54944,54181,53411,52651,51895,51138,50384,49631,48880,48133,47392,46583,45883,45661,45478,45046,44316,43590,42872,42163,41445,40740,40048
59866,59092,58324,57556,56790,56026,55253,54492,53722,52962,52207,51445,50693,49940,49185,48440,47696,46885,46184,45956,45779,45341,44606,43880,43164,42451,41733,41024,40324
60181,59408,58639,57875,57104,56335,55568,54802,54039,53279,52519,51753,50997,50249,49490,48746,47998,47188,46484,46255,46079,45636,44900,44180,43459,42736,42024,41305,40607
60497,59726,58959,58192,57416,56652,55882,55118,54354,53592,52832,52071,51314,50557,49798,49050,48305,47487,46782,46556,46380,45932,45196,44476,43751,43025,42312,41594,40891
60815,60045,59277,58508,57732,56971,56201,55433,54670,53898,53144,52384,51627,50870,50107,49354,48611,47789,47079,46861,46683,46233,45496,44771,44045,43315,42600,41881,41179
61128,60364,59592,58821,58050,57289,56516,55747,54985,54212,53461,52696,51935,51178,50415,49663,48919,48094,47385,47160,46985,46533,45797,45067,44341,43605,42890,42170,41467
61441,60678,59909,59134,58366,57603,56830,56060,55301,54534,53772,53002,52242,51492,50728,49972,49228,48399,47692,47466,47288,46833,46097,45361,44636,43900,43180,42461,41752
61760,60993,60230,59453,58685,57918,57142,56384,55615,54844,54083,53319,52559,51800,51042,50279,49532,48703,48000,47765,47590,47139,46399,45661,44932,44195,43476,42751,42037
62076,61311,60548,59772,59007,58238,57458,56703,55934,55159,54393,53630,52877,52107,51350,50593,49840,49011,48307,48069,47892,47445,46703,45962,45232,44496,43771,43045,42325
62397,61628,60861,60088,59325,58554,57780,57022,56249,55479,54708,53945,53183,52418,51662,50901,50149,49321,48611,48380,48196,47754,47005,46264,45533,44796,44066,43340,42621
62714,61940,61174,60406,59640,58867,58099,57336,56563,55793,55024,54261,53495,52735,51975,51215,50458,49625,48915,48690,48500,48058,47314,46568,45832,45091,44361,43636,42912
63030,62256,61487,60719,59954,59183,58416,57647,56875,56107,55338,54576,53810,53052,52287,51527,50766,49931,49223,48998,48804,48362,47618,46868,46127,45387,44651,43931,43202
63343,62572,61804,61037,60268,59498,58729,57959,57191,56421,55651,54892,54126,53363,52600,51840,51073,50243,49527,49301,49115,48666,47922,47172,46428,45687,44952,44226,43497
63653,62888,62116,61354,60577,59814,59041,58273,57508,56733,55969,55212,54435,53674,52910,52152,51385,50558,49839,49610,49429,48969,48226,47479,46733,45992,45252,44522,43786
63964,63203,62430,61672,60895,60133,59358,58590,57825,57049,56287,55526,54750,53984,53221,52458,51698,50867,50147,49919,49735,49275,48531,47787,47037,46292,45552,44816,44086
64282,63519,62746,61989,61218,60452,59679,58912,58141,57371,56606,55840,55064,54304,53543,52768,52008,51178,50455,50233,50042,49586,48837,48088,47341,46598,45856,45118,44386
64600,63838,63064,62305,61531,60764,59997,59230,58458,57690,56924,56153,55383,54624,53859,53085,52325,51491,50768,50546,50354,49897,49143,48389,47645,46902,46157,45422,44681
64914,64152,63382,62621,61847,61077,60310,59546,58774,58005,57241,56471,55702,54934,54168,53401,52636,51802,51081,50855,50666,50205,49451,48697,47949,47206,46462,45723,44983
65226,64460,63696,62934,62163,61394,60627,59865,59088,58323,57558,56784,56020,55243,54483,53717,52953,52117,51393,51165,50975,50516,49762,49012,48253,47510,46767,46026,45287
65537,64772,64010,63245,62479,61707,60945,60178,59404,58642,57874,57099,56334,55560,54796,54026,53264,52435,51704,51473,51282,50825,50072,49320,48562,47814,47071,46327,45588
65848,65084,64324,63561,62795,62021,61262,60497,59724,58956,58188,57416,56650,55878,55116,54341,53575,52747,52020,51785,51592,51135,50385,49622,48873,48118,47375,46631,45891
66159,65398,64636,63875,63108,62337,61580,60810,60042,59271,58500,57732,56964,56192,55431,54654,53895,53058,52332,52098,51908,51450,50694,49930,49184,48424,47681,46935,46190
66470,65713,64949,64183,63419,62652,61896,61127,60355,59586,58817,58049,57276,56508,55744,54974,54215,53368,52642,52414,52225,51767,51002,50246,49495,48735,47990,47239,46489
66781,66024,65261,64494,63738,62968,62212,61440,60668,59901,59136,58365,57593,56830,56056,55293,54529,53681,52953,52728,52537,52081,51311,50558,49802,49045,48300,47543,46792
67091,66335,65573,64807,64056,63287,62527,61754,60989,60218,59450,58679,57914,57149,56373,55611,54843,53999,53264,53039,52852,52391,51625,50867,50110,49357,48605,47848,47101
67402,66645,65886,65119,64369,63601,62841,62070,61306,60536,59769,58995,58233,57465,56690,55924,55157,54315,53582,53351,53167,52705,51943,51180,50420,49667,48910,48154,47407
67713,66956,66198,65431,64682,63915,63151,62383,61619,60853,60088,59313,58547,57779,57007,56241,55470,54629,53903,53672,53483,53020,52256,51492,50732,49974,49218,48460,47713
68024,67267,66510,65744,64994,64229,63459,62694,61934,61171,60401,59627,58863,58091,57322,56558,55782,54942,54218,53991,53793,53332,52570,51807,51044,50281,49525,48768,48022
68334,67578,66823,66056,65306,64543,63773,63010,62252,61487,60718,59951,59182,58407,57640,56875,56099,55256,54531,54305,54106,53644,52885,52122,51358,50590,49832,49079,48328
68645,67888,67135,66368,65619,64857,64087,63326,62571,61803,61031,60269,59501,58728,57961,57191,56416,55569,54845,54618,54419,53962,53197,52435,51672,50906,50146,49393,48633
68956,68199,67448,66681,65931,65171,64401,63641,62884,62116,61345,60586,59814,59046,58280,57508,56733,55884,55158,54932,54736,54279,53509,52745,51982,51219,50463,49705,48940
69267,68510,67760,66993,66243,65485,64715,63957,63198,62427,61661,60899,60127,59360,58593,57823,57049,56204,55471,55246,55054,54595,53824,53058,52295,51530,50773,50013,49251
69577,68821,68072,67305,66556,65799,65029,64273,63512,62743,61976,61214,60444,59679,58903,58138,57366,56525,55787,55564,55369,54913,54137,53375,52611,51844,51083,50323,49563
69888,69131,68385,67618,66868,66113,65343,64588,63826,63058,62292,61528,60762,59992,59218,58454,57681,56839,56104,55876,55684,55230,54453,53695,52923,52160,51394,50636,49876
70199,69442,68697,67930,67180,66427,65657,64904,64140,63374,62608,61839,61078,60309,59542,58773,57996,57151,56421,56192,56002,55543,54771,54012,53235,52476,51705,50944,50188
70510,69753,69009,68243,67493,66741,65971,65220,64454,63690,62923,62150,61393,60621,59859,59092,58312,57469,56739,56509,56321,55861,55088,54326,53550,52788,52018,51255,50499
70820,70064,69322,68555,67805,67055,66285,65535,64768,64006,63239,62462,61709,60933,60177,59405,58631,57794,57060,56825,56642,56178,55401,54637,53866,53100,52334,51575,50814
71131,70374,69634,68867,68117,67369,66599,65851,65082,64321,63555,62773,62025,61244,60489,59718,58951,58113,57380,57142,56956,56494,55719,54947,54186,53415,52648,51893,51127
71442,70685,69946,69180,68430,67683,66913,66167,65396,64637,63870,63084,62341,61555,60801,60035,59270,58421,57694,57460,57267,56811,56036,55266,54504,53728,52965,52205,51438
71753,70996,70259,69492,68742,67997,67227,66483,65710,64953,64186,63395,62656,61866,61112,60352,59583,58736,58009,57780,57582,57127,56352,55586,54820,54044,53282,52514,51751
72063,71307,70571,69804,69054,68311,67541,66798,66024,65268,64502,63707,62972,62178,61423,60670,59896,59054,58324,58096,57897,57442,56669,55899,55134,54362,53599,52826,52067
72374,71617,70883,70117,69367,68624,67854,67114,66338,65584,64818,64018,63288,62489,61734,60987,60209,59369,58638,58411,58216,57757,56985,56218,55452,54678,53914,53140,52381
72685,71928,71196,70429,69679,68938,68168,67430,66652,65900,65133,64329,63603,62800,62046,61305,60522,59682,58962,58725,58536,58075,57300,56539,55769,54992,54223,53457,52698
72996,72239,71508,70741,69991,69252,68482,67745,66966,66215,65449,64640,63919,63111,62357,61622,60835,59995,59280,59038,58855,58395,57615,56853,56084,55310,54538,53777,53015
73306,72550,71820,71054,70304,69566,68796,68061,67280,66531,65765,64952,64235,63423,62668,61940,61147,60307,59598,59351,59169,58714,57933,57168,56395,55627,54856,54095,53329
73617,72860,72133,71366,70616,69880,69110,68377,67594,66847,66080,65263,64550,63734,62979,62257,61460,60620,59915,59664,59482,59033,58253,57489,56711,55944,55180,54411,53643
73928,73171,72445,71678,70928,70194,69424,68692,67908,67162,66396,65574,64866,64045,63291,62575,61773,60933,60233,59977,59795,59353,58572,57804,57032,56265,55501,54725,53956
74239,73482,72757,71991,71241,70508,69738,69008,68222,67478,66712,65885,65182,64356,63602,62892,62086,61246,60550,60290,60108,59672,58891,58114,57348,56586,55817,55043,54269
74549,73793,73070,72303,71553,70822,70052,69324,68536,67794,67027,66197,65498,64668,63913,63210,62399,61559,60868,60603,60421,59991,59211,58422,57662,56901,56128,55359,54583
74860,74103,73382,72615,71865,71136,70366,69639,68850,68110,67343,66508,65813,64979,64224,63527,62712,61872,61185,60916,60734,60311,59530,58731,57977,57215,56444,55676,54901
75171,74414,73694,72928,72178,71450,70680,69955,69164,68425,67659,66819,66129,65290,64536,63845,63025,62185,61503,61228,61047,60630,59849,59039,58292,57530,56759,55992,55217
75482,74725,74007,73240,72490,71764,70994,70271,69478,68741,67974,67130,66445,65601,64847,64162,63338,62498,61820,61541,61360,60949,60169,59348,58606,57845,57073,56302,55534
75792,75036,74319,73552,72802,72078,71308,70587,69792,69057,68290,67442,66760,65913,65158,64480,63651,62811,62138,61854,61673,61269,60488,59656,58921,58160,57388,56612,55849
76103,75346,74631,73865,73115,72392,71622,70902,70106,69372,68606,67753,67076,66224,65469,64797,63964,63124,62455,62167,61985,61588,60807,59964,59236,58474,57703,56922,56170
76414,75656,74943,74178,73428,72706,71936,71217,70420,69687,68922,68064,67392,66535,65780,65114,64277,63437,62772,62480,62297,61907,61126,60272,59551,58788,58018,57232,56491
76725,75966,75255,74491,73741,73020,72250,71532,70734,70002,69238,68375,67708,66846,66091,65431,64590,63750,63089,62793,62609,62226,61445,60580,59866,59102,58333,57542,56812
77036,76276,75567,74804,74054,73334,72564,71847,71048,70317,69554,68686,68024,67157,66402,65748,64903,64063,63406,63106,62921,62545,61764,60888,60181,59416,58648,57852,57133
77347,76586,75879,75117,74367,73648,72878,72162,71362,70632,69870,68997,68340,67468,66713,66065,65216,64376,63723,63419,63233,62864,62083,61196,60496,59730,58963,58162,57454
77658,76896,76191,75430,74680,73962,73192,72477,71676,70947,70186,69308,68656,67779,67024,66382,65529,64689,64040,63732,63545,63183,62402,61504,60811,60044,59278,58472,57775
77969,77206,76503,75743,74993,74276,73506,72792,71990,71262,70502,69619,68972,68090,67335,66699,65842,65002,64357,64045,63857,63502,62721,61812,61126,60358,59593,58782,58096
78280,77516,76815,76056,75306,74590,73820,73107,72304,71577,70818,69930,69288,68401,67646,67016,66155,65315,64674,64358,64169,63821,63040,62120,61441,60672,59908,59092,58417
78591,77826,77127,76369,75619,74904,74134,73422,72618,71892,71134,70241,69604,68712,67957,67333,66468,65628,64991,64671,64481,64140,63359,62428,61756,60986,60223,59402,58738
78902,78136,77439,76682,75932,75218,74448,73737,72932,72207,71450,70552,69920,69023,68268,67650,66781,65941,65308,64984,64793,64459,63678,62736,62071,61300,60538,59712,59059
79213,78446,77751,76995,76245,75532,74762,74052,73246,72522,71766,70863,70236,69334,68579,67967,67094,66254,65625,65297,65105,64778,63997,63044,62386,61614,60853,60022,59380
79524,78756,78063,77308,76558,75846,75076,74367,73560,72837,72082,71174,70552,69645,68890,68284,67407,66567,65942,65610,65417,65097,64316,63352,62701,61928,61168,60332,59701
79835,79066,78375,77621,76871,76160,75390,74682,73874,73152,72398,71485,70868,69956,69201,68601,67720,66880,66259,65923,65729,65416,64635,63660,63016,62242,61483,60642,60022
80146,79376,78687,77934,77184,76474,75704,74997,74188,73467,72714,71796,71184,70267,69512,68918,68033,67193,66576,66236,66041,65735,64954,63968,63331,62556,61798,60952,60343
80457,79686,78999,78247,77497,76788,76018,75312,74502,73782,73030,72107,71500,70578,69823,69235,68346,67506,66893,66549,66353,66054,65273,64276,63646,62870,62113,61262,60664
80768,79996,79311,78560,77810,77102,76332,75627,74816,74097,73346,72418,71816,70889,70134,69552,68659,67819,67210,66862,66665,66373,65592,64584,63961,63184,62428,61572,60985
81079,80306,79623,78873,78123,77416,76646,75942,75130,74412,73662,72729,72132,71200,70445,69869,68972,68132,67527,67175,66977,66692,65911,64892,64276,63498,62743,61882,61306
81390,80616,79935,79186,78436,77730,76960,76257,75444,74727,73978,73040,72448,71511,70756,70186,69285,68445,67844,67488,67289,67011,66230,65200,64591,63812,63058,62192,61627
81701,80926,80247,79499,78749,78044,77274,76572,75758,75042,74294,73351,72764,71822,71067,70503,69598,68758,68161,67801,67601,67330,66549,65508,64906,64126,63373,62502,61948
82012,81236,80559,79812,79062,78358,77588,76887,76072,75357,74610,73662,73080,72133,71378,70820,69911,69071,68478,68114,67913,67649,66868,65816,65221,64440,63688,62812,62269
82323,81546,80871,80125,79375,78672,77902,77202,76386,75672,74926,73973,73396,72444,71689,71137,70224,69384,68795,68427,68225,67968,67187,66124,65536,64754,64003,63122,62590
82634,81856,81183,80438,79688,78986,78216,77517,76700,75987,75242,74284,73712,72755,72000,71454,70537,69697,69112,68740,68537,68287,67506,66432,65851,65068,64318,63432,62911
82945,82166,81495,80751,80001,79300,78530,77832,77014,76302,75558,74595,74028,73066,72311,71771,70850,70010,69429,69053,68849,68606,67825,66740,66166,65382,64633,63742,63232
83256,82476,81807,81064,80314,79614,78844,78147,77328,76617,75874,74906,74344,73377,72622,72088,71163,70323,69746,69366,69161,68925,68144,67048,66481,65696,64948,64052,63553
83567,82786,82119,81377,80627,79928,79158,78462,77642,76932,76190,75217,74660,73688,72933,72405,71476,70636,70063,69679,69473,69244,68463,67356,66796,66010,65263,64362,63874
83878,83096,82431,81690,80940,80242,79472,78777,77956,77247,76506,75528,74976,73999,73244,72722,71789,70949,70380,69992,69785,69563,68782,67664,67111,66324,65578,64672,64195
84189,83406,82743,82003,81253,80556,79786,79092,78270,77562,76822,75839,75292,74310,73555,73039,72102,71262,70697,70305,70097,69882,69101,67972,67426,66638,65893,64982,64516
84500,83716,83055,82316,81566,80870,80100,79407,78584,77877,77138,76150,75608,74621,73866,73356,72415,71575,71014,70618,70409,70201,69420,68280,67741,66952,66208,65292,64837
84811,84026,83367,82629,81879,81184,80414,79722,78898,78192,77454,76461,75924,74932,74177,73673,72728,71888,71331,70931,70721,70520,69739,68588,68056,67266,66523,65602,65158
85122,84336,83679,82942,82192,81498,80728,80037,79212,78507,77770,76772,76240,75243,74488,73990,73041,72201,71648,71244,71033,70839,70058,68896,68371,67580,66838,65912,65479
85433,84646,83991,83255,82505,81812,81042,80352,79526,78822,78086,77083,76556,75554,74799,74307,73354,72514,71965,71557,71345,71158,70377,69204,68686,67894,67153,66222,65800
85744,84956,84303,83568,82818,82126,81356,80667,79840,79137,78402,77394,76872,75865,75110,74624,73667,72827,72282,71870,71657,71477,70696,69512,69001,68208,67468,66532,66121
86055,85266,84615,83881,83131,82440,81670,80982,80154,79452,78718,77705,77188,76176,75421,74941,73980,73140,72599,72183,71969,71796,71015,69820,69316,68522,67783,66842,66442
86366,85576,84927,84194,83444,82754,81984,81297,80468,79767,79034,78016,77504,76487,75732,75258,74293,73453,72916,72496,72281,72115,71334,70128,69631,68836,68098,67152,66763
86677,85886,85239,84507,83757,83068,82298,81612,80782,80082,79350,78327,77820,76798,76043,75575,74606,73766,73233,72809,72593,72434,71653,70436,69946,69150,68413,67462,67084
86988,86196,85551,84820,84070,83382,82612,81927,81096,80397,79666,78638,78136,77109,76354,75892,74919,74079,73550,73122,72905,72753,71972,70744,70261,69464,68728,67772,67405
87299,86506,85863,85133,84383,83696,82926,82242,81410,80712,79982,78949,78452,77420,76665,76209,75232,74392,73867,73435,73217,73072,72291,71052,70576,69778,69043,68082,67726
87610,86816,86175,85446,84696,84010,83240,82557,81724,81027,80298,79260,78768,77731,76976,76526,75545,74705,74184,73748,73529,73391,72610,71360,70891,70092,69358,68392,68047
87921,87126,86487,85759,85009,84324,83554,82872,82038,81342,80614,79571,79084,78042,77287,76843,75858,75018,74501,74061,73841,73710,72929,71668,71206,70406,69673,68702,68368
88232,87436,86799,86072,85322,84638,83868,83187,82352,81657,80930,79882,79400,78353,77598,77160,76171,75331,74818,74374,74153,74029,73248,71976,71521,70720,69988,69012,68689
88543,87746,87111,86385,85635,84952,84182,83502,82666,81972,81246,80193,79716,78664,77909,77477,76484,75644,75135,74687,74465,74348,73567,72284,71836,71034,70303,69322,69010
88854,88056,87423,86698,85948,85266,84496,83817,82980,82287,81562,80504,80032,78975,78220,77794,76797,75957,75452,75000,74777,74667,73886,72592,72151,71348,70618,69632,69331
89165,88366,87735,87011,86261,85580,84810,84132,83294,82602,81878,80815,80348,79286,78531,78111,77110,76270,75769,75313,75089,74986,74205,72900,72466,71662,70933,69942,69652
89476,88676,88047,87324,86574,85894,85124,84447,83608,82917,82194,81126,80664,79597,78842,78428,77423,76583,76086,75626,75401,75305,74524,73208,72781,71976,71248,70252,69973
89787,88986,88359,87637,86887,86208,85438,84762,83922,83232,82510,81437,80980,79908,79153,78745,77736,76896,76403,75939,75713,75624,74843,73516,73096,72290,71563,70562,70294
90098,89296,88671,87950,87200,86522,85752,85077,84236,83547,82826,81748,81296,80219,79464,79062,78049,77209,76720,76252,76025,75943,75162,73824,73411,72604,71878,70872,70615
90409,89606,88983,88263,87513,86836,86066,85392,84550,83862,83142,82059,81612,80530,79775,79379,78362,77522,77037,76565,76337,76262,75481,74132,73726,72918,72193,71182,70936
90720,89916,89295,88576,87826,87150,86380,85707,84864,84177,83458,82370,81928,80841,80086,79696,78675,77835,77354,76878,76649,76581,75800,74440,74041,73232,72508,71492,71257
91031,90226,89607,88889,88139,87464,86694,86022,85178,84492,83774,82681,82244,81152,80397,80013,78988,78148,77671,77191,76961,76900,76119,74748,74356,73546,72823,71802,71578
91342,90536,89919,89202,88452,87778,87008,86337,85492,84807,84090,82992,82560,81463,80708,80330,79301,78461,77988,77504,77273,77219,76438,75056,74671,73860,73138,72112,71899
91653,90846,90231,89515,88765,88092,87322,86652,85806,85122,84406,83303,82876,81774,81019,80647,79614,78774,78305,77817,77585,77538,76757,75364,74986,74174,73453,72422,72220
91964,91156,90543,89828,89078,88406,87636,86967,86120,85437,84722,83614,83192,82085,81330,80964,79927,79087,78622,78130,77897,77857,77076,75672,75301,74488,73768,72732,72541
92275,91466,90855,90141,89391,88720,87950,87282,86434,85752,85038,83925,83508,82396,81641,81281,80240,79400,78939,78443,78209,78176,77395,75980,75616,74802,74083,73042,72862
92586,91776,91167,90454,89704,89034,88264,87597,86748,86067,85354,84236,83824,82707,81952,81598,80553,79713,79256,78756,78521,78495,77714,76288,75931,75116,74398,73352,73183
92897,92086,91479,90767,90017,89348,88578,87912,87062,86382,85670,84547,84140,83018,82263,81915,80866,80026,79573,79069,78833,78814,78033,76596,76246,75430,74713,73662,73504
93208,92396,91791,91080,90330,89662,88892,88227,87376,86697,85986,84858,84456,83329,82574,82232,81179,80339,79890,79382,79145,79133,78352,76904,76561,75744,75028,73972,73825
93519,92706,92103,91393,90643,89976,89206,88542,87690,87012,86302,85169,84772,83640,82885,82549,81492,80652,80207,79695,79457,79452,78671,77212,76876,76058,75343,74282,74146
93830,93016,92415,91706,90956,90290,89520,88857,88004,87327,86618,85480,85088,83951,83196,82866,81805,80965,80524,80008,79769,79771,78990,77520,77191,76372,75658,74592,74467
94141,93326,92727,92019,91269,90604,89834,89172,88318,87642,86934,85791,85404,84262,83507,83183,82118,81278,80841,80321,80081,80090,79309,77828,77506,76686,75973,74902,74788
94452,93636,93039,92332,91582,90918,90148,89487,88632,87957,87250,86102,85720,84573,83818,83500,82431,81591,81158,80634,80393,80409,79628,78136,77821,77000,76288,75212,75109
94763,93946,93351,92645,91895,91232,90462,89802,88946,88272,87566,86413,86036,84884,84129,83817,82744,81904,81475,80947,80705,80728,79947,78444,78136,77314,76603,75522,75430
95074,94256,93663,92958,92208,91546,90776,90117,89260,88587,87882,86724,86352,85195,84440,84134,83057,82217,81792,81260,81017,81047,80266,78752,78451,77628,76918,75832,75751
95385,94566,93975,93271,92521,91860,91090,90432,89574,88902,88198,87035,86668,85506,84751,84451,83370,82530,82109,81573,81329,81366,80585,79060,78766,77942,77233,76142,76072
95696,94876,94287,93584,92834,92174,91404,90747,89888,89217,88514,87346,86984,85817,85062,84768,83683,82843,82426,81886,81641,81685,80904,79368,79081,78256,77548,76452,76393
96007,95186,94599,93897,93147,92488,91718,91062,90202,89532,88830,87657,87300,86128,85373,85085,83996,83156,82743,82199,81953,82004,81223,79676,79396,78570,77863,76762,76714
96318,95496,94911,94210,93460,92802,92032,91377,90516,89847,89146,87968,87616,86439,85684,85402,84309,83469,83060,82512,82265,82323,81542,79984,79711,78884,78178,77072,77035
96629,95806,95223,94523,93773,93116,92346,91692,90830,90162,89462,88279,87932,86750,85995,85719,84622,83782,83377,82825,82577,82642,81861,80292,80026,79198,78493,77382,77356
96940,96116,95535,94836,94086,93430,92660,92007,91144,90477,89778,88590,88248,87061,86306,86036,84935,84095,83694,83138,82889,82961,82180,80600,80341,79512,78808,77692,77677
97251,96426,95847,95149,94399,93744,92974,92322,91458,90792,90094,88901,88564,87372,86617,86353,85248,84408,84011,83451,83201,83280,82499,80908,80656,79826,79123,78002,77998
97562,96736,96159,95462,94712,94058,93288,92637,91772,91107,90410,89212,88880,87683,86928,86670,85561,84721,84328,83764,83513,83599,82818,81216,80971,80140,79438,78312,78319
97873,97046,96471,95775,95025,94372,93602,92952,92086,91422,90726,89523,89196,87994,87239,86987,85874,85034,84645,84077,83825,83918,83137,81524,81286,80454,79753,78622,78640
98184,97356,96783,96088,95338,94686,93916,93267,92400,91737,91042,89834,89512,88305,87550,87304,86187,85347,84962,84390,84137,84237,83456,81832,81601,80768,80068,78932,78961
98495,97666,97095,96401,95651,95000,94230,93582,92714,92052,91358,90145,89828,88616,87861,87621,86500,85660,85279,84703,84449,84556,83775,82140,81916,81082,80383,79242,79282
98806,97976,97407,96714,95964,95314,94544,93897,93028,92367,91674,90456,90144,88927,88172,87938,86813,85973,85596,85016,84761,84875,84094,82448,82231,81396,80698,79552,79603
99117,98286,97719,97027,96277,95628,94858,94212,93342,92682,91990,90767,90460,89238,88483,88255,87126,86286,85913,85329,85073,85194,84413,82756,82546,81710,81013,79862,79924
99428,98596,98031,97340,96590,95942,95172,94527,93656,92997,92306,91078,90776,89549,88794,88572,87439,86599,86230,85642,85385,85513,84732,83064,82861,82024,81328,80172,80245
99739,98906,98343,97653,96903,96256,95486,94842,93970,93312,92622,91389,91092,89860,89105,88889,87752,86912,86547,85955,85697,85832,85051,83372,83176,82338,81643,80482,80566
100050,99216,98655,97966,97216,96570,95800,95157,94284,93627,92938,91700,91408,90171,89416,89206,88065,87225,86864,86268,86009,86151,85370,83680,83491,82652,81958,80792,80887
100361,99526,98967,98279,97529,96884,96114,95472,94598,93942,93254,92011,91724,90482,89727,89523,88378,87538,87181,86581,86321,86470,85689,83988,83806,82966,82273,81102,81208
100672,99836,99279,98592,97842,97198,96428,95787,94912,94257,93570,92322,92040,90793,90038,89840,88691,87851,87498,86894,86633,86789,86008,84296,84121,83280,82588,81412,81529
100983,100146,99591,98905,98155,97512,96742,96102,95226,94572,93886,92633,92356,91104,90349,90157,89004,88164,87815,87207,86945,87108,86327,84604,84436,83594,82903,81722,81850
101294,100456,99903,99218,98468,97826,97056,96417,95540,94887,94202,92944,92672,91415,90660,90474,89317,88477,88132,87520,87257,87427,86646,84912,84751,83908,83218,82032,82171
101605,100766,100215,99531,98781,98140,97370,96732,95854,95202,94518,93255,92988,91726,90971,90791,89630,88790,88449,87833,87569,87746,86965,85220,85066,84222,83533,82342,82492
101916,101076,100527,99844,99094,98454,97684,97047,96168,95517,94834,93566,93304,92037,91282,91108,89943,89103,88766,88146,87881,88065,87284,85528,85381,84536,83848,82652,82813
102227,101386,100839,100157,99407,98768,97998,97362,96482,95832,95150,93877,93620,92348,91593,91425,90256,89416,89083,88459,88193,88384,87603,85836,85696,84850,84163,82962,83134
102538,101696,101151,100470,99720,99082,98312,97677,96796,96147,95466,94188,93936,92659,91904,91742,90569,89729,89400,88772,88505,88703,87922,86144,86011,85164,84478,83272,83455
102849,102006,101463,100783,100033,99396,98626,97992,97110,96462,95782,94499,94252,92970,92215,92059,90882,90042,89717,89085,88817,89022,88241,86452,86326,85478,84793,83582,83776
103160,102316,101775,101096,100346,99710,98940,98307,97424,96777,96098,94810,94568,93281,92526,92376,91195,90355,90034,89398,89129,89341,88560,86760,86641,85792,85108,83892,84097
103471,102626,102087,101409,100659,100024,99254,98622,97738,97092,96414,95121,94884,93592,92837,92693,91508,90668,90351,89711,89441,89660,88879,87068,86956,86106,85423,84202,84418
103782,102936,102399,101722,100972,100338,99568,98937,98052,97407,96730,95432,95200,93903,93148,93010,91821,90981,90668,90024,89753,89979,89198,87376,87271,86420,85738,84512,84739
104093,103246,102711,102035,101285,100652,99882,99252,98366,97722,97046,95743,95516,94214,93459,93327,92134,91294,90985,90337,90065,90298,89517,87684,87586,86734,86053,84822,85060
104404,103556,103023,102348,101598,100966,100196,99567,98680,98037,97362,96054,95832,94525,93770,93644,92447,91607,91302,90650,90377,90617,89836,87992,87901,87048,86368,85132,85381
104715,103866,103335,102661,101911,101280,100510,99882,98994,98352,97678,96365,96148,94836,94081,93961,92760,91920,91619,90963,90689,90936,90155,88300,88216,87362,86683,85442,85702
105026,104176,103647,102974,102224,101594,100824,100197,99308,98667,97994,96676,96464,95147,94392,94278,93073,92233,91936,91276,91001,91255,90474,88608,88531,87676,86998,85752,86023
105337,104486,103959,103287,102537,101908,101138,100512,99622,98982,98310,96987,96780,95458,94703,94595,93386,92546,92253,91589,91313,91574,90793,88916,88846,87990,87313,86062,86344
105648,104796,104271,103600,102850,102222,101452,100827,99936,99297,98626,97298,97096,95769,95014,94912,93699,92859,92570,91902,91625,91893,91112,89224,89161,88304,87628,86372,86665
105959,105106,104583,103913,103163,102536,101766,101142,100250,99612,98942,97609,97412,96080,95325,95229,94012,93172,92887,92215,91937,92212,91431,89532,89476,88618,87943,86682,86986
106270,105416,104895,104226,103476,102850,102080,101457,100564,99927,99258,97920,97728,96391,95636,95546,94325,93485,93204,92528,92249,92531,91750,89840,89791,88932,88258,86992,87307
106581,105726,105207,104539,103789,103164,102394,101772,100878,100242,99574,98231,98044,96702,95947,95863,94638,93798,93521,92841,92561,92850,92069,90148,90106,89246,88573,87302,87628
106892,106036,105519,104852,104102,103478,102708,102087,101192,100557,99890,98542,98360,97013,96258,96180,94951,94111,93838,93154,92873,93169,92388,90456,90421,89560,88888,87612,87949
107203,106346,105831,105165,104415,103792,103022,102402,101506,100872,100206,98853,98676,97324,96569,96497,95264,94424,94155,93467,93185,93488,92707,90764,90736,89874,89203,87922,88270
107514,106656,106143,105478,104728,104106,103336,102717,101820,101187,100522,99164,98992,97635,96880,96814,95577,94737,94472,93780,93497,93807,93026,91072,91051,90188,89518,88232,88591
107825,106966,106455,105791,105041,104420,103650,103032,102134,101502,100838,99475,99308,97946,97191,97131,95890,95050,94789,94093,93809,94126,93345,91380,91366,90502,89833,88542,88912
108136,107276,106767,106104,105354,104734,103964,103347,102448,101817,101154,99786,99624,98257,97502,97448,96203,95363,95106,94406,94121,94445,93664,91688,91681,90816,90148,88852,89233
108447,107586,107079,106417,105667,105048,104278,103662,102762,102132,101470,100097,99940,98568,97813,97765,96516,95676,95423,94719,94433,94764,93983,91996,91996,91130,90463,89162,89554
