2.2244,2.2197,2.2297,2.2286,2.2303,2.2313,2.2406,2.2351,2.239,2.2379,2.244,2.2415,2.2456,2.2529,2.2525,2.2562,2.2627,2.2747,2.2733,2.2802,2.2789,2.2785,2.286,2.2856,2.2928,2.2969,2.3072,2.3063,2.2599
2.2285,2.2246,2.2327,2.2316,2.2326,2.2343,2.2413,2.2381,2.242,2.2409,2.2467,2.2456,2.2486,2.254,2.2536,2.2585,2.2638,2.2722,2.274,2.2791,2.2782,2.2782,2.2849,2.2849,2.2917,2.2973,2.305,2.306,2.2726
2.2327,2.2296,2.2357,2.2346,2.2349,2.2373,2.2421,2.2411,2.245,2.2439,2.2493,2.2497,2.2516,2.2552,2.2547,2.2607,2.2649,2.2696,2.2747,2.278,2.2774,2.2778,2.2838,2.2841,2.2906,2.2977,2.3028,2.3056,2.2853
2.2368,2.2352,2.2387,2.2376,2.2371,2.2404,2.2428,2.2441,2.2472,2.2469,2.2519,2.2538,2.2546,2.2563,2.2559,2.2629,2.266,2.267,2.2755,2.2769,2.2767,2.2774,2.2827,2.2834,2.2895,2.2978,2.3006,2.3052,2.298
2.2409,2.2423,2.2418,2.2412,2.24,2.2434,2.2436,2.2471,2.248,2.2517,2.2545,2.2572,2.2575,2.2574,2.257,2.2652,2.2672,2.2667,2.2757,2.2759,2.276,2.2771,2.2816,2.2827,2.2884,2.2956,2.2982,2.3039,2.3108
2.2451,2.2494,2.2448,2.2454,2.246,2.2476,2.2459,2.2501,2.2487,2.2566,2.2572,2.2584,2.2602,2.2592,2.2585,2.2674,2.2683,2.2678,2.2746,2.2751,2.2752,2.2776,2.2807,2.2821,2.2873,2.2934,2.2956,2.3006,2.3081
2.2492,2.2547,2.2481,2.2495,2.2521,2.2521,2.2504,2.2519,2.252,2.2601,2.2598,2.2595,2.2628,2.2618,2.2633,2.2688,2.269,2.2689,2.2735,2.2744,2.2745,2.2784,2.2799,2.2828,2.2862,2.2917,2.293,2.2973,2.3052
2.2533,2.2588,2.2522,2.2543,2.2565,2.2563,2.2549,2.2538,2.2565,2.2605,2.2603,2.2606,2.2651,2.2645,2.2682,2.2699,2.269,2.2715,2.2736,2.2744,2.2743,2.279,2.2792,2.2835,2.2851,2.291,2.293,2.2958,2.3023
2.2584,2.2629,2.2563,2.2592,2.2595,2.259,2.2594,2.2561,2.261,2.2609,2.2607,2.2617,2.2654,2.2653,2.2712,2.271,2.269,2.2741,2.2748,2.2751,2.275,2.2794,2.2798,2.2841,2.284,2.2903,2.293,2.2954,2.2994
2.2651,2.2652,2.2611,2.2639,2.2625,2.2616,2.2638,2.2591,2.264,2.2615,2.2616,2.2628,2.2658,2.2657,2.2715,2.2698,2.2695,2.2756,2.2759,2.2758,2.2758,2.2798,2.2809,2.2845,2.2844,2.2893,2.2928,2.295,2.2964
2.2718,2.2674,2.2663,2.268,2.2648,2.2649,2.268,2.2621,2.2669,2.2622,2.2642,2.2659,2.2665,2.2663,2.2719,2.2687,2.2702,2.2742,2.2763,2.2763,2.2762,2.2795,2.2819,2.2849,2.2847,2.2882,2.2921,2.2937,2.2952
2.2767,2.2702,2.2715,2.2721,2.2671,2.2689,2.2684,2.2658,2.269,2.263,2.2668,2.2692,2.2677,2.2693,2.2709,2.2685,2.271,2.2727,2.2767,2.2767,2.2766,2.2784,2.2801,2.2845,2.2848,2.2871,2.2913,2.2922,2.2956
2.2808,2.2743,2.2757,2.275,2.2699,2.273,2.2688,2.2699,2.269,2.2668,2.2692,2.2721,2.2688,2.2723,2.2694,2.27,2.2739,2.272,2.2768,2.2769,2.277,2.2773,2.2782,2.2838,2.284,2.2853,2.2894,2.2908,2.2959
2.2849,2.2784,2.2798,2.2768,2.2758,2.2757,2.2704,2.274,2.269,2.2709,2.2715,2.2729,2.2705,2.274,2.2681,2.2715,2.2769,2.272,2.2757,2.2758,2.2777,2.2762,2.2773,2.283,2.2833,2.2835,2.2865,2.2897,2.2937
2.2882,2.2831,2.2836,2.2787,2.2817,2.2779,2.2741,2.2759,2.2713,2.2746,2.2737,2.2736,2.2723,2.274,2.2703,2.2737,2.2786,2.272,2.2746,2.2747,2.2785,2.2751,2.278,2.2816,2.2821,2.2821,2.2835,2.2886,2.2907
2.2915,2.2883,2.2866,2.2824,2.2858,2.2803,2.2779,2.2777,2.275,2.2768,2.2759,2.274,2.2742,2.274,2.2725,2.2763,2.2771,2.2743,2.274,2.274,2.2785,2.274,2.2787,2.2801,2.2807,2.2824,2.2818,2.2872,2.2879
2.295,2.2934,2.2895,2.2865,2.2877,2.2839,2.2813,2.2797,2.2788,2.279,2.2782,2.274,2.276,2.2753,2.2748,2.2789,2.2756,2.2768,2.274,2.274,2.2767,2.274,2.279,2.2785,2.2792,2.2828,2.2803,2.2853,2.286
2.2986,2.2973,2.2929,2.2904,2.2895,2.2877,2.2846,2.2819,2.2828,2.281,2.2802,2.274,2.2779,2.2772,2.277,2.279,2.2748,2.279,2.274,2.274,2.2748,2.274,2.279,2.2767,2.279,2.2824,2.279,2.2835,2.2842
2.3023,2.3009,2.2965,2.2938,2.2925,2.2912,2.288,2.2841,2.2869,2.2829,2.2813,2.2767,2.2799,2.2791,2.2792,2.279,2.2744,2.279,2.2755,2.2753,2.274,2.2746,2.279,2.2748,2.279,2.2813,2.279,2.2819,2.2825
2.3062,2.3045,2.3002,2.297,2.2958,2.2946,2.2902,2.287,2.2903,2.2847,2.2824,2.28,2.2821,2.2813,2.2798,2.279,2.274,2.279,2.2774,2.2771,2.274,2.2765,2.2772,2.2742,2.279,2.2802,2.279,2.2804,2.281
2.3102,2.3078,2.3045,2.3005,2.2991,2.2978,2.2924,2.2904,2.2918,2.2875,2.2839,2.2832,2.2844,2.2835,2.2794,2.279,2.2757,2.279,2.279,2.279,2.274,2.2783,2.2754,2.2746,2.279,2.2782,2.279,2.2789,2.2795
2.3142,2.3111,2.3089,2.3042,2.3028,2.3002,2.295,2.2937,2.2933,2.2905,2.2857,2.2858,2.2863,2.2848,2.279,2.279,2.2775,2.279,2.2794,2.279,2.2756,2.279,2.274,2.275,2.279,2.276,2.279,2.2774,2.2778
2.3191,2.3154,2.3132,2.3078,2.3064,2.302,2.2987,2.2973,2.2948,2.2933,2.2876,2.2884,2.2882,2.284,2.2804,2.2792,2.2793,2.279,2.2798,2.279,2.2775,2.279,2.274,2.2747,2.2781,2.2738,2.279,2.276,2.2759
2.3242,2.3208,2.3168,2.3125,2.31,2.3039,2.3024,2.301,2.2962,2.2951,2.2897,2.2904,2.29,2.2833,2.2819,2.2796,2.2808,2.279,2.2798,2.279,2.279,2.279,2.274,2.2743,2.2762,2.2715,2.2776,2.2742,2.274
2.3292,2.3263,2.3205,2.3176,2.3133,2.3084,2.3058,2.3045,2.2977,2.2969,2.2919,2.2915,2.2893,2.2839,2.2835,2.28,2.2822,2.279,2.2795,2.279,2.279,2.2773,2.2746,2.2739,2.2744,2.2693,2.2758,2.272,2.274
2.3335,2.3315,2.3245,2.3227,2.3166,2.3132,2.3091,2.3075,2.3006,2.2986,2.2941,2.2926,2.2885,2.2854,2.2853,2.281,2.2828,2.2789,2.2791,2.279,2.279,2.2754,2.2757,2.2731,2.2725,2.268,2.2739,2.2698,2.274
2.3379,2.3365,2.3292,2.3264,2.3207,2.3176,2.3124,2.3104,2.3039,2.3001,2.2971,2.295,2.2883,2.2869,2.2872,2.2821,2.2824,2.2782,2.2785,2.2786,2.279,2.2738,2.2769,2.2724,2.2707,2.268,2.2717,2.2688,2.2729
2.3424,2.3416,2.3339,2.33,2.3254,2.3205,2.3154,2.3133,2.3073,2.3016,2.3,2.2979,2.2894,2.2884,2.2886,2.2834,2.2821,2.2775,2.2777,2.2778,2.279,2.2731,2.2754,2.272,2.2689,2.268,2.2694,2.2684,2.2688
2.3475,2.3446,2.3386,2.3337,2.3301,2.3234,2.3183,2.3162,2.3109,2.304,2.3028,2.3009,2.2905,2.2898,2.2897,2.286,2.282,2.2777,2.277,2.2771,2.279,2.2723,2.2735,2.272,2.2678,2.268,2.2673,2.268,2.2647
2.3525,2.3475,2.3432,2.3376,2.3319,2.3258,2.3212,2.3191,2.3146,2.307,2.3054,2.3027,2.2927,2.2918,2.2908,2.2886,2.282,2.2795,2.2766,2.2767,2.2781,2.2728,2.2719,2.272,2.2666,2.268,2.2655,2.2655,2.2615
2.3573,2.3503,2.3479,2.3416,2.333,2.3276,2.3237,2.3208,2.3172,2.3099,2.308,2.3046,2.2956,2.2954,2.2922,2.2897,2.2823,2.2814,2.2763,2.2763,2.277,2.2743,2.2716,2.2717,2.2658,2.268,2.2636,2.2628,2.2588
2.3619,2.3528,2.3512,2.3452,2.3341,2.3294,2.3263,2.3218,2.318,2.3132,2.3096,2.3062,2.2986,2.2991,2.2937,2.2889,2.2852,2.2828,2.2764,2.2762,2.2759,2.2758,2.2712,2.2713,2.2655,2.2672,2.2623,2.2603,2.2562
2.3666,2.3553,2.3541,2.348,2.3388,2.3329,2.3289,2.3229,2.3187,2.3164,2.3107,2.3073,2.3015,2.3014,2.295,2.2882,2.2882,2.2839,2.2775,2.2773,2.2748,2.2754,2.2715,2.2709,2.2651,2.2665,2.2611,2.2581,2.2557
2.3707,2.3585,2.3569,2.3509,2.3435,2.3372,2.3318,2.3257,2.3203,2.3195,2.3118,2.3084,2.3044,2.3021,2.2954,2.2894,2.2896,2.285,2.2786,2.2785,2.2737,2.2746,2.2726,2.2698,2.265,2.2656,2.26,2.2558,2.2553
2.3746,2.3631,2.3598,2.3537,2.3481,2.3416,2.3347,2.3286,2.3224,2.3216,2.3132,2.3102,2.3072,2.3028,2.2958,2.2912,2.2885,2.2839,2.2797,2.2786,2.2734,2.2741,2.2738,2.2686,2.265,2.2645,2.2589,2.2545,2.2547
2.3785,2.3678,2.3626,2.3566,2.3524,2.3458,2.3385,2.3318,2.3246,2.3238,2.3147,2.3128,2.3086,2.3022,2.2966,2.293,2.2874,2.2828,2.2808,2.2779,2.2746,2.2749,2.2731,2.2677,2.265,2.2634,2.2578,2.2538,2.2536
2.3829,2.3729,2.3656,2.3595,2.3566,2.3501,2.3432,2.3365,2.3288,2.3255,2.3163,2.3153,2.3101,2.3011,2.298,2.2938,2.2875,2.2822,2.2819,2.2771,2.2757,2.2756,2.272,2.2669,2.2654,2.261,2.2563,2.253,2.2525
2.3875,2.3786,2.3695,2.3643,2.36,2.3543,2.3478,2.3412,2.3335,2.3266,2.3192,2.3163,2.311,2.3,2.2995,2.2945,2.2882,2.2829,2.281,2.2776,2.2768,2.2765,2.2709,2.2662,2.2658,2.258,2.2541,2.2523,2.2507
2.3921,2.3842,2.3734,2.3696,2.3621,2.3567,2.3503,2.3448,2.3381,2.3277,2.3221,2.3166,2.311,2.3022,2.3005,2.295,2.289,2.2837,2.2799,2.2783,2.2779,2.2776,2.2698,2.2652,2.2655,2.255,2.2518,2.2515,2.2485
2.3956,2.3889,2.378,2.3749,2.3642,2.3592,2.3521,2.347,2.3406,2.3297,2.3247,2.317,2.311,2.3044,2.3012,2.295,2.2911,2.2844,2.2791,2.2791,2.279,2.2787,2.2687,2.2641,2.264,2.2539,2.2512,2.2507,2.2462
2.3991,2.3931,2.384,2.3774,2.3677,2.362,2.3539,2.3491,2.3431,2.3323,2.3269,2.3191,2.3126,2.3067,2.3019,2.295,2.2933,2.2851,2.2794,2.2798,2.2779,2.2765,2.2676,2.263,2.2625,2.2528,2.2516,2.2496,2.2433
2.4027,2.3973,2.39,2.3799,2.3719,2.3656,2.3564,2.3513,2.345,2.3348,2.3291,2.3213,2.3151,2.3092,2.3027,2.2965,2.2948,2.2859,2.2798,2.2805,2.2768,2.2732,2.2664,2.2615,2.26,2.2522,2.252,2.2484,2.2403
2.4068,2.4011,2.3947,2.3826,2.3762,2.3691,2.3588,2.3534,2.345,2.3383,2.3308,2.3235,2.3177,2.3118,2.3034,2.299,2.2941,2.286,2.2804,2.2804,2.2761,2.27,2.2653,2.26,2.257,2.253,2.2509,2.2469,2.238
2.411,2.405,2.3982,2.3868,2.3798,2.373,2.3616,2.3555,2.345,2.3418,2.3322,2.3261,2.3202,2.3134,2.3044,2.3016,2.2934,2.286,2.2811,2.279,2.2765,2.2708,2.2655,2.2593,2.254,2.2537,2.2498,2.245,2.238
2.4156,2.4088,2.4017,2.391,2.3833,2.3772,2.3658,2.3577,2.3469,2.3452,2.3337,2.3286,2.3227,2.3141,2.3066,2.3011,2.2933,2.2861,2.2818,2.2775,2.2768,2.2715,2.2663,2.26,2.2547,2.2533,2.2483,2.2431,2.238
2.4215,2.4142,2.4054,2.3955,2.3869,2.3814,2.37,2.3598,2.3512,2.3474,2.3374,2.3303,2.325,2.3148,2.3087,2.3,2.2941,2.2868,2.2812,2.277,2.277,2.2723,2.267,2.2607,2.2555,2.2522,2.2456,2.2399,2.2371
2.4273,2.4198,2.4092,2.4007,2.3907,2.3841,2.374,2.3619,2.3555,2.3495,2.3417,2.331,2.3254,2.3166,2.3108,2.2992,2.2948,2.2875,2.28,2.277,2.277,2.273,2.2674,2.2615,2.2556,2.2511,2.243,2.2365,2.2356
2.4328,2.4252,2.413,2.4059,2.3945,2.3858,2.3775,2.3654,2.3595,2.3517,2.3459,2.3317,2.3258,2.3188,2.3126,2.3018,2.295,2.2884,2.279,2.277,2.277,2.2737,2.2677,2.2622,2.2541,2.2496,2.2411,2.2337,2.2341
2.4376,2.4286,2.417,2.4104,2.3983,2.3876,2.3811,2.3689,2.3634,2.3538,2.3481,2.3341,2.3268,2.321,2.3144,2.3043,2.295,2.2895,2.2794,2.278,2.2779,2.2738,2.2674,2.263,2.2526,2.2481,2.2396,2.2326,2.2299
2.4424,2.4321,2.4211,2.4139,2.4021,2.3907,2.3846,2.3725,2.3672,2.3559,2.3502,2.3373,2.3293,2.3228,2.315,2.3066,2.295,2.2906,2.2798,2.2791,2.279,2.2734,2.2652,2.2616,2.2511,2.2466,2.2381,2.2315,2.2254
2.4471,2.4357,2.4253,2.4173,2.406,2.3942,2.3881,2.3763,2.3691,2.3579,2.352,2.3405,2.3318,2.3246,2.315,2.3084,2.2968,2.2908,2.2806,2.28,2.28,2.273,2.2629,2.2601,2.2496,2.2451,2.2377,2.2301,2.2216
2.4519,2.4408,2.4297,2.4207,2.4097,2.3976,2.3915,2.3802,2.3705,2.3596,2.352,2.3428,2.3337,2.326,2.315,2.3102,2.2986,2.2904,2.2824,2.28,2.28,2.2733,2.2626,2.2586,2.2481,2.2436,2.2373,2.2286,2.2201
2.4566,2.4459,2.4341,2.4242,2.4131,2.4011,2.3938,2.3835,2.3719,2.3614,2.352,2.3449,2.3352,2.326,2.3153,2.3108,2.3004,2.29,2.2842,2.28,2.28,2.2737,2.2637,2.2567,2.2483,2.2419,2.2366,2.2271,2.2186
2.4615,2.451,2.4386,2.4276,2.4166,2.4045,2.3952,2.3852,2.374,2.3643,2.3532,2.3471,2.3366,2.326,2.3157,2.3104,2.3023,2.29,2.285,2.28,2.2793,2.2737,2.2649,2.2548,2.2487,2.2401,2.2351,2.2256,2.2178
2.4665,2.4557,2.4433,2.431,2.42,2.408,2.3966,2.387,2.3761,2.3678,2.3567,2.3492,2.338,2.3267,2.3162,2.3101,2.3041,2.29,2.285,2.28,2.2775,2.2718,2.2647,2.2538,2.2486,2.2382,2.2336,2.2241,2.2174
2.4716,2.4604,2.448,2.4344,2.4234,2.4114,2.3996,2.3894,2.3783,2.3713,2.3602,2.3513,2.3394,2.3285,2.318,2.3103,2.3043,2.2902,2.285,2.28,2.2756,2.27,2.2643,2.2534,2.2468,2.2363,2.2308,2.223,2.217
2.4757,2.4647,2.4527,2.4378,2.4269,2.4149,2.4034,2.3928,2.3818,2.3734,2.3629,2.3532,2.3409,2.3303,2.3198,2.3106,2.3029,2.2916,2.285,2.2814,2.2748,2.2698,2.264,2.2531,2.2449,2.2345,2.2271,2.223,2.2152
2.479,2.4677,2.4562,2.4423,2.4308,2.4184,2.4072,2.3963,2.3853,2.3751,2.3646,2.3543,2.3429,2.3332,2.3221,2.311,2.3014,2.2931,2.285,2.2832,2.2744,2.2717,2.264,2.2533,2.2438,2.2331,2.2234,2.223,2.2134
2.4824,2.4707,2.4595,2.4474,2.4355,2.4236,2.4119,2.4003,2.3891,2.3769,2.3664,2.3553,2.345,2.3367,2.3257,2.3124,2.302,2.294,2.285,2.285,2.274,2.2735,2.264,2.2537,2.2434,2.2335,2.223,2.2206,2.211
2.4873,2.4741,2.4629,2.4525,2.4403,2.4287,2.4166,2.4048,2.394,2.3786,2.3679,2.3565,2.3471,2.3402,2.3292,2.3139,2.3034,2.294,2.285,2.2846,2.2757,2.2729,2.264,2.254,2.2431,2.2338,2.223,2.2165,2.2072
2.4935,2.4788,2.4676,2.457,2.4443,2.4335,2.4214,2.4092,2.3988,2.3804,2.3693,2.3579,2.3489,2.341,2.3308,2.3153,2.3049,2.294,2.285,2.2843,2.2775,2.2715,2.264,2.254,2.2433,2.2338,2.223,2.2123,2.2034
2.4998,2.4835,2.4722,2.4614,2.4473,2.4365,2.4247,2.4133,2.4025,2.3823,2.3707,2.3593,2.3507,2.341,2.3305,2.3167,2.3063,2.2942,2.2849,2.2836,2.279,2.27,2.264,2.254,2.2437,2.2334,2.223,2.2103,2.2008
2.5053,2.4883,2.4769,2.4658,2.4504,2.4395,2.4278,2.417,2.4038,2.3871,2.3748,2.362,2.3527,2.341,2.3301,2.3182,2.3078,2.2946,2.2845,2.2817,2.279,2.2696,2.2625,2.2531,2.2437,2.2331,2.223,2.2084,2.1989
2.5099,2.4935,2.4819,2.4691,2.4541,2.4426,2.4308,2.4208,2.4052,2.392,2.3797,2.3658,2.3555,2.3423,2.3298,2.3191,2.309,2.2949,2.2842,2.2799,2.279,2.2693,2.2603,2.2509,2.2415,2.2315,2.2218,2.2066,2.1971
2.5144,2.4988,2.4868,2.4721,2.4588,2.4456,2.4342,2.4229,2.4066,2.3964,2.3845,2.3696,2.3583,2.3438,2.3294,2.3195,2.309,2.2962,2.2838,2.2788,2.2789,2.2693,2.2581,2.2487,2.2393,2.2296,2.2196,2.2051,2.1952
2.5183,2.5039,2.4918,2.4751,2.4635,2.4486,2.4375,2.4243,2.4079,2.3992,2.3865,2.373,2.3604,2.3452,2.3291,2.3199,2.309,2.2976,2.2834,2.2785,2.2785,2.2703,2.258,2.2465,2.2371,2.2278,2.2173,2.2036,2.1933
2.5212,2.5081,2.4948,2.4783,2.4674,2.4517,2.4409,2.4256,2.4093,2.4019,2.3883,2.3761,2.3614,2.3466,2.332,2.3208,2.3095,2.299,2.2831,2.2781,2.2781,2.2714,2.258,2.2443,2.2349,2.2259,2.2138,2.2017,2.1913
2.5242,2.5124,2.4978,2.4817,2.4704,2.4547,2.4423,2.4282,2.4123,2.4044,2.39,2.3792,2.3625,2.348,2.3355,2.3223,2.3109,2.2986,2.283,2.2791,2.278,2.2711,2.2579,2.2421,2.2327,2.2241,2.2101,2.1994,2.189
2.5235,2.515,2.5007,2.485,2.4734,2.4577,2.4436,2.4312,2.417,2.4061,2.3914,2.381,2.3639,2.3494,2.339,2.3237,2.3123,2.2983,2.283,2.2805,2.278,2.2693,2.2576,2.242,2.232,2.2219,2.2069,2.1972,2.1868
2.5167,2.5078,2.4945,2.4822,2.4711,2.4584,2.445,2.4343,2.4218,2.4078,2.3927,2.3824,2.3656,2.3508,2.3404,2.3248,2.3128,2.298,2.283,2.2819,2.278,2.2675,2.2572,2.242,2.232,2.2193,2.2061,2.1967,2.1848
2.5099,2.5007,2.4873,2.4766,2.4625,2.4514,2.438,2.4294,2.4193,2.4063,2.3934,2.3838,2.3673,2.3522,2.3418,2.3259,2.3125,2.298,2.2845,2.282,2.2777,2.2683,2.2568,2.2424,2.232,2.2167,2.2054,2.1963,2.1829
2.5022,2.4934,2.4801,2.471,2.4539,2.4445,2.431,2.422,2.4106,2.3975,2.3863,2.3761,2.3637,2.3501,2.3415,2.3269,2.3121,2.298,2.2859,2.282,2.2773,2.2701,2.2565,2.2443,2.2316,2.216,2.205,2.1955,2.181
2.492,2.4831,2.4702,2.4624,2.4453,2.4371,2.4239,2.4146,2.4018,2.3887,2.3791,2.3669,2.3568,2.3428,2.3324,2.32,2.307,2.2944,2.2852,2.2808,2.2762,2.2719,2.2561,2.2461,2.2313,2.216,2.205,2.1937,2.1787
2.4818,2.4729,2.4599,2.452,2.4366,2.4283,2.4152,2.4047,2.3919,2.3798,2.3714,2.3576,2.3499,2.3355,2.3233,2.3127,2.2999,2.2866,2.2777,2.2736,2.2687,2.2648,2.2492,2.2423,2.2285,2.2157,2.205,2.1918,2.1765
2.4735,2.4629,2.4496,2.4417,2.4278,2.4195,2.4063,2.3941,2.3811,2.3707,2.3607,2.3485,2.3399,2.3274,2.3142,2.3052,2.2928,2.2788,2.2702,2.2664,2.2611,2.2572,2.2398,2.2328,2.2189,2.208,2.1961,2.1854,2.1722
2.4715,2.4595,2.4466,2.4358,2.4221,2.412,2.3979,2.3835,2.3705,2.3617,2.3498,2.3394,2.3287,2.3185,2.3049,2.2962,2.2835,2.2699,2.2618,2.2584,2.2535,2.2491,2.2304,2.2234,2.2094,2.2002,2.1849,2.1757,2.1643
2.4696,2.4562,2.4449,2.4325,2.4201,2.4083,2.3958,2.3805,2.367,2.3562,2.342,2.3309,2.3174,2.3097,2.2957,2.2873,2.2738,2.2605,2.2524,2.2489,2.2459,2.2377,2.2228,2.2138,2.201,2.1918,2.1743,2.1659,2.1564
2.4674,2.4529,2.4433,2.4291,2.418,2.4046,2.3938,2.3788,2.367,2.3544,2.342,2.3295,2.3148,2.3068,2.291,2.2805,2.2649,2.2511,2.2429,2.2394,2.2382,2.2263,2.2154,2.2041,2.1935,2.182,2.1682,2.1578,2.1487
2.4644,2.4499,2.4405,2.4269,2.4163,2.4016,2.3918,2.3771,2.367,2.3527,2.342,2.3281,2.3133,2.3064,2.291,2.2787,2.2634,2.2503,2.2403,2.2358,2.235,2.22,2.2101,2.1951,2.186,2.1723,2.1622,2.1498,2.141
2.4615,2.447,2.4375,2.4252,2.415,2.4002,2.3905,2.3754,2.3659,2.3512,2.3414,2.3266,2.312,2.3061,2.291,2.2769,2.262,2.2507,2.2406,2.2354,2.235,2.22,2.2105,2.1974,2.1853,2.1693,2.1601,2.1446,2.134
2.4585,2.444,2.4345,2.4235,2.4137,2.3989,2.3891,2.3737,2.3646,2.3498,2.3401,2.3249,2.312,2.3033,2.2912,2.2762,2.2617,2.251,2.241,2.235,2.235,2.22,2.2108,2.1996,2.1857,2.1696,2.1623,2.1469,2.1344
2.4555,2.4423,2.4312,2.421,2.4114,2.3976,2.3875,2.372,2.3632,2.3484,2.3387,2.3231,2.312,2.3001,2.2916,2.2765,2.2639,2.2514,2.2396,2.2357,2.2341,2.2219,2.211,2.201,2.186,2.17,2.1646,2.1492,2.1348
2.4525,2.4407,2.4278,2.4179,2.4084,2.3966,2.3844,2.371,2.3618,2.3482,2.3373,2.3215,2.3117,2.297,2.292,2.2769,2.266,2.2518,2.2382,2.2364,2.233,2.2244,2.211,2.201,2.186,2.1723,2.1638,2.1502,2.1352
2.4495,2.439,2.4245,2.4149,2.4054,2.3956,2.3813,2.3699,2.3604,2.3486,2.3359,2.3201,2.3103,2.2959,2.2896,2.2763,2.2662,2.2515,2.2371,2.2368,2.2319,2.227,2.211,2.201,2.186,2.1745,2.1623,2.1506,2.1356
2.4466,2.4363,2.4231,2.4121,2.4025,2.3931,2.3782,2.3687,2.3591,2.3489,2.3345,2.3187,2.3089,2.2949,2.2867,2.2752,2.2648,2.2501,2.2374,2.2353,2.2304,2.2256,2.2116,2.2003,2.1862,2.1761,2.1611,2.151,2.1359
2.4436,2.4337,2.4221,2.4095,2.3998,2.3884,2.3752,2.366,2.3564,2.3468,2.3331,2.3185,2.3076,2.2941,2.2839,2.2741,2.2634,2.2486,2.2378,2.2339,2.229,2.2241,2.2123,2.1992,2.1866,2.1765,2.1619,2.1518,2.1382
2.4404,2.431,2.4211,2.4068,2.3971,2.3836,2.3721,2.3633,2.3536,2.344,2.3317,2.3196,2.3066,2.2944,2.2825,2.273,2.2622,2.2484,2.2383,2.2333,2.2282,2.2227,2.2129,2.1981,2.1869,2.1769,2.1626,2.1525,2.1409
2.4361,2.427,2.4173,2.4041,2.3944,2.3805,2.3693,2.3605,2.3509,2.3413,2.3303,2.3206,2.3055,2.2948,2.2811,2.272,2.2611,2.2491,2.239,2.234,2.229,2.2216,2.2118,2.1987,2.1876,2.1777,2.1641,2.1539,2.1435
2.4318,2.423,2.4129,2.4014,2.3917,2.3795,2.3669,2.3578,2.3478,2.3385,2.3279,2.3203,2.3046,2.2946,2.2802,2.271,2.26,2.2499,2.2398,2.2347,2.2297,2.2205,2.2107,2.1994,2.1883,2.1788,2.1663,2.1565,2.1457
2.4277,2.419,2.4085,2.3987,2.389,2.3785,2.3645,2.355,2.3447,2.3357,2.3251,2.3193,2.3039,2.2936,2.2813,2.2714,2.2607,2.2491,2.2393,2.2343,2.2304,2.2213,2.211,2.2006,2.1891,2.18,2.1686,2.1592,2.148
2.4254,2.4163,2.4059,2.396,2.3865,2.3766,2.3626,2.3527,2.3419,2.333,2.3223,2.3182,2.3032,2.2925,2.2824,2.2717,2.2614,2.2481,2.2382,2.2332,2.2312,2.2238,2.2135,2.2032,2.1902,2.1807,2.1699,2.1605,2.1494
2.423,2.4136,2.4036,2.3933,2.3841,2.3739,2.3616,2.3517,2.3412,2.3319,2.3214,2.3145,2.3023,2.2916,2.2826,2.2718,2.2619,2.247,2.2371,2.2321,2.2319,2.2264,2.2161,2.2057,2.1913,2.1815,2.171,2.1613,2.1502
2.4207,2.411,2.4012,2.3906,2.3818,2.3712,2.3605,2.3507,2.3405,2.3309,2.3207,2.31,2.3013,2.2909,2.2815,2.2711,2.2612,2.2463,2.238,2.2329,2.2314,2.2276,2.2165,2.2066,2.1924,2.1823,2.1722,2.162,2.1509
2.418,2.4083,2.3986,2.3881,2.3791,2.3686,2.3597,2.3491,2.3394,2.3297,2.3199,2.3054,2.3002,2.2902,2.2804,2.2704,2.2605,2.2455,2.2391,2.234,2.2307,2.2283,2.2158,2.2059,2.1935,2.1834,2.1733,2.1628,2.1507
2.4153,2.4056,2.3959,2.3858,2.3764,2.3663,2.359,2.3467,2.337,2.3273,2.3175,2.3044,2.2994,2.2895,2.2796,2.2697,2.2597,2.2453,2.2399,2.2351,2.2301,2.229,2.2151,2.2052,2.1946,2.1845,2.1744,2.1635,2.1503
2.4125,2.4029,2.3932,2.3834,2.3737,2.3639,2.3583,2.3443,2.3346,2.3248,2.3151,2.3037,2.2987,2.2888,2.2789,2.269,2.259,2.2463,2.2392,2.2362,2.2312,2.2268,2.2143,2.2041,2.1957,2.1856,2.1753,2.1645,2.1507
2.4088,2.3989,2.3892,2.3799,2.37,2.3617,2.356,2.3419,2.3322,2.3224,2.3126,2.303,2.298,2.2881,2.2782,2.2682,2.2583,2.2474,2.2385,2.2373,2.2323,2.2246,2.2136,2.203,2.1968,2.1867,2.1761,2.166,2.1537
2.4051,2.3948,2.3852,2.3761,2.3659,2.3596,2.3522,2.3395,2.3297,2.3199,2.3102,2.3023,2.2956,2.2859,2.2761,2.2663,2.2566,2.2477,2.2377,2.2378,2.2328,2.2228,2.2132,2.2021,2.198,2.1878,2.1768,2.1675,2.1567
2.4014,2.3909,2.3811,2.3724,2.3618,2.3576,2.3484,2.3371,2.3273,2.3175,2.3077,2.3016,2.2932,2.2834,2.2736,2.2639,2.2541,2.2469,2.237,2.237,2.232,2.2221,2.2143,2.2035,2.1973,2.1874,2.1767,2.1675,2.1586
2.3974,2.3889,2.379,2.3699,2.3594,2.3541,2.3455,2.3358,2.3258,2.3159,2.3059,2.3006,2.291,2.281,2.2711,2.2614,2.2516,2.2462,2.2363,2.2363,2.2313,2.2214,2.2153,2.205,2.1966,2.1866,2.1763,2.1668,2.1598
2.3933,2.3868,2.377,2.3675,2.3573,2.3499,2.3431,2.3355,2.3255,2.3155,2.3055,2.2985,2.2906,2.2806,2.2707,2.2607,2.2507,2.2458,2.2356,2.2356,2.2308,2.2226,2.2166,2.2065,2.1963,2.1862,2.1761,2.166,2.1609
2.3896,2.3846,2.3749,2.3651,2.3553,2.3458,2.3407,2.3351,2.3251,2.3152,2.3052,2.2964,2.2903,2.2803,2.2703,2.2603,2.2504,2.2454,2.2349,2.2349,2.2304,2.2259,2.218,2.2079,2.1974,2.1877,2.1776,2.1693,2.1623
2.3876,2.3809,2.3729,2.3631,2.3532,2.3447,2.3385,2.3336,2.3238,2.3139,2.3047,2.2948,2.2898,2.2799,2.27,2.2601,2.25,2.245,2.2341,2.2341,2.2301,2.2291,2.2195,2.2094,2.1985,2.1892,2.179,2.1726,2.1638
2.3856,2.3772,2.3709,2.361,2.3512,2.3444,2.3364,2.3316,2.3217,2.3118,2.304,2.2941,2.2891,2.2796,2.2696,2.2615,2.251,2.2444,2.234,2.234,2.2311,2.2297,2.2198,2.2106,2.1997,2.1906,2.1812,2.1754,2.1657
2.3832,2.3735,2.3687,2.3589,2.3491,2.344,2.3344,2.3295,2.3196,2.3098,2.3033,2.2933,2.2884,2.2792,2.2692,2.2629,2.2521,2.2436,2.234,2.234,2.2326,2.2294,2.2194,2.2117,2.2012,2.1921,2.1845,2.1769,2.169
2.3795,2.3697,2.3649,2.3551,2.347,2.3422,2.3309,2.3261,2.3176,2.3077,2.302,2.293,2.2863,2.2782,2.2689,2.2635,2.253,2.243,2.2341,2.234,2.234,2.229,2.219,2.2128,2.2027,2.1936,2.1878,2.1784,2.1724
2.3758,2.366,2.3612,2.3514,2.345,2.3401,2.3271,2.3223,2.3155,2.3056,2.3003,2.293,2.2824,2.2761,2.2685,2.2613,2.253,2.243,2.2355,2.2336,2.2333,2.2266,2.2183,2.2127,2.203,2.195,2.19,2.1788,2.1736
2.372,2.3626,2.3574,2.3478,2.3429,2.338,2.3232,2.3185,2.3134,2.3035,2.2985,2.293,2.2786,2.274,2.2682,2.2592,2.253,2.243,2.237,2.2333,2.2326,2.224,2.2176,2.2123,2.203,2.1965,2.1914,2.1784,2.1729
2.3683,2.3605,2.3537,2.3457,2.3408,2.3342,2.3227,2.3162,2.3113,2.3027,2.2965,2.2916,2.277,2.2728,2.2678,2.2578,2.2529,2.2429,2.2379,2.2329,2.232,2.2224,2.2173,2.212,2.2031,2.198,2.1929,2.178,2.1721
2.3645,2.3585,2.3499,2.3437,2.3388,2.3304,2.3223,2.3141,2.3092,2.3024,2.2944,2.2895,2.277,2.2725,2.2675,2.2575,2.2525,2.2425,2.2375,2.2326,2.232,2.2242,2.2191,2.212,2.2045,2.1994,2.1927,2.1809,2.1735
2.3608,2.356,2.3461,2.3413,2.3365,2.3267,2.3219,2.312,2.3071,2.302,2.2923,2.2874,2.277,2.2721,2.2671,2.2571,2.2521,2.2422,2.2372,2.2322,2.232,2.226,2.2209,2.212,2.206,2.2009,2.1923,2.1842,2.1754
2.357,2.3522,2.3424,2.3375,2.3327,2.3229,2.3198,2.3099,2.3033,2.3001,2.2902,2.2838,2.2767,2.2705,2.2656,2.2568,2.2507,2.2418,2.2359,2.2318,2.2318,2.2268,2.2219,2.2119,2.2069,2.2019,2.1919,2.1872,2.1772
2.3533,2.3484,2.3386,2.3337,2.3289,2.319,2.3177,2.3078,2.2995,2.298,2.2881,2.28,2.2764,2.2683,2.2634,2.2564,2.2486,2.2414,2.2338,2.2315,2.2315,2.2265,2.2215,2.2115,2.2065,2.2015,2.1916,2.1887,2.1787
2.3497,2.3442,2.3349,2.33,2.3252,2.3156,2.3154,2.3055,2.2958,2.2958,2.286,2.2761,2.276,2.2662,2.2613,2.2561,2.2464,2.2411,2.2316,2.2311,2.2311,2.2261,2.2211,2.2111,2.2062,2.2012,2.1912,2.1902,2.1801
2.3462,2.339,2.3314,2.3266,2.3217,2.3139,2.3119,2.3021,2.2941,2.2923,2.2842,2.276,2.2743,2.2644,2.2595,2.2545,2.246,2.241,2.2323,2.231,2.231,2.226,2.221,2.2121,2.206,2.201,2.1919,2.191,2.1818
2.3428,2.3339,2.328,2.3231,2.3182,2.3122,2.3084,2.2986,2.2923,2.2888,2.2824,2.276,2.2726,2.2626,2.2577,2.2527,2.246,2.241,2.2341,2.231,2.231,2.226,2.221,2.2139,2.206,2.201,2.1937,2.191,2.1836
2.3393,2.3302,2.3253,2.3203,2.3148,2.3104,2.305,2.2955,2.2909,2.2856,2.2806,2.2759,2.2707,2.261,2.256,2.251,2.246,2.241,2.2359,2.231,2.231,2.226,2.221,2.2157,2.206,2.201,2.1956,2.191,2.1854
2.3359,2.3285,2.3235,2.3186,2.3113,2.3087,2.3015,2.2938,2.2906,2.2834,2.2785,2.2756,2.2686,2.2606,2.2556,2.2506,2.2456,2.2407,2.2357,2.2307,2.2307,2.2273,2.2207,2.2157,2.2087,2.2021,2.1971,2.1921,2.187
2.3325,2.3268,2.3218,2.3168,2.3078,2.3069,2.298,2.292,2.2902,2.2813,2.2764,2.2752,2.2665,2.2603,2.2553,2.2503,2.2453,2.2403,2.2353,2.2303,2.2303,2.2288,2.2203,2.2153,2.212,2.2036,2.1986,2.1935,2.1885
2.3288,2.3248,2.319,2.3141,2.305,2.3042,2.2951,2.2909,2.2893,2.2793,2.2744,2.2739,2.2645,2.26,2.255,2.25,2.245,2.2397,2.2347,2.2303,2.23,2.2298,2.22,2.215,2.215,2.2051,2.2,2.195,2.19
2.325,2.3228,2.3151,2.3102,2.3029,2.3004,2.293,2.2905,2.2875,2.2776,2.2726,2.2703,2.2627,2.26,2.255,2.25,2.245,2.2379,2.2329,2.2321,2.23,2.2279,2.22,2.215,2.215,2.2069,2.2019,2.1968,2.19
2.3212,2.3207,2.3113,2.3064,2.3008,2.2965,2.2909,2.2901,2.2858,2.2758,2.2708,2.2668,2.2609,2.26,2.255,2.25,2.245,2.2361,2.2311,2.2339,2.23,2.2261,2.22,2.215,2.215,2.2087,2.2037,2.1987,2.19
2.3176,2.3166,2.3077,2.3039,2.2989,2.2939,2.289,2.288,2.2831,2.274,2.27,2.2641,2.26,2.2592,2.2542,2.2492,2.245,2.235,2.2307,2.235,2.23,2.225,2.2206,2.2156,2.215,2.21,2.2055,2.2,2.1905
2.3141,2.3113,2.3042,2.3021,2.2972,2.2922,2.2872,2.2845,2.2795,2.2723,2.27,2.2623,2.26,2.2574,2.2524,2.2474,2.245,2.235,2.2325,2.235,2.23,2.225,2.2224,2.2174,2.215,2.21,2.2073,2.2,2.1923
2.3107,2.3061,2.3007,2.3004,2.2954,2.2904,2.2855,2.281,2.276,2.2705,2.27,2.2605,2.26,2.2556,2.2506,2.2456,2.245,2.235,2.2343,2.235,2.23,2.225,2.2243,2.2192,2.215,2.21,2.2092,2.2,2.1941
2.3072,2.3022,2.2986,2.2973,2.2923,2.2874,2.2824,2.2774,2.2737,2.27,2.2687,2.26,2.2588,2.2538,2.2488,2.2438,2.2439,2.2361,2.235,2.2339,2.23,2.2261,2.225,2.22,2.215,2.21,2.21,2.201,2.1969
2.3037,2.2987,2.2969,2.2938,2.2888,2.2839,2.2789,2.2739,2.2719,2.27,2.267,2.26,2.257,2.252,2.247,2.2421,2.2421,2.2379,2.235,2.2321,2.23,2.2279,2.225,2.22,2.215,2.21,2.21,2.2028,2.2006
2.3002,2.2952,2.2951,2.2903,2.2853,2.2803,2.2753,2.2703,2.2702,2.27,2.2652,2.26,2.2552,2.2502,2.2453,2.2403,2.2403,2.2397,2.235,2.2303,2.23,2.2297,2.225,2.22,2.215,2.21,2.21,2.2046,2.2043
2.2967,2.2917,2.2917,2.2868,2.2818,2.2768,2.2734,2.27,2.2684,2.2684,2.2619,2.2584,2.2534,2.25,2.245,2.2415,2.2385,2.2385,2.2335,2.23,2.23,2.23,2.225,2.22,2.215,2.2115,2.21,2.2065,2.2065
2.2932,2.2882,2.2882,2.2832,2.2782,2.2732,2.2716,2.27,2.2666,2.2666,2.2583,2.2567,2.2517,2.25,2.245,2.2433,2.2367,2.2367,2.2317,2.23,2.23,2.23,2.225,2.22,2.215,2.2133,2.21,2.2083,2.2083
2.2896,2.2847,2.2847,2.2797,2.2748,2.2698,2.2698,2.2698,2.2647,2.2647,2.2549,2.2549,2.25,2.2499,2.245,2.2449,2.235,2.235,2.23,2.23,2.23,2.23,2.225,2.2201,2.2151,2.2151,2.2101,2.21,2.21
2.2843,2.2812,2.2812,2.2762,2.2731,2.2681,2.2681,2.2681,2.2612,2.2612,2.2531,2.2531,2.25,2.2481,2.245,2.2431,2.235,2.235,2.23,2.23,2.23,2.23,2.225,2.2219,2.2169,2.2169,2.2119,2.21,2.21
2.279,2.2776,2.2776,2.2726,2.2713,2.2663,2.2663,2.2663,2.2576,2.2576,2.2513,2.2513,2.25,2.2463,2.245,2.2413,2.235,2.235,2.23,2.23,2.23,2.23,2.225,2.2237,2.2187,2.2187,2.2137,2.21,2.21
2.2746,2.2741,2.2741,2.2691,2.2695,2.2645,2.2641,2.2641,2.2545,2.2545,2.25,2.2495,2.2495,2.2445,2.2445,2.2395,2.2355,2.235,2.23,2.23,2.23,2.23,2.225,2.225,2.2205,2.22,2.2155,2.2105,2.2105
2.2728,2.2705,2.2705,2.2655,2.2678,2.2628,2.2605,2.2605,2.2527,2.2527,2.25,2.2477,2.2477,2.2427,2.2427,2.2377,2.2373,2.235,2.23,2.23,2.23,2.23,2.225,2.225,2.2224,2.22,2.2174,2.2124,2.2124
2.271,2.267,2.267,2.262,2.266,2.261,2.2569,2.2569,2.251,2.251,2.25,2.2459,2.2459,2.2409,2.2409,2.2359,2.2391,2.235,2.23,2.23,2.23,2.23,2.225,2.225,2.2242,2.22,2.2192,2.2142,2.2142
2.2685,2.2635,2.2635,2.2592,2.2626,2.2592,2.2542,2.2534,2.25,2.2492,2.2491,2.2441,2.2441,2.24,2.2391,2.2359,2.2391,2.2341,2.23,2.23,2.23,2.23,2.2259,2.225,2.225,2.221,2.22,2.216,2.216
2.2649,2.2599,2.2599,2.2574,2.2573,2.2574,2.2524,2.2498,2.25,2.2474,2.2473,2.2423,2.2423,2.24,2.2373,2.2377,2.2373,2.2323,2.23,2.23,2.23,2.23,2.2277,2.225,2.225,2.2228,2.22,2.2178,2.2178
2.2614,2.2564,2.2564,2.2557,2.252,2.2556,2.2506,2.2462,2.25,2.2456,2.2456,2.2406,2.2406,2.24,2.2355,2.2395,2.2355,2.2305,2.23,2.23,2.23,2.23,2.2296,2.225,2.225,2.2246,2.22,2.2196,2.2196
2.2567,2.2539,2.2528,2.2527,2.2477,2.2527,2.2488,2.2438,2.2476,2.2426,2.2438,2.24,2.2388,2.2387,2.235,2.2387,2.2337,2.23,2.23,2.23,2.23,2.2287,2.23,2.2264,2.225,2.225,2.2214,2.2214,2.22
2.2514,2.2521,2.2492,2.2492,2.2441,2.2491,2.247,2.242,2.244,2.239,2.242,2.24,2.237,2.2369,2.235,2.2369,2.2319,2.23,2.23,2.23,2.23,2.2269,2.23,2.2282,2.225,2.225,2.2232,2.2232,2.22
2.246,2.2503,2.2456,2.2456,2.2406,2.2455,2.2453,2.2402,2.2405,2.2354,2.2402,2.24,2.2352,2.2351,2.235,2.2351,2.2301,2.23,2.23,2.23,2.23,2.2251,2.23,2.23,2.225,2.225,2.225,2.2251,2.2201
2.2435,2.2471,2.2421,2.242,2.24,2.242,2.2419,2.2384,2.2368,2.235,2.2384,2.2384,2.2334,2.2333,2.235,2.2333,2.23,2.23,2.23,2.23,2.23,2.225,2.23,2.23,2.2268,2.225,2.225,2.2269,2.2219
2.2418,2.2435,2.2385,2.2384,2.24,2.2384,2.2383,2.2366,2.2332,2.235,2.2366,2.2366,2.2316,2.2315,2.235,2.2315,2.23,2.23,2.23,2.23,2.23,2.225,2.23,2.23,2.2286,2.225,2.225,2.2287,2.2237
2.2399,2.2399,2.2349,2.2349,2.2398,2.2348,2.2347,2.2348,2.23,2.2348,2.2346,2.2348,2.23,2.23,2.2345,2.23,2.23,2.23,2.23,2.23,2.23,2.2254,2.23,2.23,2.23,2.2254,2.2254,2.23,2.2255
2.2363,2.2344,2.2331,2.2331,2.2362,2.2312,2.2311,2.233,2.23,2.233,2.231,2.233,2.23,2.23,2.2309,2.23,2.23,2.23,2.23,2.23,2.23,2.2272,2.23,2.23,2.23,2.2273,2.2273,2.23,2.2273
2.2327,2.229,2.2313,2.2313,2.2326,2.2276,2.2275,2.2312,2.23,2.2312,2.2274,2.2312,2.23,2.23,2.2273,2.23,2.23,2.23,2.23,2.23,2.23,2.229,2.23,2.23,2.23,2.2291,2.2291,2.23,2.2291
2.2287,2.2245,2.2291,2.229,2.229,2.2245,2.2245,2.2294,2.2294,2.2288,2.225,2.2294,2.2293,2.23,2.225,2.2293,2.23,2.23,2.23,2.23,2.23,2.23,2.23,2.23,2.23,2.2309,2.2309,2.2309,2.2309
2.2233,2.2227,2.2255,2.2254,2.2254,2.2227,2.2226,2.2276,2.2276,2.2252,2.225,2.2276,2.2276,2.23,2.225,2.2275,2.23,2.23,2.23,2.23,2.23,2.23,2.23,2.23,2.23,2.2327,2.2327,2.2327,2.2327
2.2178,2.2209,2.2218,2.2218,2.2218,2.2209,2.2208,2.2258,2.2258,2.2216,2.225,2.2258,2.2257,2.23,2.225,2.2257,2.23,2.23,2.23,2.23,2.23,2.23,2.23,2.23,2.23,2.2345,2.2345,2.2345,2.2345
2.2132,2.2182,2.2173,2.2182,2.2181,2.219,2.219,2.223,2.223,2.22,2.224,2.224,2.2239,2.2289,2.225,2.225,2.2289,2.23,2.23,2.23,2.23,2.2312,2.23,2.2312,2.2312,2.235,2.235,2.235,2.2363
2.2096,2.2146,2.2118,2.2145,2.2145,2.2172,2.2172,2.2194,2.2194,2.22,2.2221,2.2221,2.2221,2.2271,2.225,2.225,2.2271,2.23,2.23,2.23,2.23,2.233,2.23,2.233,2.233,2.235,2.235,2.235,2.2381
2.206,2.211,2.2064,2.2109,2.2109,2.2154,2.2154,2.2158,2.2157,2.22,2.2203,2.2203,2.2203,2.2253,2.225,2.225,2.2253,2.23,2.23,2.23,2.23,2.2348,2.23,2.2348,2.2349,2.235,2.235,2.235,2.2399
2.2037,2.206,2.2036,2.2086,2.2072,2.2122,2.2136,2.2121,2.2136,2.2185,2.2171,2.2185,2.22,2.2235,2.2235,2.225,2.225,2.2284,2.23,2.23,2.23,2.235,2.23,2.235,2.2366,2.235,2.2367,2.2367,2.24
2.2018,2.2005,2.2018,2.2068,2.2036,2.2085,2.2117,2.2085,2.2117,2.2167,2.2134,2.2167,2.22,2.2217,2.2217,2.225,2.225,2.2266,2.23,2.23,2.23,2.235,2.23,2.235,2.2384,2.235,2.2385,2.2385,2.24
2.2,2.195,2.2,2.205,2.2,2.2049,2.2099,2.2049,2.2099,2.2148,2.21,2.2149,2.2199,2.2199,2.22,2.2248,2.225,2.225,2.23,2.23,2.23,2.2348,2.2302,2.235,2.24,2.2355,2.2403,2.2403,2.2403
2.1964,2.1932,2.1982,2.2013,2.1981,2.2013,2.2063,2.2031,2.2081,2.2112,2.21,2.2131,2.2181,2.2181,2.22,2.223,2.225,2.225,2.23,2.23,2.23,2.233,2.232,2.235,2.24,2.2391,2.2421,2.2421,2.2421
2.1927,2.1913,2.1963,2.1977,2.1963,2.1976,2.2026,2.2013,2.2063,2.2075,2.21,2.2112,2.2162,2.2162,2.22,2.2212,2.225,2.225,2.23,2.23,2.23,2.2312,2.2338,2.235,2.24,2.2427,2.2439,2.2439,2.2439
2.1886,2.189,2.1935,2.194,2.1945,2.1945,2.1989,2.2,2.2045,2.2045,2.2094,2.21,2.2144,2.2144,2.2194,2.22,2.2244,2.225,2.23,2.23,2.23,2.23,2.235,2.235,2.24,2.245,2.245,2.245,2.2463
2.183,2.1853,2.188,2.1903,2.1926,2.1926,2.1953,2.2,2.2026,2.2026,2.2076,2.21,2.2126,2.2126,2.2176,2.22,2.2226,2.225,2.23,2.23,2.23,2.23,2.235,2.235,2.24,2.245,2.245,2.245,2.2499
2.1775,2.1817,2.1825,2.1867,2.1908,2.1908,2.1916,2.2,2.2008,2.2008,2.2058,2.21,2.2108,2.2108,2.2158,2.22,2.2208,2.225,2.23,2.23,2.23,2.23,2.235,2.235,2.24,2.245,2.245,2.245,2.2535
2.173,2.1769,2.178,2.183,2.1879,2.189,2.19,2.1979,2.199,2.2,2.204,2.209,2.209,2.21,2.215,2.219,2.22,2.225,2.229,2.229,2.23,2.23,2.235,2.235,2.24,2.245,2.245,2.2471,2.255
2.1693,2.1714,2.1743,2.1793,2.1842,2.1871,2.19,2.1943,2.1971,2.2,2.2021,2.2072,2.2072,2.21,2.215,2.2172,2.22,2.225,2.2272,2.2272,2.23,2.23,2.235,2.235,2.24,2.245,2.245,2.2507,2.255
2.1655,2.1658,2.1705,2.1756,2.1806,2.1853,2.19,2.1906,2.1953,2.2,2.2003,2.2053,2.2053,2.21,2.215,2.2154,2.22,2.225,2.2254,2.2254,2.23,2.23,2.235,2.235,2.24,2.245,2.245,2.2542,2.255
2.1618,2.1634,2.1684,2.1719,2.1769,2.1819,2.1869,2.1869,2.192,2.197,2.1985,2.202,2.205,2.21,2.215,2.215,2.22,2.225,2.225,2.225,2.23,2.23,2.235,2.2364,2.24,2.245,2.2478,2.2564,2.2564
2.1581,2.1615,2.1666,2.1682,2.1732,2.1782,2.1833,2.1833,2.1883,2.1933,2.1967,2.1984,2.205,2.21,2.215,2.215,2.22,2.225,2.225,2.225,2.23,2.23,2.235,2.2382,2.24,2.245,2.2514,2.2582,2.2582
2.1544,2.1594,2.1644,2.1645,2.1697,2.1748,2.1796,2.18,2.1848,2.1898,2.1948,2.195,2.2049,2.2099,2.2148,2.215,2.2199,2.2249,2.2251,2.2251,2.23,2.23,2.235,2.24,2.24,2.245,2.2549,2.2599,2.2599
2.1506,2.1556,2.1607,2.1607,2.1679,2.1729,2.1759,2.18,2.183,2.188,2.193,2.195,2.203,2.2081,2.2112,2.215,2.2181,2.2231,2.2269,2.2269,2.2282,2.23,2.235,2.2418,2.2418,2.2468,2.255,2.26,2.2617
2.1469,2.1519,2.157,2.157,2.166,2.1711,2.1722,2.18,2.1811,2.1861,2.1911,2.195,2.2012,2.2062,2.2075,2.215,2.2163,2.2213,2.2287,2.2287,2.2264,2.23,2.235,2.2436,2.2436,2.2486,2.255,2.26,2.2635
2.1431,2.1482,2.1532,2.1541,2.1633,2.1684,2.1692,2.1785,2.1793,2.1843,2.1893,2.195,2.1994,2.2044,2.205,2.2145,2.215,2.22,2.2295,2.23,2.225,2.2304,2.2354,2.245,2.2454,2.2504,2.255,2.26,2.265
2.1394,2.1444,2.1495,2.1523,2.1596,2.1647,2.1674,2.1748,2.1774,2.1824,2.1875,2.195,2.1975,2.2026,2.205,2.2126,2.215,2.22,2.2277,2.23,2.225,2.2323,2.2372,2.245,2.2472,2.2521,2.255,2.26,2.265
2.1356,2.1407,2.1458,2.1504,2.1559,2.161,2.1655,2.1711,2.1756,2.1806,2.1856,2.195,2.1957,2.2008,2.205,2.2108,2.215,2.22,2.2259,2.23,2.225,2.2341,2.239,2.245,2.249,2.2539,2.255,2.26,2.265
2.1319,2.1369,2.142,2.1485,2.1521,2.1573,2.1637,2.1674,2.1737,2.1788,2.1838,2.1927,2.195,2.1989,2.205,2.21,2.215,2.22,2.225,2.2291,2.2259,2.235,2.24,2.2442,2.25,2.255,2.2557,2.2606,2.2662
2.1281,2.1331,2.1382,2.1467,2.1484,2.1535,2.1618,2.1637,2.1719,2.1769,2.182,2.189,2.195,2.1971,2.205,2.21,2.215,2.22,2.225,2.2273,2.2277,2.235,2.24,2.2424,2.25,2.255,2.2574,2.2624,2.2697
2.1244,2.1294,2.1345,2.1444,2.1449,2.1499,2.1599,2.16,2.17,2.1751,2.1801,2.1854,2.195,2.1953,2.205,2.21,2.215,2.22,2.225,2.2255,2.2295,2.235,2.24,2.2406,2.25,2.255,2.2592,2.2642,2.2733
2.1209,2.126,2.1311,2.1391,2.1434,2.1484,2.1565,2.1604,2.1685,2.1736,2.1803,2.1837,2.1921,2.1937,2.2038,2.2088,2.2139,2.2203,2.2253,2.2253,2.2303,2.234,2.239,2.2414,2.2502,2.2552,2.2612,2.2661,2.2752
2.1175,2.1226,2.1277,2.1339,2.1419,2.1469,2.1532,2.1607,2.167,2.1721,2.1807,2.1822,2.1888,2.1923,2.2023,2.2074,2.2124,2.2206,2.2256,2.2256,2.2306,2.2326,2.2376,2.2435,2.2506,2.2556,2.2633,2.2683,2.2755
2.1128,2.119,2.1241,2.1293,2.1394,2.1445,2.1497,2.1598,2.1649,2.1701,2.1802,2.1806,2.1857,2.191,2.2008,2.2059,2.211,2.221,2.226,2.226,2.231,2.2311,2.2362,2.2457,2.2509,2.2559,2.2655,2.2704,2.2759
2.1071,2.1152,2.1203,2.1255,2.1356,2.1408,2.1459,2.1561,2.1612,2.1663,2.1765,2.1788,2.1839,2.191,2.199,2.2041,2.211,2.221,2.2243,2.2277,2.231,2.231,2.236,2.246,2.251,2.256,2.266,2.271,2.276
2.1014,2.1114,2.1166,2.1217,2.1319,2.137,2.1422,2.1523,2.1575,2.1626,2.1728,2.177,2.182,2.191,2.1972,2.2022,2.211,2.221,2.2225,2.2295,2.231,2.231,2.236,2.246,2.251,2.256,2.266,2.271,2.276
2.0974,2.1076,2.1144,2.1195,2.1284,2.1349,2.1413,2.1488,2.1551,2.161,2.1691,2.1751,2.181,2.191,2.1953,2.201,2.211,2.2206,2.2214,2.2307,2.2307,2.2313,2.2362,2.246,2.251,2.256,2.266,2.271,2.276
2.0936,2.1038,2.1125,2.1176,2.125,2.1334,2.1416,2.1454,2.1536,2.161,2.1653,2.1732,2.181,2.191,2.1935,2.201,2.211,2.2188,2.2232,2.2289,2.2289,2.2331,2.238,2.2464,2.2532,2.2599,2.2663,2.2729,2.2793
2.0905,2.1,2.1102,2.1154,2.1218,2.1317,2.1419,2.1421,2.1521,2.161,2.1616,2.1714,2.181,2.191,2.1917,2.201,2.211,2.217,2.225,2.2271,2.2271,2.2349,2.2398,2.2467,2.2553,2.2638,2.2667,2.275,2.2832
2.0889,2.0966,2.1068,2.1119,2.1199,2.1279,2.1381,2.142,2.1503,2.1597,2.1613,2.1713,2.1799,2.19,2.1912,2.2012,2.2102,2.2162,2.2262,2.2254,2.2261,2.2361,2.2411,2.2475,2.257,2.267,2.2672,2.2771,2.287
2.0874,2.0931,2.1034,2.1085,2.118,2.1241,2.1344,2.142,2.1484,2.1582,2.1617,2.1717,2.1784,2.1885,2.1916,2.2016,2.2088,2.2165,2.2265,2.224,2.2265,2.2365,2.2415,2.2493,2.257,2.267,2.269,2.2789,2.2888
2.083,2.0897,2.0987,2.1051,2.1153,2.1205,2.1307,2.1409,2.1461,2.1563,2.1618,2.1719,2.177,2.1871,2.192,2.2019,2.2073,2.2169,2.2269,2.2225,2.2269,2.2369,2.2418,2.2511,2.257,2.267,2.2708,2.2807,2.2905
2.0776,2.0862,2.0933,2.1016,2.1119,2.1171,2.1273,2.1375,2.1427,2.1529,2.1603,2.1704,2.1755,2.1838,2.1923,2.2008,2.2073,2.2173,2.226,2.2234,2.2284,2.2362,2.2422,2.2522,2.2571,2.2665,2.2726,2.2821,2.2921
2.0725,2.0827,2.088,2.0982,2.1084,2.1137,2.1239,2.1341,2.1394,2.1496,2.1588,2.1689,2.174,2.1805,2.1927,2.1993,2.2077,2.2176,2.2246,2.2256,2.2305,2.2347,2.2426,2.2525,2.2575,2.2651,2.2748,2.2824,2.2924
2.069,2.0792,2.0845,2.0965,2.1047,2.1118,2.1219,2.1307,2.1371,2.1472,2.1573,2.1667,2.1725,2.1781,2.1927,2.1978,2.208,2.218,2.2231,2.2278,2.2327,2.2333,2.2429,2.2529,2.2579,2.2637,2.2769,2.2828,2.2928
2.0655,2.0757,2.081,2.095,2.1008,2.1102,2.1204,2.1273,2.1356,2.1457,2.1558,2.1633,2.171,2.1785,2.1912,2.1964,2.2084,2.2166,2.2233,2.2283,2.2317,2.2333,2.2433,2.252,2.2593,2.2642,2.2782,2.2839,2.2931
2.0619,2.0713,2.0783,2.0928,2.0972,2.1084,2.1187,2.124,2.1341,2.1442,2.1543,2.16,2.1695,2.1788,2.1898,2.1949,2.2087,2.2151,2.2237,2.2287,2.2303,2.2337,2.2436,2.2506,2.2615,2.2663,2.2785,2.286,2.2935
2.0584,2.0658,2.0768,2.0893,2.0941,2.1049,2.1152,2.1224,2.1326,2.1427,2.1528,2.158,2.1681,2.1792,2.1883,2.1941,2.208,2.2137,2.2238,2.2288,2.2289,2.234,2.244,2.2492,2.2636,2.2684,2.2789,2.2881,2.2938
2.0549,2.0603,2.0752,2.0859,2.091,2.1015,2.1118,2.1209,2.1311,2.1412,2.1513,2.1565,2.1666,2.1796,2.1868,2.1945,2.2047,2.2122,2.2223,2.2274,2.2274,2.2344,2.2443,2.2493,2.2629,2.2706,2.2795,2.2894,2.295
2.0493,2.0585,2.072,2.0809,2.0879,2.0991,2.1085,2.1187,2.1295,2.1393,2.1496,2.155,2.1651,2.1799,2.1854,2.1949,2.2014,2.2108,2.2209,2.2259,2.226,2.2347,2.2447,2.2497,2.2614,2.2727,2.2802,2.2901,2.2971
2.0438,2.057,2.0685,2.0755,2.0849,2.0976,2.1055,2.1152,2.128,2.1359,2.1462,2.1538,2.1654,2.1775,2.1842,2.1943,2.2004,2.2103,2.2203,2.2253,2.2252,2.2347,2.2451,2.2502,2.26,2.2748,2.2809,2.2908,2.2992
2.0395,2.0548,2.0646,2.0704,2.0819,2.096,2.1024,2.1118,2.1265,2.1325,2.1428,2.1527,2.1657,2.1745,2.1831,2.1932,2.2011,2.2111,2.221,2.226,2.226,2.2336,2.2459,2.2527,2.2607,2.274,2.2827,2.2913,2.3004
2.0363,2.0517,2.0595,2.0673,2.0803,2.093,2.099,2.1101,2.124,2.1295,2.1405,2.1515,2.1652,2.1718,2.1819,2.1921,2.2019,2.2118,2.2217,2.2267,2.2267,2.2325,2.2466,2.2552,2.2614,2.273,2.2849,2.2916,2.3011
2.0331,2.0485,2.0544,2.0642,2.0788,2.0899,2.0955,2.109,2.1209,2.1269,2.1393,2.15,2.1623,2.1703,2.1805,2.191,2.2023,2.2125,2.2225,2.2263,2.2274,2.2324,2.2466,2.2571,2.2625,2.2721,2.287,2.292,2.3018
2.0299,2.0437,2.0507,2.0623,2.0764,2.0868,2.0927,2.1078,2.1179,2.1242,2.1382,2.1485,2.1593,2.1688,2.179,2.1898,2.2027,2.2133,2.2232,2.2253,2.2281,2.2331,2.2455,2.2575,2.265,2.2728,2.2877,2.2942,2.3025
2.0267,2.0385,2.0475,2.0611,2.0733,2.0837,2.0915,2.1067,2.1148,2.1226,2.1371,2.1472,2.1574,2.1675,2.1784,2.1891,2.2029,2.214,2.2239,2.2242,2.2289,2.2338,2.2444,2.2578,2.2675,2.2735,2.2884,2.2966,2.3032
2.0236,2.034,2.0444,2.0598,2.0702,2.0806,2.0904,2.1055,2.1118,2.1211,2.1359,2.1461,2.1562,2.1664,2.1795,2.1895,2.2022,2.2129,2.2227,2.2231,2.2296,2.2345,2.2444,2.2576,2.2693,2.2747,2.2891,2.299,2.304
2.0204,2.0308,2.0412,2.0567,2.0671,2.0775,2.0892,2.1023,2.1097,2.1203,2.1345,2.145,2.1551,2.1653,2.1806,2.1898,2.2015,2.2118,2.2213,2.222,2.2303,2.2353,2.2452,2.2569,2.27,2.2772,2.2898,2.2997,2.3063
2.0171,2.0276,2.038,2.0535,2.0639,2.0744,2.088,2.0973,2.1089,2.1215,2.1315,2.1438,2.1543,2.1644,2.1803,2.1896,2.2006,2.2112,2.2202,2.2211,2.2309,2.236,2.2459,2.2562,2.2707,2.2796,2.2905,2.3004,2.3087
2.0139,2.0244,2.0349,2.0495,2.0609,2.0714,2.0867,2.0923,2.1081,2.1226,2.1284,2.1427,2.1536,2.1637,2.1792,2.1889,2.1995,2.2119,2.2216,2.2218,2.2299,2.2353,2.2466,2.2565,2.2704,2.2815,2.2908,2.3012,2.3112
2.0107,2.0212,2.0317,2.0448,2.0582,2.0686,2.084,2.0894,2.1055,2.1209,2.1266,2.1417,2.1524,2.1629,2.1781,2.1881,2.1984,2.2126,2.2231,2.2225,2.2288,2.2346,2.2473,2.2572,2.2693,2.2826,2.2901,2.3023,2.314
2.0069,2.0176,2.0286,2.04,2.0555,2.0659,2.0813,2.0867,2.1024,2.1179,2.1258,2.141,2.1497,2.1622,2.1755,2.1874,2.1975,2.2126,2.2236,2.2234,2.2278,2.2341,2.248,2.2579,2.2682,2.2836,2.2894,2.3033,2.3168
2.0025,2.0132,2.0258,2.0368,2.0523,2.0645,2.0786,2.0854,2.0998,2.1149,2.1251,2.1402,2.1471,2.1614,2.1729,2.1867,2.1968,2.2119,2.2225,2.2245,2.2271,2.2349,2.2472,2.259,2.2691,2.2836,2.2895,2.3044,2.3192
1.998,2.0088,2.023,2.0336,2.0492,2.0637,2.0758,2.0866,2.0991,2.1122,2.1247,2.138,2.1467,2.1607,2.1708,2.1859,2.196,2.2112,2.2214,2.2256,2.2263,2.2356,2.2465,2.2601,2.2705,2.2828,2.2906,2.3054,2.3203
1.9951,2.0057,2.0204,2.032,2.0463,2.0624,2.0731,2.0878,2.0983,2.1095,2.1243,2.1354,2.1478,2.1599,2.17,2.1852,2.1953,2.2104,2.2205,2.2258,2.2268,2.2366,2.2463,2.261,2.272,2.2821,2.2916,2.3065,2.3213
1.9923,2.0028,2.018,2.032,2.0439,2.0576,2.0707,2.0861,2.0965,2.1078,2.1233,2.1328,2.1489,2.1592,2.1693,2.1844,2.1946,2.2097,2.2198,2.2254,2.2282,2.2381,2.2474,2.2606,2.273,2.2829,2.2939,2.3075,2.3219
1.9895,2,2.0156,2.032,2.0415,2.0529,2.0684,2.0838,2.0942,2.1074,2.1206,2.1305,2.1486,2.1584,2.1686,2.1838,2.1939,2.209,2.2191,2.2251,2.2297,2.2395,2.2485,2.2602,2.2741,2.2839,2.2967,2.3086,2.3215
1.9866,1.9971,2.0132,2.0292,2.0376,2.0496,2.0659,2.081,2.0919,2.1071,2.1179,2.1282,2.1483,2.1577,2.1678,2.1835,2.1935,2.2086,2.2187,2.2244,2.2297,2.2395,2.249,2.2599,2.2749,2.285,2.2995,2.3096,2.3212
1.9834,1.9943,2.0107,2.0264,2.0332,2.0472,2.0631,2.0767,2.0896,2.105,2.1155,2.127,2.1472,2.1568,2.1671,2.1831,2.1932,2.2082,2.2183,2.2236,2.2293,2.2388,2.249,2.2595,2.2742,2.2864,2.2997,2.3109,2.3215
1.9768,1.9918,2.0083,2.0228,2.03,2.045,2.0603,2.0724,2.0872,2.1027,2.1132,2.127,2.1446,2.1545,2.167,2.1827,2.1928,2.208,2.218,2.2232,2.229,2.2381,2.249,2.2592,2.2735,2.2878,2.2994,2.3123,2.3226
1.9702,1.9893,2.0059,2.0184,2.03,2.0446,2.0579,2.0707,2.086,2.1004,2.111,2.127,2.1419,2.1522,2.167,2.1824,2.1924,2.208,2.218,2.225,2.2286,2.2363,2.2487,2.2598,2.2731,2.289,2.299,2.3137,2.3236
1.9663,1.9861,2.0025,2.014,2.03,2.0442,2.0555,2.0703,2.086,2.0981,2.111,2.1267,2.1398,2.151,2.167,2.1819,2.1921,2.208,2.218,2.2269,2.2283,2.2345,2.2484,2.2612,2.2735,2.289,2.3004,2.3137,2.3251
1.9638,1.982,1.9964,2.0099,2.0265,2.0417,2.0527,2.0697,2.086,2.0957,2.111,2.1263,2.1378,2.151,2.167,2.18,2.1917,2.2075,2.2187,2.228,2.2279,2.2333,2.248,2.2627,2.2738,2.289,2.3018,2.3134,2.3268
1.961,1.9779,1.9903,2.0058,2.022,2.0377,2.0491,2.0673,2.0821,2.0936,2.1101,2.1255,2.1359,2.151,2.167,2.1782,2.1913,2.2068,2.2201,2.228,2.2275,2.2352,2.2494,2.2644,2.275,2.2895,2.3034,2.313,2.3286
1.9573,1.9716,1.9857,2.0017,2.0177,2.0337,2.0456,2.0649,2.0777,2.0917,2.1081,2.1236,2.134,2.1497,2.1656,2.1763,2.1911,2.2061,2.2216,2.228,2.2272,2.237,2.2509,2.2662,2.2768,2.291,2.3055,2.3147,2.3303
1.9535,1.9653,1.9816,1.9976,2.0137,2.0301,2.0436,2.0618,2.0743,2.0898,2.1062,2.1216,2.1321,2.1482,2.1634,2.1744,2.1914,2.2046,2.222,2.2266,2.2272,2.238,2.2521,2.268,2.2786,2.2924,2.3076,2.3165,2.3321
1.9367,1.9541,1.9743,1.9923,2.0096,2.0264,2.042,2.0582,2.0723,2.0882,2.1039,2.12,2.1312,2.1471,2.1611,2.1725,2.1918,2.2032,2.222,2.2244,2.2276,2.238,2.2524,2.2662,2.2801,2.2934,2.3085,2.3183,2.3338
1.9181,1.9399,1.9619,1.9775,1.9985,2.0176,2.0373,2.0539,2.0703,2.0867,2.1016,2.1184,2.1316,2.1475,2.1614,2.1736,2.1924,2.2026,2.222,2.2222,2.2279,2.238,2.2528,2.2644,2.2815,2.2941,2.3071,2.3208,2.3343
1.8954,1.9223,1.9495,1.9626,1.9862,2.0054,2.0268,2.0424,2.0623,2.0807,2.097,2.1163,2.1319,2.1478,2.1617,2.1759,2.1931,2.2052,2.2227,2.2244,2.2318,2.2398,2.2542,2.264,2.283,2.2948,2.3057,2.3232,2.3347
1.8686,1.8939,1.9222,1.9412,1.9686,1.9918,2.0164,2.0307,2.0532,2.0716,2.088,2.1066,2.1259,2.1447,2.1598,2.1777,2.1939,2.2078,2.2235,2.227,2.2362,2.2424,2.2567,2.2683,2.2858,2.2977,2.3078,2.3262,2.3352
1.8417,1.8658,1.8942,1.9168,1.9436,1.9691,1.9937,2.014,2.0399,2.062,2.079,2.0969,2.1186,2.139,2.153,2.1728,2.1898,2.2074,2.2226,2.2279,2.239,2.2449,2.2593,2.2727,2.2887,2.3012,2.3131,2.3304,2.3409
1.8147,1.8407,1.8672,1.8926,1.9188,1.9465,1.9693,1.9938,2.018,2.0413,2.062,2.0834,2.1086,2.1333,2.1462,2.1679,2.1845,2.2045,2.2178,2.2227,2.2317,2.2418,2.2579,2.2738,2.2903,2.3048,2.3184,2.3347,2.3465
1.788,1.8159,1.8408,1.8687,1.896,1.9217,1.9455,1.9731,1.9958,2.0207,2.0427,2.0663,2.0893,2.1151,2.1326,2.1579,2.1778,2.2015,2.213,2.2176,2.2244,2.2385,2.255,2.2713,2.2871,2.304,2.3195,2.3364,2.3512
1.7606,1.7911,1.8152,1.845,1.8733,1.8962,1.9227,1.9502,1.9751,1.9996,2.0234,2.0492,2.0699,2.0964,2.1158,2.1405,2.1613,2.1867,2.2026,2.208,2.2143,2.2325,2.2521,2.2688,2.2839,2.3029,2.3188,2.335,2.3522
1.7332,1.7665,1.7907,1.8226,1.8489,1.8719,1.9002,1.9274,1.9544,1.978,2.0041,2.0297,2.0508,2.0774,2.0992,2.1233,2.145,2.1697,2.1879,2.1937,2.2,2.2168,2.2383,2.2583,2.2771,2.3003,2.3181,2.3336,2.3533
1.7093,1.7402,1.7667,1.8002,1.8241,1.849,1.879,1.9042,1.9328,1.9564,1.9846,2.01,2.0317,2.0581,2.082,2.1053,2.1282,2.153,2.1733,2.1795,2.1857,2.2012,2.2239,2.244,2.2652,2.2874,2.3081,2.3263,2.3506
1.6858,1.7125,1.7442,1.7754,1.7995,1.8267,1.8578,1.8809,1.9103,1.9361,1.9642,1.9903,2.0131,2.0388,2.0649,2.0872,2.111,2.1372,2.1594,2.1653,2.1722,2.1861,2.2097,2.2296,2.2531,2.2743,2.2966,2.3149,2.3396
1.6614,1.6872,1.7216,1.7506,1.7752,1.8068,1.8347,1.8601,1.8881,1.916,1.9439,1.9706,1.9961,2.0199,2.0478,2.0694,2.0937,2.1212,2.1455,2.1511,2.1588,2.1716,2.196,2.2178,2.2416,2.2617,2.2851,2.3036,2.3287
1.6373,1.6641,1.6988,1.7256,1.7529,1.7868,1.8114,1.8416,1.8671,1.8953,1.9243,1.9508,1.9789,2.0009,2.0307,2.0528,2.0792,2.1062,2.1315,2.1371,2.1451,2.1572,2.1825,2.2063,2.2305,2.2499,2.2734,2.2937,2.3175
1.6109,1.6416,1.676,1.7006,1.7336,1.7645,1.7908,1.8223,1.8458,1.8746,1.9055,1.9318,1.9614,1.9828,2.0135,2.0361,2.0648,2.0919,2.1173,2.1238,2.1291,2.1432,2.1687,2.1942,2.2194,2.2381,2.2618,2.2843,2.306
1.5839,1.6198,1.6518,1.679,1.7137,1.742,1.7714,1.8015,1.8292,1.8553,1.887,1.9128,1.9439,1.9658,1.9968,2.0209,2.0488,2.0775,2.1033,2.1105,2.113,2.1292,2.1548,2.1808,2.206,2.2265,2.2499,2.2748,2.2945
1.5622,1.5976,1.6283,1.6588,1.6928,1.7204,1.7517,1.7803,1.8126,1.837,1.8696,1.894,1.9247,1.9489,1.98,2.006,2.0312,2.0608,2.0877,2.0953,2.0988,2.1155,2.141,2.1675,2.1924,2.2149,2.2372,2.2639,2.2834
1.541,1.5751,1.6066,1.6381,1.6712,1.6986,1.7318,1.7585,1.7927,1.8196,1.852,1.8752,1.904,1.9334,1.9617,1.9904,2.0135,2.0442,2.0716,2.0792,2.086,2.1023,2.1261,2.154,2.1783,2.2033,2.2245,2.2528,2.2724
1.5241,1.5527,1.585,1.6172,1.648,1.68,1.7106,1.7374,1.7718,1.8037,1.8312,1.8581,1.8841,1.9176,1.9427,1.9738,1.9962,2.0281,2.0555,2.0632,2.073,2.0892,2.1111,2.1403,2.1632,2.191,2.2129,2.2414,2.2615
1.5046,1.5306,1.5636,1.597,1.6265,1.6617,1.688,1.72,1.7521,1.7862,1.8104,1.8421,1.8665,1.9001,1.9244,1.9571,1.9788,2.0123,2.0393,2.0468,2.0579,2.0748,2.0965,2.1266,2.1481,2.1788,2.2019,2.229,2.2507
1.4809,1.5109,1.5425,1.5771,1.6079,1.6409,1.6681,1.7026,1.733,1.7642,1.7909,1.8255,1.8487,1.8822,1.907,1.9396,1.9649,1.9968,2.0233,2.0302,2.0428,2.0602,2.0824,2.1131,2.1344,2.166,2.1909,2.2166,2.2399
1.4585,1.4916,1.5215,1.5578,1.5898,1.6201,1.651,1.6847,1.7149,1.7426,1.7718,1.8081,1.8335,1.8649,1.8905,1.9221,1.9528,1.9826,2.0072,2.0154,2.027,2.0451,2.0682,2.0996,2.1214,2.1523,2.1778,2.204,2.2287
1.4368,1.4733,1.5038,1.5386,1.5723,1.6016,1.633,1.6668,1.6973,1.7242,1.7556,1.7901,1.818,1.8479,1.8769,1.9046,1.9392,1.9685,1.9911,2.0011,2.011,2.0294,2.0567,2.0848,2.1087,2.1387,2.1646,2.1914,2.2166
1.4225,1.4556,1.4874,1.5208,1.5536,1.5832,1.6143,1.6474,1.6779,1.7062,1.7404,1.7707,1.8023,1.8304,1.8632,1.8871,1.9229,1.9518,1.9762,1.9861,1.9954,2.0134,2.0451,2.0693,2.0973,2.1238,2.1517,2.1787,2.2044
1.4068,1.4385,1.4701,1.503,1.5344,1.5649,1.5961,1.628,1.6577,1.6909,1.7242,1.7516,1.7865,1.8125,1.8462,1.8713,1.9064,1.9347,1.9623,1.9701,1.9809,1.9984,2.0313,2.0542,2.086,2.1086,2.1391,2.1637,2.192
1.389,1.4215,1.4529,1.4853,1.5146,1.5462,1.5779,1.6096,1.6401,1.675,1.7075,1.7332,1.7689,1.7949,1.8289,1.857,1.8881,1.9179,1.948,1.9542,1.9662,1.9835,2.0157,2.0412,2.0718,2.0942,2.1263,2.1488,2.1796
1.3728,1.4041,1.4362,1.4653,1.4952,1.5271,1.5618,1.5921,1.6235,1.6577,1.6896,1.7157,1.7507,1.7784,1.811,1.8422,1.8698,1.9012,1.9329,1.9403,1.9503,1.9691,2.0001,2.0282,2.0566,2.0819,2.1142,2.1351,2.1672
1.3565,1.3853,1.4182,1.4453,1.4771,1.511,1.5459,1.5765,1.6079,1.6404,1.6715,1.7018,1.7324,1.7621,1.7933,1.8265,1.8553,1.8863,1.9178,1.9266,1.9344,1.955,1.9845,2.0134,2.0412,2.0696,2.102,2.1226,2.155
1.3389,1.3674,1.4001,1.4314,1.4607,1.4962,1.5302,1.5609,1.5923,1.6236,1.652,1.687,1.7141,1.7466,1.7771,1.8105,1.8413,1.8743,1.9015,1.9122,1.9186,1.9408,1.9688,1.998,2.0255,2.0571,2.0887,2.1102,2.1427
1.3224,1.351,1.385,1.4183,1.4458,1.4804,1.5138,1.5454,1.5742,1.6062,1.6321,1.6702,1.6987,1.7309,1.7613,1.7934,1.8248,1.8611,1.885,1.8977,1.9027,1.9265,1.9533,1.9822,2.0097,2.0445,2.0738,2.0982,2.1291
1.3077,1.3379,1.3711,1.4062,1.4324,1.4652,1.4964,1.5285,1.5563,1.5884,1.6178,1.6527,1.684,1.715,1.7458,1.7767,1.8075,1.8441,1.8704,1.8818,1.8871,1.9118,1.9377,1.9659,1.9966,2.0308,2.0588,2.0863,2.1145
1.2948,1.3268,1.3578,1.3877,1.4181,1.4514,1.479,1.5114,1.5393,1.5724,1.6043,1.6341,1.6695,1.6988,1.7306,1.7612,1.7907,1.8269,1.8562,1.8649,1.8722,1.8951,1.9215,1.95,1.9835,2.0157,2.0439,2.0728,2.0999
1.2815,1.3148,1.3404,1.3708,1.4024,1.4338,1.462,1.4943,1.5242,1.5574,1.5918,1.6174,1.655,1.6824,1.7142,1.7454,1.7744,1.8088,1.8418,1.848,1.8574,1.8785,1.905,1.9369,1.969,2.0003,2.029,2.0581,2.0852
1.2675,1.3003,1.3247,1.3556,1.3873,1.4155,1.4474,1.478,1.5103,1.5432,1.5768,1.6023,1.6369,1.6663,1.6975,1.7289,1.7591,1.7909,1.8274,1.8312,1.843,1.8617,1.8904,1.9238,1.9538,1.9835,2.0136,2.0436,2.0707
1.2531,1.2825,1.3106,1.3415,1.3724,1.3981,1.4324,1.4622,1.495,1.5272,1.5576,1.5878,1.6189,1.6504,1.6808,1.7125,1.7443,1.7768,1.8108,1.8151,1.8284,1.8451,1.8782,1.9094,1.9382,1.9668,1.9979,2.0302,2.0582
1.2394,1.2686,1.2987,1.3271,1.3571,1.3848,1.4175,1.4461,1.4798,1.5065,1.5403,1.5732,1.6018,1.6353,1.664,1.6966,1.7284,1.7626,1.7924,1.8003,1.8126,1.8293,1.8641,1.895,1.9221,1.9508,1.9825,2.0168,2.0466
1.2299,1.257,1.2845,1.3133,1.3434,1.3724,1.4032,1.4299,1.4651,1.49,1.5239,1.5566,1.585,1.6208,1.6485,1.6809,1.7121,1.747,1.7757,1.785,1.7964,1.8136,1.8468,1.8793,1.9067,1.9349,1.9677,2.0024,2.0338
1.2161,1.2451,1.2701,1.3013,1.3284,1.3576,1.3877,1.414,1.4498,1.4761,1.5103,1.5402,1.5685,1.6046,1.633,1.6655,1.696,1.7313,1.7604,1.7692,1.7786,1.7993,1.8297,1.8631,1.893,1.9212,1.9529,1.9878,2.0185
1.2014,1.2305,1.2564,1.2851,1.3126,1.3436,1.3714,1.3993,1.4334,1.4619,1.4948,1.5243,1.5544,1.5876,1.6176,1.6497,1.6797,1.7148,1.7447,1.7531,1.7617,1.7852,1.8133,1.846,1.8791,1.9086,1.9391,1.9713,2.003
1.1912,1.2164,1.2448,1.2684,1.2982,1.3297,1.3578,1.3854,1.4145,1.4479,1.4763,1.5099,1.5408,1.5704,1.6027,1.6333,1.6619,1.6985,1.7289,1.7363,1.747,1.7676,1.7975,1.8288,1.864,1.8942,1.9252,1.9535,1.9845
1.1906,1.2062,1.2275,1.2535,1.2868,1.3153,1.3439,1.372,1.3996,1.4338,1.46,1.4955,1.5248,1.5537,1.5886,1.6174,1.6445,1.6827,1.7121,1.721,1.7323,1.7495,1.7842,1.8124,1.8489,1.8784,1.9087,1.9369,1.9659
1.2011,1.2056,1.2214,1.2429,1.2728,1.2992,1.3282,1.3581,1.3862,1.4181,1.4448,1.4773,1.5079,1.5377,1.5703,1.6016,1.6296,1.6668,1.6947,1.7076,1.7178,1.7328,1.7692,1.7961,1.832,1.8614,1.8921,1.9223,1.9502
1.2116,1.216,1.2269,1.2412,1.2595,1.2828,1.3095,1.3447,1.3727,1.4008,1.4313,1.4596,1.4898,1.5204,1.5504,1.5842,1.6147,1.6509,1.6773,1.6916,1.7003,1.7162,1.7503,1.7803,1.8149,1.843,1.8755,1.9077,1.9348
1.2205,1.2311,1.2358,1.2447,1.2553,1.2741,1.2962,1.3305,1.3568,1.3835,1.4158,1.4423,1.4743,1.5031,1.5329,1.5667,1.5999,1.6343,1.6602,1.6744,1.6792,1.7014,1.7322,1.7646,1.7974,1.8258,1.8588,1.8927,1.9211
1.2293,1.2389,1.2446,1.2512,1.2595,1.2742,1.2918,1.3144,1.3407,1.3734,1.3991,1.4265,1.4582,1.4881,1.518,1.5488,1.5839,1.6174,1.6452,1.6552,1.6606,1.6857,1.7152,1.7494,1.7798,1.81,1.8439,1.8772,1.9081
1.2357,1.2416,1.2552,1.2588,1.2666,1.2783,1.2914,1.304,1.3266,1.3568,1.3819,1.4109,1.4405,1.4728,1.5057,1.5319,1.5675,1.6006,1.6296,1.6361,1.6434,1.6676,1.6996,1.7344,1.7623,1.7947,1.8293,1.8591,1.8924
1.2451,1.2494,1.263,1.2676,1.2747,1.2824,1.2931,1.3038,1.3195,1.3418,1.3686,1.3952,1.4274,1.457,1.4882,1.5157,1.5493,1.5831,1.613,1.6194,1.6306,1.6498,1.6851,1.7143,1.745,1.78,1.8111,1.8417,1.8747
1.256,1.2608,1.2691,1.2779,1.2827,1.2902,1.2974,1.3094,1.3226,1.3335,1.3591,1.3799,1.4122,1.4397,1.4716,1.5007,1.5305,1.5639,1.5948,1.6031,1.6169,1.6321,1.6675,1.6943,1.7286,1.7635,1.7925,1.8257,1.857
1.2641,1.2696,1.2722,1.2839,1.2906,1.2979,1.3081,1.3168,1.3287,1.3374,1.3535,1.3741,1.3951,1.424,1.4564,1.4858,1.511,1.5465,1.5759,1.5872,1.5988,1.6174,1.6489,1.6783,1.7119,1.7457,1.7733,1.8092,1.8392
1.2706,1.277,1.2791,1.2866,1.2988,1.3059,1.3147,1.3249,1.3349,1.344,1.3523,1.3741,1.3854,1.4109,1.4369,1.4699,1.4941,1.5298,1.5614,1.5705,1.5787,1.6029,1.6305,1.6623,1.6949,1.7258,1.7541,1.7907,1.8214
1.2782,1.2854,1.2886,1.295,1.3047,1.3127,1.318,1.3298,1.3392,1.3497,1.3593,1.3766,1.3858,1.4014,1.4228,1.4504,1.4794,1.5134,1.5449,1.5535,1.5574,1.5843,1.6126,1.6464,1.676,1.7051,1.7374,1.7718,1.8036
1.2882,1.2918,1.2967,1.3022,1.3108,1.3153,1.3228,1.3323,1.3409,1.3535,1.3628,1.3751,1.3886,1.4017,1.4156,1.4388,1.467,1.4962,1.5261,1.5367,1.543,1.5655,1.5959,1.6285,1.6562,1.6886,1.7212,1.7521,1.7842
1.2946,1.2957,1.3033,1.3084,1.3141,1.3187,1.3311,1.3362,1.3462,1.3554,1.3663,1.3772,1.3904,1.4029,1.4193,1.4333,1.455,1.4797,1.5065,1.5181,1.5276,1.5461,1.5783,1.6097,1.6379,1.6721,1.7058,1.7326,1.7641
1.2959,1.3021,1.309,1.3149,1.3196,1.327,1.3361,1.342,1.3514,1.361,1.3711,1.381,1.3943,1.4051,1.4188,1.434,1.4491,1.4706,1.4913,1.5001,1.511,1.5273,1.5605,1.5914,1.6204,1.6542,1.6882,1.7133,1.7483
1.3024,1.3095,1.3097,1.321,1.3261,1.3342,1.3395,1.3475,1.3567,1.3661,1.3758,1.3858,1.3988,1.4089,1.4198,1.4355,1.4489,1.467,1.4823,1.489,1.4964,1.5131,1.5415,1.5721,1.6043,1.6365,1.6682,1.6968,1.733
1.3098,1.3134,1.317,1.3251,1.3313,1.3391,1.3452,1.3509,1.3619,1.37,1.3784,1.3903,1.4022,1.4113,1.4238,1.437,1.4532,1.4664,1.4806,1.4865,1.4897,1.5042,1.5271,1.5514,1.5864,1.6186,1.6481,1.6809,1.7152
1.3174,1.3179,1.3279,1.3313,1.3349,1.3426,1.3494,1.3568,1.365,1.373,1.3832,1.3926,1.404,1.4136,1.4291,1.4385,1.4528,1.4679,1.4808,1.4874,1.4912,1.502,1.5168,1.5407,1.5687,1.6002,1.6282,1.6629,1.6962
1.3231,1.3247,1.3323,1.3358,1.3389,1.347,1.3529,1.3628,1.365,1.3756,1.386,1.3958,1.404,1.4171,1.4294,1.44,1.4527,1.4667,1.4822,1.4889,1.4948,1.4991,1.5154,1.5345,1.5575,1.5834,1.61,1.6442,1.6748
1.3273,1.3323,1.336,1.3395,1.3461,1.3529,1.3567,1.3678,1.3704,1.379,1.387,1.3985,1.404,1.4219,1.429,1.4422,1.454,1.4668,1.4837,1.4877,1.4937,1.4962,1.5145,1.5331,1.5506,1.5697,1.5958,1.6242,1.6558
1.3338,1.338,1.3405,1.3464,1.3506,1.3571,1.361,1.3717,1.3751,1.3823,1.3905,1.4013,1.41,1.4211,1.4296,1.443,1.454,1.4685,1.4851,1.4855,1.4901,1.4976,1.5144,1.5324,1.5469,1.5638,1.5849,1.6099,1.6379
1.3385,1.3428,1.3452,1.3495,1.3519,1.358,1.3651,1.3743,1.379,1.3858,1.3964,1.404,1.4157,1.421,1.4319,1.4439,1.4558,1.4707,1.4848,1.4833,1.4864,1.499,1.5158,1.5313,1.5462,1.5608,1.581,1.5991,1.6246
1.3413,1.3471,1.3499,1.3527,1.3613,1.3651,1.372,1.3757,1.3839,1.3892,1.4008,1.404,1.4173,1.423,1.4351,1.4463,1.4582,1.471,1.482,1.4855,1.488,1.5,1.5154,1.5298,1.5451,1.5601,1.5773,1.5952,1.6145
1.3476,1.35,1.3525,1.3594,1.3668,1.37,1.3729,1.3791,1.3892,1.3931,1.402,1.4081,1.4152,1.4275,1.4377,1.4494,1.4595,1.4723,1.482,1.4878,1.4902,1.5,1.5146,1.5263,1.5439,1.5589,1.574,1.5926,1.6087
1.3529,1.3533,1.3574,1.3652,1.3667,1.3717,1.3772,1.38,1.3905,1.3974,1.4039,1.4117,1.4186,1.433,1.4405,1.4474,1.4572,1.4734,1.4836,1.489,1.492,1.4993,1.5139,1.525,1.5431,1.5569,1.5706,1.5905,1.6062
1.3532,1.3582,1.3644,1.366,1.3688,1.3753,1.3818,1.3844,1.394,1.401,1.4063,1.413,1.4219,1.433,1.4432,1.4479,1.4599,1.4711,1.4841,1.489,1.492,1.5009,1.5132,1.5248,1.5407,1.5541,1.5686,1.5878,1.604
1.3554,1.3631,1.3674,1.3673,1.3736,1.3776,1.3864,1.3913,1.3958,1.4011,1.4074,1.4149,1.4236,1.4306,1.4439,1.4503,1.461,1.4688,1.482,1.489,1.492,1.5021,1.5113,1.5241,1.5379,1.5533,1.5681,1.5846,1.6013
1.3639,1.3664,1.3701,1.374,1.3784,1.3807,1.388,1.3923,1.3968,1.4029,1.4095,1.4183,1.4244,1.4332,1.4415,1.4511,1.4613,1.4739,1.482,1.4864,1.4907,1.4991,1.5109,1.524,1.535,1.5515,1.5695,1.5811,1.598
1.3699,1.3678,1.3722,1.3782,1.3819,1.3855,1.3891,1.3946,1.4007,1.4098,1.4139,1.4197,1.4265,1.4355,1.4417,1.4519,1.4626,1.479,1.4846,1.4854,1.4899,1.4967,1.5126,1.524,1.5343,1.5486,1.5667,1.5776,1.5949
1.3715,1.3716,1.373,1.379,1.3834,1.3889,1.3925,1.3989,1.4046,1.4095,1.4175,1.4241,1.4309,1.4364,1.4441,1.455,1.4659,1.4778,1.486,1.486,1.493,1.4981,1.508,1.5236,1.5345,1.5457,1.5622,1.577,1.5921
1.373,1.3772,1.3785,1.384,1.386,1.3921,1.3959,1.4015,1.4072,1.4097,1.4196,1.4286,1.4351,1.4381,1.4468,1.4566,1.4636,1.4705,1.4855,1.4861,1.493,1.499,1.507,1.5213,1.5341,1.5473,1.5593,1.5759,1.5893
1.3771,1.3805,1.3841,1.3878,1.3909,1.3954,1.399,1.4043,1.407,1.4155,1.42,1.4274,1.4359,1.4421,1.4482,1.4574,1.4636,1.4731,1.484,1.4901,1.4894,1.4971,1.5086,1.521,1.5311,1.549,1.559,1.573,1.5876
1.3823,1.383,1.3892,1.3894,1.3948,1.3964,1.4024,1.4078,1.4098,1.4195,1.4212,1.4277,1.4343,1.443,1.4496,1.4586,1.4664,1.4764,1.484,1.4891,1.4874,1.4979,1.5107,1.5214,1.5318,1.5487,1.5578,1.5708,1.5867
1.3834,1.3866,1.3911,1.3908,1.3964,1.3981,1.4037,1.4083,1.4148,1.4191,1.4231,1.4286,1.4347,1.4447,1.454,1.4595,1.4693,1.4789,1.4847,1.4866,1.4891,1.4987,1.5091,1.5213,1.532,1.5441,1.5556,1.57,1.5846
1.3891,1.3897,1.3905,1.3946,1.3978,1.4018,1.4071,1.4087,1.4167,1.4188,1.4264,1.4301,1.4382,1.445,1.4523,1.457,1.4696,1.4794,1.486,1.4864,1.4929,1.4974,1.509,1.5189,1.5314,1.5407,1.5533,1.5694,1.5803
1.4038,1.398,1.3926,1.3999,1.4014,1.4054,1.4113,1.414,1.4183,1.4219,1.4298,1.4334,1.4406,1.4463,1.4497,1.4588,1.4681,1.4776,1.4863,1.4902,1.4904,1.4964,1.5078,1.5174,1.5298,1.5394,1.551,1.5672,1.5762
1.4168,1.4081,1.401,1.4015,1.4054,1.4082,1.4113,1.4183,1.4187,1.4253,1.4314,1.4364,1.442,1.4481,1.455,1.4622,1.4698,1.475,1.4844,1.4919,1.4914,1.4974,1.5062,1.5151,1.5274,1.5392,1.5487,1.56,1.574
1.4299,1.4176,1.4161,1.4037,1.4056,1.4124,1.4107,1.4193,1.4195,1.4266,1.4323,1.4377,1.4438,1.448,1.4568,1.4644,1.4708,1.4793,1.4826,1.4896,1.4943,1.499,1.5052,1.5144,1.525,1.5345,1.5466,1.5575,1.5717
1.4446,1.4359,1.4254,1.4177,1.4104,1.4126,1.4148,1.4197,1.4242,1.4285,1.4339,1.4396,1.4443,1.4474,1.455,1.4661,1.4717,1.4807,1.4904,1.4857,1.4939,1.4999,1.5061,1.5155,1.525,1.5347,1.5451,1.5582,1.57
1.4585,1.451,1.4366,1.4311,1.423,1.4174,1.4196,1.4196,1.4278,1.4313,1.4363,1.4415,1.4433,1.4497,1.456,1.4641,1.4708,1.4779,1.4886,1.4862,1.4913,1.4963,1.5069,1.5167,1.5254,1.5361,1.5481,1.5589,1.5693
1.4702,1.4602,1.4557,1.4428,1.437,1.4284,1.421,1.4217,1.4294,1.4355,1.4372,1.4425,1.4455,1.4536,1.4597,1.4618,1.469,1.477,1.4846,1.4888,1.4917,1.4932,1.5062,1.5142,1.5241,1.535,1.5461,1.5542,1.5698
1.4841,1.4733,1.4683,1.4592,1.448,1.4394,1.4311,1.427,1.4286,1.4355,1.4378,1.4412,1.4496,1.4548,1.4613,1.4647,1.47,1.4813,1.4858,1.4894,1.4899,1.4944,1.5035,1.5124,1.525,1.5312,1.5433,1.5536,1.5674
1.5016,1.491,1.4771,1.4702,1.4596,1.4524,1.4457,1.4392,1.4326,1.4318,1.4381,1.4424,1.4482,1.4542,1.4625,1.4683,1.4736,1.4841,1.4889,1.489,1.4882,1.4977,1.503,1.5126,1.5234,1.532,1.542,1.5532,1.5631
1.5143,1.5026,1.4929,1.4826,1.4746,1.4658,1.4571,1.4508,1.4426,1.4362,1.4418,1.4444,1.45,1.4558,1.4637,1.4688,1.4745,1.4789,1.4893,1.4926,1.4921,1.4985,1.5047,1.514,1.521,1.5303,1.5419,1.5507,1.5601
1.5246,1.5166,1.5067,1.4961,1.4857,1.4793,1.467,1.4618,1.4547,1.4453,1.4424,1.4464,1.4547,1.4599,1.4617,1.4677,1.4728,1.4758,1.4872,1.4881,1.4944,1.4967,1.5055,1.5143,1.521,1.528,1.5378,1.5461,1.5575
1.5404,1.5332,1.5202,1.5115,1.499,1.4894,1.4821,1.4733,1.4654,1.4579,1.4509,1.4495,1.4529,1.4586,1.4603,1.4661,1.4727,1.4805,1.4854,1.4862,1.4937,1.495,1.5037,1.5125,1.5201,1.5302,1.5356,1.5477,1.5531
1.5541,1.5426,1.5328,1.5251,1.5152,1.5027,1.498,1.4841,1.4775,1.4721,1.4642,1.4587,1.4532,1.4563,1.4631,1.4672,1.4771,1.486,1.4873,1.4902,1.4897,1.496,1.5019,1.5107,1.5173,1.5307,1.5355,1.5487,1.5548
1.5676,1.5539,1.5454,1.5319,1.5249,1.5182,1.5088,1.4992,1.4913,1.4833,1.4739,1.4701,1.4615,1.4596,1.4638,1.4691,1.4777,1.4841,1.4897,1.4925,1.4884,1.4943,1.5001,1.5091,1.5183,1.5257,1.5368,1.5457,1.5557
1.5811,1.5705,1.5591,1.5483,1.5378,1.5291,1.5208,1.5122,1.5043,1.4941,1.487,1.4771,1.4711,1.4663,1.4626,1.471,1.473,1.4784,1.484,1.4888,1.4921,1.4964,1.5026,1.5109,1.52,1.5223,1.5367,1.541,1.5532
1.5949,1.5834,1.5747,1.5617,1.5559,1.5433,1.5321,1.5239,1.5165,1.5071,1.4993,1.4904,1.4835,1.4775,1.4713,1.4702,1.474,1.4798,1.485,1.4883,1.4939,1.4977,1.5038,1.5093,1.5182,1.524,1.5327,1.5385,1.5514
1.6099,1.596,1.589,1.5753,1.5649,1.5554,1.5448,1.5373,1.5283,1.5198,1.5106,1.5035,1.496,1.4893,1.4874,1.4783,1.477,1.4843,1.4905,1.4902,1.4917,1.4967,1.5047,1.5075,1.513,1.5249,1.531,1.5401,1.5515
1.6248,1.6101,1.5994,1.5887,1.5762,1.5642,1.5597,1.5473,1.5381,1.533,1.5248,1.5165,1.5075,1.4998,1.4934,1.4872,1.4829,1.4842,1.4892,1.4898,1.4904,1.4954,1.5037,1.5084,1.5142,1.5234,1.5319,1.5409,1.5493
1.6361,1.6236,1.6138,1.6028,1.5946,1.5836,1.5703,1.5591,1.5509,1.5444,1.5375,1.5278,1.5219,1.5124,1.4994,1.4936,1.4938,1.489,1.4907,1.4901,1.4895,1.4956,1.5024,1.5077,1.5157,1.5223,1.5304,1.5365,1.545
1.649,1.637,1.6277,1.6178,1.6077,1.5975,1.5855,1.5747,1.565,1.5569,1.5485,1.5383,1.5304,1.5219,1.5166,1.5125,1.5038,1.4966,1.4918,1.4915,1.4928,1.4971,1.5026,1.5081,1.5148,1.5227,1.5293,1.5384,1.5432
1.662,1.6521,1.637,1.6281,1.6174,1.6069,1.5992,1.5888,1.5784,1.5698,1.5604,1.5515,1.5413,1.5343,1.5318,1.5252,1.5158,1.5045,1.5003,1.5008,1.5011,1.4969,1.5004,1.5079,1.5134,1.5219,1.5277,1.5369,1.5414
1.6768,1.667,1.6519,1.6415,1.6308,1.6184,1.61,1.6006,1.5917,1.5795,1.5701,1.563,1.5554,1.5475,1.5397,1.5315,1.5248,1.5182,1.5128,1.5131,1.5102,1.5029,1.5005,1.506,1.5115,1.5205,1.5264,1.5348,1.5431
1.6926,1.6804,1.6688,1.6549,1.6442,1.6364,1.624,1.6152,1.6023,1.5925,1.5822,1.573,1.5693,1.5598,1.5465,1.5442,1.5309,1.5308,1.5215,1.5199,1.5165,1.5157,1.5097,1.5092,1.5127,1.5205,1.5265,1.5329,1.5422
1.7021,1.6926,1.68,1.6683,1.6582,1.6469,1.6355,1.6255,1.6143,1.6051,1.5966,1.5862,1.5768,1.5698,1.5601,1.5496,1.5438,1.5403,1.5336,1.5295,1.5261,1.5261,1.5212,1.5166,1.5172,1.5206,1.5261,1.5329,1.54
1.7161,1.7056,1.6938,1.6828,1.6731,1.6594,1.6487,1.6382,1.6277,1.6178,1.6098,1.5978,1.5867,1.5829,1.5754,1.563,1.5628,1.5485,1.5424,1.5408,1.5416,1.5364,1.531,1.5237,1.5221,1.5204,1.5242,1.5332,1.5386
1.7333,1.7194,1.7066,1.6991,1.6833,1.6726,1.6621,1.6541,1.6395,1.6329,1.6229,1.6086,1.6041,1.5944,1.5859,1.5786,1.5718,1.5606,1.5528,1.5523,1.5504,1.5478,1.5413,1.5338,1.5299,1.5245,1.5247,1.5303,1.5384
1.7443,1.7347,1.7207,1.7115,1.6974,1.6864,1.6782,1.6614,1.6561,1.644,1.6341,1.6232,1.6172,1.6028,1.5988,1.587,1.5779,1.5736,1.5654,1.5642,1.5597,1.5572,1.5496,1.5448,1.5384,1.5339,1.531,1.5285,1.5387
1.7592,1.7475,1.7375,1.721,1.7123,1.701,1.6846,1.6741,1.6673,1.6532,1.6431,1.6381,1.6251,1.6175,1.609,1.6,1.5909,1.5833,1.58,1.5762,1.5749,1.5676,1.5591,1.5557,1.5492,1.5424,1.5404,1.5346,1.5377
1.773,1.7589,1.7492,1.7357,1.7241,1.7091,1.6985,1.6902,1.6764,1.6681,1.6546,1.6503,1.6351,1.6295,1.6163,1.6131,1.604,1.5931,1.5877,1.5858,1.5813,1.5798,1.5732,1.5679,1.5607,1.5517,1.5494,1.5441,1.5387
1.7871,1.7737,1.7609,1.7483,1.7374,1.7255,1.7181,1.7036,1.6922,1.6825,1.6711,1.6599,1.6517,1.6398,1.6301,1.6256,1.617,1.604,1.5961,1.5932,1.5913,1.5897,1.5833,1.577,1.5687,1.5642,1.5595,1.5526,1.5474
1.8031,1.7891,1.776,1.761,1.751,1.7405,1.73,1.7168,1.707,1.6927,1.6849,1.6724,1.6656,1.653,1.6452,1.6329,1.6251,1.6166,1.6114,1.606,1.6056,1.597,1.592,1.5845,1.5765,1.5731,1.5707,1.5618,1.5594
1.8148,1.8022,1.7908,1.778,1.7641,1.7522,1.7393,1.729,1.716,1.7072,1.6973,1.6869,1.6747,1.6658,1.6567,1.6427,1.6342,1.628,1.6221,1.6192,1.6168,1.6088,1.6033,1.5945,1.5899,1.5825,1.579,1.5772,1.5689
1.8321,1.8166,1.8044,1.7938,1.7771,1.7661,1.7517,1.7421,1.7313,1.721,1.7106,1.6978,1.6855,1.6772,1.6694,1.6576,1.6473,1.6374,1.6303,1.6278,1.6293,1.6218,1.612,1.6049,1.6024,1.5945,1.5851,1.5856,1.5767
1.8457,1.8309,1.8162,1.8058,1.793,1.7821,1.7707,1.7554,1.7447,1.731,1.721,1.7092,1.6991,1.6886,1.68,1.6706,1.6604,1.6514,1.6407,1.6403,1.6381,1.6319,1.6235,1.6198,1.6093,1.606,1.5936,1.5914,1.5854
1.8552,1.8442,1.8292,1.8184,1.8057,1.7955,1.7811,1.7694,1.7543,1.7457,1.7334,1.7228,1.7129,1.7032,1.69,1.6838,1.6744,1.6646,1.6549,1.6538,1.6469,1.6437,1.6371,1.6307,1.6204,1.6124,1.6063,1.5977,1.5933
1.8688,1.858,1.8459,1.832,1.8168,1.806,1.79,1.7825,1.7698,1.7578,1.7483,1.7376,1.7251,1.7161,1.7043,1.6971,1.6874,1.6761,1.669,1.6622,1.6599,1.6567,1.6441,1.6385,1.6349,1.6222,1.6188,1.6105,1.6078
1.8838,1.8697,1.862,1.8456,1.8325,1.8198,1.8081,1.7938,1.7831,1.7706,1.7627,1.7492,1.7371,1.7266,1.7202,1.7053,1.6984,1.6855,1.6783,1.6731,1.6736,1.6669,1.6569,1.6504,1.6431,1.6364,1.6279,1.6252,1.6157
1.8996,1.8878,1.873,1.8602,1.8493,1.8332,1.8237,1.8079,1.7971,1.7862,1.7726,1.7612,1.7506,1.74,1.729,1.7154,1.7074,1.6962,1.6871,1.6864,1.6845,1.6767,1.6728,1.6603,1.6504,1.6466,1.6405,1.6339,1.6244
1.9173,1.9029,1.8853,1.8736,1.8619,1.8475,1.8335,1.8229,1.8102,1.7981,1.7848,1.7747,1.7642,1.7523,1.7385,1.731,1.7186,1.7088,1.6993,1.6999,1.6957,1.6877,1.681,1.672,1.6636,1.6531,1.6502,1.6369,1.6342
1.9271,1.9161,1.9007,1.8859,1.8729,1.8617,1.8483,1.8368,1.8261,1.8107,1.7982,1.7866,1.7787,1.7636,1.7529,1.7436,1.7336,1.7218,1.713,1.7111,1.7082,1.6995,1.6913,1.6814,1.6775,1.6642,1.6592,1.6495,1.6431
1.9423,1.9297,1.9158,1.9017,1.8878,1.8738,1.8646,1.85,1.8392,1.8246,1.8099,1.8016,1.7913,1.7783,1.7677,1.7554,1.7475,1.7356,1.7223,1.721,1.7176,1.7134,1.7045,1.6951,1.686,1.6771,1.668,1.6651,1.6519
1.958,1.9414,1.93,1.9173,1.9015,1.8871,1.874,1.8656,1.8485,1.8377,1.8229,1.8144,1.8023,1.7918,1.7803,1.7707,1.7604,1.7455,1.7366,1.732,1.7305,1.7277,1.7159,1.707,1.6939,1.6909,1.676,1.6743,1.6642
1.9711,1.9559,1.9406,1.9298,1.9152,1.9006,1.8861,1.8766,1.864,1.8516,1.8398,1.8256,1.8166,1.8041,1.7904,1.7816,1.7693,1.7594,1.7485,1.7439,1.7416,1.7393,1.7228,1.7169,1.7067,1.7033,1.6897,1.6822,1.6769
1.9847,1.9694,1.9563,1.9431,1.9314,1.9156,1.9037,1.8888,1.8781,1.8671,1.8528,1.8393,1.8279,1.815,1.8033,1.793,1.7786,1.771,1.758,1.7583,1.7547,1.7476,1.7354,1.7289,1.7194,1.7095,1.7026,1.6892,1.6864
2.0001,1.9829,1.9723,1.9573,1.9441,1.9332,1.9195,1.9035,1.8873,1.8773,1.8659,1.8514,1.8376,1.8271,1.8171,1.8066,1.7935,1.7804,1.7724,1.7727,1.768,1.7586,1.7517,1.7387,1.7306,1.7205,1.7153,1.7049,1.6984
2.0187,2.0007,1.9843,1.9705,1.9574,1.9452,1.9345,1.9174,1.9018,1.8911,1.8804,1.8678,1.8534,1.8399,1.8326,1.8178,1.8074,1.7951,1.786,1.784,1.7774,1.772,1.7613,1.7516,1.7431,1.7342,1.7245,1.7207,1.7081
2.0298,2.0176,1.9988,1.9852,1.9737,1.9582,1.9453,1.9301,1.9192,1.9051,1.8911,1.8811,1.8671,1.8542,1.8457,1.8308,1.8203,1.8053,1.7989,1.7928,1.7902,1.7834,1.7742,1.7642,1.7539,1.7441,1.7352,1.7247,1.7161
2.0422,2.0286,2.0144,1.9996,1.9865,1.9709,1.9568,1.944,1.9335,1.9181,1.9033,1.8901,1.877,1.8701,1.8561,1.8444,1.8341,1.8174,1.8088,1.8036,1.8033,1.7939,1.7887,1.7747,1.763,1.756,1.746,1.7358,1.7314
2.0571,2.0403,2.0291,2.0134,1.9984,1.9818,1.972,1.9548,1.9446,1.9332,1.9185,1.9038,1.8919,1.8807,1.8654,1.8555,1.8431,1.836,1.8193,1.8176,1.8167,1.8071,1.7954,1.7839,1.7741,1.7649,1.7586,1.751,1.7425
2.0727,2.054,2.0444,2.0289,2.0141,2.0007,1.9839,1.9704,1.958,1.9437,1.9354,1.9195,1.9098,1.8941,1.8783,1.8684,1.858,1.847,1.8352,1.8322,1.8258,1.82,1.8062,1.7956,1.7878,1.7777,1.7714,1.7588,1.7492
2.0884,2.0678,2.0601,2.0444,2.031,2.016,1.9987,1.9897,1.9734,1.9562,1.9475,1.9343,1.9227,1.9058,1.8972,1.8822,1.8717,1.856,1.8501,1.8454,1.837,1.8315,1.822,1.8114,1.8007,1.7924,1.7808,1.7702,1.7607
2.1041,2.0815,2.0758,2.0598,2.0435,2.0296,2.0142,2.0018,1.9881,1.9741,1.9588,1.9495,1.9335,1.9187,1.9116,1.895,1.8808,1.8686,1.8604,1.8574,1.8518,1.8447,1.8365,1.8265,1.8135,1.7996,1.7914,1.7822,1.7725
2.1198,2.0952,2.0915,2.0751,2.0551,2.0441,2.0297,2.0145,2.0018,1.9874,1.9732,1.9613,1.9476,1.9385,1.9213,1.9092,1.8953,1.8817,1.8692,1.8662,1.8673,1.8575,1.8469,1.8371,1.8273,1.8121,1.8047,1.7947,1.7846
2.1355,2.109,2.1072,2.0904,2.0665,2.0575,2.0469,2.0279,2.0154,2.0001,1.986,1.9723,1.9602,1.9497,1.9352,1.9264,1.9129,1.8967,1.8822,1.8773,1.8762,1.8689,1.8571,1.8466,1.8381,1.8276,1.816,1.8075,1.7974
2.1512,2.1227,2.1229,2.1057,2.078,2.0709,2.0562,2.0406,2.0283,2.016,2.0005,1.9869,1.9705,1.9586,1.9491,1.9352,1.9232,1.9102,1.8989,1.893,1.8871,1.882,1.8716,1.8612,1.8469,1.8415,1.8252,1.8174,1.8076
2.1669,2.1364,2.1386,2.121,2.0895,2.0843,2.065,2.0579,2.0395,2.0295,2.0159,2.0011,1.9859,1.9743,1.9583,1.946,1.9339,1.9251,1.9114,1.9088,1.9047,1.8954,1.8845,1.8746,1.8596,1.85,1.8357,1.8262,1.8165
2.1826,2.1502,2.1543,2.1364,2.101,2.0977,2.0738,2.0761,2.0503,2.0417,2.028,2.0147,2.0038,1.9892,1.9722,1.9616,1.9507,1.9359,1.9219,1.9207,1.9204,1.9084,1.8939,1.8835,1.8733,1.8587,1.8503,1.8384,1.8294
2.1983,2.1639,2.17,2.1517,2.1125,2.1111,2.0826,2.0942,2.0611,2.0551,2.0408,2.0296,2.0166,2.002,1.9876,1.9724,1.964,1.9448,1.9368,1.9337,1.9294,1.9215,1.9071,1.8925,1.8861,1.8751,1.8674,1.8515,1.8432
2.214,2.1776,2.1857,2.167,2.124,2.1245,2.0915,2.1124,2.0718,2.0685,2.0561,2.043,2.0282,2.0152,2.0003,1.9895,1.9759,1.9608,1.9515,1.9462,1.9382,1.9333,1.9228,1.9082,1.898,1.8854,1.8763,1.8661,1.8528
2.2297,2.1914,2.2014,2.1823,2.1355,2.1379,2.1003,2.1306,2.0826,2.0819,2.0714,2.0567,2.0429,2.0262,2.0206,2.0034,1.9882,1.9767,1.9636,1.9558,1.9532,1.9483,1.9378,1.9257,1.9105,1.8966,1.8864,1.88,1.8643
2.2454,2.2051,2.2171,2.1976,2.147,2.1513,2.1091,2.1488,2.0934,2.0953,2.0867,2.0704,2.0544,2.0416,2.0295,2.0144,2.0016,1.9869,1.9758,1.9695,1.9703,1.961,1.9484,1.9347,1.9241,1.9144,1.8988,1.8903,1.8785
2.2611,2.2188,2.2328,2.213,2.1585,2.1647,2.1179,2.167,2.1042,2.1087,2.1021,2.0841,2.0659,2.0589,2.0382,2.029,2.013,1.9993,1.9897,1.9862,1.9845,1.9746,1.9575,1.949,1.9352,1.9272,1.9121,1.9002,1.8915
2.2768,2.2326,2.2485,2.2283,2.17,2.1781,2.1268,2.1852,2.115,2.1221,2.1174,2.0979,2.0774,2.0761,2.0563,2.0443,2.027,2.0138,2.002,1.9993,1.9942,1.9877,1.9749,1.9626,1.9475,1.9364,1.9264,1.9114,1.9039
2.2925,2.2463,2.2642,2.2436,2.1815,2.1915,2.1356,2.2034,2.1258,2.1355,2.1327,2.1116,2.0889,2.0933,2.0755,2.0598,2.0436,2.0268,2.0128,2.0104,2.0043,1.9967,1.9884,1.9718,1.9608,1.9466,1.9373,1.9235,1.9138
2.3082,2.26,2.2799,2.2589,2.1929,2.2049,2.1444,2.2216,2.1366,2.1489,2.148,2.1253,2.1004,2.1106,2.0946,2.0752,2.0608,2.0406,2.0285,2.0256,2.0214,2.0113,1.9955,1.9864,1.9744,1.9606,1.9488,1.9377,1.9258
2.3239,2.2738,2.2955,2.2743,2.2044,2.2183,2.1533,2.2398,2.1474,2.1623,2.1633,2.1391,2.1119,2.1278,2.1138,2.0905,2.0781,2.0559,2.044,2.0362,2.0365,2.0266,2.0094,1.9994,1.9887,1.9747,1.9625,1.9531,1.9415
2.3396,2.2875,2.3112,2.2896,2.2159,2.2318,2.1621,2.258,2.1582,2.1758,2.1787,2.1528,2.1234,2.145,2.1329,2.1058,2.0953,2.0712,2.0526,2.0496,2.0467,2.0354,2.0289,2.0128,2.0024,1.9877,1.9764,1.9657,1.9529
2.3553,2.3012,2.3269,2.3049,2.2274,2.2452,2.1709,2.2762,2.169,2.1892,2.194,2.1665,2.1348,2.1623,2.1521,2.1211,2.1126,2.0866,2.0612,2.063,2.0554,2.053,2.0425,2.0276,2.0127,2.0007,1.9891,1.9759,1.9624
2.371,2.315,2.3426,2.3202,2.2389,2.2586,2.1797,2.2944,2.1797,2.2026,2.2093,2.1803,2.1463,2.1795,2.1712,2.1365,2.1298,2.1019,2.0699,2.0764,2.064,2.0711,2.0542,2.0409,2.0256,2.0141,2.0001,1.9894,1.9748
2.3866,2.3287,2.3583,2.3355,2.2504,2.272,2.1886,2.3126,2.1905,2.216,2.2246,2.194,2.1578,2.1967,2.1904,2.1518,2.147,2.1172,2.0785,2.0898,2.0726,2.0893,2.0657,2.0527,2.0409,2.0291,2.0131,2.0021,1.9885
2.4023,2.3424,2.374,2.3509,2.2619,2.2854,2.1974,2.3308,2.2013,2.2294,2.24,2.2077,2.1693,2.214,2.2095,2.1671,2.1643,2.1325,2.0871,2.1032,2.0812,2.1075,2.0772,2.0642,2.0526,2.0423,2.0281,2.0111,2.0002
2.418,2.3562,2.3897,2.3662,2.2734,2.2988,2.2062,2.349,2.2121,2.2428,2.2553,2.2215,2.1808,2.2312,2.2287,2.1824,2.1815,2.1478,2.0957,2.1166,2.0898,2.1257,2.0887,2.0757,2.061,2.0517,2.0415,2.0263,2.0135
2.4337,2.3699,2.4054,2.3815,2.2849,2.3122,2.2151,2.3672,2.2229,2.2562,2.2706,2.2352,2.1923,2.2485,2.2478,2.1977,2.1987,2.1632,2.1043,2.13,2.0984,2.1439,2.1002,2.0872,2.0695,2.061,2.053,2.04,2.0299
2.4494,2.3836,2.4211,2.3968,2.2964,2.3256,2.2239,2.3854,2.2337,2.2696,2.2859,2.2489,2.2038,2.2657,2.267,2.2131,2.216,2.1785,2.113,2.1434,2.1071,2.1621,2.1117,2.0987,2.0779,2.0704,2.0645,2.0515,2.0386
2.4651,2.3974,2.4368,2.4121,2.3079,2.339,2.2327,2.4035,2.2445,2.283,2.3012,2.2627,2.2153,2.2829,2.2861,2.2284,2.2332,2.1938,2.1216,2.1568,2.1157,2.1803,2.1231,2.1101,2.0863,2.0797,2.076,2.063,2.052
2.4808,2.4112,2.4525,2.4274,2.3194,2.3524,2.2415,2.4216,2.2553,2.2964,2.3165,2.2765,2.2268,2.3001,2.3052,2.2437,2.2504,2.2091,2.1302,2.1702,2.1243,2.1985,2.1345,2.1215,2.0947,2.089,2.0875,2.0745,2.0654
2.4965,2.425,2.4682,2.4427,2.3309,2.3658,2.2503,2.4397,2.2661,2.3098,2.3318,2.2903,2.2383,2.3173,2.3243,2.259,2.2676,2.2244,2.1388,2.1836,2.1329,2.2167,2.1459,2.1329,2.1031,2.0983,2.099,2.086,2.0788
2.5122,2.4388,2.4839,2.458,2.3424,2.3792,2.2591,2.4578,2.2769,2.3232,2.3471,2.3041,2.2498,2.3345,2.3434,2.2743,2.2848,2.2397,2.1474,2.197,2.1415,2.2349,2.1573,2.1443,2.1115,2.1076,2.1105,2.0975,2.0922
2.5279,2.4526,2.4996,2.4733,2.3539,2.3926,2.2679,2.4759,2.2877,2.3366,2.3624,2.3179,2.2613,2.3517,2.3625,2.2896,2.302,2.255,2.156,2.2104,2.1501,2.2531,2.1687,2.1557,2.1199,2.1169,2.122,2.109,2.1056
2.5436,2.4664,2.5153,2.4886,2.3654,2.406,2.2767,2.494,2.2985,2.35,2.3777,2.3317,2.2728,2.3689,2.3816,2.3049,2.3192,2.2703,2.1646,2.2238,2.1587,2.2713,2.1801,2.1671,2.1283,2.1262,2.1335,2.1205,2.119
2.5593,2.4802,2.531,2.5039,2.3769,2.4194,2.2855,2.5121,2.3093,2.3634,2.393,2.3455,2.2843,2.3861,2.4007,2.3202,2.3364,2.2856,2.1732,2.2372,2.1673,2.2895,2.1915,2.1785,2.1367,2.1355,2.145,2.132,2.1324
2.575,2.494,2.5467,2.5192,2.3884,2.4328,2.2943,2.5302,2.3201,2.3768,2.4083,2.3593,2.2958,2.4033,2.4198,2.3355,2.3536,2.3009,2.1818,2.2506,2.1759,2.3077,2.2029,2.1899,2.1451,2.1448,2.1565,2.1435,2.1458
2.5907,2.5078,2.5624,2.5345,2.3999,2.4462,2.3031,2.5483,2.3309,2.3902,2.4236,2.3731,2.3073,2.4205,2.4389,2.3508,2.3708,2.3162,2.1904,2.264,2.1845,2.3259,2.2143,2.2013,2.1535,2.1541,2.168,2.155,2.1592
2.6064,2.5216,2.5781,2.5498,2.4114,2.4596,2.3119,2.5664,2.3417,2.4036,2.4389,2.3869,2.3188,2.4377,2.458,2.3661,2.388,2.3315,2.199,2.2774,2.1931,2.3441,2.2257,2.2127,2.1619,2.1634,2.1795,2.1665,2.1726
2.6221,2.5354,2.5938,2.5651,2.4229,2.473,2.3207,2.5845,2.3525,2.417,2.4542,2.4007,2.3303,2.45490000000001,2.4771,2.3814,2.4052,2.3468,2.2076,2.2908,2.2017,2.3623,2.2371,2.2241,2.1703,2.1727,2.19100000000001,2.178,2.186
2.63780000000001,2.5492,2.6095,2.5804,2.4344,2.4864,2.3295,2.6026,2.3633,2.4304,2.4695,2.4145,2.3418,2.4721,2.4962,2.3967,2.4224,2.3621,2.2162,2.3042,2.2103,2.3805,2.2485,2.2355,2.1787,2.182,2.2025,2.1895,2.1994
2.6535,2.563,2.6252,2.5957,2.4459,2.4998,2.3383,2.6207,2.3741,2.4438,2.4848,2.4283,2.3533,2.4893,2.5153,2.412,2.4396,2.3774,2.2248,2.3176,2.2189,2.3987,2.2599,2.2469,2.1871,2.1913,2.214,2.201,2.2128
2.6692,2.5768,2.6409,2.61100000000001,2.4574,2.5132,2.3471,2.6388,2.3849,2.4572,2.5001,2.4421,2.3648,2.50650000000001,2.53439999999999,2.4273,2.4568,2.3927,2.2334,2.331,2.2275,2.4169,2.2713,2.2583,2.1955,2.2006,2.2255,2.2125,2.2262
2.68490000000001,2.59060000000001,2.6566,2.6263,2.46889999999999,2.5266,2.3559,2.6569,2.3957,2.4706,2.5154,2.4559,2.3763,2.52370000000001,2.5535,2.44260000000001,2.474,2.40799999999999,2.242,2.3444,2.2361,2.43509999999999,2.2827,2.2697,2.2039,2.2099,2.237,2.22400000000001,2.2396
2.7006,2.60440000000001,2.6723,2.6416,2.4804,2.54,2.3647,2.675,2.4065,2.48399999999999,2.5307,2.4697,2.3878,2.54090000000001,2.5726,2.4579,2.4912,2.4233,2.2506,2.3578,2.2447,2.4533,2.2941,2.2811,2.2123,2.2192,2.2485,2.23550000000001,2.253
2.7163,2.6182,2.688,2.65690000000001,2.4919,2.5534,2.3735,2.6931,2.4173,2.4974,2.54600000000001,2.48350000000001,2.3993,2.5581,2.5917,2.47320000000001,2.50839999999999,2.4386,2.2592,2.37119999999999,2.2533,2.4715,2.3055,2.2925,2.2207,2.2285,2.26000000000001,2.24700000000001,2.2664
2.73200000000001,2.63200000000001,2.70369999999999,2.6722,2.5034,2.56679999999999,2.3823,2.71120000000001,2.4281,2.5108,2.56130000000001,2.4973,2.41079999999999,2.57530000000001,2.6108,2.48850000000001,2.5256,2.4539,2.2678,2.3846,2.2619,2.48969999999999,2.3169,2.3039,2.2291,2.2378,2.2715,2.25850000000001,2.27979999999999
2.7477,2.6458,2.7194,2.68750000000001,2.5149,2.5802,2.39109999999999,2.7293,2.4389,2.52419999999999,2.57660000000001,2.51110000000001,2.42229999999999,2.59250000000001,2.6299,2.50380000000001,2.5428,2.4692,2.2764,2.398,2.2705,2.5079,2.32830000000001,2.3153,2.2375,2.2471,2.28300000000001,2.27,2.2932
2.7634,2.65960000000001,2.7351,2.70280000000001,2.5264,2.5936,2.3999,2.74740000000001,2.44970000000001,2.5376,2.5919,2.52490000000001,2.43379999999999,2.6097,2.64899999999999,2.51910000000001,2.56,2.4845,2.285,2.4114,2.2791,2.52609999999999,2.33970000000001,2.3267,2.2459,2.2564,2.29450000000001,2.28150000000001,2.3066
2.7791,2.67340000000001,2.7508,2.71810000000001,2.5379,2.607,2.4087,2.7655,2.4605,2.55099999999999,2.60720000000001,2.53870000000001,2.4453,2.62690000000001,2.6681,2.53440000000001,2.57719999999999,2.4998,2.2936,2.4248,2.2877,2.54429999999999,2.3511,2.3381,2.2543,2.2657,2.30600000000001,2.293,2.31999999999999
2.7948,2.6872,2.7665,2.7334,2.5494,2.6204,2.4175,2.7836,2.4713,2.5644,2.62250000000001,2.5525,2.4568,2.64410000000001,2.6872,2.54970000000001,2.5944,2.5151,2.3022,2.4382,2.2963,2.5625,2.3625,2.34950000000001,2.2627,2.27500000000001,2.31750000000001,2.3045,2.3334
2.8105,2.70100000000001,2.7822,2.74870000000001,2.56089999999999,2.63379999999999,2.4263,2.8017,2.4821,2.5778,2.63780000000001,2.56630000000001,2.4683,2.6613,2.7063,2.56500000000001,2.6116,2.5304,2.3108,2.4516,2.3049,2.58069999999999,2.3739,2.3609,2.2711,2.2843,2.32900000000001,2.31600000000001,2.34679999999999
2.82620000000001,2.7148,2.7979,2.764,2.57239999999999,2.64719999999999,2.4351,2.8198,2.4929,2.5912,2.65310000000001,2.5801,2.4798,2.67850000000001,2.7254,2.5803,2.6288,2.5457,2.3194,2.465,2.3135,2.59889999999999,2.3853,2.3723,2.27950000000001,2.2936,2.34050000000001,2.3275,2.3602
2.84190000000001,2.7286,2.81359999999999,2.77930000000001,2.5839,2.6606,2.4439,2.8379,2.5037,2.6046,2.66840000000001,2.5939,2.4913,2.69570000000001,2.7445,2.5956,2.64599999999999,2.56099999999999,2.328,2.47839999999999,2.3221,2.6171,2.3967,2.3837,2.28789999999999,2.3029,2.352,2.33900000000001,2.3736
2.85760000000001,2.74240000000001,2.82929999999999,2.79460000000001,2.5954,2.674,2.4527,2.856,2.51450000000001,2.61799999999999,2.68370000000001,2.60770000000001,2.50279999999999,2.7129,2.7636,2.61090000000001,2.6632,2.5763,2.3366,2.49179999999999,2.33069999999999,2.63529999999999,2.4081,2.3951,2.2963,2.3122,2.3635,2.35050000000001,2.387
2.8733,2.75620000000001,2.845,2.80990000000001,2.6069,2.6874,2.4615,2.87410000000001,2.52530000000001,2.6314,2.69900000000001,2.62150000000001,2.51429999999999,2.73010000000001,2.78269999999999,2.6262,2.6804,2.59159999999999,2.3452,2.50519999999999,2.3393,2.65349999999999,2.41950000000001,2.4065,2.3047,2.3215,2.37500000000001,2.36200000000001,2.4004
2.88900000000001,2.77000000000001,2.86070000000001,2.82520000000001,2.61839999999999,2.7008,2.4703,2.8922,2.5361,2.6448,2.7143,2.63530000000001,2.5258,2.74730000000001,2.80179999999999,2.64150000000001,2.69759999999999,2.6069,2.35379999999999,2.51859999999999,2.3479,2.67169999999999,2.4309,2.4179,2.3131,2.3308,2.38650000000001,2.37350000000001,2.41379999999999
2.90470000000001,2.78380000000001,2.87639999999999,2.84050000000001,2.62989999999999,2.71420000000001,2.4791,2.91030000000001,2.54689999999999,2.65819999999999,2.7296,2.6491,2.5373,2.76450000000001,2.82089999999999,2.65680000000002,2.7148,2.62219999999999,2.36239999999999,2.532,2.3565,2.68989999999999,2.4423,2.4293,2.3215,2.3401,2.398,2.38500000000001,2.4272
2.92040000000001,2.79760000000002,2.8921,2.8558,2.64139999999999,2.7276,2.4879,2.9284,2.5577,2.6716,2.7449,2.66290000000001,2.5488,2.78170000000001,2.84,2.67210000000001,2.732,2.63749999999999,2.371,2.5454,2.3651,2.70809999999999,2.4537,2.44070000000001,2.32989999999999,2.3494,2.40950000000001,2.39650000000001,2.4406
2.9361,2.81140000000001,2.90779999999999,2.87110000000001,2.65289999999999,2.741,2.4967,2.9465,2.5685,2.68499999999999,2.76020000000001,2.67670000000001,2.5603,2.79890000000002,2.8591,2.68740000000001,2.7492,2.6528,2.3796,2.55879999999999,2.37369999999999,2.72629999999999,2.46510000000001,2.4521,2.3383,2.3587,2.42100000000001,2.40800000000001,2.45399999999999
2.95180000000001,2.82520000000001,2.92349999999999,2.88640000000001,2.6644,2.75439999999999,2.5055,2.9646,2.5793,2.69839999999999,2.77550000000001,2.69050000000001,2.5718,2.81610000000001,2.87819999999999,2.70270000000001,2.76639999999999,2.6681,2.3882,2.5722,2.3823,2.74449999999999,2.4765,2.4635,2.3467,2.36800000000001,2.43250000000001,2.41950000000001,2.4674
2.96750000000002,2.83900000000001,2.9392,2.90170000000001,2.6759,2.76779999999999,2.51429999999999,2.98269999999999,2.59010000000001,2.7118,2.7908,2.7043,2.58329999999999,2.83330000000001,2.8973,2.718,2.78359999999999,2.68339999999999,2.3968,2.5856,2.3909,2.7627,2.4879,2.47490000000001,2.35509999999999,2.37730000000001,2.444,2.43100000000001,2.4808
2.98320000000001,2.8528,2.95489999999999,2.91700000000002,2.6874,2.7812,2.5231,3.0008,2.60090000000001,2.7252,2.80610000000001,2.71810000000001,2.59479999999999,2.85050000000001,2.9164,2.73330000000001,2.8008,2.6987,2.4054,2.59899999999999,2.39949999999999,2.7809,2.49930000000001,2.48630000000001,2.3635,2.3866,2.45550000000001,2.44250000000001,2.49419999999999
2.99890000000002,2.86660000000001,2.97059999999999,2.93230000000001,2.69889999999999,2.79459999999999,2.53189999999999,3.0189,2.61170000000001,2.73860000000001,2.82140000000001,2.73190000000001,2.60629999999999,2.8677,2.93549999999999,2.74860000000001,2.818,2.714,2.414,2.61239999999999,2.40809999999999,2.79909999999998,2.5107,2.49769999999999,2.3719,2.3959,2.467,2.45400000000002,2.5076
3.0146,2.88040000000001,2.98629999999999,2.94760000000001,2.71039999999999,2.80799999999999,2.5407,3.03700000000001,2.6225,2.752,2.83670000000002,2.7457,2.61779999999999,2.88490000000002,2.9546,2.76390000000001,2.8352,2.72929999999999,2.4226,2.6258,2.41670000000001,2.81729999999999,2.52210000000001,2.5091,2.38030000000001,2.40519999999999,2.47850000000001,2.46550000000001,2.52099999999999
3.03030000000001,2.8942,3.002,2.96290000000002,2.72190000000001,2.82139999999998,2.54949999999999,3.0551,2.63330000000001,2.7654,2.85200000000002,2.75950000000002,2.62929999999999,2.90210000000002,2.97369999999999,2.7792,2.85239999999999,2.74459999999999,2.4312,2.6392,2.42530000000001,2.8355,2.5335,2.5205,2.3887,2.4145,2.49000000000001,2.477,2.53440000000001
3.04600000000001,2.908,3.01769999999999,2.97820000000002,2.73339999999999,2.8348,2.55829999999999,3.0732,2.64410000000001,2.77879999999999,2.8673,2.77330000000001,2.64079999999998,2.91930000000001,2.9928,2.79450000000001,2.86960000000001,2.7599,2.43980000000001,2.65259999999999,2.43389999999999,2.85369999999999,2.54490000000001,2.53190000000001,2.39709999999999,2.4238,2.50150000000001,2.48850000000002,2.5478
3.06170000000002,2.92180000000002,3.03339999999999,2.99350000000001,2.74489999999999,2.84820000000001,2.5671,3.0913,2.65490000000001,2.79219999999999,2.88260000000001,2.78710000000001,2.65229999999998,2.93650000000001,3.0119,2.80980000000001,2.88679999999999,2.7752,2.44840000000001,2.666,2.4425,2.8719,2.55630000000001,2.5433,2.4055,2.43310000000001,2.51300000000001,2.50000000000001,2.5612
3.07740000000001,2.93560000000002,3.0491,3.00880000000002,2.7564,2.8616,2.57589999999999,3.10940000000001,2.66570000000002,2.80559999999998,2.89790000000001,2.80090000000001,2.66379999999998,2.95370000000001,3.03099999999999,2.82510000000002,2.904,2.79049999999999,2.45700000000001,2.6794,2.4511,2.89009999999999,2.56770000000002,2.5547,2.4139,2.44239999999999,2.52450000000002,2.51150000000001,2.57459999999999
3.09310000000001,2.94940000000001,3.06480000000001,3.02410000000002,2.7679,2.875,2.5847,3.1275,2.67650000000002,2.81899999999999,2.91320000000002,2.81470000000002,2.67529999999999,2.97090000000001,3.0501,2.8404,2.92119999999998,2.8058,2.46559999999999,2.69279999999999,2.4597,2.90829999999998,2.57910000000001,2.56609999999999,2.42230000000001,2.4517,2.53600000000002,2.52300000000001,2.58799999999999
3.1088,2.96320000000001,3.08049999999999,3.0394,2.7794,2.88839999999999,2.59349999999999,3.1456,2.68729999999999,2.83239999999999,2.92850000000001,2.82850000000001,2.68680000000001,2.98810000000002,3.0692,2.85570000000001,2.93839999999999,2.8211,2.4742,2.7062,2.4683,2.92649999999999,2.59049999999999,2.5775,2.4307,2.461,2.54750000000001,2.53450000000001,2.60139999999998
3.12450000000001,2.97700000000002,3.0962,3.05470000000001,2.79089999999999,2.90179999999999,2.60229999999999,3.16370000000001,2.6981,2.8458,2.94380000000001,2.84230000000001,2.6983,3.00530000000002,3.08829999999999,2.87100000000001,2.9556,2.8364,2.4828,2.7196,2.4769,2.9447,2.6019,2.58890000000001,2.4391,2.47030000000001,2.55900000000001,2.54600000000001,2.6148
3.14020000000001,2.99080000000001,3.11190000000001,3.07000000000001,2.80239999999999,2.9152,2.61109999999999,3.1818,2.7089,2.8592,2.95910000000002,2.85610000000001,2.7098,3.02250000000002,3.1074,2.88630000000002,2.97279999999999,2.85169999999999,2.4914,2.733,2.4855,2.96289999999999,2.6133,2.6003,2.44750000000001,2.4796,2.57050000000002,2.5575,2.62819999999999
3.15590000000002,3.00460000000001,3.12759999999999,3.0853,2.81389999999999,2.92859999999999,2.61989999999999,3.1999,2.7197,2.87259999999999,2.9744,2.8699,2.7213,3.03970000000001,3.12650000000001,2.90160000000002,2.98999999999999,2.867,2.5,2.74639999999999,2.49409999999999,2.9811,2.6247,2.61170000000001,2.4559,2.48890000000002,2.58200000000001,2.56900000000002,2.6416
3.17160000000001,3.01840000000001,3.1433,3.10060000000001,2.82539999999999,2.94199999999999,2.62869999999999,3.218,2.73050000000001,2.886,2.98970000000001,2.88370000000002,2.7328,3.05690000000001,3.14559999999999,2.91690000000003,3.0072,2.8823,2.5086,2.7598,2.50269999999999,2.99929999999999,2.6361,2.62309999999999,2.46430000000001,2.4982,2.59350000000002,2.58050000000001,2.65499999999999
3.18730000000001,3.0322,3.15899999999999,3.11590000000001,2.83689999999999,2.95539999999998,2.63749999999999,3.23610000000001,2.74130000000001,2.8994,3.00500000000001,2.89750000000001,2.7443,3.07410000000002,3.1647,2.93220000000001,3.0244,2.8976,2.5172,2.7732,2.51130000000001,3.01749999999998,2.64750000000001,2.6345,2.4727,2.50750000000001,2.60500000000002,2.59200000000001,2.66839999999999
3.20300000000002,3.04600000000001,3.17469999999999,3.13120000000001,2.8484,2.96879999999999,2.6463,3.2542,2.7521,2.9128,3.02030000000002,2.91130000000001,2.75579999999999,3.09130000000002,3.18380000000001,2.94750000000001,3.04159999999999,2.91290000000001,2.5258,2.78659999999999,2.51989999999999,3.03569999999999,2.6589,2.6459,2.48110000000001,2.5168,2.6165,2.60350000000001,2.6818
3.21870000000001,3.05980000000001,3.1904,3.14650000000002,2.8599,2.98219999999999,2.6551,3.2723,2.7629,2.92619999999999,3.03560000000002,2.92510000000001,2.76729999999999,3.10850000000002,3.20289999999999,2.96280000000002,3.05879999999999,2.92819999999999,2.53439999999999,2.79999999999998,2.52849999999999,3.0539,2.6703,2.65730000000001,2.48949999999999,2.5261,2.62800000000001,2.61500000000001,2.6952
3.23440000000002,3.07360000000001,3.20609999999999,3.16180000000001,2.87139999999999,2.9956,2.6639,3.29040000000001,2.77370000000001,2.93959999999998,3.05090000000001,2.9389,2.77879999999999,3.12570000000002,3.22199999999999,2.97810000000001,3.07599999999999,2.94349999999999,2.54299999999999,2.81339999999999,2.5371,3.07209999999999,2.68170000000001,2.66870000000002,2.49789999999999,2.53540000000001,2.63950000000001,2.62650000000001,2.7086
3.25010000000002,3.08740000000002,3.22179999999999,3.17710000000002,2.88289999999999,3.009,2.67270000000001,3.3085,2.78450000000001,2.95299999999999,3.06620000000002,2.95270000000002,2.79029999999999,3.14290000000001,3.24109999999999,2.99340000000002,3.0932,2.95879999999998,2.55159999999999,2.82679999999999,2.5457,3.09029999999998,2.6931,2.6801,2.5063,2.54469999999999,2.65100000000001,2.63800000000002,2.72199999999999
3.26580000000001,3.10120000000002,3.23749999999998,3.19240000000002,2.89439999999999,3.02239999999999,2.6815,3.3266,2.79530000000001,2.96639999999999,3.08150000000002,2.96650000000001,2.80179999999999,3.16010000000001,3.2602,3.0087,3.1104,2.97409999999999,2.56019999999999,2.84019999999998,2.5543,3.10849999999998,2.70450000000001,2.6915,2.51469999999999,2.554,2.66250000000001,2.64950000000002,2.7354
3.28150000000002,3.11500000000001,3.25319999999999,3.20770000000002,2.9059,3.03579999999999,2.69030000000001,3.3447,2.80610000000001,2.9798,3.09680000000003,2.98030000000001,2.81329999999998,3.17730000000002,3.27929999999999,3.02400000000002,3.12759999999999,2.98939999999999,2.5688,2.85359999999999,2.5629,3.12669999999999,2.7159,2.7029,2.5231,2.5633,2.67400000000002,2.66100000000002,2.74879999999999
3.2972,3.12880000000003,3.2689,3.22300000000001,2.91739999999999,3.04919999999998,2.6991,3.36280000000001,2.81690000000002,2.99319999999999,3.11210000000001,2.99410000000002,2.82479999999998,3.19450000000001,3.29839999999999,3.03930000000001,3.1448,3.00469999999999,2.5774,2.86699999999999,2.5715,3.14489999999999,2.72730000000001,2.71430000000001,2.53149999999999,2.57260000000001,2.6855,2.67250000000003,2.76219999999999
3.31290000000001,3.14260000000002,3.28460000000001,3.23830000000001,2.92889999999998,3.0626,2.7079,3.38090000000003,2.82770000000001,3.00659999999999,3.12740000000001,3.00790000000002,2.83629999999998,3.21170000000002,3.3175,3.05460000000002,3.16199999999999,3.01999999999998,2.586,2.88039999999999,2.5801,3.16309999999999,2.73870000000001,2.7257,2.53989999999999,2.5819,2.69700000000002,2.68400000000001,2.77559999999998
3.32860000000002,3.15640000000002,3.30029999999999,3.25360000000003,2.9404,3.07600000000001,2.7167,3.399,2.83850000000001,3.02,3.1427,3.02170000000001,2.84779999999999,3.22890000000002,3.33659999999999,3.06990000000002,3.17919999999999,3.03529999999999,2.59459999999999,2.89379999999998,2.58869999999999,3.18129999999999,2.7501,2.73710000000001,2.5483,2.59120000000001,2.70850000000002,2.69550000000001,2.789
3.34430000000003,3.17020000000002,3.31599999999997,3.2689,2.95189999999997,3.08940000000001,2.7255,3.4171,2.8493,3.0334,3.15800000000002,3.03550000000001,2.8593,3.24610000000001,3.35569999999998,3.08520000000003,3.1964,3.05059999999999,2.60319999999999,2.90719999999999,2.59729999999999,3.19949999999999,2.7615,2.74850000000001,2.55669999999999,2.6005,2.72000000000001,2.70700000000002,2.80239999999999
3.36000000000001,3.18400000000003,3.33169999999998,3.28420000000003,2.96340000000001,3.1028,2.7343,3.43520000000001,2.86009999999999,3.04679999999999,3.17330000000001,3.04930000000002,2.8708,3.26330000000004,3.37479999999999,3.10050000000003,3.21359999999999,3.06589999999998,2.61179999999999,2.92059999999999,2.60590000000001,3.21769999999998,2.77289999999999,2.7599,2.5651,2.60980000000001,2.73150000000001,2.71850000000002,2.8158
3.37570000000002,3.19780000000003,3.34739999999999,3.29950000000002,2.97489999999999,3.11619999999999,2.7431,3.45329999999998,2.87090000000001,3.06020000000001,3.18860000000001,3.06310000000002,2.88229999999999,3.28050000000002,3.3939,3.11580000000004,3.23079999999999,3.0812,2.62039999999999,2.93399999999998,2.61449999999999,3.23589999999999,2.7843,2.77130000000001,2.5735,2.6191,2.74300000000002,2.73000000000002,2.82919999999999
3.3914,3.21160000000003,3.3631,3.31480000000002,2.98639999999997,3.12960000000001,2.75189999999998,3.47139999999999,2.8817,3.0736,3.2039,3.07689999999999,2.8938,3.29770000000002,3.41300000000001,3.1311,3.24800000000002,3.09649999999999,2.62899999999999,2.9474,2.62309999999999,3.25409999999998,2.7957,2.78270000000001,2.58189999999999,2.62840000000001,2.75450000000002,2.74150000000002,2.84259999999999
3.40710000000001,3.22540000000001,3.37880000000001,3.33010000000002,2.99789999999999,3.143,2.76069999999999,3.48949999999999,2.89250000000001,3.08699999999999,3.2192,3.0907,2.90529999999998,3.31490000000002,3.43210000000002,3.1464,3.26519999999999,3.11179999999999,2.63759999999999,2.96079999999998,2.63169999999998,3.2723,2.80709999999999,2.79410000000001,2.5903,2.63770000000001,2.76600000000002,2.75300000000001,2.85599999999998
3.4228,3.23920000000001,3.39449999999997,3.34540000000004,3.00939999999997,3.15639999999999,2.76949999999999,3.50760000000002,2.9033,3.10039999999998,3.23450000000003,3.10450000000003,2.91679999999999,3.33210000000003,3.45119999999997,3.16170000000002,3.2824,3.12710000000001,2.64619999999999,2.9742,2.6403,3.29049999999998,2.81850000000003,2.80549999999999,2.59870000000001,2.64700000000001,2.77750000000003,2.76450000000001,2.8694
3.4385,3.25300000000001,3.41019999999997,3.36070000000001,3.02090000000001,3.16979999999998,2.7783,3.5257,2.91410000000002,3.1138,3.24980000000002,3.11830000000003,2.92829999999998,3.3493,3.47029999999998,3.17700000000002,3.29959999999997,3.14239999999998,2.65479999999999,2.98759999999999,2.6489,3.30869999999999,2.82990000000001,2.8169,2.6071,2.65630000000002,2.78900000000003,2.77600000000002,2.8828
