11253,10976,10690,10415,10139,9864.9,9596.9,9304.4,9030,8754.8,8479.5,8210,7919.9,7645.8,7370.8,7106.3,6823.5,6517.9,6256.8,6165.7,6092.8,5902.6,5629.7,5362,5071.5,4797.7,4524,4253.6,3967.3
11320,11040,10759,10483,10208,9932.5,9660.8,9372,9097.7,8822.4,8547.2,8273.3,7987.6,7712.9,7437.9,7169.6,6886.8,6580.6,6319.6,6232.1,6155.5,5969,5695.5,5424.7,5137.3,4863.5,4589.8,4315.7,4032.5
11388,11105,10827,10551,10276,10000,9724.7,9439.7,9164.9,8890.1,8614.8,8336.6,8055.2,7779.9,7504.9,7232.9,6949.9,6643.3,6382.3,6298.5,6218.3,6035.4,5761.4,5487.4,5203.1,4929.4,4655.6,4377.9,4097.7
11456,11170,10894,10619,10344,10068,9788.6,9507.4,9232.1,8957.7,8682.5,8400.2,8122.8,7846.9,7571.9,7296.2,7012.8,6706.6,6445,6364.9,6281,6101.8,5827.2,5550.2,5268.9,4995.2,4720.8,4439.7,4163.2
11523,11238,10962,10687,10412,10136,9852.5,9575,9299.8,9025.4,8747.6,8464.8,8189.8,7914.5,7639.2,7359.5,7079.8,6772.3,6509,6431.5,6343.9,6168.2,5893.5,5612.9,5334.7,5061,4786.9,4502.7,4229
11591,11306,11030,10754,10479,10203,9917.9,9642.7,9367.4,9092.7,8810.9,8531.8,8256.8,7981.8,7706.8,7422.8,7146.8,6839.3,6576,6498.5,6410.3,6235.2,5959.9,5675.9,5401.2,5126.8,4853.1,4568.5,4294.8
11659,11373,11097,10822,10547,10271,9985.6,9709.7,9434.7,9159.7,8874.2,8598.9,8323.9,8048.9,7773.9,7488.9,7213.6,6906.4,6642.4,6565,6477.2,6301.9,6026.4,5742.3,5467.6,5192.8,4918.9,4634.3,4360.2
11726,11441,11165,10890,10614,10338,10053,9777.2,9501.9,9226.7,8940.9,8666.2,8390.9,8115.9,7840.9,7555.6,7280.1,6973.4,6708.9,6631.7,6544.2,6368.3,6093.4,5808.8,5534,5259.2,4984.7,4700.1,4425.6
11795,11508,11233,10957,10681,10406,10123,9844.6,9569.6,9293.7,9008.3,8733.7,8457.9,8182.9,7907.7,7622.1,7347.1,7040,6775.4,6698.7,6611.2,6434.7,6160,5875.2,5600.4,5325.6,5050.9,4766.1,4491.4
11866,11579,11302,11024,10748,10473,10194,9911.6,9636.6,9361.2,9076.7,8800.8,8524.9,8249.9,7974.1,7689.1,7414.1,7107.4,6842.4,6765.1,6677.7,6501.1,6226.4,5941.6,5666.8,5392.1,5117.1,4832.5,4557.7
11937,11649,11373,11091,10815,10540,10264,9979.3,9703.6,9428.6,9147.4,8871,8592,8317,8041.1,7756.1,7481.1,7177.5,6912.8,6831.5,6744.1,6567.8,6292.8,6008,5733.2,5458.3,5182.9,4901.6,4624.2
12015,11719,11444,11158,10883,10607,10332,10049,9770.7,9495.7,9218.2,8941.8,8659,8384,8108.2,7824.5,7548.2,7248.2,6983.2,6898.2,6810.7,6634.8,6359.2,6076.9,5799.7,5524.1,5249.3,4971.4,4690.5
12096,11786,11510,11227,10951,10674,10399,10120,9837.7,9562.7,9286.9,9011.8,8726,8451,8175.2,7895.2,7618.8,7316.9,7052.7,6965.2,6877.7,6701.2,6426,6147,5866.1,5590.5,5315.7,5040.9,4756.3
12178,11853,11577,11297,11021,10741,10466,10191,9904.7,9629.7,9353.9,9078.2,8796,8518.1,8242.2,7966,7689.2,7383.9,7119.7,7032.2,6948.3,6767.6,6493.1,6217.1,5932.5,5657.2,5382.1,5107.4,4825.5
12262,11929,11645,11368,11091,10808,10533,10257,9974.1,9697.7,9420.9,9145.1,8866.8,8585.1,8309.3,8033.9,7758.3,7450.9,7186.2,7098.8,7018.7,6834.3,6560.1,6284.3,6001.1,5724.9,5448.5,5173.8,4895.3
12347,12010,11715,11435,11160,10875,10600,10324,10045,9768.5,9488,9212.1,8937.1,8651.5,8376.3,8100.5,7824.7,7518,7253,7166.9,7087.8,6901.4,6626.5,6350.9,6071.3,5795,5515.5,5240.2,4964.6
12432,12091,11785,11502,11227,10945,10669,10392,10116,9838.6,9554.7,9279.2,9003.5,8721,8444.6,8167.5,7891.7,7584.7,7320,7237.6,7154.2,6972.1,6695.3,6417.3,6142.1,5865.1,5582.2,5306.6,5031
12516,12175,11857,11569,11293,11016,10739,10463,10182,9906.7,9621.7,9346.2,9070.4,8791.8,8515.4,8238.1,7958.7,7651.7,7387,7308.4,7221.2,7042.9,6765.6,6483.8,6209.5,5933.7,5649.1,5373,5097.9
12601,12260,11931,11639,11362,11085,10809,10533,10249,9973.2,9691.8,9416.2,9138.9,8862.4,8585.5,8308.5,8025.7,7721.8,7457.1,7376.1,7290.3,7112.4,6836.4,6550.7,6276.2,6000.6,5719.2,5442.2,5164.7
12685,12344,12005,11709,11432,11151,10875,10601,10316,10040,9762.4,9486.6,9209.6,8928.8,8653.2,8377.6,8092.8,7792.4,7527.5,7442.8,7361.1,7179.4,6903.6,6619.9,6343.3,6067,5789.8,5512.5,5231.1
12769,12428,12087,11779,11502,11217,10942,10667,10386,10110,9831.2,9556.4,9279.7,8995.2,8719.8,8444,8163.1,7861.5,7597.3,7509.8,7431.9,7245.8,6970.2,6690.6,6413.4,6133.5,5859,5583.1,5297.5
12853,12512,12171,11849,11568,11285,11009,10734,10456,10180,9897.6,9622.8,9347.2,9062.8,8786.8,8511,8233.5,7928.4,7664.3,7580.5,7499.3,7314.6,7036.8,6761.4,6484.1,6200.2,5925.9,5650.2,5366.8
12934,12595,12255,11918,11634,11355,11079,10803,10524,10250,9964,9689.2,9413.6,9132.9,8857.4,8578,8302.9,7994.8,7730.9,7650.9,7566,7384.9,7103.8,6828.8,6553,6267.6,5992.3,5716.7,5437.5
13014,12675,12338,11998,11701,11425,11149,10873,10590,10315,10033,9757.1,9480,9203.7,8927.8,8644.9,8369.3,8061.2,7798.8,7719.9,7632.4,7455.6,7170.9,6895.5,6620,6338.3,6061.5,5783.4,5508.3
13095,12755,12422,12081,11770,11491,11216,10942,10656,10382,10103,9827.2,9546.5,9271.7,8996.9,8711.3,8436.2,8127.9,7869,7786.3,7698.8,7522.9,7239.6,6962.7,6686.4,6409.1,6131.8,5850.4,5575.4
13177,12837,12505,12165,11840,11557,11282,11008,10725,10449,10173,9897.3,9612.9,9338.1,9063.3,8780.9,8504.8,8195.2,7939.7,7853.3,7765.8,7589.6,7309.9,7033.5,6753.3,6478.3,6202.4,5917.4,5642.1
13260,12920,12584,12245,11913,11623,11348,11073,10795,10519,10240,9964.9,9680.4,9404.5,9129.8,8851.4,8574.9,8266,8007.8,7920.3,7834.6,7656.1,7380.6,7104.3,6820.3,6545.3,6269.5,5986.9,5709.7
13342,13003,12664,12324,11989,11692,11417,11139,10865,10589,10306,10031,9750.5,9474.3,9196.2,8921.4,8645,8336.3,8074.6,7987.2,7905.3,7723.2,7448.2,7172.9,6887.7,6612.3,6336.5,6057.7,5780.4
13421,13085,12745,12405,12065,11761,11486,11204,10931,10656,10373,10097,9820.6,9544.4,9262.6,8987.8,8712.2,8405,8141,8053.6,7975.4,7790.2,7514.9,7239.4,6958.5,6679.4,6403.5,6128.5,5851.2
13500,13168,12828,12487,12147,11831,11555,11270,10996,10722,10442,10163,9888.2,9613.6,9329,9054.2,8778.9,8471.4,8207.4,8123.3,8042.6,7858.9,7581.4,7306.4,7029.3,6746.4,6470.6,6195.6,5919.7
13581,13250,12911,12570,12230,11904,11620,11338,11061,10788,10512,10229,9954.1,9679.5,9398.5,9120.6,8845.9,8538.4,8274.3,8193.8,8109.3,7929.2,7648.4,7373.4,7098.4,6813.6,6537.6,6262.6,5986.9
13663,13328,12990,12652,12313,11976,11685,11407,11126,10853,10579,10294,10021,9745.8,9468.3,9187,8912.3,8605,8341.3,8263.8,8176.3,7999.9,7715.5,7440.5,7165.5,6884.4,6604.6,6329.8,6054.6
13745,13407,13069,12730,12392,12053,11750,11476,11192,10919,10644,10360,10086,9811.9,9537.4,9252.8,8978.7,8671.5,8408.3,8330.8,8243.3,8067.5,7782.2,7507.5,7232.5,6955.1,6671.9,6397.5,6122.2
13823,13486,13147,12809,12471,12132,11815,11541,11258,10984,10710,10426,10152,9877.7,9603.8,9319.1,9044.9,8737.9,8474.8,8397.3,8309.9,8134.2,7848.7,7574.5,7299.5,7024.5,6739.5,6464.5,6189.5
13901,13564,13226,12888,12550,12212,11880,11606,11323,11049,10776,10492,10218,9943.5,9669.8,9385.5,9110.7,8804.3,8541.2,8463.7,8376.6,8200.1,7915.7,7641.1,7366.6,7091.6,6806.6,6531.6,6256.7
13980,13642,13304,12967,12629,12290,11953,11671,11388,11115,10841,10557,10284,10009,9734.2,9451.9,9177.1,8870.7,8607.6,8530.2,8443.6,8263.4,7982.8,7707.8,7433.6,7158.6,6873.6,6598.8,6324.4
14057,13720,13382,13045,12707,12369,12032,11736,11453,11180,10906,10623,10349,10075,9796.3,9517.7,9243.5,8937.1,8674,8596.6,8510,8326.3,8049.5,7774.8,7500.6,7223.1,6940.6,6666.4,6391.4
14134,13798,13460,13123,12785,12448,12111,11801,11518,11244,10968,10688,10414,10141,9858.5,9583.5,9310,9003.5,8740.4,8660,8576.4,8390.7,8115.9,7841.8,7567.6,7286.4,7007.6,6733.5,6456.7
14212,13876,13538,13201,12864,12526,12189,11868,11583,11309,11029,10753,10480,10203,9923,9649.5,9376.4,9070,8806.8,8723,8642.8,8457.1,8182.3,7905.7,7633.3,7349.7,7075.3,6800.9,6520.4
14288,13950,13615,13279,12942,12605,12267,11939,11647,11372,11092,10818,10545,10265,9988.9,9715.9,9438.8,9134,8872.5,8786.6,8709.2,8523.5,8249.2,7968.6,7696.6,7416.7,7140.6,6867.5,6583.7
14365,14024,13689,13353,13017,12682,12346,12011,11711,11434,11156,10884,10609,10328,10055,9781.8,9500.9,9196.3,8935.2,8853.1,8772,8589.9,8314.8,8032.1,7759.3,7484.1,7204.3,6931.4,6651
14442,14097,13762,13426,13092,12756,12421,12085,11776,11495,11222,10949,10670,10393,10117,9845.5,9563.1,9259,8998,8919,8834.7,8656.4,8378.1,8099.1,7822.4,7550.4,7267.6,6994.8,6718.6
14515,14173,13836,13500,13166,12830,12495,12159,11840,11559,11284,11013,10732,10459,10179,9907.5,9625.2,9324.3,9060.7,8983.7,8897.4,8722.6,8440.8,8166.1,7885.7,7613.7,7334.5,7058.4,6785.4
14587,14249,13909,13574,13239,12905,12570,12234,11904,11623,11345,11074,10793,10522,10241,9969.1,9687.4,9390.4,9123.3,9046.4,8960.2,8785.3,8503.9,8231.7,7949.1,7677,7401.5,7122.2,6849.3
14660,14326,13982,13648,13313,12979,12644,12308,11972,11687,11407,11135,10854,10584,10303,10031,9749.5,9456,9185.5,9109.1,9022.9,8848.5,8567,8294.4,8012.4,7740.3,7467.7,7185.5,6913.2
14732,14396,14055,13721,13387,13052,12718,12383,12043,11747,11468,11196,10916,10645,10365,10093,9811.7,9514.5,9248.1,9171.5,9085.3,8910.3,8629.7,8357.7,8075.7,7803.6,7531.6,7248.8,6977.1
14805,14465,14128,13794,13460,13124,12791,12457,12114,11808,11528,11257,10977,10704,10426,10154,9873.9,9573,9310.6,9233.8,9147.6,8969.3,8692.5,8418.2,8138.8,7866.9,7594.9,7312.4,7040.8
14876,14534,14201,13867,13534,13194,12861,12528,12187,11870,11589,11318,11038,10761,10487,10213,9935.6,9632.8,9372.8,9296.5,9210.3,9027.9,8755.2,8477.4,8201.5,7930.2,7656,7376.3,7104.1
14944,14606,14270,13938,13606,13263,12931,12599,12262,11934,11649,11377,11098,10819,10549,10271,9997.4,9695,9435.5,9355.8,9269.4,9089,8816.9,8537,8264.8,7993.6,7715.7,7440.2,7164.6
15012,14678,14339,14008,13675,13333,13002,12669,12336,11997,11709,11434,11155,10880,10607,10330,10060,9757.1,9497.8,9414.5,9328.2,9151.7,8875.9,8599.6,8325.9,8055.9,7775.8,7504.1,7224.7
15080,14749,14408,14077,13745,13403,13072,12739,12404,12064,11769,11491,11213,10941,10665,10391,10118,9816.7,9558.8,9473,9387.2,9214.4,8934.9,8662.3,8385.5,8115.5,7836,7565.8,7284.8
15149,14814,14476,14145,13813,13472,13141,12809,12470,12135,11826,11548,11270,11002,10723,10453,10176,9874.8,9617.3,9531.5,9445.7,9273.3,8994,8724.3,8445,8175,7895.8,7625.8,7345
15216,14878,14545,14213,13879,13541,13208,12878,12537,12205,11883,11605,11327,11059,10781,10510,10234,9933.3,9675.8,9590,9504.2,9331.8,9053,8783.9,8504.6,8234.6,7955.4,7685.4,7405.6
15282,14943,14613,14282,13944,13610,13274,12944,12607,12273,11943,11661,11384,11116,10838,10564,10292,9991.3,9731.9,9648.5,9562.7,9389.7,9112.1,8843,8563.9,8294.2,8014.9,7742,7466
15345,15007,14678,14346,14009,13680,13340,13010,12677,12340,12010,11715,11441,11172,10895,10618,10350,10050,9786.3,9707,9621.2,9444.5,9170.6,8900,8622.1,8353.8,8074.5,7798.4,7526.2
15409,15071,14742,14408,14074,13745,13406,13076,12746,12407,12077,11768,11498,11226,10949,10675,10405,10107,9841.2,9765.5,9679.7,9499.8,9229.4,8955.4,8677.5,8410,8132.3,7855.7,7586.3
15471,15135,14806,14469,14139,13810,13471,13142,12809,12473,12142,11822,11555,11279,11003,10732,10459,10162,9895.6,9821.2,9735.8,9554.9,9287.8,9010.7,8733.3,8465.9,8188.5,7915.9,7642.9
15531,15198,14867,14532,14203,13875,13537,13208,12871,12539,12205,11882,11608,11332,11057,10790,10514,10216,9950.2,9875.9,9790.6,9609.7,9342.7,9066,8788.8,8521.7,8244.4,7975.5,7699.3
15591,15262,14927,14596,14264,13937,13600,13272,12934,12605,12268,11941,11661,11386,11110,10840,10568,10269,10005,9930.2,9845.5,9664.6,9397.9,9121.4,8844.3,8577.6,8300.2,8030.7,7755.7
15651,15324,14988,14661,14325,13998,13661,13334,12997,12665,12331,12001,11714,11439,11163,10890,10622,10319,10059,9981,9899.9,9719.4,9451.5,9176.3,8900.1,8633.5,8356.4,8082.9,7812.1
15710,15380,15049,14720,14386,14059,13723,13396,13059,12724,12393,12061,11763,11489,11215,10941,10676,10370,10114,10032,9954.5,9774.1,9502.7,9227.9,8955.6,8687.4,8411.8,8135.6,7868.4
15770,15437,15109,14777,14447,14116,13781,13455,13119,12783,12456,12121,11812,11538,11265,10995,10727,10421,10167,10082,10008,9828.4,9553.9,9279.2,9010.9,8739.4,8464,8188.2,7922.8
15828,15493,15169,14834,14507,14174,13839,13513,13177,12842,12516,12180,11863,11588,11314,11048,10777,10471,10218,10133,10055,9879.7,9605.1,9330.6,9065.4,8791.1,8516.1,8240.8,7975.8
15883,15549,15225,14890,14564,14230,13896,13571,13236,12901,12575,12240,11919,11637,11363,11099,10826,10522,10268,10184,10102,9930.9,9656.3,9382.3,9113.4,8839.7,8568.2,8293.4,8028.4
15939,15605,15281,14947,14618,14284,13954,13626,13292,12959,12634,12299,11975,11686,11413,11145,10873,10572,10317,10233,10151,9981.1,9707.4,9433.4,9161.4,8887.9,8620.4,8346.1,8077.4
15993,15661,15338,15003,14672,14338,14011,13680,13347,13017,12690,12355,12031,11735,11463,11191,10919,10622,10364,10280,10202,10028,9755.2,9482.2,9209.3,8936.2,8672.5,8398.2,8126.2
16045,15713,15387,15058,14725,14392,14068,13735,13402,13076,12745,12411,12087,11781,11509,11238,10965,10672,10411,10327,10252,10075,9802.7,9529.8,9257.3,8984.2,8721.4,8448.5,8175.1
16097,15765,15437,15111,14778,14446,14119,13789,13456,13132,12800,12466,12143,11826,11555,11284,11012,10719,10458,10374,10298,10121,9850.1,9577.8,9305.3,9032.5,8769.9,8497.3,8224
16148,15817,15486,15163,14831,14499,14169,13843,13510,13183,12851,12519,12196,11873,11601,11330,11058,10765,10505,10421,10342,10164,9897.2,9625.3,9353.2,9080.9,8817.6,8546.2,8273.3
16196,15866,15535,15212,14882,14551,14219,13897,13565,13235,12903,12570,12248,11922,11643,11373,11102,10811,10551,10468,10385,10208,9944.7,9673.1,9401.2,9129.3,8862.3,8591.2,8319.8
16245,15914,15584,15258,14932,14601,14270,13946,13615,13284,12954,12622,12300,11971,11685,11415,11145,10854,10594,10511,10428,10251,9988.6,9719.3,9449.2,9177.2,8907.3,8636.1,8364.9
16293,15963,15633,15304,14982,14651,14320,13993,13662,13332,13002,12674,12350,12019,11727,11457,11187,10897,10637,10554,10471,10295,10029,9759.5,9489.9,9220.1,8950.4,8680.3,8410
16339,16009,15680,15350,15029,14700,14370,14040,13710,13379,13049,12725,12398,12068,11769,11496,11227,10938,10679,10597,10514,10338,10069,9799.7,9530.2,9260.9,8991.3,8721.6,8451.8
16385,16055,15726,15397,15072,14743,14414,14085,13756,13426,13097,12777,12447,12116,11811,11535,11267,10977,10719,10636,10554,10378,10109,9840,9570.6,9301.5,9031.9,8762.6,8493.2
16430,16102,15773,15443,15116,14787,14458,14129,13801,13471,13142,12819,12490,12164,11852,11574,11305,11016,10758,10676,10593,10417,10149,9880.1,9611.1,9342.1,9072.8,8803.6,8534.6
16469,16142,15814,15486,15158,14830,14502,14174,13845,13516,13187,12861,12533,12210,11891,11613,11345,11053,10796,10714,10632,10456,10188,9920,9651.4,9382.6,9113.7,8844.7,8575.9
16509,16181,15854,15526,15199,14871,14543,14215,13888,13560,13231,12903,12575,12256,11930,11652,11384,11090,10832,10751,10668,10493,10226,9957.9,9690,9422.3,9154.4,8886,8617.3
16548,16221,15894,15566,15239,14912,14584,14257,13929,13601,13273,12945,12617,12297,11969,11690,11423,11126,10869,10787,10705,10530,10263,9995.1,9727.3,9459.8,9192.3,8924.3,8656.5
16588,16261,15934,15607,15280,14951,14625,14298,13970,13643,13315,12987,12660,12336,12008,11722,11455,11159,10903,10823,10741,10566,10300,10032,9764.9,9497.4,9230.2,8962.4,8694.8
16627,16301,15974,15647,15320,14988,14662,14335,14009,13682,13355,13028,12702,12374,12048,11754,11488,11191,10935,10860,10778,10603,10336,10065,9799,9532.5,9266.2,8999.6,8732.5
16666,16340,16014,15687,15360,15026,14699,14373,14047,13720,13394,13067,12740,12413,12087,11786,11520,11224,10968,10896,10814,10640,10373,10099,9832.5,9566.3,9300,9033.7,8762.8
16699,16374,16048,15723,15397,15063,14737,14411,14085,13758,13432,13105,12779,12452,12126,11818,11553,11257,11001,10926,10844,10671,10406,10132,9866,9600.2,9333.9,9067.9,8793.4
16732,16407,16082,15756,15431,15100,14774,14448,14119,13794,13468,13143,12817,12491,12165,11850,11585,11289,11034,10955,10873,10700,10435,10165,9899.5,9630.2,9364.6,9099.4,8825.6
16765,16440,16115,15790,15465,15137,14812,14486,14154,13828,13503,13178,12852,12526,12200,11882,11615,11320,11066,10984,10903,10730,10465,10199,9933,9660.1,9394.7,9129.5,8859.8
16798,16473,16146,15821,15497,15172,14848,14523,14188,13863,13538,13212,12887,12562,12236,11914,11644,11349,11094,11013,10932,10759,10494,10227,9962.8,9689.9,9424.8,9159.9,8894.3
16831,16507,16176,15851,15527,15202,14878,14554,14223,13895,13570,13246,12921,12596,12271,11946,11673,11378,11124,11042,10961,10788,10524,10253,9988.6,9719.7,9454.8,9186.5,8922.2
16864,16540,16206,15882,15557,15233,14909,14585,14257,13926,13601,13277,12953,12628,12303,11979,11699,11405,11151,11070,10989,10816,10552,10279,10015,9749.5,9484.9,9212.9,8948.7
16890,16566,16236,15912,15588,15262,14938,14615,14291,13957,13633,13309,12984,12660,12335,12011,11724,11430,11177,11095,11014,10842,10578,10308,10041,9776.9,9513,9239.2,8975.3
16917,16593,16266,15942,15618,15289,14966,14642,14319,13988,13664,13338,13014,12690,12367,12043,11749,11455,11202,11121,11040,10867,10604,10337,10067,9802.9,9539.1,9265.5,9001.9
16943,16620,16296,15972,15649,15317,14993,14670,14346,14019,13695,13366,13042,12719,12395,12071,11771,11480,11227,11146,11065,10893,10628,10365,10093,9829,9565.4,9291.8,9028.2
16970,16647,16324,15998,15675,15344,15021,14697,14373,14050,13727,13394,13070,12747,12423,12100,11792,11505,11252,11171,11090,10918,10650,10387,10118,9851.3,9588.4,9318.1,9052.4
16997,16674,16351,16021,15699,15371,15048,14725,14398,14075,13752,13421,13096,12773,12450,12127,11813,11530,11278,11197,11116,10944,10672,10409,10144,9873.6,9610.8,9344.3,9075
17023,16700,16377,16045,15722,15398,15075,14752,14422,14099,13776,13449,13121,12798,12475,12152,11835,11549,11296,11216,11138,10964,10694,10431,10167,9895.8,9633.1,9370.3,9097.5
17046,16724,16398,16069,15746,15424,15100,14777,14446,14123,13801,13477,13145,12823,12500,12177,11856,11567,11315,11234,11160,10982,10716,10453,10186,9918,9655.5,9389.1,9120.1
17070,16747,16418,16092,15770,15447,15120,14798,14470,14147,13825,13499,13170,12847,12524,12200,11878,11585,11333,11252,11181,11000,10738,10475,10204,9940.3,9677.8,9407.8,9142.6
17093,16771,16439,16116,15794,15471,15141,14819,14494,14172,13849,13520,13195,12872,12549,12221,11899,11607,11355,11274,11199,11022,10756,10494,10222,9960.4,9698.5,9426.4,9164.3
17113,16791,16459,16137,15815,15493,15161,14839,14517,14195,13873,13541,13219,12897,12574,12243,11921,11628,11376,11296,11218,11044,10775,10513,10241,9978.9,9717.1,9445,9183.1
17133,16811,16479,16157,15835,15514,15182,14860,14538,14216,13890,13562,13240,12918,12594,12264,11942,11647,11395,11315,11235,11064,10793,10531,10259,9997.3,9735.5,9463.6,9201.9
17152,16831,16499,16178,15856,15534,15202,14881,14559,14237,13908,13583,13261,12939,12611,12286,11964,11661,11410,11329,11249,11078,10811,10545,10277,10016,9751.3,9482.2,9218.5
17169,16848,16520,16195,15874,15552,15223,14900,14578,14257,13926,13604,13282,12961,12629,12307,11985,11675,11424,11344,11263,11093,10829,10560,10296,10034,9766.1,9500.9,9233.4
17186,16865,16540,16212,15891,15569,15244,14917,14595,14274,13947,13621,13300,12978,12647,12325,12004,11690,11439,11358,11278,11107,10846,10575,10313,10052,9780.9,9519.5,9248.3
17203,16882,16560,16229,15908,15587,15264,14934,14613,14291,13968,13639,13317,12996,12665,12343,12022,11704,11453,11373,11292,11122,10860,10589,10328,10067,9795.6,9534.5,9263.3
17220,16899,16574,16246,15925,15601,15280,14951,14630,14307,13986,13656,13334,13013,12682,12361,12040,11718,11467,11387,11307,11136,10875,10604,10343,10082,9810.5,9549.4,9278.3
17237,16916,16587,16263,15942,15615,15294,14969,14647,14321,14000,13674,13348,13027,12700,12379,12054,11733,11482,11401,11321,11151,10887,10619,10357,10095,9825.3,9563.2,9293.1
17253,16932,16601,16280,15959,15629,15308,14986,14665,14335,14014,13691,13362,13041,12718,12397,12068,11747,11496,11416,11336,11165,10898,10633,10372,10106,9840.1,9574.2,9307.9
17266,16946,16615,16294,15973,15642,15321,15001,14677,14349,14028,13707,13376,13055,12734,12413,12083,11761,11511,11430,11350,11179,10909,10648,10387,10117,9854.8,9585.3,9322.8
17280,16959,16628,16308,15987,15656,15335,15014,14688,14363,14042,13721,13390,13070,12749,12423,12097,11772,11521,11441,11361,11190,10920,10659,10399,10128,9867.1,9596.4,9335.7
17293,16972,16642,16321,16000,15670,15349,15028,14698,14377,14056,13735,13404,13084,12763,12434,12111,11783,11532,11452,11372,11201,10931,10670,10409,10139,9878.1,9607.6,9346.9
17303,16982,16656,16331,16011,15684,15360,15039,14712,14388,14068,13747,13416,13096,12775,12446,12124,11794,11543,11463,11383,11211,10942,10681,10420,10150,9889.2,9618.7,9358
17313,16993,16669,16342,16021,15697,15370,15050,14725,14399,14078,13758,13427,13106,12786,12461,12135,11804,11554,11473,11393,11219,10953,10692,10428,10161,9896.8,9629.7,9366.1
17323,17003,16682,16352,16031,15711,15381,15060,14739,14409,14089,13768,13438,13117,12797,12475,12146,11815,11565,11484,11404,11226,10963,10703,10435,10172,9904.1,9640.8,9373.5
17334,17013,16688,16362,16042,15718,15391,15071,14747,14420,14099,13776,13448,13128,12807,12485,12156,11824,11574,11493,11413,11235,10973,10713,10442,10182,9911.5,9651.2,9381.3
17344,17023,16695,16373,16052,15724,15401,15081,14754,14430,14110,13783,13459,13138,12818,12492,12167,11831,11581,11501,11421,11246,10980,10720,10449,10189,9918.8,9658.5,9392.4
17353,17032,16703,16382,16062,15732,15411,15091,14761,14440,14120,13790,13469,13149,12829,12499,12178,11838,11588,11508,11428,11256,10987,10727,10457,10196,9926.2,9665.9,9403.4
17360,17039,16714,16389,16069,15743,15418,15098,14771,14447,14127,13800,13477,13156,12836,12506,12186,11845,11593,11515,11435,11262,10995,10734,10464,10204,9933.5,9673.3,9411.5
17366,17046,16724,16396,16076,15753,15425,15105,14782,14454,14134,13811,13484,13164,12843,12513,12193,11853,11596,11522,11442,11266,11002,10742,10471,10211,9940.9,9680.6,9415.2
17373,17053,16731,16403,16082,15761,15432,15112,14791,14461,14141,13821,13491,13171,12850,12520,12200,11860,11600,11530,11449,11270,11009,10749,10479,10218,9948.2,9688,9418.9
17380,17060,16735,16410,16089,15765,15439,15119,14794,14469,14148,13824,13498,13178,12854,12527,12207,11863,11607,11533,11453,11277,11013,10753,10483,10223,9955.6,9692.6,9425.2
17387,17067,16738,16417,16096,15768,15446,15126,14798,14476,14155,13828,13505,13185,12857,12535,12214,11867,11614,11537,11457,11284,11017,10757,10487,10227,9962.9,9696.3,9432.5
17394,17072,16744,16422,16102,15773,15452,15131,14803,14481,14161,13832,13511,13191,12862,12541,12221,11871,11621,11541,11461,11290,11020,10760,10491,10230,9970.1,9700,9439.8
17401,17075,16751,16425,16105,15780,15455,15135,14810,14485,14165,13839,13515,13195,12869,12544,12224,11874,11624,11544,11464,11294,11024,10764,10498,10234,9973.7,9703.7,9443.6
17408,17079,16758,16429,16109,15787,15459,15139,14817,14488,14168,13846,13518,13198,12876,12548,12228,11878,11628,11548,11468,11298,11028,10768,10505,10237,9977.4,9707.3,9447.2
17410,17082,16762,16432,16112,15792,15462,15142,14822,14492,14172,13852,13522,13202,12882,12552,12232,11881,11631,11551,11471,11301,11031,10771,10510,10241,9980,9711,9450
17410,17086,16766,16436,16116,15796,15466,15146,14825,14495,14175,13855,13525,13205,12885,12555,12235,11885,11635,11555,11475,11305,11035,10775,10510,10245,9980,9714.6,9450
17410,17089,16769,16439,16119,15799,15469,15149,14829,14499,14179,13859,13529,13209,12889,12559,12239,11889,11639,11559,11479,11309,11039,10778,10510,10248,9980,9718.3,9450
17413,17093,16770,16443,16123,15800,15473,15153,14830,14503,14183,13860,13532,13212,12890,12562,12242,11890,11640,11560,11480,11310,11042,10780,10512,10250,9982,9720,9451.9
17416,17096,16770,16446,16126,15800,15476,15156,14830,14506,14186,13860,13536,13216,12890,12566,12246,11890,11640,11560,11480,11310,11046,10780,10516,10250,9985.6,9720,9455.6
17420,17100,16770,16450,16130,15800,15480,15160,14830,14510,14190,13860,13540,13220,12890,12569,12249,11890,11640,11560,11480,11310,11049,10780,10519,10250,9989.3,9720,9459.3
17420,17100,16773,16450,16130,15803,15480,15160,14833,14510,14190,13863,13540,13220,12893,12570,12250,11893,11643,11563,11483,11310,11050,10783,10520,10253,9990,9722.9,9460
17420,17100,16777,16450,16130,15807,15480,15160,14837,14510,14190,13867,13540,13220,12897,12570,12250,11897,11647,11567,11487,11310,11050,10787,10520,10257,9990,9726.5,9460
17420,17100,16780,16450,16130,15810,15480,15160,14840,14510,14190,13870,13540,13220,12900,12570,12250,11900,11650,11570,11490,11310,11050,10790,10520,10260,9990,9730,9460
17424,17100,16780,16454,16130,15810,15484,15160,14840,14510,14190,13870,13540,13220,12900,12570,12250,11900,11650,11570,11490,11314,11050,10790,10520,10260,9990,9730,9460
17427,17100,16780,16457,16130,15810,15487,15160,14840,14510,14190,13870,13540,13220,12900,12570,12250,11900,11650,11570,11490,11317,11050,10790,10520,10260,9990,9730,9460
17429,17100,16780,16459,16130,15810,15489,15160,14840,14510,14190,13870,13540,13220,12900,12570,12250,11900,11650,11570,11490,11319,11050,10790,10520,10260,9990,9730,9460
17426,17100,16780,16456,16130,15810,15486,15160,14840,14510,14190,13870,13540,13220,12900,12570,12250,11900,11650,11570,11490,11315,11050,10790,10520,10260,9990,9730,9460
17422,17100,16780,16452,16130,15810,15482,15160,14840,14510,14190,13870,13540,13220,12900,12570,12250,11900,11650,11570,11490,11312,11050,10790,10520,10260,9990,9730,9460
17420,17100,16778,16450,16130,15808,15480,15160,14838,14510,14190,13868,13540,13220,12898,12570,12250,11898,11648,11568,11488,11310,11050,10788,10520,10258,9990,9728,9460
17420,17100,16775,16450,16130,15805,15480,15160,14835,14510,14190,13865,13540,13220,12895,12570,12250,11895,11645,11565,11485,11310,11050,10784,10520,10254,9990,9724.4,9460
17420,17100,16771,16450,16130,15801,15480,15160,14831,14510,14190,13861,13540,13220,12891,12570,12250,11891,11641,11561,11481,11310,11050,10781,10520,10251,9990,9720.8,9460
17420,17098,16770,16450,16128,15800,15480,15158,14830,14510,14188,13860,13540,13217,12890,12570,12247,11890,11640,11560,11480,11310,11047,10780,10517,10250,9990,9720,9460
17420,17094,16770,16450,16124,15800,15480,15154,14830,14510,14184,13860,13540,13214,12890,12570,12244,11890,11640,11560,11480,11310,11044,10780,10514,10250,9990,9720,9460
17420,17091,16770,16450,16121,15800,15480,15150,14830,14510,14180,13860,13540,13210,12890,12570,12240,11890,11640,11560,11480,11310,11040,10780,10510,10250,9989.9,9720,9459.9
17417,17090,16770,16447,16120,15797,15477,15150,14827,14507,14180,13857,13537,13210,12887,12567,12240,11890,11640,11560,11480,11306,11040,10780,10510,10250,9986.3,9720,9456.3
17414,17090,16770,16443,16120,15793,15473,15150,14823,14503,14180,13853,13533,13210,12883,12563,12240,11890,11640,11560,11480,11303,11040,10780,10510,10250,9982.7,9720,9452.6
17410,17090,16770,16440,16120,15790,15470,15150,14820,14500,14180,13850,13530,13209,12880,12560,12239,11889,11639,11559,11479,11300,11040,10779,10510,10249,9980,9719.1,9450
17410,17086,16766,16440,16116,15790,15470,15146,14820,14500,14176,13850,13530,13206,12880,12560,12236,11886,11636,11556,11476,11300,11040,10776,10510,10245,9980,9715.4,9450
17410,17083,16763,16440,16113,15790,15470,15142,14820,14500,14172,13850,13530,13202,12880,12560,12232,11882,11632,11552,11472,11300,11040,10772,10510,10242,9980,9711.8,9450
17409,17080,16759,16439,16110,15789,15469,15140,14819,14499,14170,13849,13529,13200,12879,12559,12230,11880,11630,11550,11470,11300,11038,10770,10508,10240,9978.2,9710,9448.2
17406,17080,16755,16435,16110,15785,15465,15140,14815,14495,14170,13845,13525,13200,12875,12555,12230,11880,11630,11550,11470,11300,11035,10770,10505,10240,9974.7,9710,9444.6
17402,17080,16752,16432,16110,15782,15462,15140,14812,14492,14170,13842,13521,13200,12871,12551,12230,11880,11630,11550,11470,11300,11031,10770,10501,10240,9971.1,9710,9441
17400,17078,16750,16430,16108,15780,15458,15138,14810,14488,14168,13840,13518,13198,12870,12548,12228,11878,11628,11548,11468,11298,11030,10768,10500,10237,9970,9707.4,9440
17400,17075,16750,16430,16105,15780,15454,15134,14810,14484,14164,13840,13514,13194,12870,12544,12224,11874,11624,11544,11464,11294,11030,10764,10500,10234,9970,9703.8,9440
17400,17071,16750,16430,16101,15780,15451,15131,14810,14481,14161,13840,13511,13191,12870,12541,12221,11870,11620,11540,11460,11290,11030,10760,10500,10230,9970,9700.2,9440
17397,17070,16747,16427,16100,15777,15450,15130,14807,14480,14160,13837,13510,13190,12867,12540,12220,11870,11620,11540,11460,11290,11027,10760,10497,10230,9966.7,9700,9436.6
17394,17070,16744,16424,16100,15774,15450,15130,14803,14480,14160,13833,13510,13190,12863,12540,12220,11870,11620,11540,11460,11290,11023,10760,10493,10230,9963.1,9700,9433
17390,17070,16740,16420,16100,15770,15450,15130,14800,14480,14160,13830,13510,13190,12860,12540,12220,11870,11620,11540,11460,11290,11020,10760,10490,10230,9960,9700,9430
17390,17066,16740,16420,16096,15770,15450,15126,14800,14480,14156,13830,13510,13186,12860,12540,12216,11870,11616,11540,11460,11286,11020,10756,10490,10230,9960,9700,9430
17390,17063,16740,16420,16093,15770,15450,15123,14800,14480,14152,13830,13510,13182,12860,12540,12212,11870,11612,11540,11460,11282,11020,10752,10490,10230,9960,9700,9430
17389,17060,16740,16419,16090,15770,15449,15120,14800,14479,14150,13830,13509,13180,12860,12539,12210,11869,11610,11539,11459,11280,11020,10750,10490,10229,9960,9698.7,9430
17385,17060,16740,16415,16090,15770,15445,15120,14800,14475,14150,13830,13505,13180,12860,12535,12210,11865,11610,11535,11455,11280,11020,10750,10490,10225,9960,9695.1,9430
17382,17060,16740,16412,16090,15770,15442,15120,14800,14472,14150,13830,13502,13180,12860,12532,12210,11862,11610,11532,11452,11280,11020,10750,10490,10222,9960,9691.5,9430
17380,17060,16740,16410,16090,15770,15440,15120,14800,14470,14150,13830,13500,13180,12860,12530,12210,11860,11610,11530,11450,11280,11020,10750,10490,10220,9960,9690,9430
17380,17060,16740,16410,16090,15770,15440,15120,14800,14470,14150,13830,13500,13180,12860,12530,12210,11860,11610,11530,11450,11280,11020,10750,10490,10220,9960,9690,9430
17380,17060,16740,16410,16090,15770,15440,15120,14800,14470,14150,13830,13500,13180,12860,12530,12210,11860,11610,11530,11450,11280,11020,10750,10490,10220,9960,9690,9430
17383,17060,16740,16413,16090,15770,15443,15120,14800,14473,14150,13830,13503,13180,12860,12533,12210,11863,11610,11530,11453,11280,11020,10750,10490,10220,9960,9692.8,9430
17387,17060,16740,16417,16090,15770,15447,15120,14800,14477,14150,13830,13507,13180,12860,12537,12210,11867,11610,11530,11456,11280,11020,10750,10490,10220,9960,9696.3,9430
17390,17061,16740,16420,16091,15770,15450,15120,14800,14480,14150,13830,13510,13180,12860,12540,12210,11870,11610,11530,11460,11280,11020,10750,10490,10220,9960,9699.9,9430
17390,17064,16740,16420,16094,15770,15450,15124,14800,14480,14154,13830,13510,13184,12860,12540,12214,11870,11614,11534,11460,11284,11020,10754,10490,10224,9960,9700,9430
17390,17068,16740,16420,16098,15770,15450,15128,14800,14480,14158,13830,13510,13188,12860,12540,12217,11870,11617,11537,11460,11287,11020,10757,10490,10227,9960,9700,9430
17392,17070,16742,16422,16100,15772,15452,15130,14801,14481,14160,13831,13511,13190,12861,12541,12220,11871,11620,11540,11461,11290,11021,10760,10491,10230,9960.6,9700.6,9430.5
17396,17070,16745,16425,16100,15775,15455,15130,14805,14485,14160,13835,13515,13190,12865,12545,12220,11875,11620,11540,11465,11290,11024,10760,10494,10230,9964.2,9704.1,9434.1
17399,17070,16749,16429,16100,15779,15459,15130,14809,14489,14160,13839,13519,13190,12868,12548,12220,11878,11620,11540,11468,11290,11028,10760,10498,10230,9967.8,9707.7,9437.6
17403,17073,16753,16433,16103,15783,15463,15133,14813,14492,14162,13842,13522,13192,12872,12552,12222,11880,11622,11542,11470,11292,11032,10762,10501,10231,9971.3,9711.2,9441.2
17407,17077,16757,16437,16107,15786,15466,15136,14816,14496,14166,13846,13526,13196,12876,12556,12226,11880,11625,11545,11470,11295,11035,10765,10505,10235,9974.9,9714.8,9444.7
17411,17081,16761,16440,16111,15790,15470,15140,14820,14500,14170,13850,13530,13199,12879,12559,12229,11880,11629,11549,11470,11299,11039,10769,10509,10239,9978.5,9718.4,9448.3
17415,17089,16769,16444,16118,15798,15474,15148,14827,14504,14177,13857,13533,13206,12886,12563,12236,11885,11635,11555,11475,11302,11042,10775,10512,10244,9982,9721.9,9451.8
17418,17096,16776,16448,16126,15805,15478,15155,14835,14507,14184,13864,13537,13214,12893,12567,12243,11893,11642,11562,11482,11306,11046,10782,10516,10251,9985.6,9725.4,9455.3
17424,17104,16782,16453,16133,15811,15483,15162,14841,14512,14192,13871,13541,13221,12901,12570,12250,11900,11650,11570,11490,11310,11050,10789,10519,10258,9989.1,9729,9458.9
17432,17112,16786,16461,16141,15815,15490,15170,14845,14519,14199,13874,13549,13228,12908,12578,12257,11904,11653,11573,11493,11317,11056,10793,10526,10263,9995.3,9732.6,9464.8
17439,17119,16789,16469,16148,15819,15498,15177,14849,14527,14206,13878,13556,13236,12915,12585,12265,11907,11657,11577,11497,11324,11064,10797,10533,10266,10002,9736.1,9471.9
17447,17127,16800,16476,16156,15828,15505,15185,14857,14534,14214,13885,13563,13243,12923,12594,12272,11913,11661,11581,11501,11331,11071,10800,10540,10270,10010,9739.6,9479
17455,17134,16811,16484,16163,15840,15513,15192,14868,14542,14221,13897,13571,13250,12930,12604,12279,11923,11669,11588,11508,11338,11078,10808,10547,10277,10017,9746.3,9486.1
17464,17143,16822,16492,16171,15851,15520,15200,14879,14549,14229,13908,13578,13258,12937,12615,12287,11934,11676,11596,11516,11345,11085,10815,10554,10284,10024,9753.4,9493.1
17475,17155,16829,16504,16183,15858,15532,15211,14887,14560,14239,13919,13588,13268,12947,12624,12296,11945,11683,11603,11524,11353,11092,10822,10562,10292,10031,9760.8,9500.2
17487,17166,16837,16515,16194,15866,15543,15222,14894,14571,14250,13930,13599,13279,12958,12632,12307,11956,11690,11610,11535,11360,11100,10829,10569,10303,10038,9771.4,9507.2
17498,17178,16849,16526,16206,15877,15554,15234,14904,14582,14262,13941,13610,13290,12969,12639,12318,11967,11698,11617,11546,11367,11107,10836,10576,10313,10045,9782,9514.2
17510,17189,16865,16538,16217,15892,15566,15245,14919,14594,14273,13952,13625,13301,12980,12652,12329,11978,11707,11627,11555,11376,11116,10845,10584,10323,10053,9792.5,9521.9
17522,17201,16880,16549,16229,15907,15577,15256,14934,14605,14284,13963,13640,13312,12991,12667,12340,11989,11718,11638,11562,11387,11127,10856,10595,10330,10064,9803.1,9532.5
17538,17217,16892,16565,16243,15919,15591,15270,14949,14618,14297,13976,13654,13324,13003,12682,12351,12000,11729,11649,11569,11398,11137,10867,10606,10337,10074,9813.7,9543
17554,17232,16903,16580,16259,15931,15606,15285,14964,14633,14312,13991,13665,13339,13018,12696,12365,12014,11740,11660,11583,11409,11148,10880,10617,10348,10085,9824.3,9554.6
17569,17248,16918,16595,16274,15944,15622,15300,14979,14648,14327,14006,13676,13353,13032,12711,12380,12029,11751,11670,11597,11420,11159,10894,10627,10362,10096,9834.9,9568.6
17585,17263,16938,16611,16290,15963,15637,15316,14994,14666,14342,14020,13692,13370,13047,12726,12396,12043,11762,11682,11611,11431,11170,10908,10638,10376,10106,9845.5,9582.7
17600,17279,16957,16626,16305,15982,15652,15331,15009,14685,14357,14035,13710,13389,13062,12741,12414,12058,11777,11696,11622,11445,11184,10920,10651,10390,10119,9858,9595.1
17620,17298,16973,16645,16323,16001,15669,15347,15026,14704,14373,14051,13729,13407,13076,12755,12432,12072,11791,11711,11633,11459,11198,10930,10666,10405,10133,9872,9605.7
17640,17318,16989,16664,16342,16020,15688,15367,15045,14723,14395,14069,13748,13426,13097,12772,12450,12090,11806,11726,11646,11475,11213,10942,10680,10419,10148,9886.1,9616.2
17660,17338,17007,16684,16362,16040,15707,15386,15064,14742,14418,14088,13766,13444,13119,12791,12469,12112,11820,11745,11664,11493,11227,10960,10694,10433,10165,9900.2,9631.1
17679,17357,17030,16708,16381,16059,15730,15408,15085,14761,14439,14108,13786,13463,13141,12809,12487,12134,11835,11763,11682,11511,11241,10977,10709,10447,10182,9914.3,9648.6
17699,17377,17054,16731,16400,16078,15753,15431,15108,14780,14458,14131,13808,13486,13159,12831,12509,12156,11852,11779,11700,11527,11257,10995,10724,10462,10200,9928.4,9666.1
17723,17400,17077,16754,16424,16099,15776,15454,15131,14798,14476,14153,13830,13508,13178,12853,12531,12178,11870,11793,11719,11542,11275,11013,10741,10479,10217,9945.6,9683.6
17747,17424,17101,16778,16451,16122,15799,15477,15154,14825,14501,14176,13853,13530,13199,12876,12553,12200,11888,11808,11737,11556,11293,11031,10759,10497,10235,9963.1,9701.1
17773,17449,17125,16802,16478,16146,15823,15500,15177,14851,14528,14198,13875,13553,13225,12902,12578,12222,11912,11828,11755,11576,11313,11049,10778,10516,10253,9980.9,9718.8
17801,17477,17153,16829,16505,16172,15848,15525,15201,14878,14554,14221,13898,13575,13251,12928,12604,12244,11938,11850,11773,11598,11335,11067,10800,10537,10270,10002,9739.5
17829,17505,17181,16857,16533,16199,15876,15551,15228,14905,14581,14251,13924,13600,13277,12954,12630,12267,11963,11872,11791,11619,11357,11085,10821,10558,10288,10023,9760.5
17857,17532,17209,16884,16561,16227,15903,15579,15255,14931,14607,14281,13950,13626,13303,12979,12656,12297,11989,11894,11813,11641,11378,11105,10842,10580,10308,10044,9781.5
17885,17560,17236,16912,16588,16259,15934,15610,15285,14961,14636,14312,13977,13653,13329,13005,12681,12326,12014,11916,11835,11663,11400,11127,10864,10601,10333,10065,9802.5
17917,17590,17265,16940,16615,16290,15965,15641,15316,14991,14667,14342,14007,13683,13358,13034,12710,12355,12041,11941,11858,11685,11421,11148,10885,10622,10357,10086,9823.5
17953,17622,17297,16972,16647,16321,15996,15672,15347,15022,14697,14372,14038,13713,13388,13064,12739,12384,12070,11974,11883,11711,11447,11173,10909,10646,10382,10109,9845.1
17990,17654,17329,17004,16678,16353,16028,15703,15377,15052,14727,14402,14070,13745,13419,13094,12769,12414,12099,12007,11908,11736,11472,11198,10934,10670,10407,10133,9869.4
18023,17690,17364,17038,16711,16385,16059,15734,15408,15083,14758,14433,14104,13778,13453,13127,12802,12446,12131,12039,11938,11761,11497,11224,10959,10695,10432,10158,9893.8
18055,17727,17400,17074,16746,16425,16098,15771,15444,15117,14791,14464,14138,13812,13486,13161,12835,12479,12164,12072,11970,11787,11522,11252,10988,10720,10456,10184,9919.5
18092,17765,17437,17109,16782,16464,16137,15810,15483,15156,14829,14502,14176,13849,13522,13196,12869,12512,12197,12105,12003,11812,11548,11281,11016,10745,10481,10212,9947.5
18133,17805,17477,17150,16821,16501,16176,15849,15522,15194,14867,14540,14213,13886,13560,13233,12906,12549,12233,12141,12039,11840,11575,11310,11045,10770,10506,10240,9975.5
18174,17846,17518,17190,16861,16537,16216,15888,15561,15233,14906,14578,14251,13924,13597,13270,12943,12586,12269,12178,12075,11869,11604,11338,11073,10802,10536,10268,10003
18215,17890,17561,17232,16903,16574,16255,15927,15600,15272,14944,14617,14289,13962,13635,13307,12980,12622,12307,12215,12112,11898,11633,11367,11102,10834,10568,10297,10031
18256,17936,17606,17276,16947,16618,16295,15969,15641,15311,14983,14655,14327,14000,13672,13345,13017,12659,12347,12255,12152,11937,11664,11398,11132,10866,10600,10325,10059
18304,17981,17651,17321,16991,16661,16334,16013,15684,15354,15025,14697,14367,14041,13712,13382,13054,12696,12387,12295,12192,11977,11697,11431,11164,10898,10632,10358,10092
18354,18026,17696,17365,17039,16708,16377,16056,15726,15397,15068,14739,14409,14086,13757,13427,13098,12738,12430,12335,12234,12018,11729,11463,11196,10930,10663,10393,10127
18404,18071,17740,17410,17087,16756,16425,16100,15773,15443,15112,14782,14452,14132,13802,13472,13143,12782,12474,12375,12278,12062,11766,11498,11230,10963,10696,10429,10162
18453,18121,17789,17459,17135,16804,16472,16143,15820,15489,15159,14828,14502,14178,13847,13517,13188,12826,12518,12416,12322,12106,11802,11534,11266,10999,10731,10464,10197
18504,18171,17839,17513,17184,16852,16524,16191,15868,15537,15205,14874,14551,14223,13893,13562,13236,12874,12561,12461,12366,12151,11839,11570,11302,11034,10767,10499,10232
18554,18224,17890,17566,17233,16901,16576,16243,15915,15588,15256,14923,14601,14269,13938,13607,13285,12923,12606,12509,12410,12198,11879,11606,11338,11072,10803,10535,10267
18605,18278,17944,17619,17286,16954,16629,16295,15963,15639,15306,14974,14652,14319,13987,13658,13333,12971,12650,12556,12454,12246,11919,11642,11374,11111,10842,10574,10305
18661,18333,17998,17673,17339,17011,16681,16347,16017,15690,15358,15024,14701,14369,14036,13711,13382,13019,12701,12608,12504,12296,11963,11680,11410,11150,10881,10612,10343
18723,18390,18058,17728,17395,17068,16733,16399,16072,15741,15413,15078,14755,14421,14088,13764,13431,13067,12753,12659,12555,12347,12014,11723,11453,11189,10920,10651,10382
18784,18446,18118,17784,17454,17127,16790,16457,16128,15793,15468,15133,14809,14474,14145,13816,13486,13120,12806,12711,12607,12399,12065,11767,11496,11229,10959,10690,10420
18843,18509,18180,17843,17513,17186,16849,16518,16185,15854,15524,15190,14864,14528,14202,13869,13542,13175,12861,12763,12662,12449,12119,11810,11539,11268,10998,10728,10459
18902,18573,18243,17910,17575,17246,16910,16581,16243,15914,15580,15250,14923,14586,14260,13924,13598,13231,12916,12814,12717,12500,12173,11853,11581,11314,11042,10770,10499
18973,18641,18308,17976,17636,17306,16974,16644,16305,15976,15639,15309,14982,14644,14318,13982,13655,13288,12975,12869,12774,12554,12227,11896,11624,11360,11088,10816,10544
19044,18710,18377,18045,17702,17370,17039,16708,16368,16038,15705,15370,15042,14705,14377,14039,13712,13344,13035,12929,12834,12613,12286,11950,11671,11406,11134,10861,10589
19118,18782,18447,18113,17770,17437,17105,16773,16435,16102,15771,15432,15103,14770,14441,14101,13772,13402,13095,12990,12894,12673,12345,12008,11721,11453,11180,10909,10635
19191,18854,18519,18184,17841,17506,17171,16839,16504,16171,15839,15499,15166,14834,14504,14164,13835,13468,13156,13054,12955,12735,12406,12067,11773,11500,11227,10959,10685
19267,18931,18592,18254,17916,17580,17244,16909,16574,16240,15907,15570,15237,14903,14569,14229,13898,13534,13218,13119,13016,12800,12470,12131,11824,11549,11274,11009,10734
19343,19011,18671,18331,17994,17654,17317,16981,16650,16314,15978,15642,15308,14974,14634,14298,13965,13602,13281,13184,13078,12865,12534,12195,11876,11600,11329,11059,10784
19430,19093,18751,18409,18077,17735,17395,17057,16727,16389,16053,15716,15380,15045,14701,14367,14033,13669,13348,13251,13149,12934,12599,12260,11928,11652,11383,11110,10834
19520,19176,18838,18494,18160,17816,17475,17140,16805,16466,16127,15789,15453,15117,14777,14441,14104,13737,13415,13318,13219,13004,12665,12329,11995,11706,11438,11161,10885
19607,19264,18925,18580,18244,17900,17560,17224,16883,16543,16203,15869,15529,15190,14852,14515,14178,13810,13489,13391,13291,13075,12730,12397,12063,11762,11494,11216,10941
19698,19355,19015,18671,18331,17984,17647,17306,16967,16624,16280,15949,15609,15268,14932,14592,14252,13883,13565,13467,13363,13146,12805,12469,12133,11819,11550,11271,10999
19800,19453,19108,18766,18424,18075,17736,17389,17052,16708,16368,16031,15689,15347,15014,14673,14333,13960,13642,13543,13436,13218,12880,12543,12206,11887,11609,11328,11058
19901,19553,19207,18863,18518,18167,17826,17483,17143,16794,16456,16113,15775,15431,15097,14754,14413,14039,13721,13621,13517,13298,12957,12618,12280,11956,11670,11388,11117
20005,19656,19309,18959,18614,18266,17921,17578,17236,16885,16546,16201,15862,15516,15182,14842,14498,14121,13799,13700,13599,13379,13038,12698,12361,12029,11730,11448,11177
20112,19761,19416,19064,18715,18365,18020,17675,17330,16978,16637,16295,15954,15607,15267,14929,14584,14210,13886,13782,13683,13462,13119,12777,12444,12107,11796,11511,11238
20222,19873,19526,19171,18818,18474,18123,17772,17426,17078,16734,16389,16048,15704,15357,15019,14673,14300,13975,13867,13767,13550,13205,12863,12527,12185,11862,11576,11302
20346,19990,19637,19280,18929,18583,18229,17877,17527,17180,16832,16486,16143,15800,15449,15109,14766,14392,14065,13955,13853,13638,13292,12953,12613,12271,11935,11642,11367
20469,20112,19751,19393,19042,18694,18338,17984,17631,17287,16935,16585,16239,15894,15546,15205,14859,14484,14156,14050,13947,13727,13382,13043,12697,12359,12018,11713,11437
20590,20237,19870,19512,19158,18807,18449,18099,17741,17395,17042,16689,16344,15993,15644,15306,14960,14580,14249,14146,14043,13817,13474,13135,12787,12448,12101,11783,11511
20726,20364,20000,19637,19277,18923,18567,18214,17853,17506,17154,16797,16452,16100,15749,15409,15060,14680,14347,14244,14140,13914,13569,13227,12877,12538,12193,11862,11585
20863,20494,20133,19766,19404,19048,18687,18331,17973,17619,17268,16910,16563,16209,15855,15513,15163,14780,14445,14341,14237,14015,13668,13324,12971,12628,12286,11950,11660
20998,20631,20267,19899,19536,19178,18815,18454,18095,17739,17385,17026,16675,16324,15966,15619,15266,14882,14549,14445,14338,14117,13769,13422,13073,12727,12382,12039,11735
21144,20775,20406,20037,19672,19306,18945,18580,18219,17863,17503,17146,16793,16440,16079,15732,15374,14986,14654,14549,14443,14220,13870,13524,13175,12828,12482,12137,11816
21295,20926,20551,20178,19812,19440,19077,18715,18347,17991,17631,17270,16913,16559,16199,15845,15485,15100,14765,14658,14554,14326,13973,13630,13279,12930,12581,12236,11901
21453,21080,20700,20324,19956,19585,19217,18851,18482,18124,17758,17395,17036,16680,16322,15966,15605,15214,14878,14770,14670,14441,14083,13737,13384,13033,12688,12338,11988
21615,21237,20852,20475,20107,19733,19360,18992,18622,18256,17889,17526,17160,16807,16446,16087,15729,15337,14996,14887,14788,14557,14198,13850,13493,13138,12794,12444,12093
21785,21396,21013,20634,20263,19881,19506,19134,18766,18398,18025,17660,17297,16935,16572,16211,15852,15460,15117,15007,14908,14676,14316,13963,13605,13253,12905,12550,12197
21960,21567,21179,20797,20419,20035,19660,19279,18914,18541,18170,17802,17435,17067,16704,16337,15974,15585,15242,15131,15028,14795,14438,14084,13722,13368,13019,12662,12308
22131,21743,21349,20967,20578,20196,19816,19433,19064,18687,18315,17947,17571,17203,16840,16470,16108,15712,15371,15260,15151,14921,14562,14205,13846,13485,13133,12775,12424
22314,21922,21530,21139,20750,20361,19979,19593,19217,18842,18461,18095,17715,17343,16978,16607,16244,15847,15502,15390,15278,15049,14688,14327,13970,13604,13250,12893,12540
22509,22102,21708,21311,20924,20530,20147,19759,19377,19000,18616,18246,17868,17491,17119,16749,16383,15982,15635,15523,15415,15179,14815,14451,14093,13731,13369,13012,12658
22706,22297,21895,21499,21101,20710,20320,19931,19542,19161,18775,18399,18023,17642,17267,16897,16524,16121,15774,15658,15552,15309,14949,14582,14217,13862,13499,13137,12777
22906,22494,22094,21690,21291,20893,20492,20104,19711,19328,18941,18559,18182,17796,17421,17049,16674,16262,15916,15800,15694,15453,15087,14715,14353,13995,13628,13265,12903
23115,22698,22291,21883,21477,21080,20678,20281,19888,19503,19111,18724,18342,17956,17579,17206,16826,16409,16061,15948,15837,15598,15231,14853,14489,14129,13760,13397,13030
23334,22910,22493,22087,21669,21271,20868,20470,20072,19680,19284,18892,18509,18122,17740,17363,16981,16562,16207,16099,15982,15743,15375,14995,14628,14265,13893,13533,13163
23552,23128,22709,22294,21874,21467,21058,20656,20257,19862,19460,19068,18683,18291,17905,17525,17140,16721,16362,16253,16134,15888,15522,15144,14769,14404,14034,13670,13298
23782,23352,22929,22504,22087,21671,21261,20847,20447,20047,19645,19250,18861,18464,18075,17690,17306,16883,16519,16408,16295,16048,15672,15295,14919,14549,14176,13810,13439
24017,23577,23152,22719,22294,21884,21466,21055,20643,20236,19837,19436,19041,18640,18249,17863,17475,17046,16680,16568,16456,16209,15825,15450,15070,14702,14326,13952,13583
24256,23813,23376,22944,22518,22095,21675,21260,20843,20434,20031,19624,19225,18825,18430,18041,17644,17220,16846,16730,16617,16373,15987,15605,15229,14855,14476,14102,13729
24503,24051,23610,23177,22744,22319,21887,21473,21054,20638,20231,19819,19414,19013,18614,18220,17820,17394,17018,16902,16787,16540,16154,15772,15390,15008,14632,14253,13876
24753,24301,23852,23417,22975,22544,22109,21691,21267,20847,20433,20016,19608,19208,18801,18403,18002,17567,17194,17078,16961,16710,16321,15938,15554,15169,14787,14413,14029
25006,24555,24103,23656,23214,22774,22339,21910,21487,21058,20642,20224,19810,19407,18994,18595,18190,17748,17372,17254,17142,16884,16490,16110,15721,15336,14952,14572,14187
25271,24811,24358,23907,23451,23012,22576,22138,21710,21284,20859,20437,20019,19607,19198,18791,18384,17937,17561,17440,17325,17061,16668,16283,15891,15503,15119,14736,14350
25543,25079,24617,24160,23699,23257,22817,22373,21934,21508,21077,20651,20233,19811,19401,18986,18580,18133,17751,17630,17507,17247,16851,16460,16068,15671,15292,14902,14517
25817,25348,24877,24419,23959,23502,23060,22611,22170,21735,21301,20873,20453,20027,19607,19191,18780,18331,17939,17825,17701,17435,17036,16641,16249,15851,15464,15072,14685
26091,25623,25148,24685,24217,23759,23306,22856,22413,21976,21535,21100,20674,20245,19819,19403,18985,18530,18141,18024,17899,17629,17231,16824,16431,16030,15640,15248,14854
26376,25903,25425,24953,24488,24027,23569,23110,22661,22218,21774,21330,20898,20465,20040,19620,19198,18739,18345,18226,18097,17835,17427,17018,16616,16215,15823,15429,15031
26674,26190,25707,25230,24759,24293,23826,23370,22911,22463,22012,21571,21135,20695,20266,19840,19416,18951,18553,18434,18305,18040,17623,17216,16814,16405,16011,15615,15210
26974,26482,25999,25509,25036,24564,24090,23633,23170,22714,22264,21817,21377,20933,20494,20069,19641,19169,18772,18645,18516,18244,17826,17417,17014,16602,16200,15801,15400
27277,26780,26292,25799,25322,24839,24365,23898,23431,22974,22517,22063,21621,21175,20730,20301,19867,19394,18990,18856,18734,18459,18038,17624,17213,16806,16391,15994,15590
27583,27087,26587,26088,25608,25123,24642,24170,23702,23239,22773,22321,21866,21417,20974,20536,20100,19618,19212,19077,18953,18676,18253,17836,17418,17008,16592,16188,15781
27899,27399,26890,26392,25898,25409,24925,24453,23975,23507,23039,22583,22123,21669,21220,20779,20333,19851,19437,19306,19179,18896,18473,18054,17628,17210,16796,16388,15978
28220,27709,27198,26694,26196,25704,25219,24734,24255,23777,23315,22843,22381,21924,21471,21025,20574,20089,19675,19538,19410,19126,18696,18273,17847,17427,17004,16591,16181
28546,28030,27517,27009,26501,26003,25514,25022,24541,24058,23583,23111,22648,22188,21724,21277,20823,20327,19915,19774,19644,19361,18924,18500,18072,17648,17222,16799,16385
28879,28356,27836,27320,26814,26313,25809,25320,24830,24341,23861,23385,22917,22456,21985,21534,21078,20576,20151,20019,19885,19602,19157,18730,18299,17864,17441,17015,16594
29217,28685,28162,27642,27129,26624,26116,25616,25123,24634,24149,23672,23191,22724,22257,21794,21334,20833,20399,20271,20135,19844,19400,18966,18529,18093,17662,17236,16815
29556,29019,28492,27967,27451,26936,26427,25920,25423,24927,24444,23961,23476,22996,22526,22058,21592,21093,20654,20523,20388,20096,19649,19204,18762,18328,17894,17464,17033
29902,29362,28835,28298,27773,27254,26745,26239,25727,25230,24735,24250,23760,23275,22800,22329,21861,21356,20914,20774,20638,20353,19897,19446,19003,18558,18128,17694,17257
30259,29714,29174,28633,28104,27578,27064,26549,26039,25540,25033,24541,24055,23568,23087,22607,22136,21624,21178,21035,20905,20607,20153,19699,19246,18804,18364,17925,17491
30616,30063,29522,28981,28444,27915,27390,26869,26359,25853,25343,24840,24350,23858,23369,22891,22414,21892,21452,21305,21169,20865,20409,19952,19492,19049,18601,18160,17723
30978,30419,29874,29325,28784,28255,27725,27200,26679,26170,25656,25148,24650,24151,23664,23182,22694,22167,21720,21581,21436,21136,20674,20209,19749,19296,18846,18405,17959
31348,30789,30230,29676,29131,28594,28062,27531,27006,26486,25969,25466,24963,24457,23958,23472,22981,22448,22000,21859,21712,21407,20942,20472,20015,19559,19099,18651,18209
31720,31157,30598,30044,29488,28943,28402,27864,27339,26815,26292,25779,25269,24768,24261,23764,23280,22741,22284,22137,21996,21686,21215,20740,20281,19817,19360,18903,18453
32102,31532,30968,30401,29848,29296,28747,28213,27676,27148,26621,26099,25587,25083,24569,24068,23580,23031,22566,22426,22278,21971,21490,21016,20545,20081,19623,19161,18706
32488,31914,31341,30767,30212,29655,29103,28559,28020,27487,26950,26427,25909,25397,24882,24375,23882,23330,22861,22720,22570,22260,21773,21292,20821,20350,19889,19421,18962
32879,32295,31722,31143,30580,30012,29462,28907,28361,27828,27289,26762,26235,25719,25197,24696,24190,23633,23164,23016,22872,22550,22060,21578,21103,20623,20157,19692,19228
33278,32683,32103,31524,30952,30386,29828,29269,28718,28173,27635,27101,26568,26048,25523,25007,24496,23943,23466,23314,23168,22843,22357,21870,21386,20906,20428,19962,19492
33680,33080,32490,31911,31331,30765,30192,29632,29074,28527,27985,27447,26906,26383,25854,25333,24816,24257,23771,23623,23474,23142,22650,22157,21670,21192,20711,20230,19760
34083,33478,32893,32298,31719,31140,30566,30001,29438,28888,28334,27793,27249,26718,26186,25662,25140,24568,24087,23936,23788,23451,22953,22455,21965,21479,20995,20510,20035
34488,33887,33290,32695,32100,31531,30951,30376,29811,29250,28692,28146,27594,27061,26524,25991,25467,24896,24404,24250,24102,23762,23265,22760,22261,21771,21284,20799,20322
34910,34300,33694,33092,32497,31918,31335,30756,30191,29614,29058,28502,27953,27406,26867,26328,25803,25221,24733,24574,24419,24084,23575,23070,22568,22075,21580,21093,20604
35333,34718,34107,33499,32899,32310,31725,31141,30566,29987,29427,28859,28312,27762,27215,26675,26137,25555,25055,24900,24744,24408,23894,23379,22876,22375,21884,21387,20893
35757,35139,34524,33910,33302,32711,32112,31528,30949,30369,29799,29229,28676,28120,27569,27022,26477,25891,25387,25228,25071,24738,24211,23697,23189,22679,22187,21687,21188
36185,35558,34942,34328,33720,33119,32514,31924,31339,30754,30176,29609,29042,28479,27925,27377,26828,26235,25724,25566,25411,25071,24544,24020,23507,22993,22492,21991,21493
36621,35991,35372,34748,34134,33526,32921,32326,31733,31141,30561,29987,29412,28845,28289,27732,27182,26582,26068,25912,25751,25403,24873,24350,23825,23317,22804,22296,21796
37061,36429,35801,35174,34552,33940,33333,32723,32131,31538,30946,30369,29795,29225,28656,28092,27538,26937,26420,26254,26091,25744,25211,24682,24156,23635,23116,22606,22104
37514,36869,36239,35601,34975,34357,33751,33130,32535,31937,31340,30753,30177,29602,29022,28460,27903,27289,26774,26606,26442,26093,25553,25014,24489,23964,23439,22926,22420
37955,37309,36678,36039,35411,34784,34169,33547,32941,32341,31745,31147,30566,29986,29401,28835,28273,27654,27125,26967,26796,26445,25901,25355,24826,24295,23767,23250,22736
38418,37758,37118,36473,35848,35214,34592,33970,33354,32748,32149,31552,30958,30372,29794,29214,28647,28019,27486,27327,27157,26802,26253,25703,25169,24632,24101,23576,23060
38874,38220,37567,36921,36283,35644,35021,34393,33776,33160,32560,31947,31357,30763,30180,29601,29021,28397,27860,27691,27522,27158,26605,26060,25515,24971,24439,23908,23391
39334,38677,38022,37370,36729,36091,35454,34821,34199,33582,32967,32356,31761,31169,30569,29984,29408,28771,28229,28063,27892,27530,26965,26413,25868,25321,24783,24247,23719
39807,39140,38480,37824,37174,36534,35887,35254,34621,34009,33384,32776,32168,31571,30971,30381,29791,29158,28612,28436,28269,27897,27333,26777,26220,25670,25132,24585,24057
40283,39609,38942,38283,37632,36977,36333,35694,35060,34437,33809,33191,32582,31975,31369,30774,30183,29545,28995,28816,28647,28270,27707,27145,26580,26027,25477,24935,24399
40752,40082,39412,38738,38086,37435,36785,36137,35503,34865,34242,33611,33002,32387,31781,31180,30585,29929,29383,29204,29033,28653,28081,27515,26948,26388,25835,25285,24743
41238,40558,39886,39210,38550,37889,37238,36588,35946,35302,34669,34045,33427,32806,32193,31583,30983,30331,29774,29592,29420,29041,28461,27894,27318,26753,26200,25648,25092
41723,41037,40356,39684,39014,38352,37692,37041,36391,35751,35112,34480,33852,33228,32612,32005,31390,30731,30166,29990,29812,29434,28844,28268,27698,27127,26566,26008,25454
42208,41527,40837,40158,39479,38817,38149,37492,36844,36194,35554,34911,34280,33657,33034,32413,31802,31135,30570,30387,30207,29827,29232,28657,28080,27500,26932,26369,25813
42705,42012,41320,40636,39955,39291,38622,37951,37303,36647,36002,35359,34717,34092,33457,32835,32219,31552,30979,30794,30611,30229,29629,29049,28464,27884,27308,26741,26182
43205,42502,41816,41120,40440,39760,39087,38423,37763,37106,36450,35801,35158,34527,33891,33267,32641,31964,31384,31201,31018,30631,30031,29441,28852,28272,27692,27120,26554
43706,43003,42300,41608,40925,40244,39570,38894,38221,37564,36909,36248,35600,34964,34329,33691,33073,32390,31802,31618,31437,31044,30443,29839,29239,28659,28075,27499,26928
44212,43502,42800,42103,41412,40729,40039,39366,38693,38030,37367,36711,36051,35410,34771,34138,33505,32812,32225,32035,31854,31456,30850,30245,29645,29052,28467,27883,27307
44721,44008,43299,42597,41900,41209,40524,39843,39172,38502,37825,37165,36513,35855,35215,34571,33932,33247,32654,32467,32283,31877,31262,30657,30049,29453,28859,28269,27691
45234,44513,43804,43101,42395,41702,41012,40322,39648,38967,38299,37627,36971,36315,35663,35023,34375,33679,33084,32895,32708,32299,31683,31069,30457,29853,29255,28665,28077
45751,45023,44314,43604,42897,42195,41502,40816,40129,39442,38768,38100,37434,36773,36116,35466,34817,34114,33513,33331,33138,32731,32105,31484,30875,30265,29662,29070,28475
46273,45545,44824,44114,43400,42695,42006,41305,40615,39931,39247,38573,37906,37236,36570,35920,35269,34565,33954,33763,33575,33158,32536,31912,31291,30675,30072,29477,28872
46792,46062,45348,44629,43911,43206,42497,41803,41102,40420,39730,39046,38374,37707,37038,36381,35722,35009,34398,34205,34018,33600,32964,32337,31715,31097,30481,29882,29277
47327,46585,45867,45143,44423,43706,43005,42302,41601,40905,40210,39535,38847,38183,37503,36836,36184,35465,34845,34652,34455,34041,33403,32772,32144,31521,30903,30290,29680
47853,47118,46386,45661,44941,44223,43509,42801,42100,41405,40704,40013,39329,38658,37978,37313,36647,35917,35296,35104,34904,34494,33846,33208,32576,31952,31321,30710,30098
48385,47648,46916,46191,45455,44732,44018,43304,42597,41898,41202,40502,39812,39134,38456,37778,37110,36377,35753,35562,35367,34936,34297,33656,33015,32384,31752,31134,30515
48927,48181,47445,46713,45978,45253,44537,43813,43100,42402,41695,41000,40305,39616,38938,38259,37582,36848,36213,36018,35824,35392,34744,34095,33452,32817,32185,31553,30942
49469,48722,47978,47242,46505,45776,45051,44326,43619,42907,42197,41493,40803,40109,39421,38733,38055,37315,36683,36486,36288,35859,35193,34547,33898,33260,32627,31994,31368
50012,49265,48517,47775,47038,46302,45576,44855,44131,43410,42703,41997,41296,40601,39906,39217,38538,37787,37150,36947,36754,36316,35661,34996,34355,33707,33068,32426,31795
50565,49808,49060,48313,47571,46835,46104,45369,44644,43924,43213,42500,41794,41094,40399,39710,39020,38268,37630,37424,37227,36786,36123,35463,34806,34158,33510,32868,32236
51120,50355,49608,48856,48108,47368,46628,45892,45166,44448,43726,43009,42301,41590,40894,40202,39507,38751,38102,37901,37693,37260,36593,35919,35265,34610,33952,33314,32672
51668,50906,50156,49404,48651,47904,47156,46424,45689,44971,44239,43521,42809,42097,41397,40697,40000,39236,38587,38378,38173,37736,37060,36392,35723,35069,34413,33755,33113
52231,51465,50707,49944,49192,48447,47699,46952,46222,45489,44759,44040,43322,42609,41899,41193,40493,39729,39077,38865,38663,38216,37540,36863,36199,35534,34870,34221,33563
52798,52018,51255,50496,49745,48982,48235,47495,46748,46018,45289,44556,43833,43122,42405,41697,40990,40225,39567,39352,39143,38709,38016,37337,36661,35997,35331,34673,34023
53358,52585,51815,51046,50289,49532,48780,48030,47290,46544,45815,45079,44356,43632,42914,42210,41493,40718,40056,39849,39645,39191,38503,37819,37139,36473,35797,35133,34476
53925,53152,52376,51614,50845,50077,49326,48568,47826,47086,46348,45601,44877,44155,43434,42715,41999,41223,40548,40345,40131,39686,38986,38300,37616,36944,36268,35603,34936
54494,53713,52941,52168,51399,50637,49882,49120,48363,47622,46881,46140,45405,44670,43945,43224,42512,41727,41058,40848,40630,40178,39489,38786,38104,37421,36745,36065,35405
55071,54286,53506,52732,51965,51192,50430,49670,48908,48169,47421,46676,45936,45201,44475,43745,43029,42240,41565,41343,41135,40679,39982,39286,38590,37907,37225,36548,35876
55643,54865,54075,53301,52524,51751,50987,50226,49464,48712,47960,47218,46472,45730,45005,44265,43545,42755,42074,41860,41643,41175,40485,39780,39082,38388,37711,37022,36347
56225,55442,54642,53870,53086,52313,51539,50775,50014,49254,48504,47754,47009,46268,45528,44791,44062,43273,42585,42366,42149,41685,40988,40280,39577,38885,38193,37501,36825
56807,56015,55226,54443,53658,52882,52114,51341,50570,49805,49046,48300,47549,46806,46056,45328,44588,43787,43101,42887,42667,42206,41492,40785,40076,39381,38682,37994,37306
57391,56596,55815,55019,54233,53451,52667,51901,51128,50365,49596,48845,48095,47343,46588,45853,45114,44314,43628,43403,43183,42718,41997,41289,40581,39872,39178,38486,37794
57990,57184,56389,55598,54809,54021,53236,52469,51696,50925,50152,49401,48640,47885,47137,46385,45650,44842,44148,43924,43710,43243,42520,41803,41083,40378,39669,38977,38284
58588,57773,56977,56175,55379,54603,53815,53032,52256,51484,50711,49950,49189,48432,47681,46930,46180,45378,44671,44447,44236,43764,43040,42319,41599,40888,40182,39481,38777
59186,58362,57566,56761,55966,55175,54387,53602,52827,52050,51276,50505,49742,48984,48222,47472,46726,45908,45202,44984,44766,44289,43555,42831,42110,41389,40685,39981,39278
59785,58950,58154,57345,56554,55756,54968,54181,53388,52612,51839,51069,50301,49536,48773,48027,47266,46452,45741,45513,45296,44814,44082,43352,42635,41914,41194,40482,39778
60383,59539,58743,57929,57139,56340,55543,54761,53965,53185,52402,51630,50860,50088,49331,48576,47815,46991,46278,46053,45832,45346,44611,43878,43155,42424,41704,40989,40285
60982,60127,59331,58514,57723,56925,56132,55338,54543,53752,52981,52199,51419,50649,49883,49119,48364,47538,46821,46593,46372,45886,45142,44408,43675,42943,42226,41507,40795
61580,60716,59920,59098,58307,57509,56731,55919,55124,54335,53553,52760,51991,51218,50443,49678,48913,48087,47363,47135,46911,46426,45682,44938,44205,43472,42748,42020,41305
62178,61304,60509,59682,58891,58093,57329,56494,55723,54910,54122,53335,52559,51779,51004,50237,49466,48630,47915,47681,47460,46967,46221,45478,44735,44002,43268,42543,41821
62777,61893,61097,60266,59475,58677,57928,57068,56321,55484,54704,53917,53130,52353,51575,50799,50032,49185,48467,48230,48004,47517,46762,46017,45274,44532,43792,43066,42335
63375,62482,61686,60850,60059,59261,58526,57643,56919,56059,55279,54491,53711,52925,52137,51361,50588,49744,49017,48789,48561,48068,47313,46557,45813,45069,44326,43592,42860
63973,63070,62274,61434,60643,59845,59124,58217,57518,56633,55853,55077,54286,53496,52709,51933,51154,50311,49581,49343,49115,48620,47863,47099,46356,45609,44865,44127,43390
64572,63659,62863,62018,61227,60429,59723,58792,58116,57208,56428,55665,54861,54071,53283,52503,51725,50867,50143,49912,49674,49172,48407,47658,46904,46153,45402,44661,43924
65170,64247,63451,62602,61812,61013,60321,59367,58715,57782,57002,56254,55435,54655,53865,53078,52301,51434,50698,50472,50236,49736,48976,48210,47449,46695,45944,45200,44457
65769,64836,64040,63187,62396,61598,60919,59941,59313,58357,57577,56843,56010,55239,54448,53653,52866,52006,51265,51029,50801,50297,49528,48764,48000,47241,46492,45738,44997
66367,65424,64628,63771,62980,62182,61518,60516,59911,58931,58151,57431,56584,55823,55032,54234,53444,52576,51836,51602,51367,50859,50084,49325,48549,47795,47029,46281,45534
66965,66013,65217,64355,63564,62766,62116,61090,60510,59506,58726,58020,57159,56407,55617,54809,54028,53157,52406,52173,51936,51432,50655,49885,49109,48354,47577,46835,46071
67564,66601,65806,64939,64148,63350,62715,61665,61108,60080,59300,58608,57733,56992,56201,55383,54612,53732,52984,52748,52508,52006,51226,50443,49675,48903,48141,47382,46617
68162,67190,66394,65523,64732,63934,63313,62239,61706,60655,59875,59197,58308,57576,56785,55958,55196,54306,53568,53332,53089,52581,51792,51013,50237,49468,48697,47934,47174
68760,67779,66983,66107,65316,64518,63911,62814,62305,61230,60450,59785,58882,58160,57369,56532,55780,54881,54152,53916,53673,53155,52365,51585,50804,50027,49259,48489,47725
69359,68367,67571,66691,65900,65102,64510,63388,62903,61804,61024,60374,59457,58744,57953,57107,56364,55456,54736,54500,54257,53730,52948,52160,51380,50593,49818,49049,48288
69957,68956,68160,67275,66485,65687,65108,63963,63502,62379,61599,60963,60032,59328,58537,57682,56948,56030,55320,55084,54841,54304,53532,52741,51954,51170,50383,49614,48843
70556,69544,68748,67860,67069,66271,65706,64538,64100,62953,62173,61551,60606,59912,59121,58256,57532,56605,55904,55668,55425,54879,54116,53325,52529,51739,50954,50183,49400
71154,70133,69337,68444,67653,66855,66305,65112,64698,63528,62748,62140,61181,60496,59705,58831,58117,57179,56489,56253,56009,55453,54700,53909,53090,52301,51526,50753,49973
71752,70721,69926,69028,68237,67439,66903,65687,65297,64102,63322,62728,61755,61080,60290,59405,58701,57754,57073,56837,56593,56028,55284,54493,53651,52862,52101,51321,50547
72351,71310,70514,69612,68821,68023,67502,66261,65895,64677,63897,63317,62330,61665,60874,59980,59285,58328,57657,57421,57177,56603,55868,55077,54212,53423,52675,51895,51106
72949,71899,71103,70196,69405,68607,68100,66836,66493,65251,64471,63905,62904,62249,61458,60554,59869,58903,58241,58005,57762,57177,56452,55661,54773,53985,53250,52470,51690
73547,72488,71692,70780,69989,69191,68698,67411,67091,65825,65045,64493,63478,62833,62042,61128,60453,59478,58825,58589,58347,57751,57036,56245,55334,54547,53825,53045,52274
74145,73077,72281,71364,70573,69775,69296,67986,67689,66399,65619,65081,64052,63417,62626,61702,61037,60053,59409,59173,58932,58325,57620,56829,55895,55109,54400,53620,52858
74743,73666,72870,71948,71157,70359,69894,68561,68287,66973,66193,65669,64626,64001,63210,62276,61621,60628,59993,59757,59517,58899,58204,57413,56456,55671,54975,54195,53442
75341,74255,73459,72532,71741,70943,70492,69136,68885,67547,66767,66257,65200,64585,63794,62850,62205,61203,60577,60341,60102,59473,58788,57997,57017,56233,55550,54770,54026
75939,74844,74048,73116,72325,71527,71090,69711,69483,68121,67341,66845,65774,65169,64378,63424,62789,61778,61161,60925,60687,60047,59372,58581,57578,56795,56125,55345,54610
76537,75433,74637,73700,72909,72111,71688,70286,70081,68695,67915,67433,66348,65753,64962,63998,63373,62353,61745,61509,61272,60621,59956,59165,58139,57357,56700,55920,55194
77135,76022,75226,74284,73493,72695,72286,70861,70679,69269,68489,68021,66922,66337,65546,64572,63957,62928,62329,62093,61857,61195,60540,59749,58700,57919,57275,56495,55778
77733,76611,75815,74868,74077,73279,72884,71436,71277,69843,69063,68609,67496,66921,66130,65146,64541,63503,62913,62677,62442,61769,61124,60333,59261,58481,57850,57070,56362
78331,77200,76404,75452,74661,73863,73482,72011,71875,70417,69637,69197,68070,67505,66714,65720,65125,64078,63497,63261,63027,62343,61708,60917,59822,59043,58425,57645,56946
78929,77789,76993,76036,75245,74447,74080,72586,72473,70991,70211,69785,68644,68089,67298,66294,65709,64653,64081,63845,63612,62917,62292,61501,60383,59605,59000,58220,57530
79527,78378,77582,76620,75829,75031,74678,73161,73071,71565,70785,70373,69218,68673,67882,66868,66293,65228,64665,64429,64197,63491,62876,62085,60944,60167,59575,58795,58114
80125,78967,78171,77204,76413,75615,75276,73736,73669,72139,71359,70961,69792,69257,68466,67442,66877,65803,65249,65013,64782,64065,63460,62669,61505,60729,60150,59370,58698
80723,79556,78760,77788,76997,76199,75874,74311,74267,72713,71933,71549,70366,69841,69050,68016,67461,66378,65833,65597,65367,64639,64044,63253,62066,61291,60725,59945,59282
81321,80145,79349,78372,77581,76783,76472,74886,74865,73287,72507,72137,70940,70425,69634,68590,68045,66953,66417,66181,65952,65213,64628,63837,62627,61853,61300,60520,59866
81919,80734,79938,78956,78165,77367,77070,75461,75463,73861,73081,72725,71514,71009,70218,69164,68629,67528,67001,66765,66537,65787,65212,64421,63188,62415,61875,61095,60450
82517,81323,80527,79540,78749,77951,77668,76036,76061,74435,73655,73313,72088,71593,70802,69738,69213,68103,67585,67349,67122,66361,65796,65005,63749,62977,62450,61670,61034
83115,81912,81116,80124,79333,78535,78266,76611,76659,75009,74229,73901,72662,72177,71386,70312,69797,68678,68169,67933,67707,66935,66380,65589,64310,63539,63025,62245,61618
83713,82501,81705,80708,79917,79119,78864,77186,77257,75583,74803,74489,73236,72761,71970,70886,70381,69253,68753,68517,68292,67509,66964,66173,64871,64101,63600,62820,62202
84311,83090,82294,81292,80501,79703,79462,77761,77855,76157,75377,75077,73810,73345,72554,71460,70965,69828,69337,69101,68877,68083,67548,66757,65432,64663,64175,63395,62786
84909,83679,82883,81876,81085,80287,80060,78336,78453,76731,75951,75665,74384,73929,73138,72034,71549,70403,69921,69685,69462,68657,68132,67341,65993,65225,64750,63970,63370
85507,84268,83472,82460,81669,80871,80658,78911,79051,77305,76525,76253,74958,74513,73722,72608,72133,70978,70505,70269,70047,69231,68716,67925,66554,65787,65325,64545,63954
86105,84857,84061,83044,82253,81455,81256,79486,79649,77879,77099,76841,75532,75097,74306,73182,72717,71553,71089,70853,70632,69805,69300,68509,67115,66349,65900,65120,64538
86703,85446,84650,83628,82837,82039,81854,80061,80247,78453,77673,77429,76106,75681,74890,73756,73301,72128,71673,71437,71217,70379,69884,69093,67676,66911,66475,65695,65122
87301,86035,85239,84212,83421,82623,82452,80636,80845,79027,78247,78017,76680,76265,75474,74330,73885,72703,72257,72021,71802,70953,70468,69677,68237,67473,67050,66270,65706
87899,86624,85828,84796,84005,83207,83050,81211,81443,79601,78821,78605,77254,76849,76058,74904,74469,73278,72841,72605,72387,71527,71052,70261,68798,68035,67625,66845,66290
88497,87213,86417,85380,84589,83791,83648,81786,82041,80175,79395,79193,77828,77433,76642,75478,75053,73853,73425,73189,72972,72101,71636,70845,69359,68597,68200,67420,66874
89095,87802,87006,85964,85173,84375,84246,82361,82639,80749,79969,79781,78402,78017,77226,76052,75637,74428,74009,73773,73557,72675,72220,71429,69920,69159,68775,67995,67458
89693,88391,87595,86548,85757,84959,84844,82936,83237,81323,80543,80369,78976,78601,77810,76626,76221,75003,74593,74357,74142,73249,72804,72013,70481,69721,69350,68570,68042
90291,88980,88184,87132,86341,85543,85442,83511,83835,81897,81117,80957,79550,79185,78394,77200,76805,75578,75177,74941,74727,73823,73388,72597,71042,70283,69925,69145,68626
90889,89569,88773,87716,86925,86127,86040,84086,84433,82471,81691,81545,80124,79769,78978,77774,77389,76153,75761,75525,75312,74397,73972,73181,71603,70845,70500,69720,69210
91487,90158,89362,88300,87509,86711,86638,84661,85031,83045,82265,82133,80698,80353,79562,78348,77973,76728,76345,76109,75897,74971,74556,73765,72164,71407,71075,70295,69794
92085,90747,89951,88884,88093,87295,87236,85236,85629,83619,82839,82721,81272,80937,80146,78922,78557,77303,76929,76693,76482,75545,75140,74349,72725,71969,71650,70870,70378
92683,91336,90540,89468,88677,87879,87834,85811,86227,84193,83413,83309,81846,81521,80730,79496,79141,77878,77513,77277,77067,76119,75724,74933,73286,72531,72225,71445,70962
93281,91925,91129,90052,89261,88463,88432,86386,86825,84767,83987,83897,82420,82105,81314,80070,79725,78453,78097,77861,77652,76693,76308,75517,73847,73093,72800,72020,71546
93879,92514,91718,90636,89845,89047,89030,86961,87423,85341,84561,84485,82994,82689,81898,80644,80309,79028,78681,78445,78237,77267,76892,76101,74408,73655,73375,72595,72130
94477,93103,92307,91220,90429,89631,89628,87536,88021,85915,85135,85073,83568,83273,82482,81218,80893,79603,79265,79029,78822,77841,77476,76685,74969,74217,73950,73170,72714
95075,93692,92896,91804,91013,90215,90226,88111,88619,86489,85709,85661,84142,83857,83066,81792,81477,80178,79849,79613,79407,78415,78060,77269,75530,74779,74525,73745,73298
95673,94281,93485,92388,91597,90799,90824,88686,89217,87063,86283,86249,84716,84441,83650,82366,82061,80753,80433,80197,79992,78989,78644,77853,76091,75341,75100,74320,73882
96271,94870,94074,92972,92181,91383,91422,89261,89815,87637,86857,86837,85290,85025,84234,82940,82645,81328,81017,80781,80577,79563,79228,78437,76652,75903,75675,74895,74466
96869,95459,94663,93556,92765,91967,92020,89836,90413,88211,87431,87425,85864,85609,84818,83514,83229,81903,81601,81365,81162,80137,79812,79021,77213,76465,76250,75470,75050
97467,96048,95252,94140,93349,92551,92618,90411,91011,88785,88005,88013,86438,86193,85402,84088,83813,82478,82185,81949,81747,80711,80396,79605,77774,77027,76825,76045,75634
98065,96637,95841,94724,93933,93135,93216,90986,91609,89359,88579,88601,87012,86777,85986,84662,84397,83053,82769,82533,82332,81285,80980,80189,78335,77589,77400,76620,76218
98663,97226,96430,95308,94517,93719,93814,91561,92207,89933,89153,89189,87586,87361,86570,85236,84981,83628,83353,83117,82917,81859,81564,80773,78896,78151,77975,77195,76802
99261,97815,97019,95892,95101,94303,94412,92136,92805,90507,89727,89777,88160,87945,87154,85810,85565,84203,83937,83701,83502,82433,82148,81357,79457,78713,78550,77770,77386
99859,98404,97608,96476,95685,94887,95010,92711,93403,91081,90301,90365,88734,88529,87738,86384,86149,84778,84521,84285,84087,83007,82732,81941,80018,79275,79125,78345,77970
100457,98993,98197,97060,96269,95471,95608,93286,94001,91655,90875,90953,89308,89113,88322,86958,86733,85353,85105,84869,84672,83581,83316,82525,80579,79837,79700,78920,78554
101055,99582,98786,97644,96853,96055,96206,93861,94599,92229,91449,91541,89882,89697,88906,87532,87317,85928,85689,85453,85257,84155,83900,83109,81140,80399,80275,79495,79138
101653,100171,99375,98228,97437,96639,96804,94436,95197,92803,92023,92129,90456,90281,89490,88106,87901,86503,86273,86037,85842,84729,84484,83693,81701,80961,80850,80070,79722
102251,100760,99964,98812,98021,97223,97402,95011,95795,93377,92597,92717,91030,90865,90074,88680,88485,87078,86857,86621,86427,85303,85068,84277,82262,81523,81425,80645,80306
102849,101349,100553,99396,98605,97807,98000,95586,96393,93951,93171,93305,91604,91449,90658,89254,89069,87653,87441,87205,87012,85877,85652,84861,82823,82085,82000,81220,80890
103447,101938,101142,99980,99189,98391,98598,96161,96991,94525,93745,93893,92178,92033,91242,89828,89653,88228,88025,87789,87597,86451,86236,85445,83384,82647,82575,81795,81474
104045,102527,101731,100564,99773,98975,99196,96736,97589,95099,94319,94481,92752,92617,91826,90402,90237,88803,88609,88373,88182,87025,86820,86029,83945,83209,83150,82370,82058
104643,103116,102320,101148,100357,99559,99794,97311,98187,95673,94893,95069,93326,93201,92410,90976,90821,89378,89193,88957,88767,87599,87404,86613,84506,83771,83725,82945,82642
105241,103705,102909,101732,100941,100143,100392,97886,98785,96247,95467,95657,93900,93785,92994,91550,91405,89953,89777,89541,89352,88173,87988,87197,85067,84333,84300,83520,83226
105839,104294,103498,102316,101525,100727,100990,98461,99383,96821,96041,96245,94474,94369,93578,92124,91989,90528,90361,90125,89937,88747,88572,87781,85628,84895,84875,84095,83810
106437,104883,104087,102900,102109,101311,101588,99036,99981,97395,96615,96833,95048,94953,94162,92698,92573,91103,90945,90709,90522,89321,89156,88365,86189,85457,85450,84670,84394
107035,105472,104676,103484,102693,101895,102186,99611,100579,97969,97189,97421,95622,95537,94746,93272,93157,91678,91529,91293,91107,89895,89740,88949,86750,86019,86025,85245,84978
107633,106061,105265,104068,103277,102479,102784,100186,101177,98543,97763,98009,96196,96121,95330,93846,93741,92253,92113,91877,91692,90469,90324,89533,87311,86581,86600,85820,85562
108231,106650,105854,104652,103861,103063,103382,100761,101775,99117,98337,98597,96770,96705,95914,94420,94325,92828,92697,92461,92277,91043,90908,90117,87872,87143,87175,86395,86146
108829,107239,106443,105236,104445,103647,103980,101336,102373,99691,98911,99185,97344,97289,96498,94994,94909,93403,93281,93045,92862,91617,91492,90701,88433,87705,87750,86970,86730
109427,107828,107032,105820,105029,104231,104578,101911,102971,100265,99485,99773,97918,97873,97082,95568,95493,93978,93865,93629,93447,92191,92076,91285,88994,88267,88325,87545,87314
110025,108417,107621,106404,105613,104815,105176,102486,103569,100839,100059,100361,98492,98457,97666,96142,96077,94553,94449,94213,94032,92765,92660,91869,89555,88829,88900,88120,87898
