76.75,76.75,76.75,76.75,76.75,76.75,76.75,76.75,76.75,76.75,76.75,76.75,76.75,76.75,76.75,76.75,76.75,76.75,76.75,76.75,76.75,76.75,76.75,76.75,76.75,76.75,76.75,76.75,76.75
77.045,77.045,77.045,77.045,77.045,77.045,77.045,77.045,77.045,77.045,77.045,77.045,77.045,77.045,77.045,77.045,77.045,77.045,77.045,77.045,77.045,77.045,77.045,77.045,77.045,77.045,77.045,77.045,77.045
77.34,77.34,77.34,77.34,77.34,77.34,77.34,77.34,77.34,77.34,77.34,77.34,77.34,77.34,77.34,77.34,77.34,77.34,77.34,77.34,77.34,77.34,77.34,77.34,77.34,77.34,77.34,77.34,77.34
77.635,77.635,77.635,77.635,77.635,77.635,77.635,77.635,77.635,77.635,77.635,77.635,77.635,77.635,77.635,77.635,77.635,77.635,77.635,77.635,77.635,77.635,77.635,77.635,77.635,77.635,77.635,77.635,77.635
77.93,77.93,77.93,77.93,77.93,77.93,77.93,77.93,77.93,77.93,77.93,77.93,77.93,77.93,77.93,77.93,77.93,77.93,77.93,77.93,77.93,77.93,77.93,77.93,77.93,77.93,77.93,77.93,77.93
78.225,78.225,78.225,78.225,78.225,78.225,78.225,78.225,78.225,78.225,78.225,78.225,78.225,78.225,78.225,78.225,78.225,78.225,78.225,78.225,78.225,78.225,78.225,78.225,78.225,78.225,78.225,78.225,78.225
78.52,78.52,78.52,78.52,78.52,78.52,78.52,78.52,78.52,78.52,78.52,78.52,78.52,78.52,78.52,78.52,78.52,78.52,78.52,78.52,78.52,78.52,78.52,78.52,78.52,78.52,78.52,78.52,78.52
78.815,78.815,78.815,78.815,78.815,78.815,78.815,78.815,78.815,78.815,78.815,78.815,78.815,78.815,78.815,78.815,78.815,78.815,78.815,78.815,78.815,78.815,78.815,78.815,78.815,78.815,78.815,78.815,78.815
79.11,79.11,79.11,79.11,79.11,79.11,79.11,79.11,79.11,79.11,79.11,79.11,79.11,79.11,79.11,79.11,79.11,79.11,79.11,79.11,79.11,79.11,79.11,79.11,79.11,79.11,79.11,79.11,79.11
79.405,79.405,79.405,79.405,79.405,79.405,79.405,79.405,79.405,79.405,79.405,79.405,79.405,79.405,79.405,79.405,79.405,79.405,79.405,79.405,79.405,79.405,79.405,79.405,79.405,79.405,79.405,79.405,79.405
79.7,79.7,79.7,79.7,79.7,79.7,79.7,79.7,79.7,79.7,79.7,79.7,79.7,79.7,79.7,79.7,79.7,79.7,79.7,79.7,79.7,79.7,79.7,79.7,79.7,79.7,79.7,79.7,79.7
79.995,79.995,79.995,79.995,79.995,79.995,79.995,79.995,79.995,79.995,79.995,79.995,79.995,79.995,79.995,79.995,79.995,79.995,79.995,79.995,79.995,79.995,79.995,79.995,79.995,79.995,79.995,79.995,79.995
80.289,80.289,80.289,80.289,80.289,80.289,80.289,80.289,80.289,80.289,80.289,80.289,80.289,80.289,80.289,80.289,80.289,80.289,80.289,80.289,80.289,80.289,80.289,80.289,80.289,80.289,80.289,80.289,80.289
80.584,80.584,80.584,80.584,80.584,80.584,80.584,80.584,80.584,80.584,80.584,80.584,80.584,80.584,80.584,80.584,80.584,80.584,80.584,80.584,80.584,80.584,80.584,80.584,80.584,80.584,80.584,80.584,80.584
80.879,80.879,80.879,80.879,80.879,80.879,80.879,80.879,80.879,80.879,80.879,80.879,80.879,80.879,80.879,80.879,80.879,80.879,80.879,80.879,80.879,80.879,80.879,80.879,80.879,80.879,80.879,80.879,80.879
81.174,81.174,81.174,81.174,81.174,81.174,81.174,81.174,81.174,81.174,81.174,81.174,81.174,81.174,81.174,81.174,81.174,81.174,81.174,81.174,81.174,81.174,81.174,81.174,81.174,81.174,81.174,81.174,81.174
81.469,81.469,81.469,81.469,81.469,81.469,81.469,81.469,81.469,81.469,81.469,81.469,81.469,81.469,81.469,81.469,81.469,81.469,81.469,81.469,81.469,81.469,81.469,81.469,81.469,81.469,81.469,81.469,81.469
81.764,81.764,81.764,81.764,81.764,81.764,81.764,81.764,81.764,81.764,81.764,81.764,81.764,81.764,81.764,81.764,81.764,81.764,81.764,81.764,81.764,81.764,81.764,81.764,81.764,81.764,81.764,81.764,81.764
82.059,82.059,82.059,82.059,82.059,82.059,82.059,82.059,82.059,82.059,82.059,82.059,82.059,82.059,82.059,82.059,82.059,82.059,82.059,82.059,82.059,82.059,82.059,82.059,82.059,82.059,82.059,82.059,82.059
82.354,82.354,82.354,82.354,82.354,82.354,82.354,82.354,82.354,82.354,82.354,82.354,82.354,82.354,82.354,82.354,82.354,82.354,82.354,82.354,82.354,82.354,82.354,82.354,82.354,82.354,82.354,82.354,82.354
82.649,82.649,82.649,82.649,82.649,82.649,82.649,82.649,82.649,82.649,82.649,82.649,82.649,82.649,82.649,82.649,82.649,82.649,82.649,82.649,82.649,82.649,82.649,82.649,82.649,82.649,82.649,82.649,82.649
82.944,82.944,82.944,82.944,82.944,82.944,82.944,82.944,82.944,82.944,82.944,82.944,82.944,82.944,82.944,82.944,82.944,82.944,82.944,82.944,82.944,82.944,82.944,82.944,82.944,82.944,82.944,82.944,82.944
83.239,83.239,83.239,83.239,83.239,83.239,83.239,83.239,83.239,83.239,83.239,83.239,83.239,83.239,83.239,83.239,83.239,83.239,83.239,83.239,83.239,83.239,83.239,83.239,83.239,83.239,83.239,83.239,83.239
83.534,83.534,83.534,83.534,83.534,83.534,83.534,83.534,83.534,83.534,83.534,83.534,83.534,83.534,83.534,83.534,83.534,83.534,83.534,83.534,83.534,83.534,83.534,83.534,83.534,83.534,83.534,83.534,83.534
83.829,83.829,83.829,83.829,83.829,83.829,83.829,83.829,83.829,83.829,83.829,83.829,83.829,83.829,83.829,83.829,83.829,83.829,83.829,83.829,83.829,83.829,83.829,83.829,83.829,83.829,83.829,83.829,83.829
84.124,84.124,84.124,84.124,84.124,84.124,84.124,84.124,84.124,84.124,84.124,84.124,84.124,84.124,84.124,84.124,84.124,84.124,84.124,84.124,84.124,84.124,84.124,84.124,84.124,84.124,84.124,84.124,84.124
84.419,84.419,84.419,84.419,84.419,84.419,84.419,84.419,84.419,84.419,84.419,84.419,84.419,84.419,84.419,84.419,84.419,84.419,84.419,84.419,84.419,84.419,84.419,84.419,84.419,84.419,84.419,84.419,84.419
84.714,84.714,84.714,84.714,84.714,84.714,84.714,84.714,84.714,84.714,84.714,84.714,84.714,84.714,84.714,84.714,84.714,84.714,84.714,84.714,84.714,84.714,84.714,84.714,84.714,84.714,84.714,84.714,84.714
85.009,85.009,85.009,85.009,85.009,85.009,85.009,85.009,85.009,85.009,85.009,85.009,85.009,85.009,85.009,85.009,85.009,85.009,85.009,85.009,85.009,85.009,85.009,85.009,85.009,85.009,85.009,85.009,85.009
85.304,85.304,85.304,85.304,85.304,85.304,85.304,85.304,85.304,85.304,85.304,85.304,85.304,85.304,85.304,85.304,85.304,85.304,85.304,85.304,85.304,85.304,85.304,85.304,85.304,85.304,85.304,85.304,85.304
85.599,85.599,85.599,85.599,85.599,85.599,85.599,85.599,85.599,85.599,85.599,85.599,85.599,85.599,85.599,85.599,85.599,85.599,85.599,85.599,85.599,85.599,85.599,85.599,85.599,85.599,85.599,85.599,85.599
85.894,85.894,85.894,85.894,85.894,85.894,85.894,85.894,85.894,85.894,85.894,85.894,85.894,85.894,85.894,85.894,85.894,85.894,85.894,85.894,85.894,85.894,85.894,85.894,85.894,85.894,85.894,85.894,85.894
86.189,86.189,86.189,86.189,86.189,86.189,86.189,86.189,86.189,86.189,86.189,86.189,86.189,86.189,86.189,86.189,86.189,86.189,86.189,86.189,86.189,86.189,86.189,86.189,86.189,86.189,86.189,86.189,86.189
86.484,86.484,86.484,86.484,86.484,86.484,86.484,86.484,86.484,86.484,86.484,86.484,86.484,86.484,86.484,86.484,86.484,86.484,86.484,86.484,86.484,86.484,86.484,86.484,86.484,86.484,86.484,86.484,86.484
86.778,86.778,86.778,86.778,86.778,86.778,86.778,86.778,86.778,86.778,86.778,86.778,86.778,86.778,86.778,86.778,86.778,86.778,86.778,86.778,86.778,86.778,86.778,86.778,86.778,86.778,86.778,86.778,86.778
87.073,87.073,87.073,87.073,87.073,87.073,87.073,87.073,87.073,87.073,87.073,87.073,87.073,87.073,87.073,87.073,87.073,87.073,87.073,87.073,87.073,87.073,87.073,87.073,87.073,87.073,87.073,87.073,87.073
87.368,87.368,87.368,87.368,87.368,87.368,87.368,87.368,87.368,87.368,87.368,87.368,87.368,87.368,87.368,87.368,87.368,87.368,87.368,87.368,87.368,87.368,87.368,87.368,87.368,87.368,87.368,87.368,87.368
87.663,87.663,87.663,87.663,87.663,87.663,87.663,87.663,87.663,87.663,87.663,87.663,87.663,87.663,87.663,87.663,87.663,87.663,87.663,87.663,87.663,87.663,87.663,87.663,87.663,87.663,87.663,87.663,87.663
87.958,87.958,87.958,87.958,87.958,87.958,87.958,87.958,87.958,87.958,87.958,87.958,87.958,87.958,87.958,87.958,87.958,87.958,87.958,87.958,87.958,87.958,87.958,87.958,87.958,87.958,87.958,87.958,87.958
88.253,88.253,88.253,88.253,88.253,88.253,88.253,88.253,88.253,88.253,88.253,88.253,88.253,88.253,88.253,88.253,88.253,88.253,88.253,88.253,88.253,88.253,88.253,88.253,88.253,88.253,88.253,88.253,88.253
88.548,88.548,88.548,88.548,88.548,88.548,88.548,88.548,88.548,88.548,88.548,88.548,88.548,88.548,88.548,88.548,88.548,88.548,88.548,88.548,88.548,88.548,88.548,88.548,88.548,88.548,88.548,88.548,88.548
88.843,88.843,88.843,88.843,88.843,88.843,88.843,88.843,88.843,88.843,88.843,88.843,88.843,88.843,88.843,88.843,88.843,88.843,88.843,88.843,88.843,88.843,88.843,88.843,88.843,88.843,88.843,88.843,88.843
89.138,89.138,89.138,89.138,89.138,89.138,89.138,89.138,89.138,89.138,89.138,89.138,89.138,89.138,89.138,89.138,89.138,89.138,89.138,89.138,89.138,89.138,89.138,89.138,89.138,89.138,89.138,89.138,89.138
89.433,89.433,89.433,89.433,89.433,89.433,89.433,89.433,89.433,89.433,89.433,89.433,89.433,89.433,89.433,89.433,89.433,89.433,89.433,89.433,89.433,89.433,89.433,89.433,89.433,89.433,89.433,89.433,89.433
89.728,89.728,89.728,89.728,89.728,89.728,89.728,89.728,89.728,89.728,89.728,89.728,89.728,89.728,89.728,89.728,89.728,89.728,89.728,89.728,89.728,89.728,89.728,89.728,89.728,89.728,89.728,89.728,89.728
90.023,90.023,90.023,90.023,90.023,90.023,90.023,90.023,90.023,90.023,90.023,90.023,90.023,90.023,90.023,90.023,90.023,90.023,90.023,90.023,90.023,90.023,90.023,90.023,90.023,90.023,90.023,90.023,90.023
90.318,90.318,90.318,90.318,90.318,90.318,90.318,90.318,90.318,90.318,90.318,90.318,90.318,90.318,90.318,90.318,90.318,90.318,90.318,90.318,90.318,90.318,90.318,90.318,90.318,90.318,90.318,90.318,90.318
90.613,90.613,90.613,90.613,90.613,90.613,90.613,90.613,90.613,90.613,90.613,90.613,90.613,90.613,90.613,90.613,90.613,90.613,90.613,90.613,90.613,90.613,90.613,90.613,90.613,90.613,90.613,90.613,90.613
90.908,90.908,90.908,90.908,90.908,90.908,90.908,90.908,90.908,90.908,90.908,90.908,90.908,90.908,90.908,90.908,90.908,90.908,90.908,90.908,90.908,90.908,90.908,90.908,90.908,90.908,90.908,90.908,90.908
91.203,91.203,91.203,91.203,91.203,91.203,91.203,91.203,91.203,91.203,91.203,91.203,91.203,91.203,91.203,91.203,91.203,91.203,91.203,91.203,91.203,91.203,91.203,91.203,91.203,91.203,91.203,91.203,91.203
91.498,91.498,91.498,91.498,91.498,91.498,91.498,91.498,91.498,91.498,91.498,91.498,91.498,91.498,91.498,91.498,91.498,91.498,91.498,91.498,91.498,91.498,91.498,91.498,91.498,91.498,91.498,91.498,91.498
91.793,91.793,91.793,91.793,91.793,91.793,91.793,91.793,91.793,91.793,91.793,91.793,91.793,91.793,91.793,91.793,91.793,91.793,91.793,91.793,91.793,91.793,91.793,91.793,91.793,91.793,91.793,91.793,91.793
92.088,92.088,92.088,92.088,92.088,92.088,92.088,92.088,92.088,92.088,92.088,92.088,92.088,92.088,92.088,92.088,92.088,92.088,92.088,92.088,92.088,92.088,92.088,92.088,92.088,92.088,92.088,92.088,92.088
92.383,92.383,92.383,92.383,92.383,92.383,92.383,92.383,92.383,92.383,92.383,92.383,92.383,92.383,92.383,92.383,92.383,92.383,92.383,92.383,92.383,92.383,92.383,92.383,92.383,92.383,92.383,92.383,92.383
92.678,92.678,92.678,92.678,92.678,92.678,92.678,92.678,92.678,92.678,92.678,92.678,92.678,92.678,92.678,92.678,92.678,92.678,92.678,92.678,92.678,92.678,92.678,92.678,92.678,92.678,92.678,92.678,92.678
92.973,92.973,92.973,92.973,92.973,92.973,92.973,92.973,92.973,92.973,92.973,92.973,92.973,92.973,92.973,92.973,92.973,92.973,92.973,92.973,92.973,92.973,92.973,92.973,92.973,92.973,92.973,92.973,92.973
93.268,93.268,93.268,93.268,93.268,93.268,93.268,93.268,93.268,93.268,93.268,93.268,93.268,93.268,93.268,93.268,93.268,93.268,93.268,93.268,93.268,93.268,93.268,93.268,93.268,93.268,93.268,93.268,93.268
93.562,93.562,93.562,93.562,93.562,93.562,93.562,93.562,93.562,93.562,93.562,93.562,93.562,93.562,93.562,93.562,93.562,93.562,93.562,93.562,93.562,93.562,93.562,93.562,93.562,93.562,93.562,93.562,93.562
93.857,93.857,93.857,93.857,93.857,93.857,93.857,93.857,93.857,93.857,93.857,93.857,93.857,93.857,93.857,93.857,93.857,93.857,93.857,93.857,93.857,93.857,93.857,93.857,93.857,93.857,93.857,93.857,93.857
94.152,94.152,94.152,94.152,94.152,94.152,94.152,94.152,94.152,94.152,94.152,94.152,94.152,94.152,94.152,94.152,94.152,94.152,94.152,94.152,94.152,94.152,94.152,94.152,94.152,94.152,94.152,94.152,94.152
94.447,94.447,94.447,94.447,94.447,94.447,94.447,94.447,94.447,94.447,94.447,94.447,94.447,94.447,94.447,94.447,94.447,94.447,94.447,94.447,94.447,94.447,94.447,94.447,94.447,94.447,94.447,94.447,94.447
94.742,94.742,94.742,94.742,94.742,94.742,94.742,94.742,94.742,94.742,94.742,94.742,94.742,94.742,94.742,94.742,94.742,94.742,94.742,94.742,94.742,94.742,94.742,94.742,94.742,94.742,94.742,94.742,94.742
95.037,95.037,95.037,95.037,95.037,95.037,95.037,95.037,95.037,95.037,95.037,95.037,95.037,95.037,95.037,95.037,95.037,95.037,95.037,95.037,95.037,95.037,95.037,95.037,95.037,95.037,95.037,95.037,95.037
95.332,95.332,95.332,95.332,95.332,95.332,95.332,95.332,95.332,95.332,95.332,95.332,95.332,95.332,95.332,95.332,95.332,95.332,95.332,95.332,95.332,95.332,95.332,95.332,95.332,95.332,95.332,95.332,95.332
95.627,95.627,95.627,95.627,95.627,95.627,95.627,95.627,95.627,95.627,95.627,95.627,95.627,95.627,95.627,95.627,95.627,95.627,95.627,95.627,95.627,95.627,95.627,95.627,95.627,95.627,95.627,95.627,95.627
95.922,95.922,95.922,95.922,95.922,95.922,95.922,95.922,95.922,95.922,95.922,95.922,95.922,95.922,95.922,95.922,95.922,95.922,95.922,95.922,95.922,95.922,95.922,95.922,95.922,95.922,95.922,95.922,95.922
96.217,96.217,96.217,96.217,96.217,96.217,96.217,96.217,96.217,96.217,96.217,96.217,96.217,96.217,96.217,96.217,96.217,96.217,96.217,96.217,96.217,96.217,96.217,96.217,96.217,96.217,96.217,96.217,96.217
96.512,96.512,96.512,96.512,96.512,96.512,96.512,96.512,96.512,96.512,96.512,96.512,96.512,96.512,96.512,96.512,96.512,96.512,96.512,96.512,96.512,96.512,96.512,96.512,96.512,96.512,96.512,96.512,96.512
96.807,96.807,96.807,96.807,96.807,96.807,96.807,96.807,96.807,96.807,96.807,96.807,96.807,96.807,96.807,96.807,96.807,96.807,96.807,96.807,96.807,96.807,96.807,96.807,96.807,96.807,96.807,96.807,96.807
97.102,97.102,97.102,97.102,97.102,97.102,97.102,97.102,97.102,97.102,97.102,97.102,97.102,97.102,97.102,97.102,97.102,97.102,97.102,97.102,97.102,97.102,97.102,97.102,97.102,97.102,97.102,97.102,97.102
97.397,97.397,97.397,97.397,97.397,97.397,97.397,97.397,97.397,97.397,97.397,97.397,97.397,97.397,97.397,97.397,97.397,97.397,97.397,97.397,97.397,97.397,97.397,97.397,97.397,97.397,97.397,97.397,97.397
97.692,97.692,97.692,97.692,97.692,97.692,97.692,97.692,97.692,97.692,97.692,97.692,97.692,97.692,97.692,97.692,97.692,97.692,97.692,97.692,97.692,97.692,97.692,97.692,97.692,97.692,97.692,97.692,97.692
97.987,97.987,97.987,97.987,97.987,97.987,97.987,97.987,97.987,97.987,97.987,97.987,97.987,97.987,97.987,97.987,97.987,97.987,97.987,97.987,97.987,97.987,97.987,97.987,97.987,97.987,97.987,97.987,97.987
98.282,98.282,98.282,98.282,98.282,98.282,98.282,98.282,98.282,98.282,98.282,98.282,98.282,98.282,98.282,98.282,98.282,98.282,98.282,98.282,98.282,98.282,98.282,98.282,98.282,98.282,98.282,98.282,98.282
98.577,98.577,98.577,98.577,98.577,98.577,98.577,98.577,98.577,98.577,98.577,98.577,98.577,98.577,98.577,98.577,98.577,98.577,98.577,98.577,98.577,98.577,98.577,98.577,98.577,98.577,98.577,98.577,98.577
98.872,98.872,98.872,98.872,98.872,98.872,98.872,98.872,98.872,98.872,98.872,98.872,98.872,98.872,98.872,98.872,98.872,98.872,98.872,98.872,98.872,98.872,98.872,98.872,98.872,98.872,98.872,98.872,98.872
99.167,99.167,99.167,99.167,99.167,99.167,99.167,99.167,99.167,99.167,99.167,99.167,99.167,99.167,99.167,99.167,99.167,99.167,99.167,99.167,99.167,99.167,99.167,99.167,99.167,99.167,99.167,99.167,99.167
99.462,99.462,99.462,99.462,99.462,99.462,99.462,99.462,99.462,99.462,99.462,99.462,99.462,99.462,99.462,99.462,99.462,99.462,99.462,99.462,99.462,99.462,99.462,99.462,99.462,99.462,99.462,99.462,99.462
99.757,99.757,99.757,99.757,99.757,99.757,99.757,99.757,99.757,99.757,99.757,99.757,99.757,99.757,99.757,99.757,99.757,99.757,99.757,99.757,99.757,99.757,99.757,99.757,99.757,99.757,99.757,99.757,99.757
100.05,100.05,100.05,100.05,100.05,100.05,100.05,100.05,100.05,100.05,100.05,100.05,100.05,100.05,100.05,100.05,100.05,100.05,100.05,100.05,100.05,100.05,100.05,100.05,100.05,100.05,100.05,100.05,100.05
100.35,100.35,100.35,100.35,100.35,100.35,100.35,100.35,100.35,100.35,100.35,100.35,100.35,100.35,100.35,100.35,100.35,100.35,100.35,100.35,100.35,100.35,100.35,100.35,100.35,100.35,100.35,100.35,100.35
100.64,100.64,100.64,100.64,100.64,100.64,100.64,100.64,100.64,100.64,100.64,100.64,100.64,100.64,100.64,100.64,100.64,100.64,100.64,100.64,100.64,100.64,100.64,100.64,100.64,100.64,100.64,100.64,100.64
100.94,100.94,100.94,100.94,100.94,100.94,100.94,100.94,100.94,100.94,100.94,100.94,100.94,100.94,100.94,100.94,100.94,100.94,100.94,100.94,100.94,100.94,100.94,100.94,100.94,100.94,100.94,100.94,100.94
101.23,101.23,101.23,101.23,101.23,101.23,101.23,101.23,101.23,101.23,101.23,101.23,101.23,101.23,101.23,101.23,101.23,101.23,101.23,101.23,101.23,101.23,101.23,101.23,101.23,101.23,101.23,101.23,101.23
101.53,101.53,101.53,101.53,101.53,101.53,101.53,101.53,101.53,101.53,101.53,101.53,101.53,101.53,101.53,101.53,101.53,101.53,101.53,101.53,101.53,101.53,101.53,101.53,101.53,101.53,101.53,101.53,101.53
101.82,101.82,101.82,101.82,101.82,101.82,101.82,101.82,101.82,101.82,101.82,101.82,101.82,101.82,101.82,101.82,101.82,101.82,101.82,101.82,101.82,101.82,101.82,101.82,101.82,101.82,101.82,101.82,101.82
102.12,102.12,102.12,102.12,102.12,102.12,102.12,102.12,102.12,102.12,102.12,102.12,102.12,102.12,102.12,102.12,102.12,102.12,102.12,102.12,102.12,102.12,102.12,102.12,102.12,102.12,102.12,102.12,102.12
102.41,102.41,102.41,102.41,102.41,102.41,102.41,102.41,102.41,102.41,102.41,102.41,102.41,102.41,102.41,102.41,102.41,102.41,102.41,102.41,102.41,102.41,102.41,102.41,102.41,102.41,102.41,102.41,102.41
102.71,102.71,102.71,102.71,102.71,102.71,102.71,102.71,102.71,102.71,102.71,102.71,102.71,102.71,102.71,102.71,102.71,102.71,102.71,102.71,102.71,102.71,102.71,102.71,102.71,102.71,102.71,102.71,102.71
103,103,103,103,103,103,103,103,103,103,103,103,103,103,103,103,103,103,103,103,103,103,103,103,103,103,103,103,103
103.3,103.3,103.3,103.3,103.3,103.3,103.3,103.3,103.3,103.3,103.3,103.3,103.3,103.3,103.3,103.3,103.3,103.3,103.3,103.3,103.3,103.3,103.3,103.3,103.3,103.3,103.3,103.3,103.3
103.59,103.59,103.59,103.59,103.59,103.59,103.59,103.59,103.59,103.59,103.59,103.59,103.59,103.59,103.59,103.59,103.59,103.59,103.59,103.59,103.59,103.59,103.59,103.59,103.59,103.59,103.59,103.59,103.59
103.89,103.89,103.89,103.89,103.89,103.89,103.89,103.89,103.89,103.89,103.89,103.89,103.89,103.89,103.89,103.89,103.89,103.89,103.89,103.89,103.89,103.89,103.89,103.89,103.89,103.89,103.89,103.89,103.89
104.18,104.18,104.18,104.18,104.18,104.18,104.18,104.18,104.18,104.18,104.18,104.18,104.18,104.18,104.18,104.18,104.18,104.18,104.18,104.18,104.18,104.18,104.18,104.18,104.18,104.18,104.18,104.18,104.18
104.48,104.48,104.48,104.48,104.48,104.48,104.48,104.48,104.48,104.48,104.48,104.48,104.48,104.48,104.48,104.48,104.48,104.48,104.48,104.48,104.48,104.48,104.48,104.48,104.48,104.48,104.48,104.48,104.48
104.77,104.77,104.77,104.77,104.77,104.77,104.77,104.77,104.77,104.77,104.77,104.77,104.77,104.77,104.77,104.77,104.77,104.77,104.77,104.77,104.77,104.77,104.77,104.77,104.77,104.77,104.77,104.77,104.77
105.07,105.07,105.07,105.07,105.07,105.07,105.07,105.07,105.07,105.07,105.07,105.07,105.07,105.07,105.07,105.07,105.07,105.07,105.07,105.07,105.07,105.07,105.07,105.07,105.07,105.07,105.07,105.07,105.07
105.36,105.36,105.36,105.36,105.36,105.36,105.36,105.36,105.36,105.36,105.36,105.36,105.36,105.36,105.36,105.36,105.36,105.36,105.36,105.36,105.36,105.36,105.36,105.36,105.36,105.36,105.36,105.36,105.36
105.66,105.66,105.66,105.66,105.66,105.66,105.66,105.66,105.66,105.66,105.66,105.66,105.66,105.66,105.66,105.66,105.66,105.66,105.66,105.66,105.66,105.66,105.66,105.66,105.66,105.66,105.66,105.66,105.66
105.95,105.95,105.95,105.95,105.95,105.95,105.95,105.95,105.95,105.95,105.95,105.95,105.95,105.95,105.95,105.95,105.95,105.95,105.95,105.95,105.95,105.95,105.95,105.95,105.95,105.95,105.95,105.95,105.95
106.25,106.25,106.25,106.25,106.25,106.25,106.25,106.25,106.25,106.25,106.25,106.25,106.25,106.25,106.25,106.25,106.25,106.25,106.25,106.25,106.25,106.25,106.25,106.25,106.25,106.25,106.25,106.25,106.25
106.54,106.54,106.54,106.54,106.54,106.54,106.54,106.54,106.54,106.54,106.54,106.54,106.54,106.54,106.54,106.54,106.54,106.54,106.54,106.54,106.54,106.54,106.54,106.54,106.54,106.54,106.54,106.54,106.54
106.84,106.84,106.84,106.84,106.84,106.84,106.84,106.84,106.84,106.84,106.84,106.84,106.84,106.84,106.84,106.84,106.84,106.84,106.84,106.84,106.84,106.84,106.84,106.84,106.84,106.84,106.84,106.84,106.84
107.13,107.13,107.13,107.13,107.13,107.13,107.13,107.13,107.13,107.13,107.13,107.13,107.13,107.13,107.13,107.13,107.13,107.13,107.13,107.13,107.13,107.13,107.13,107.13,107.13,107.13,107.13,107.13,107.13
107.43,107.43,107.43,107.43,107.43,107.43,107.43,107.43,107.43,107.43,107.43,107.43,107.43,107.43,107.43,107.43,107.43,107.43,107.43,107.43,107.43,107.43,107.43,107.43,107.43,107.43,107.43,107.43,107.43
107.72,107.72,107.72,107.72,107.72,107.72,107.72,107.72,107.72,107.72,107.72,107.72,107.72,107.72,107.72,107.72,107.72,107.72,107.72,107.72,107.72,107.72,107.72,107.72,107.72,107.72,107.72,107.72,107.72
108.02,108.02,108.02,108.02,108.02,108.02,108.02,108.02,108.02,108.02,108.02,108.02,108.02,108.02,108.02,108.02,108.02,108.02,108.02,108.02,108.02,108.02,108.02,108.02,108.02,108.02,108.02,108.02,108.02
108.31,108.31,108.31,108.31,108.31,108.31,108.31,108.31,108.31,108.31,108.31,108.31,108.31,108.31,108.31,108.31,108.31,108.31,108.31,108.31,108.31,108.31,108.31,108.31,108.31,108.31,108.31,108.31,108.31
108.61,108.61,108.61,108.61,108.61,108.61,108.61,108.61,108.61,108.61,108.61,108.61,108.61,108.61,108.61,108.61,108.61,108.61,108.61,108.61,108.61,108.61,108.61,108.61,108.61,108.61,108.61,108.61,108.61
108.9,108.9,108.9,108.9,108.9,108.9,108.9,108.9,108.9,108.9,108.9,108.9,108.9,108.9,108.9,108.9,108.9,108.9,108.9,108.9,108.9,108.9,108.9,108.9,108.9,108.9,108.9,108.9,108.9
109.2,109.2,109.2,109.2,109.2,109.2,109.2,109.2,109.2,109.2,109.2,109.2,109.2,109.2,109.2,109.2,109.2,109.2,109.2,109.2,109.2,109.2,109.2,109.2,109.2,109.2,109.2,109.2,109.2
109.49,109.49,109.49,109.49,109.49,109.49,109.49,109.49,109.49,109.49,109.49,109.49,109.49,109.49,109.49,109.49,109.49,109.49,109.49,109.49,109.49,109.49,109.49,109.49,109.49,109.49,109.49,109.49,109.49
109.79,109.79,109.79,109.79,109.79,109.79,109.79,109.79,109.79,109.79,109.79,109.79,109.79,109.79,109.79,109.79,109.79,109.79,109.79,109.79,109.79,109.79,109.79,109.79,109.79,109.79,109.79,109.79,109.79
110.08,110.08,110.08,110.08,110.08,110.08,110.08,110.08,110.08,110.08,110.08,110.08,110.08,110.08,110.08,110.08,110.08,110.08,110.08,110.08,110.08,110.08,110.08,110.08,110.08,110.08,110.08,110.08,110.08
110.37,110.37,110.37,110.37,110.37,110.37,110.37,110.37,110.37,110.37,110.37,110.37,110.37,110.37,110.37,110.37,110.37,110.37,110.37,110.37,110.37,110.37,110.37,110.37,110.37,110.37,110.37,110.37,110.37
110.67,110.67,110.67,110.67,110.67,110.67,110.67,110.67,110.67,110.67,110.67,110.67,110.67,110.67,110.67,110.67,110.67,110.67,110.67,110.67,110.67,110.67,110.67,110.67,110.67,110.67,110.67,110.67,110.67
110.96,110.96,110.96,110.96,110.96,110.96,110.96,110.96,110.96,110.96,110.96,110.96,110.96,110.96,110.96,110.96,110.96,110.96,110.96,110.96,110.96,110.96,110.96,110.96,110.96,110.96,110.96,110.96,110.96
111.26,111.26,111.26,111.26,111.26,111.26,111.26,111.26,111.26,111.26,111.26,111.26,111.26,111.26,111.26,111.26,111.26,111.26,111.26,111.26,111.26,111.26,111.26,111.26,111.26,111.26,111.26,111.26,111.26
111.55,111.55,111.55,111.55,111.55,111.55,111.55,111.55,111.55,111.55,111.55,111.55,111.55,111.55,111.55,111.55,111.55,111.55,111.55,111.55,111.55,111.55,111.55,111.55,111.55,111.55,111.55,111.55,111.55
111.85,111.85,111.85,111.85,111.85,111.85,111.85,111.85,111.85,111.85,111.85,111.85,111.85,111.85,111.85,111.85,111.85,111.85,111.85,111.85,111.85,111.85,111.85,111.85,111.85,111.85,111.85,111.85,111.85
112.14,112.14,112.14,112.14,112.14,112.14,112.14,112.14,112.14,112.14,112.14,112.14,112.14,112.14,112.14,112.14,112.14,112.14,112.14,112.14,112.14,112.14,112.14,112.14,112.14,112.14,112.14,112.14,112.14
112.44,112.44,112.44,112.44,112.44,112.44,112.44,112.44,112.44,112.44,112.44,112.44,112.44,112.44,112.44,112.44,112.44,112.44,112.44,112.44,112.44,112.44,112.44,112.44,112.44,112.44,112.44,112.44,112.44
112.73,112.73,112.73,112.73,112.73,112.73,112.73,112.73,112.73,112.73,112.73,112.73,112.73,112.73,112.73,112.73,112.73,112.73,112.73,112.73,112.73,112.73,112.73,112.73,112.73,112.73,112.73,112.73,112.73
113.03,113.03,113.03,113.03,113.03,113.03,113.03,113.03,113.03,113.03,113.03,113.03,113.03,113.03,113.03,113.03,113.03,113.03,113.03,113.03,113.03,113.03,113.03,113.03,113.03,113.03,113.03,113.03,113.03
113.32,113.32,113.32,113.32,113.32,113.32,113.32,113.32,113.32,113.32,113.32,113.32,113.32,113.32,113.32,113.32,113.32,113.32,113.32,113.32,113.32,113.32,113.32,113.32,113.32,113.32,113.32,113.32,113.32
113.62,113.62,113.62,113.62,113.62,113.62,113.62,113.62,113.62,113.62,113.62,113.62,113.62,113.62,113.62,113.62,113.62,113.62,113.62,113.62,113.62,113.62,113.62,113.62,113.62,113.62,113.62,113.62,113.62
113.91,113.91,113.91,113.91,113.91,113.91,113.91,113.91,113.91,113.91,113.91,113.91,113.91,113.91,113.91,113.91,113.91,113.91,113.91,113.91,113.91,113.91,113.91,113.91,113.91,113.91,113.91,113.91,113.91
114.21,114.21,114.21,114.21,114.21,114.21,114.21,114.21,114.21,114.21,114.21,114.21,114.21,114.21,114.21,114.21,114.21,114.21,114.21,114.21,114.21,114.21,114.21,114.21,114.21,114.21,114.21,114.21,114.21
114.5,114.5,114.5,114.5,114.5,114.5,114.5,114.5,114.5,114.5,114.5,114.5,114.5,114.5,114.5,114.5,114.5,114.5,114.5,114.5,114.5,114.5,114.5,114.5,114.5,114.5,114.5,114.5,114.5
114.8,114.8,114.8,114.8,114.8,114.8,114.8,114.8,114.8,114.8,114.8,114.8,114.8,114.8,114.8,114.8,114.8,114.8,114.8,114.8,114.8,114.8,114.8,114.8,114.8,114.8,114.8,114.8,114.8
115.09,115.09,115.09,115.09,115.09,115.09,115.09,115.09,115.09,115.09,115.09,115.09,115.09,115.09,115.09,115.09,115.09,115.09,115.09,115.09,115.09,115.09,115.09,115.09,115.09,115.09,115.09,115.09,115.09
115.39,115.39,115.39,115.39,115.39,115.39,115.39,115.39,115.39,115.39,115.39,115.39,115.39,115.39,115.39,115.39,115.39,115.39,115.39,115.39,115.39,115.39,115.39,115.39,115.39,115.39,115.39,115.39,115.39
115.68,115.68,115.68,115.68,115.68,115.68,115.68,115.68,115.68,115.68,115.68,115.68,115.68,115.68,115.68,115.68,115.68,115.68,115.68,115.68,115.68,115.68,115.68,115.68,115.68,115.68,115.68,115.68,115.68
115.98,115.98,115.98,115.98,115.98,115.98,115.98,115.98,115.98,115.98,115.98,115.98,115.98,115.98,115.98,115.98,115.98,115.98,115.98,115.98,115.98,115.98,115.98,115.98,115.98,115.98,115.98,115.98,115.98
116.27,116.27,116.27,116.27,116.27,116.27,116.27,116.27,116.27,116.27,116.27,116.27,116.27,116.27,116.27,116.27,116.27,116.27,116.27,116.27,116.27,116.27,116.27,116.27,116.27,116.27,116.27,116.27,116.27
116.57,116.57,116.57,116.57,116.57,116.57,116.57,116.57,116.57,116.57,116.57,116.57,116.57,116.57,116.57,116.57,116.57,116.57,116.57,116.57,116.57,116.57,116.57,116.57,116.57,116.57,116.57,116.57,116.57
116.86,116.86,116.86,116.86,116.86,116.86,116.86,116.86,116.86,116.86,116.86,116.86,116.86,116.86,116.86,116.86,116.86,116.86,116.86,116.86,116.86,116.86,116.86,116.86,116.86,116.86,116.86,116.86,116.86
117.16,117.16,117.16,117.16,117.16,117.16,117.16,117.16,117.16,117.16,117.16,117.16,117.16,117.16,117.16,117.16,117.16,117.16,117.16,117.16,117.16,117.16,117.16,117.16,117.16,117.16,117.16,117.16,117.16
117.45,117.45,117.45,117.45,117.45,117.45,117.45,117.45,117.45,117.45,117.45,117.45,117.45,117.45,117.45,117.45,117.45,117.45,117.45,117.45,117.45,117.45,117.45,117.45,117.45,117.45,117.45,117.45,117.45
117.75,117.75,117.75,117.75,117.75,117.75,117.75,117.75,117.75,117.75,117.75,117.75,117.75,117.75,117.75,117.75,117.75,117.75,117.75,117.75,117.75,117.75,117.75,117.75,117.75,117.75,117.75,117.75,117.75
118.04,118.04,118.04,118.04,118.04,118.04,118.04,118.04,118.04,118.04,118.04,118.04,118.04,118.04,118.04,118.04,118.04,118.04,118.04,118.04,118.04,118.04,118.04,118.04,118.04,118.04,118.04,118.04,118.04
118.34,118.34,118.34,118.34,118.34,118.34,118.34,118.34,118.34,118.34,118.34,118.34,118.34,118.34,118.34,118.34,118.34,118.34,118.34,118.34,118.34,118.34,118.34,118.34,118.34,118.34,118.34,118.34,118.34
118.63,118.63,118.63,118.63,118.63,118.63,118.63,118.63,118.63,118.63,118.63,118.63,118.63,118.63,118.63,118.63,118.63,118.63,118.63,118.63,118.63,118.63,118.63,118.63,118.63,118.63,118.63,118.63,118.63
118.93,118.93,118.93,118.93,118.93,118.93,118.93,118.93,118.93,118.93,118.93,118.93,118.93,118.93,118.93,118.93,118.93,118.93,118.93,118.93,118.93,118.93,118.93,118.93,118.93,118.93,118.93,118.93,118.93
119.22,119.22,119.22,119.22,119.22,119.22,119.22,119.22,119.22,119.22,119.22,119.22,119.22,119.22,119.22,119.22,119.22,119.22,119.22,119.22,119.22,119.22,119.22,119.22,119.22,119.22,119.22,119.22,119.22
119.52,119.52,119.52,119.52,119.52,119.52,119.52,119.52,119.52,119.52,119.52,119.52,119.52,119.52,119.52,119.52,119.52,119.52,119.52,119.52,119.52,119.52,119.52,119.52,119.52,119.52,119.52,119.52,119.52
119.81,119.81,119.81,119.81,119.81,119.81,119.81,119.81,119.81,119.81,119.81,119.81,119.81,119.81,119.81,119.81,119.81,119.81,119.81,119.81,119.81,119.81,119.81,119.81,119.81,119.81,119.81,119.81,119.81
120.11,120.11,120.11,120.11,120.11,120.11,120.11,120.11,120.11,120.11,120.11,120.11,120.11,120.11,120.11,120.11,120.11,120.11,120.11,120.11,120.11,120.11,120.11,120.11,120.11,120.11,120.11,120.11,120.11
120.4,120.4,120.4,120.4,120.4,120.4,120.4,120.4,120.4,120.4,120.4,120.4,120.4,120.4,120.4,120.4,120.4,120.4,120.4,120.4,120.4,120.4,120.4,120.4,120.4,120.4,120.4,120.4,120.4
120.7,120.7,120.7,120.7,120.7,120.7,120.7,120.7,120.7,120.7,120.7,120.7,120.7,120.7,120.7,120.7,120.7,120.7,120.7,120.7,120.7,120.7,120.7,120.7,120.7,120.7,120.7,120.7,120.7
120.99,120.99,120.99,120.99,120.99,120.99,120.99,120.99,120.99,120.99,120.99,120.99,120.99,120.99,120.99,120.99,120.99,120.99,120.99,120.99,120.99,120.99,120.99,120.99,120.99,120.99,120.99,120.99,120.99
121.29,121.29,121.29,121.29,121.29,121.29,121.29,121.29,121.29,121.29,121.29,121.29,121.29,121.29,121.29,121.29,121.29,121.29,121.29,121.29,121.29,121.29,121.29,121.29,121.29,121.29,121.29,121.29,121.29
121.58,121.58,121.58,121.58,121.58,121.58,121.58,121.58,121.58,121.58,121.58,121.58,121.58,121.58,121.58,121.58,121.58,121.58,121.58,121.58,121.58,121.58,121.58,121.58,121.58,121.58,121.58,121.58,121.58
121.88,121.88,121.88,121.88,121.88,121.88,121.88,121.88,121.88,121.88,121.88,121.88,121.88,121.88,121.88,121.88,121.88,121.88,121.88,121.88,121.88,121.88,121.88,121.88,121.88,121.88,121.88,121.88,121.88
122.17,122.17,122.17,122.17,122.17,122.17,122.17,122.17,122.17,122.17,122.17,122.17,122.17,122.17,122.17,122.17,122.17,122.17,122.17,122.17,122.17,122.17,122.17,122.17,122.17,122.17,122.17,122.17,122.17
122.47,122.47,122.47,122.47,122.47,122.47,122.47,122.47,122.47,122.47,122.47,122.47,122.47,122.47,122.47,122.47,122.47,122.47,122.47,122.47,122.47,122.47,122.47,122.47,122.47,122.47,122.47,122.47,122.47
122.76,122.76,122.76,122.76,122.76,122.76,122.76,122.76,122.76,122.76,122.76,122.76,122.76,122.76,122.76,122.76,122.76,122.76,122.76,122.76,122.76,122.76,122.76,122.76,122.76,122.76,122.76,122.76,122.76
123.06,123.06,123.06,123.06,123.06,123.06,123.06,123.06,123.06,123.06,123.06,123.06,123.06,123.06,123.06,123.06,123.06,123.06,123.06,123.06,123.06,123.06,123.06,123.06,123.06,123.06,123.06,123.06,123.06
123.35,123.35,123.35,123.35,123.35,123.35,123.35,123.35,123.35,123.35,123.35,123.35,123.35,123.35,123.35,123.35,123.35,123.35,123.35,123.35,123.35,123.35,123.35,123.35,123.35,123.35,123.35,123.35,123.35
123.65,123.65,123.65,123.65,123.65,123.65,123.65,123.65,123.65,123.65,123.65,123.65,123.65,123.65,123.65,123.65,123.65,123.65,123.65,123.65,123.65,123.65,123.65,123.65,123.65,123.65,123.65,123.65,123.65
123.94,123.94,123.94,123.94,123.94,123.94,123.94,123.94,123.94,123.94,123.94,123.94,123.94,123.94,123.94,123.94,123.94,123.94,123.94,123.94,123.94,123.94,123.94,123.94,123.94,123.94,123.94,123.94,123.94
124.24,124.24,124.24,124.24,124.24,124.24,124.24,124.24,124.24,124.24,124.24,124.24,124.24,124.24,124.24,124.24,124.24,124.24,124.24,124.24,124.24,124.24,124.24,124.24,124.24,124.24,124.24,124.24,124.24
124.53,124.53,124.53,124.53,124.53,124.53,124.53,124.53,124.53,124.53,124.53,124.53,124.53,124.53,124.53,124.53,124.53,124.53,124.53,124.53,124.53,124.53,124.53,124.53,124.53,124.53,124.53,124.53,124.53
124.83,124.83,124.83,124.83,124.83,124.83,124.83,124.83,124.83,124.83,124.83,124.83,124.83,124.83,124.83,124.83,124.83,124.83,124.83,124.83,124.83,124.83,124.83,124.83,124.83,124.83,124.83,124.83,124.83
125.12,125.12,125.12,125.12,125.12,125.12,125.12,125.12,125.12,125.12,125.12,125.12,125.12,125.12,125.12,125.12,125.12,125.12,125.12,125.12,125.12,125.12,125.12,125.12,125.12,125.12,125.12,125.12,125.12
125.42,125.42,125.42,125.42,125.42,125.42,125.42,125.42,125.42,125.42,125.42,125.42,125.42,125.42,125.42,125.42,125.42,125.42,125.42,125.42,125.42,125.42,125.42,125.42,125.42,125.42,125.42,125.42,125.42
125.71,125.71,125.71,125.71,125.71,125.71,125.71,125.71,125.71,125.71,125.71,125.71,125.71,125.71,125.71,125.71,125.71,125.71,125.71,125.71,125.71,125.71,125.71,125.71,125.71,125.71,125.71,125.71,125.71
126.01,126.01,126.01,126.01,126.01,126.01,126.01,126.01,126.01,126.01,126.01,126.01,126.01,126.01,126.01,126.01,126.01,126.01,126.01,126.01,126.01,126.01,126.01,126.01,126.01,126.01,126.01,126.01,126.01
126.3,126.3,126.3,126.3,126.3,126.3,126.3,126.3,126.3,126.3,126.3,126.3,126.3,126.3,126.3,126.3,126.3,126.3,126.3,126.3,126.3,126.3,126.3,126.3,126.3,126.3,126.3,126.3,126.3
126.6,126.6,126.6,126.6,126.6,126.6,126.6,126.6,126.6,126.6,126.6,126.6,126.6,126.6,126.6,126.6,126.6,126.6,126.6,126.6,126.6,126.6,126.6,126.6,126.6,126.6,126.6,126.6,126.6
126.89,126.89,126.89,126.89,126.89,126.89,126.89,126.89,126.89,126.89,126.89,126.89,126.89,126.89,126.89,126.89,126.89,126.89,126.89,126.89,126.89,126.89,126.89,126.89,126.89,126.89,126.89,126.89,126.89
127.19,127.19,127.19,127.19,127.19,127.19,127.19,127.19,127.19,127.19,127.19,127.19,127.19,127.19,127.19,127.19,127.19,127.19,127.19,127.19,127.19,127.19,127.19,127.19,127.19,127.19,127.19,127.19,127.19
127.48,127.48,127.48,127.48,127.48,127.48,127.48,127.48,127.48,127.48,127.48,127.48,127.48,127.48,127.48,127.48,127.48,127.48,127.48,127.48,127.48,127.48,127.48,127.48,127.48,127.48,127.48,127.48,127.48
127.78,127.78,127.78,127.78,127.78,127.78,127.78,127.78,127.78,127.78,127.78,127.78,127.78,127.78,127.78,127.78,127.78,127.78,127.78,127.78,127.78,127.78,127.78,127.78,127.78,127.78,127.78,127.78,127.78
128.07,128.07,128.07,128.07,128.07,128.07,128.07,128.07,128.07,128.07,128.07,128.07,128.07,128.07,128.07,128.07,128.07,128.07,128.07,128.07,128.07,128.07,128.07,128.07,128.07,128.07,128.07,128.07,128.07
128.37,128.37,128.37,128.37,128.37,128.37,128.37,128.37,128.37,128.37,128.37,128.37,128.37,128.37,128.37,128.37,128.37,128.37,128.37,128.37,128.37,128.37,128.37,128.37,128.37,128.37,128.37,128.37,128.37
128.66,128.66,128.66,128.66,128.66,128.66,128.66,128.66,128.66,128.66,128.66,128.66,128.66,128.66,128.66,128.66,128.66,128.66,128.66,128.66,128.66,128.66,128.66,128.66,128.66,128.66,128.66,128.66,128.66
128.96,128.96,128.96,128.96,128.96,128.96,128.96,128.96,128.96,128.96,128.96,128.96,128.96,128.96,128.96,128.96,128.96,128.96,128.96,128.96,128.96,128.96,128.96,128.96,128.96,128.96,128.96,128.96,128.96
129.25,129.25,129.25,129.25,129.25,129.25,129.25,129.25,129.25,129.25,129.25,129.25,129.25,129.25,129.25,129.25,129.25,129.25,129.25,129.25,129.25,129.25,129.25,129.25,129.25,129.25,129.25,129.25,129.25
129.55,129.55,129.55,129.55,129.55,129.55,129.55,129.55,129.55,129.55,129.55,129.55,129.55,129.55,129.55,129.55,129.55,129.55,129.55,129.55,129.55,129.55,129.55,129.55,129.55,129.55,129.55,129.55,129.55
129.84,129.84,129.84,129.84,129.84,129.84,129.84,129.84,129.84,129.84,129.84,129.84,129.84,129.84,129.84,129.84,129.84,129.84,129.84,129.84,129.84,129.84,129.84,129.84,129.84,129.84,129.84,129.84,129.84
130.14,130.14,130.14,130.14,130.14,130.14,130.14,130.14,130.14,130.14,130.14,130.14,130.14,130.14,130.14,130.14,130.14,130.14,130.14,130.14,130.14,130.14,130.14,130.14,130.14,130.14,130.14,130.14,130.14
130.43,130.43,130.43,130.43,130.43,130.43,130.43,130.43,130.43,130.43,130.43,130.43,130.43,130.43,130.43,130.43,130.43,130.43,130.43,130.43,130.43,130.43,130.43,130.43,130.43,130.43,130.43,130.43,130.43
130.73,130.73,130.73,130.73,130.73,130.73,130.73,130.73,130.73,130.73,130.73,130.73,130.73,130.73,130.73,130.73,130.73,130.73,130.73,130.73,130.73,130.73,130.73,130.73,130.73,130.73,130.73,130.73,130.73
131.02,131.02,131.02,131.02,131.02,131.02,131.02,131.02,131.02,131.02,131.02,131.02,131.02,131.02,131.02,131.02,131.02,131.02,131.02,131.02,131.02,131.02,131.02,131.02,131.02,131.02,131.02,131.02,131.02
131.32,131.32,131.32,131.32,131.32,131.32,131.32,131.32,131.32,131.32,131.32,131.32,131.32,131.32,131.32,131.32,131.32,131.32,131.32,131.32,131.32,131.32,131.32,131.32,131.32,131.32,131.32,131.32,131.32
131.61,131.61,131.61,131.61,131.61,131.61,131.61,131.61,131.61,131.61,131.61,131.61,131.61,131.61,131.61,131.61,131.61,131.61,131.61,131.61,131.61,131.61,131.61,131.61,131.61,131.61,131.61,131.61,131.61
131.91,131.91,131.91,131.91,131.91,131.91,131.91,131.91,131.91,131.91,131.91,131.91,131.91,131.91,131.91,131.91,131.91,131.91,131.91,131.91,131.91,131.91,131.91,131.91,131.91,131.91,131.91,131.91,131.91
132.2,132.2,132.2,132.2,132.2,132.2,132.2,132.2,132.2,132.2,132.2,132.2,132.2,132.2,132.2,132.2,132.2,132.2,132.2,132.2,132.2,132.2,132.2,132.2,132.2,132.2,132.2,132.2,132.2
132.5,132.5,132.5,132.5,132.5,132.5,132.5,132.5,132.5,132.5,132.5,132.5,132.5,132.5,132.5,132.5,132.5,132.5,132.5,132.5,132.5,132.5,132.5,132.5,132.5,132.5,132.5,132.5,132.5
132.79,132.79,132.79,132.79,132.79,132.79,132.79,132.79,132.79,132.79,132.79,132.79,132.79,132.79,132.79,132.79,132.79,132.79,132.79,132.79,132.79,132.79,132.79,132.79,132.79,132.79,132.79,132.79,132.79
133.09,133.09,133.09,133.09,133.09,133.09,133.09,133.09,133.09,133.09,133.09,133.09,133.09,133.09,133.09,133.09,133.09,133.09,133.09,133.09,133.09,133.09,133.09,133.09,133.09,133.09,133.09,133.09,133.09
133.38,133.38,133.38,133.38,133.38,133.38,133.38,133.38,133.38,133.38,133.38,133.38,133.38,133.38,133.38,133.38,133.38,133.38,133.38,133.38,133.38,133.38,133.38,133.38,133.38,133.38,133.38,133.38,133.38
133.68,133.68,133.68,133.68,133.68,133.68,133.68,133.68,133.68,133.68,133.68,133.68,133.68,133.68,133.68,133.68,133.68,133.68,133.68,133.68,133.68,133.68,133.68,133.68,133.68,133.68,133.68,133.68,133.68
133.97,133.97,133.97,133.97,133.97,133.97,133.97,133.97,133.97,133.97,133.97,133.97,133.97,133.97,133.97,133.97,133.97,133.97,133.97,133.97,133.97,133.97,133.97,133.97,133.97,133.97,133.97,133.97,133.97
134.27,134.27,134.27,134.27,134.27,134.27,134.27,134.27,134.27,134.27,134.27,134.27,134.27,134.27,134.27,134.27,134.27,134.27,134.27,134.27,134.27,134.27,134.27,134.27,134.27,134.27,134.27,134.27,134.27
134.56,134.56,134.56,134.56,134.56,134.56,134.56,134.56,134.56,134.56,134.56,134.56,134.56,134.56,134.56,134.56,134.56,134.56,134.56,134.56,134.56,134.56,134.56,134.56,134.56,134.56,134.56,134.56,134.56
134.86,134.86,134.86,134.86,134.86,134.86,134.86,134.86,134.86,134.86,134.86,134.86,134.86,134.86,134.86,134.86,134.86,134.86,134.86,134.86,134.86,134.86,134.86,134.86,134.86,134.86,134.86,134.86,134.86
135.15,135.15,135.15,135.15,135.15,135.15,135.15,135.15,135.15,135.15,135.15,135.15,135.15,135.15,135.15,135.15,135.15,135.15,135.15,135.15,135.15,135.15,135.15,135.15,135.15,135.15,135.15,135.15,135.15
135.45,135.45,135.45,135.45,135.45,135.45,135.45,135.45,135.45,135.45,135.45,135.45,135.45,135.45,135.45,135.45,135.45,135.45,135.45,135.45,135.45,135.45,135.45,135.45,135.45,135.45,135.45,135.45,135.45
135.74,135.74,135.74,135.74,135.74,135.74,135.74,135.74,135.74,135.74,135.74,135.74,135.74,135.74,135.74,135.74,135.74,135.74,135.74,135.74,135.74,135.74,135.74,135.74,135.74,135.74,135.74,135.74,135.74
136.04,136.04,136.04,136.04,136.04,136.04,136.04,136.04,136.04,136.04,136.04,136.04,136.04,136.04,136.04,136.04,136.04,136.04,136.04,136.04,136.04,136.04,136.04,136.04,136.04,136.04,136.04,136.04,136.04
136.33,136.33,136.33,136.33,136.33,136.33,136.33,136.33,136.33,136.33,136.33,136.33,136.33,136.33,136.33,136.33,136.33,136.33,136.33,136.33,136.33,136.33,136.33,136.33,136.33,136.33,136.33,136.33,136.33
136.63,136.63,136.63,136.63,136.63,136.63,136.63,136.63,136.63,136.63,136.63,136.63,136.63,136.63,136.63,136.63,136.63,136.63,136.63,136.63,136.63,136.63,136.63,136.63,136.63,136.63,136.63,136.63,136.63
136.92,136.92,136.92,136.92,136.92,136.92,136.92,136.92,136.92,136.92,136.92,136.92,136.92,136.92,136.92,136.92,136.92,136.92,136.92,136.92,136.92,136.92,136.92,136.92,136.92,136.92,136.92,136.92,136.92
137.22,137.22,137.22,137.22,137.22,137.22,137.22,137.22,137.22,137.22,137.22,137.22,137.22,137.22,137.22,137.22,137.22,137.22,137.22,137.22,137.22,137.22,137.22,137.22,137.22,137.22,137.22,137.22,137.22
137.51,137.51,137.51,137.51,137.51,137.51,137.51,137.51,137.51,137.51,137.51,137.51,137.51,137.51,137.51,137.51,137.51,137.51,137.51,137.51,137.51,137.51,137.51,137.51,137.51,137.51,137.51,137.51,137.51
137.81,137.81,137.81,137.81,137.81,137.81,137.81,137.81,137.81,137.81,137.81,137.81,137.81,137.81,137.81,137.81,137.81,137.81,137.81,137.81,137.81,137.81,137.81,137.81,137.81,137.81,137.81,137.81,137.81
138.1,138.1,138.1,138.1,138.1,138.1,138.1,138.1,138.1,138.1,138.1,138.1,138.1,138.1,138.1,138.1,138.1,138.1,138.1,138.1,138.1,138.1,138.1,138.1,138.1,138.1,138.1,138.1,138.1
138.4,138.4,138.4,138.4,138.4,138.4,138.4,138.4,138.4,138.4,138.4,138.4,138.4,138.4,138.4,138.4,138.4,138.4,138.4,138.4,138.4,138.4,138.4,138.4,138.4,138.4,138.4,138.4,138.4
138.69,138.69,138.69,138.69,138.69,138.69,138.69,138.69,138.69,138.69,138.69,138.69,138.69,138.69,138.69,138.69,138.69,138.69,138.69,138.69,138.69,138.69,138.69,138.69,138.69,138.69,138.69,138.69,138.69
138.99,138.99,138.99,138.99,138.99,138.99,138.99,138.99,138.99,138.99,138.99,138.99,138.99,138.99,138.99,138.99,138.99,138.99,138.99,138.99,138.99,138.99,138.99,138.99,138.99,138.99,138.99,138.99,138.99
139.28,139.28,139.28,139.28,139.28,139.28,139.28,139.28,139.28,139.28,139.28,139.28,139.28,139.28,139.28,139.28,139.28,139.28,139.28,139.28,139.28,139.28,139.28,139.28,139.28,139.28,139.28,139.28,139.28
139.58,139.58,139.58,139.58,139.58,139.58,139.58,139.58,139.58,139.58,139.58,139.58,139.58,139.58,139.58,139.58,139.58,139.58,139.58,139.58,139.58,139.58,139.58,139.58,139.58,139.58,139.58,139.58,139.58
139.87,139.87,139.87,139.87,139.87,139.87,139.87,139.87,139.87,139.87,139.87,139.87,139.87,139.87,139.87,139.87,139.87,139.87,139.87,139.87,139.87,139.87,139.87,139.87,139.87,139.87,139.87,139.87,139.87
140.17,140.17,140.17,140.17,140.17,140.17,140.17,140.17,140.17,140.17,140.17,140.17,140.17,140.17,140.17,140.17,140.17,140.17,140.17,140.17,140.17,140.17,140.17,140.17,140.17,140.17,140.17,140.17,140.17
140.46,140.46,140.46,140.46,140.46,140.46,140.46,140.46,140.46,140.46,140.46,140.46,140.46,140.46,140.46,140.46,140.46,140.46,140.46,140.46,140.46,140.46,140.46,140.46,140.46,140.46,140.46,140.46,140.46
140.76,140.76,140.76,140.76,140.76,140.76,140.76,140.76,140.76,140.76,140.76,140.76,140.76,140.76,140.76,140.76,140.76,140.76,140.76,140.76,140.76,140.76,140.76,140.76,140.76,140.76,140.76,140.76,140.76
141.05,141.05,141.05,141.05,141.05,141.05,141.05,141.05,141.05,141.05,141.05,141.05,141.05,141.05,141.05,141.05,141.05,141.05,141.05,141.05,141.05,141.05,141.05,141.05,141.05,141.05,141.05,141.05,141.05
141.35,141.35,141.35,141.35,141.35,141.35,141.35,141.35,141.35,141.35,141.35,141.35,141.35,141.35,141.35,141.35,141.35,141.35,141.35,141.35,141.35,141.35,141.35,141.35,141.35,141.35,141.35,141.35,141.35
141.64,141.64,141.64,141.64,141.64,141.64,141.64,141.64,141.64,141.64,141.64,141.64,141.64,141.64,141.64,141.64,141.64,141.64,141.64,141.64,141.64,141.64,141.64,141.64,141.64,141.64,141.64,141.64,141.64
141.94,141.94,141.94,141.94,141.94,141.94,141.94,141.94,141.94,141.94,141.94,141.94,141.94,141.94,141.94,141.94,141.94,141.94,141.94,141.94,141.94,141.94,141.94,141.94,141.94,141.94,141.94,141.94,141.94
142.23,142.23,142.23,142.23,142.23,142.23,142.23,142.23,142.23,142.23,142.23,142.23,142.23,142.23,142.23,142.23,142.23,142.23,142.23,142.23,142.23,142.23,142.23,142.23,142.23,142.23,142.23,142.23,142.23
142.53,142.53,142.53,142.53,142.53,142.53,142.53,142.53,142.53,142.53,142.53,142.53,142.53,142.53,142.53,142.53,142.53,142.53,142.53,142.53,142.53,142.53,142.53,142.53,142.53,142.53,142.53,142.53,142.53
142.82,142.82,142.82,142.82,142.82,142.82,142.82,142.82,142.82,142.82,142.82,142.82,142.82,142.82,142.82,142.82,142.82,142.82,142.82,142.82,142.82,142.82,142.82,142.82,142.82,142.82,142.82,142.82,142.82
143.12,143.12,143.12,143.12,143.12,143.12,143.12,143.12,143.12,143.12,143.12,143.12,143.12,143.12,143.12,143.12,143.12,143.12,143.12,143.12,143.12,143.12,143.12,143.12,143.12,143.12,143.12,143.12,143.12
143.41,143.41,143.41,143.41,143.41,143.41,143.41,143.41,143.41,143.41,143.41,143.41,143.41,143.41,143.41,143.41,143.41,143.41,143.41,143.41,143.41,143.41,143.41,143.41,143.41,143.41,143.41,143.41,143.41
143.7,143.7,143.7,143.7,143.7,143.7,143.7,143.7,143.7,143.7,143.7,143.7,143.7,143.7,143.7,143.7,143.7,143.7,143.7,143.7,143.7,143.7,143.7,143.7,143.7,143.7,143.7,143.7,143.7
143.99,143.99,143.99,143.99,143.99,143.99,143.99,143.99,143.99,143.99,143.99,143.99,143.99,143.99,143.99,143.99,143.99,143.99,143.99,143.99,143.99,143.99,143.99,143.99,143.99,143.99,143.99,143.99,143.99
144.28,144.28,144.28,144.28,144.28,144.28,144.28,144.28,144.28,144.28,144.28,144.28,144.28,144.28,144.28,144.28,144.28,144.28,144.28,144.28,144.28,144.28,144.28,144.28,144.28,144.28,144.28,144.28,144.28
144.57,144.57,144.57,144.57,144.57,144.57,144.57,144.57,144.57,144.57,144.57,144.57,144.57,144.57,144.57,144.57,144.57,144.57,144.57,144.57,144.57,144.57,144.57,144.57,144.57,144.57,144.57,144.57,144.57
144.86,144.86,144.86,144.86,144.86,144.86,144.86,144.86,144.86,144.86,144.86,144.86,144.86,144.86,144.86,144.86,144.86,144.86,144.86,144.86,144.86,144.86,144.86,144.86,144.86,144.86,144.86,144.86,144.86
145.15,145.15,145.15,145.15,145.15,145.15,145.15,145.15,145.15,145.15,145.15,145.15,145.15,145.15,145.15,145.15,145.15,145.15,145.15,145.15,145.15,145.15,145.15,145.15,145.15,145.15,145.15,145.15,145.15
145.44,145.44,145.44,145.44,145.44,145.44,145.44,145.44,145.44,145.44,145.44,145.44,145.44,145.44,145.44,145.44,145.44,145.44,145.44,145.44,145.44,145.44,145.44,145.44,145.44,145.44,145.44,145.44,145.44
145.73,145.73,145.73,145.73,145.73,145.73,145.73,145.73,145.73,145.73,145.73,145.73,145.73,145.73,145.73,145.73,145.73,145.73,145.73,145.73,145.73,145.73,145.73,145.73,145.73,145.73,145.73,145.73,145.73
146.02,146.02,146.02,146.02,146.02,146.02,146.02,146.02,146.02,146.02,146.02,146.02,146.02,146.02,146.02,146.02,146.02,146.02,146.02,146.02,146.02,146.02,146.02,146.02,146.02,146.02,146.02,146.02,146.02
146.31,146.31,146.31,146.31,146.31,146.31,146.31,146.31,146.31,146.31,146.31,146.31,146.31,146.31,146.31,146.31,146.31,146.31,146.31,146.31,146.31,146.31,146.31,146.31,146.31,146.31,146.31,146.31,146.31
146.6,146.6,146.6,146.6,146.6,146.6,146.6,146.6,146.6,146.6,146.6,146.6,146.6,146.6,146.6,146.6,146.6,146.6,146.6,146.6,146.6,146.6,146.6,146.6,146.6,146.6,146.6,146.6,146.6
146.89,146.89,146.89,146.89,146.89,146.89,146.89,146.89,146.89,146.89,146.89,146.89,146.89,146.89,146.89,146.89,146.89,146.89,146.89,146.89,146.89,146.89,146.89,146.89,146.89,146.89,146.89,146.89,146.89
147.18,147.18,147.18,147.18,147.18,147.18,147.18,147.18,147.18,147.18,147.18,147.18,147.18,147.18,147.18,147.18,147.18,147.18,147.18,147.18,147.18,147.18,147.18,147.18,147.18,147.18,147.18,147.18,147.18
147.47,147.47,147.47,147.47,147.47,147.47,147.47,147.47,147.47,147.47,147.47,147.47,147.47,147.47,147.47,147.47,147.47,147.47,147.47,147.47,147.47,147.47,147.47,147.47,147.47,147.47,147.47,147.47,147.47
147.76,147.76,147.76,147.76,147.76,147.76,147.76,147.76,147.76,147.76,147.76,147.76,147.76,147.76,147.76,147.76,147.76,147.76,147.76,147.76,147.76,147.76,147.76,147.76,147.76,147.76,147.76,147.76,147.76
148.05,148.05,148.05,148.05,148.05,148.05,148.05,148.05,148.05,148.05,148.05,148.05,148.05,148.05,148.05,148.05,148.05,148.05,148.05,148.05,148.05,148.05,148.05,148.05,148.05,148.05,148.05,148.05,148.05
148.34,148.34,148.34,148.34,148.34,148.34,148.34,148.34,148.34,148.34,148.34,148.34,148.34,148.34,148.34,148.34,148.34,148.34,148.34,148.34,148.34,148.34,148.34,148.34,148.34,148.34,148.34,148.34,148.34
148.63,148.63,148.63,148.63,148.63,148.63,148.63,148.63,148.63,148.63,148.63,148.63,148.63,148.63,148.63,148.63,148.63,148.63,148.63,148.63,148.63,148.63,148.63,148.63,148.63,148.63,148.63,148.63,148.63
148.92,148.92,148.92,148.92,148.92,148.92,148.92,148.92,148.92,148.92,148.92,148.92,148.92,148.92,148.92,148.92,148.92,148.92,148.92,148.92,148.92,148.92,148.92,148.92,148.92,148.92,148.92,148.92,148.92
149.21,149.21,149.21,149.21,149.21,149.21,149.21,149.21,149.21,149.21,149.21,149.21,149.21,149.21,149.21,149.21,149.21,149.21,149.21,149.21,149.21,149.21,149.21,149.21,149.21,149.21,149.21,149.21,149.21
149.5,149.5,149.5,149.5,149.5,149.5,149.5,149.5,149.5,149.5,149.5,149.5,149.5,149.5,149.5,149.5,149.5,149.5,149.5,149.5,149.5,149.5,149.5,149.5,149.5,149.5,149.5,149.5,149.5
149.79,149.79,149.79,149.79,149.79,149.79,149.79,149.79,149.79,149.79,149.79,149.79,149.79,149.79,149.79,149.79,149.79,149.79,149.79,149.79,149.79,149.79,149.79,149.79,149.79,149.79,149.79,149.79,149.79
150.08,150.08,150.08,150.08,150.08,150.08,150.08,150.08,150.08,150.08,150.08,150.08,150.08,150.08,150.08,150.08,150.08,150.08,150.08,150.08,150.08,150.08,150.08,150.08,150.08,150.08,150.08,150.08,150.08
150.37,150.37,150.37,150.37,150.37,150.37,150.37,150.37,150.37,150.37,150.37,150.37,150.37,150.37,150.37,150.37,150.37,150.37,150.37,150.37,150.37,150.37,150.37,150.37,150.37,150.37,150.37,150.37,150.37
150.66,150.66,150.66,150.66,150.66,150.66,150.66,150.66,150.66,150.66,150.66,150.66,150.66,150.66,150.66,150.66,150.66,150.66,150.66,150.66,150.66,150.66,150.66,150.66,150.66,150.66,150.66,150.66,150.66
150.95,150.95,150.95,150.95,150.95,150.95,150.95,150.95,150.95,150.95,150.95,150.95,150.95,150.95,150.95,150.95,150.95,150.95,150.95,150.95,150.95,150.95,150.95,150.95,150.95,150.95,150.95,150.95,150.95
151.24,151.24,151.24,151.24,151.24,151.24,151.24,151.24,151.24,151.24,151.24,151.24,151.24,151.24,151.24,151.24,151.24,151.24,151.24,151.24,151.24,151.24,151.24,151.24,151.24,151.24,151.24,151.24,151.24
151.53,151.53,151.53,151.53,151.53,151.53,151.53,151.53,151.53,151.53,151.53,151.53,151.53,151.53,151.53,151.53,151.53,151.53,151.53,151.53,151.53,151.53,151.53,151.53,151.53,151.53,151.53,151.53,151.53
151.82,151.82,151.82,151.82,151.82,151.82,151.82,151.82,151.82,151.82,151.82,151.82,151.82,151.82,151.82,151.82,151.82,151.82,151.82,151.82,151.82,151.82,151.82,151.82,151.82,151.82,151.82,151.82,151.82
152.11,152.11,152.11,152.11,152.11,152.11,152.11,152.11,152.11,152.11,152.11,152.11,152.11,152.11,152.11,152.11,152.11,152.11,152.11,152.11,152.11,152.11,152.11,152.11,152.11,152.11,152.11,152.11,152.11
152.4,152.4,152.4,152.4,152.4,152.4,152.4,152.4,152.4,152.4,152.4,152.4,152.4,152.4,152.4,152.4,152.4,152.4,152.4,152.4,152.4,152.4,152.4,152.4,152.4,152.4,152.4,152.4,152.4
152.69,152.69,152.69,152.69,152.69,152.69,152.69,152.69,152.69,152.69,152.69,152.69,152.69,152.69,152.69,152.69,152.69,152.69,152.69,152.69,152.69,152.69,152.69,152.69,152.69,152.69,152.69,152.69,152.69
152.98,152.98,152.98,152.98,152.98,152.98,152.98,152.98,152.98,152.98,152.98,152.98,152.98,152.98,152.98,152.98,152.98,152.98,152.98,152.98,152.98,152.98,152.98,152.98,152.98,152.98,152.98,152.98,152.98
153.27,153.27,153.27,153.27,153.27,153.27,153.27,153.27,153.27,153.27,153.27,153.27,153.27,153.27,153.27,153.27,153.27,153.27,153.27,153.27,153.27,153.27,153.27,153.27,153.27,153.27,153.27,153.27,153.27
153.56,153.56,153.56,153.56,153.56,153.56,153.56,153.56,153.56,153.56,153.56,153.56,153.56,153.56,153.56,153.56,153.56,153.56,153.56,153.56,153.56,153.56,153.56,153.56,153.56,153.56,153.56,153.56,153.56
153.85,153.85,153.85,153.85,153.85,153.85,153.85,153.85,153.85,153.85,153.85,153.85,153.85,153.85,153.85,153.85,153.85,153.85,153.85,153.85,153.85,153.85,153.85,153.85,153.85,153.85,153.85,153.85,153.85
154.139999999999,154.139999999999,154.139999999999,154.139999999999,154.139999999999,154.139999999999,154.139999999999,154.139999999999,154.139999999999,154.139999999999,154.139999999999,154.139999999999,154.139999999999,154.139999999999,154.139999999999,154.139999999999,154.139999999999,154.139999999999,154.139999999999,154.139999999999,154.139999999999,154.139999999999,154.139999999999,154.139999999999,154.139999999999,154.139999999999,154.139999999999,154.139999999999,154.139999999999
154.429999999999,154.429999999999,154.429999999999,154.429999999999,154.429999999999,154.429999999999,154.429999999999,154.429999999999,154.429999999999,154.429999999999,154.429999999999,154.429999999999,154.429999999999,154.429999999999,154.429999999999,154.429999999999,154.429999999999,154.429999999999,154.429999999999,154.429999999999,154.429999999999,154.429999999999,154.429999999999,154.429999999999,154.429999999999,154.429999999999,154.429999999999,154.429999999999,154.429999999999
154.719999999999,154.719999999999,154.719999999999,154.719999999999,154.719999999999,154.719999999999,154.719999999999,154.719999999999,154.719999999999,154.719999999999,154.719999999999,154.719999999999,154.719999999999,154.719999999999,154.719999999999,154.719999999999,154.719999999999,154.719999999999,154.719999999999,154.719999999999,154.719999999999,154.719999999999,154.719999999999,154.719999999999,154.719999999999,154.719999999999,154.719999999999,154.719999999999,154.719999999999
155.009999999999,155.009999999999,155.009999999999,155.009999999999,155.009999999999,155.009999999999,155.009999999999,155.009999999999,155.009999999999,155.009999999999,155.009999999999,155.009999999999,155.009999999999,155.009999999999,155.009999999999,155.009999999999,155.009999999999,155.009999999999,155.009999999999,155.009999999999,155.009999999999,155.009999999999,155.009999999999,155.009999999999,155.009999999999,155.009999999999,155.009999999999,155.009999999999,155.009999999999
155.3,155.3,155.3,155.3,155.3,155.3,155.3,155.3,155.3,155.3,155.3,155.3,155.3,155.3,155.3,155.3,155.3,155.3,155.3,155.3,155.3,155.3,155.3,155.3,155.3,155.3,155.3,155.3,155.3
155.59,155.59,155.59,155.59,155.59,155.59,155.59,155.59,155.59,155.59,155.59,155.59,155.59,155.59,155.59,155.59,155.59,155.59,155.59,155.59,155.59,155.59,155.59,155.59,155.59,155.59,155.59,155.59,155.59
155.88,155.88,155.88,155.88,155.88,155.88,155.88,155.88,155.88,155.88,155.88,155.88,155.88,155.88,155.88,155.88,155.88,155.88,155.88,155.88,155.88,155.88,155.88,155.88,155.88,155.88,155.88,155.88,155.88
156.169999999999,156.169999999999,156.169999999999,156.169999999999,156.169999999999,156.169999999999,156.169999999999,156.169999999999,156.169999999999,156.169999999999,156.169999999999,156.169999999999,156.169999999999,156.169999999999,156.169999999999,156.169999999999,156.169999999999,156.169999999999,156.169999999999,156.169999999999,156.169999999999,156.169999999999,156.169999999999,156.169999999999,156.169999999999,156.169999999999,156.169999999999,156.169999999999,156.169999999999
156.459999999999,156.459999999999,156.459999999999,156.459999999999,156.459999999999,156.459999999999,156.459999999999,156.459999999999,156.459999999999,156.459999999999,156.459999999999,156.459999999999,156.459999999999,156.459999999999,156.459999999999,156.459999999999,156.459999999999,156.459999999999,156.459999999999,156.459999999999,156.459999999999,156.459999999999,156.459999999999,156.459999999999,156.459999999999,156.459999999999,156.459999999999,156.459999999999,156.459999999999
156.749999999999,156.749999999999,156.749999999999,156.749999999999,156.749999999999,156.749999999999,156.749999999999,156.749999999999,156.749999999999,156.749999999999,156.749999999999,156.749999999999,156.749999999999,156.749999999999,156.749999999999,156.749999999999,156.749999999999,156.749999999999,156.749999999999,156.749999999999,156.749999999999,156.749999999999,156.749999999999,156.749999999999,156.749999999999,156.749999999999,156.749999999999,156.749999999999,156.749999999999
157.04,157.04,157.04,157.04,157.04,157.04,157.04,157.04,157.04,157.04,157.04,157.04,157.04,157.04,157.04,157.04,157.04,157.04,157.04,157.04,157.04,157.04,157.04,157.04,157.04,157.04,157.04,157.04,157.04
157.33,157.33,157.33,157.33,157.33,157.33,157.33,157.33,157.33,157.33,157.33,157.33,157.33,157.33,157.33,157.33,157.33,157.33,157.33,157.33,157.33,157.33,157.33,157.33,157.33,157.33,157.33,157.33,157.33
157.62,157.62,157.62,157.62,157.62,157.62,157.62,157.62,157.62,157.62,157.62,157.62,157.62,157.62,157.62,157.62,157.62,157.62,157.62,157.62,157.62,157.62,157.62,157.62,157.62,157.62,157.62,157.62,157.62
157.91,157.91,157.91,157.91,157.91,157.91,157.91,157.91,157.91,157.91,157.91,157.91,157.91,157.91,157.91,157.91,157.91,157.91,157.91,157.91,157.91,157.91,157.91,157.91,157.91,157.91,157.91,157.91,157.91
158.2,158.2,158.2,158.2,158.2,158.2,158.2,158.2,158.2,158.2,158.2,158.2,158.2,158.2,158.2,158.2,158.2,158.2,158.2,158.2,158.2,158.2,158.2,158.2,158.2,158.2,158.2,158.2,158.2
158.49,158.49,158.49,158.49,158.49,158.49,158.49,158.49,158.49,158.49,158.49,158.49,158.49,158.49,158.49,158.49,158.49,158.49,158.49,158.49,158.49,158.49,158.49,158.49,158.49,158.49,158.49,158.49,158.49
158.779999999999,158.779999999999,158.779999999999,158.779999999999,158.779999999999,158.779999999999,158.779999999999,158.779999999999,158.779999999999,158.779999999999,158.779999999999,158.779999999999,158.779999999999,158.779999999999,158.779999999999,158.779999999999,158.779999999999,158.779999999999,158.779999999999,158.779999999999,158.779999999999,158.779999999999,158.779999999999,158.779999999999,158.779999999999,158.779999999999,158.779999999999,158.779999999999,158.779999999999
159.07,159.07,159.07,159.07,159.07,159.07,159.07,159.07,159.07,159.07,159.07,159.07,159.07,159.07,159.07,159.07,159.07,159.07,159.07,159.07,159.07,159.07,159.07,159.07,159.07,159.07,159.07,159.07,159.07
159.36,159.36,159.36,159.36,159.36,159.36,159.36,159.36,159.36,159.36,159.36,159.36,159.36,159.36,159.36,159.36,159.36,159.36,159.36,159.36,159.36,159.36,159.36,159.36,159.36,159.36,159.36,159.36,159.36
159.65,159.65,159.65,159.65,159.65,159.65,159.65,159.65,159.65,159.65,159.65,159.65,159.65,159.65,159.65,159.65,159.65,159.65,159.65,159.65,159.65,159.65,159.65,159.65,159.65,159.65,159.65,159.65,159.65
159.940000000001,159.940000000001,159.940000000001,159.940000000001,159.940000000001,159.940000000001,159.940000000001,159.940000000001,159.940000000001,159.940000000001,159.940000000001,159.940000000001,159.940000000001,159.940000000001,159.940000000001,159.940000000001,159.940000000001,159.940000000001,159.940000000001,159.940000000001,159.940000000001,159.940000000001,159.940000000001,159.940000000001,159.940000000001,159.940000000001,159.940000000001,159.940000000001,159.940000000001
160.23,160.23,160.23,160.23,160.23,160.23,160.23,160.23,160.23,160.23,160.23,160.23,160.23,160.23,160.23,160.23,160.23,160.23,160.23,160.23,160.23,160.23,160.23,160.23,160.23,160.23,160.23,160.23,160.23
160.52,160.52,160.52,160.52,160.52,160.52,160.52,160.52,160.52,160.52,160.52,160.52,160.52,160.52,160.52,160.52,160.52,160.52,160.52,160.52,160.52,160.52,160.52,160.52,160.52,160.52,160.52,160.52,160.52
160.809999999999,160.809999999999,160.809999999999,160.809999999999,160.809999999999,160.809999999999,160.809999999999,160.809999999999,160.809999999999,160.809999999999,160.809999999999,160.809999999999,160.809999999999,160.809999999999,160.809999999999,160.809999999999,160.809999999999,160.809999999999,160.809999999999,160.809999999999,160.809999999999,160.809999999999,160.809999999999,160.809999999999,160.809999999999,160.809999999999,160.809999999999,160.809999999999,160.809999999999
161.1,161.1,161.1,161.1,161.1,161.1,161.1,161.1,161.1,161.1,161.1,161.1,161.1,161.1,161.1,161.1,161.1,161.1,161.1,161.1,161.1,161.1,161.1,161.1,161.1,161.1,161.1,161.1,161.1
161.389999999999,161.389999999999,161.389999999999,161.389999999999,161.389999999999,161.389999999999,161.389999999999,161.389999999999,161.389999999999,161.389999999999,161.389999999999,161.389999999999,161.389999999999,161.389999999999,161.389999999999,161.389999999999,161.389999999999,161.389999999999,161.389999999999,161.389999999999,161.389999999999,161.389999999999,161.389999999999,161.389999999999,161.389999999999,161.389999999999,161.389999999999,161.389999999999,161.389999999999
161.68,161.68,161.68,161.68,161.68,161.68,161.68,161.68,161.68,161.68,161.68,161.68,161.68,161.68,161.68,161.68,161.68,161.68,161.68,161.68,161.68,161.68,161.68,161.68,161.68,161.68,161.68,161.68,161.68
161.969999999999,161.969999999999,161.969999999999,161.969999999999,161.969999999999,161.969999999999,161.969999999999,161.969999999999,161.969999999999,161.969999999999,161.969999999999,161.969999999999,161.969999999999,161.969999999999,161.969999999999,161.969999999999,161.969999999999,161.969999999999,161.969999999999,161.969999999999,161.969999999999,161.969999999999,161.969999999999,161.969999999999,161.969999999999,161.969999999999,161.969999999999,161.969999999999,161.969999999999
162.259999999998,162.259999999998,162.259999999998,162.259999999998,162.259999999998,162.259999999998,162.259999999998,162.259999999998,162.259999999998,162.259999999998,162.259999999998,162.259999999998,162.259999999998,162.259999999998,162.259999999998,162.259999999998,162.259999999998,162.259999999998,162.259999999998,162.259999999998,162.259999999998,162.259999999998,162.259999999998,162.259999999998,162.259999999998,162.259999999998,162.259999999998,162.259999999998,162.259999999998
162.549999999999,162.549999999999,162.549999999999,162.549999999999,162.549999999999,162.549999999999,162.549999999999,162.549999999999,162.549999999999,162.549999999999,162.549999999999,162.549999999999,162.549999999999,162.549999999999,162.549999999999,162.549999999999,162.549999999999,162.549999999999,162.549999999999,162.549999999999,162.549999999999,162.549999999999,162.549999999999,162.549999999999,162.549999999999,162.549999999999,162.549999999999,162.549999999999,162.549999999999
162.839999999998,162.839999999998,162.839999999998,162.839999999998,162.839999999998,162.839999999998,162.839999999998,162.839999999998,162.839999999998,162.839999999998,162.839999999998,162.839999999998,162.839999999998,162.839999999998,162.839999999998,162.839999999998,162.839999999998,162.839999999998,162.839999999998,162.839999999998,162.839999999998,162.839999999998,162.839999999998,162.839999999998,162.839999999998,162.839999999998,162.839999999998,162.839999999998,162.839999999998
163.129999999999,163.129999999999,163.129999999999,163.129999999999,163.129999999999,163.129999999999,163.129999999999,163.129999999999,163.129999999999,163.129999999999,163.129999999999,163.129999999999,163.129999999999,163.129999999999,163.129999999999,163.129999999999,163.129999999999,163.129999999999,163.129999999999,163.129999999999,163.129999999999,163.129999999999,163.129999999999,163.129999999999,163.129999999999,163.129999999999,163.129999999999,163.129999999999,163.129999999999
163.419999999998,163.419999999998,163.419999999998,163.419999999998,163.419999999998,163.419999999998,163.419999999998,163.419999999998,163.419999999998,163.419999999998,163.419999999998,163.419999999998,163.419999999998,163.419999999998,163.419999999998,163.419999999998,163.419999999998,163.419999999998,163.419999999998,163.419999999998,163.419999999998,163.419999999998,163.419999999998,163.419999999998,163.419999999998,163.419999999998,163.419999999998,163.419999999998,163.419999999998
163.710000000001,163.710000000001,163.710000000001,163.710000000001,163.710000000001,163.710000000001,163.710000000001,163.710000000001,163.710000000001,163.710000000001,163.710000000001,163.710000000001,163.710000000001,163.710000000001,163.710000000001,163.710000000001,163.710000000001,163.710000000001,163.710000000001,163.710000000001,163.710000000001,163.710000000001,163.710000000001,163.710000000001,163.710000000001,163.710000000001,163.710000000001,163.710000000001,163.710000000001
164,164,164,164,164,164,164,164,164,164,164,164,164,164,164,164,164,164,164,164,164,164,164,164,164,164,164,164,164
164.290000000001,164.290000000001,164.290000000001,164.290000000001,164.290000000001,164.290000000001,164.290000000001,164.290000000001,164.290000000001,164.290000000001,164.290000000001,164.290000000001,164.290000000001,164.290000000001,164.290000000001,164.290000000001,164.290000000001,164.290000000001,164.290000000001,164.290000000001,164.290000000001,164.290000000001,164.290000000001,164.290000000001,164.290000000001,164.290000000001,164.290000000001,164.290000000001,164.290000000001
164.58,164.58,164.58,164.58,164.58,164.58,164.58,164.58,164.58,164.58,164.58,164.58,164.58,164.58,164.58,164.58,164.58,164.58,164.58,164.58,164.58,164.58,164.58,164.58,164.58,164.58,164.58,164.58,164.58
164.869999999999,164.869999999999,164.869999999999,164.869999999999,164.869999999999,164.869999999999,164.869999999999,164.869999999999,164.869999999999,164.869999999999,164.869999999999,164.869999999999,164.869999999999,164.869999999999,164.869999999999,164.869999999999,164.869999999999,164.869999999999,164.869999999999,164.869999999999,164.869999999999,164.869999999999,164.869999999999,164.869999999999,164.869999999999,164.869999999999,164.869999999999,164.869999999999,164.869999999999
165.16,165.16,165.16,165.16,165.16,165.16,165.16,165.16,165.16,165.16,165.16,165.16,165.16,165.16,165.16,165.16,165.16,165.16,165.16,165.16,165.16,165.16,165.16,165.16,165.16,165.16,165.16,165.16,165.16
165.449999999999,165.449999999999,165.449999999999,165.449999999999,165.449999999999,165.449999999999,165.449999999999,165.449999999999,165.449999999999,165.449999999999,165.449999999999,165.449999999999,165.449999999999,165.449999999999,165.449999999999,165.449999999999,165.449999999999,165.449999999999,165.449999999999,165.449999999999,165.449999999999,165.449999999999,165.449999999999,165.449999999999,165.449999999999,165.449999999999,165.449999999999,165.449999999999,165.449999999999
165.74,165.74,165.74,165.74,165.74,165.74,165.74,165.74,165.74,165.74,165.74,165.74,165.74,165.74,165.74,165.74,165.74,165.74,165.74,165.74,165.74,165.74,165.74,165.74,165.74,165.74,165.74,165.74,165.74
166.029999999999,166.029999999999,166.029999999999,166.029999999999,166.029999999999,166.029999999999,166.029999999999,166.029999999999,166.029999999999,166.029999999999,166.029999999999,166.029999999999,166.029999999999,166.029999999999,166.029999999999,166.029999999999,166.029999999999,166.029999999999,166.029999999999,166.029999999999,166.029999999999,166.029999999999,166.029999999999,166.029999999999,166.029999999999,166.029999999999,166.029999999999,166.029999999999,166.029999999999
166.32,166.32,166.32,166.32,166.32,166.32,166.32,166.32,166.32,166.32,166.32,166.32,166.32,166.32,166.32,166.32,166.32,166.32,166.32,166.32,166.32,166.32,166.32,166.32,166.32,166.32,166.32,166.32,166.32
166.609999999999,166.609999999999,166.609999999999,166.609999999999,166.609999999999,166.609999999999,166.609999999999,166.609999999999,166.609999999999,166.609999999999,166.609999999999,166.609999999999,166.609999999999,166.609999999999,166.609999999999,166.609999999999,166.609999999999,166.609999999999,166.609999999999,166.609999999999,166.609999999999,166.609999999999,166.609999999999,166.609999999999,166.609999999999,166.609999999999,166.609999999999,166.609999999999,166.609999999999
166.899999999998,166.899999999998,166.899999999998,166.899999999998,166.899999999998,166.899999999998,166.899999999998,166.899999999998,166.899999999998,166.899999999998,166.899999999998,166.899999999998,166.899999999998,166.899999999998,166.899999999998,166.899999999998,166.899999999998,166.899999999998,166.899999999998,166.899999999998,166.899999999998,166.899999999998,166.899999999998,166.899999999998,166.899999999998,166.899999999998,166.899999999998,166.899999999998,166.899999999998
167.189999999999,167.189999999999,167.189999999999,167.189999999999,167.189999999999,167.189999999999,167.189999999999,167.189999999999,167.189999999999,167.189999999999,167.189999999999,167.189999999999,167.189999999999,167.189999999999,167.189999999999,167.189999999999,167.189999999999,167.189999999999,167.189999999999,167.189999999999,167.189999999999,167.189999999999,167.189999999999,167.189999999999,167.189999999999,167.189999999999,167.189999999999,167.189999999999,167.189999999999
167.48,167.48,167.48,167.48,167.48,167.48,167.48,167.48,167.48,167.48,167.48,167.48,167.48,167.48,167.48,167.48,167.48,167.48,167.48,167.48,167.48,167.48,167.48,167.48,167.48,167.48,167.48,167.48,167.48
167.77,167.77,167.77,167.77,167.77,167.77,167.77,167.77,167.77,167.77,167.77,167.77,167.77,167.77,167.77,167.77,167.77,167.77,167.77,167.77,167.77,167.77,167.77,167.77,167.77,167.77,167.77,167.77,167.77
168.059999999999,168.059999999999,168.059999999999,168.059999999999,168.059999999999,168.059999999999,168.059999999999,168.059999999999,168.059999999999,168.059999999999,168.059999999999,168.059999999999,168.059999999999,168.059999999999,168.059999999999,168.059999999999,168.059999999999,168.059999999999,168.059999999999,168.059999999999,168.059999999999,168.059999999999,168.059999999999,168.059999999999,168.059999999999,168.059999999999,168.059999999999,168.059999999999,168.059999999999
168.35,168.35,168.35,168.35,168.35,168.35,168.35,168.35,168.35,168.35,168.35,168.35,168.35,168.35,168.35,168.35,168.35,168.35,168.35,168.35,168.35,168.35,168.35,168.35,168.35,168.35,168.35,168.35,168.35
168.639999999999,168.639999999999,168.639999999999,168.639999999999,168.639999999999,168.639999999999,168.639999999999,168.639999999999,168.639999999999,168.639999999999,168.639999999999,168.639999999999,168.639999999999,168.639999999999,168.639999999999,168.639999999999,168.639999999999,168.639999999999,168.639999999999,168.639999999999,168.639999999999,168.639999999999,168.639999999999,168.639999999999,168.639999999999,168.639999999999,168.639999999999,168.639999999999,168.639999999999
168.929999999998,168.929999999998,168.929999999998,168.929999999998,168.929999999998,168.929999999998,168.929999999998,168.929999999998,168.929999999998,168.929999999998,168.929999999998,168.929999999998,168.929999999998,168.929999999998,168.929999999998,168.929999999998,168.929999999998,168.929999999998,168.929999999998,168.929999999998,168.929999999998,168.929999999998,168.929999999998,168.929999999998,168.929999999998,168.929999999998,168.929999999998,168.929999999998,168.929999999998
169.219999999999,169.219999999999,169.219999999999,169.219999999999,169.219999999999,169.219999999999,169.219999999999,169.219999999999,169.219999999999,169.219999999999,169.219999999999,169.219999999999,169.219999999999,169.219999999999,169.219999999999,169.219999999999,169.219999999999,169.219999999999,169.219999999999,169.219999999999,169.219999999999,169.219999999999,169.219999999999,169.219999999999,169.219999999999,169.219999999999,169.219999999999,169.219999999999,169.219999999999
169.509999999998,169.509999999998,169.509999999998,169.509999999998,169.509999999998,169.509999999998,169.509999999998,169.509999999998,169.509999999998,169.509999999998,169.509999999998,169.509999999998,169.509999999998,169.509999999998,169.509999999998,169.509999999998,169.509999999998,169.509999999998,169.509999999998,169.509999999998,169.509999999998,169.509999999998,169.509999999998,169.509999999998,169.509999999998,169.509999999998,169.509999999998,169.509999999998,169.509999999998
169.799999999999,169.799999999999,169.799999999999,169.799999999999,169.799999999999,169.799999999999,169.799999999999,169.799999999999,169.799999999999,169.799999999999,169.799999999999,169.799999999999,169.799999999999,169.799999999999,169.799999999999,169.799999999999,169.799999999999,169.799999999999,169.799999999999,169.799999999999,169.799999999999,169.799999999999,169.799999999999,169.799999999999,169.799999999999,169.799999999999,169.799999999999,169.799999999999,169.799999999999
170.089999999998,170.089999999998,170.089999999998,170.089999999998,170.089999999998,170.089999999998,170.089999999998,170.089999999998,170.089999999998,170.089999999998,170.089999999998,170.089999999998,170.089999999998,170.089999999998,170.089999999998,170.089999999998,170.089999999998,170.089999999998,170.089999999998,170.089999999998,170.089999999998,170.089999999998,170.089999999998,170.089999999998,170.089999999998,170.089999999998,170.089999999998,170.089999999998,170.089999999998
170.379999999999,170.379999999999,170.379999999999,170.379999999999,170.379999999999,170.379999999999,170.379999999999,170.379999999999,170.379999999999,170.379999999999,170.379999999999,170.379999999999,170.379999999999,170.379999999999,170.379999999999,170.379999999999,170.379999999999,170.379999999999,170.379999999999,170.379999999999,170.379999999999,170.379999999999,170.379999999999,170.379999999999,170.379999999999,170.379999999999,170.379999999999,170.379999999999,170.379999999999
170.669999999998,170.669999999998,170.669999999998,170.669999999998,170.669999999998,170.669999999998,170.669999999998,170.669999999998,170.669999999998,170.669999999998,170.669999999998,170.669999999998,170.669999999998,170.669999999998,170.669999999998,170.669999999998,170.669999999998,170.669999999998,170.669999999998,170.669999999998,170.669999999998,170.669999999998,170.669999999998,170.669999999998,170.669999999998,170.669999999998,170.669999999998,170.669999999998,170.669999999998
170.960000000001,170.960000000001,170.960000000001,170.960000000001,170.960000000001,170.960000000001,170.960000000001,170.960000000001,170.960000000001,170.960000000001,170.960000000001,170.960000000001,170.960000000001,170.960000000001,170.960000000001,170.960000000001,170.960000000001,170.960000000001,170.960000000001,170.960000000001,170.960000000001,170.960000000001,170.960000000001,170.960000000001,170.960000000001,170.960000000001,170.960000000001,170.960000000001,170.960000000001
171.25,171.25,171.25,171.25,171.25,171.25,171.25,171.25,171.25,171.25,171.25,171.25,171.25,171.25,171.25,171.25,171.25,171.25,171.25,171.25,171.25,171.25,171.25,171.25,171.25,171.25,171.25,171.25,171.25
171.539999999999,171.539999999999,171.539999999999,171.539999999999,171.539999999999,171.539999999999,171.539999999999,171.539999999999,171.539999999999,171.539999999999,171.539999999999,171.539999999999,171.539999999999,171.539999999999,171.539999999999,171.539999999999,171.539999999999,171.539999999999,171.539999999999,171.539999999999,171.539999999999,171.539999999999,171.539999999999,171.539999999999,171.539999999999,171.539999999999,171.539999999999,171.539999999999,171.539999999999
171.83,171.83,171.83,171.83,171.83,171.83,171.83,171.83,171.83,171.83,171.83,171.83,171.83,171.83,171.83,171.83,171.83,171.83,171.83,171.83,171.83,171.83,171.83,171.83,171.83,171.83,171.83,171.83,171.83
172.119999999999,172.119999999999,172.119999999999,172.119999999999,172.119999999999,172.119999999999,172.119999999999,172.119999999999,172.119999999999,172.119999999999,172.119999999999,172.119999999999,172.119999999999,172.119999999999,172.119999999999,172.119999999999,172.119999999999,172.119999999999,172.119999999999,172.119999999999,172.119999999999,172.119999999999,172.119999999999,172.119999999999,172.119999999999,172.119999999999,172.119999999999,172.119999999999,172.119999999999
172.41,172.41,172.41,172.41,172.41,172.41,172.41,172.41,172.41,172.41,172.41,172.41,172.41,172.41,172.41,172.41,172.41,172.41,172.41,172.41,172.41,172.41,172.41,172.41,172.41,172.41,172.41,172.41,172.41
172.699999999999,172.699999999999,172.699999999999,172.699999999999,172.699999999999,172.699999999999,172.699999999999,172.699999999999,172.699999999999,172.699999999999,172.699999999999,172.699999999999,172.699999999999,172.699999999999,172.699999999999,172.699999999999,172.699999999999,172.699999999999,172.699999999999,172.699999999999,172.699999999999,172.699999999999,172.699999999999,172.699999999999,172.699999999999,172.699999999999,172.699999999999,172.699999999999,172.699999999999
172.99,172.99,172.99,172.99,172.99,172.99,172.99,172.99,172.99,172.99,172.99,172.99,172.99,172.99,172.99,172.99,172.99,172.99,172.99,172.99,172.99,172.99,172.99,172.99,172.99,172.99,172.99,172.99,172.99
173.279999999999,173.279999999999,173.279999999999,173.279999999999,173.279999999999,173.279999999999,173.279999999999,173.279999999999,173.279999999999,173.279999999999,173.279999999999,173.279999999999,173.279999999999,173.279999999999,173.279999999999,173.279999999999,173.279999999999,173.279999999999,173.279999999999,173.279999999999,173.279999999999,173.279999999999,173.279999999999,173.279999999999,173.279999999999,173.279999999999,173.279999999999,173.279999999999,173.279999999999
173.57,173.57,173.57,173.57,173.57,173.57,173.57,173.57,173.57,173.57,173.57,173.57,173.57,173.57,173.57,173.57,173.57,173.57,173.57,173.57,173.57,173.57,173.57,173.57,173.57,173.57,173.57,173.57,173.57
173.859999999999,173.859999999999,173.859999999999,173.859999999999,173.859999999999,173.859999999999,173.859999999999,173.859999999999,173.859999999999,173.859999999999,173.859999999999,173.859999999999,173.859999999999,173.859999999999,173.859999999999,173.859999999999,173.859999999999,173.859999999999,173.859999999999,173.859999999999,173.859999999999,173.859999999999,173.859999999999,173.859999999999,173.859999999999,173.859999999999,173.859999999999,173.859999999999,173.859999999999
174.149999999998,174.149999999998,174.149999999998,174.149999999998,174.149999999998,174.149999999998,174.149999999998,174.149999999998,174.149999999998,174.149999999998,174.149999999998,174.149999999998,174.149999999998,174.149999999998,174.149999999998,174.149999999998,174.149999999998,174.149999999998,174.149999999998,174.149999999998,174.149999999998,174.149999999998,174.149999999998,174.149999999998,174.149999999998,174.149999999998,174.149999999998,174.149999999998,174.149999999998
174.439999999999,174.439999999999,174.439999999999,174.439999999999,174.439999999999,174.439999999999,174.439999999999,174.439999999999,174.439999999999,174.439999999999,174.439999999999,174.439999999999,174.439999999999,174.439999999999,174.439999999999,174.439999999999,174.439999999999,174.439999999999,174.439999999999,174.439999999999,174.439999999999,174.439999999999,174.439999999999,174.439999999999,174.439999999999,174.439999999999,174.439999999999,174.439999999999,174.439999999999
174.73,174.73,174.73,174.73,174.73,174.73,174.73,174.73,174.73,174.73,174.73,174.73,174.73,174.73,174.73,174.73,174.73,174.73,174.73,174.73,174.73,174.73,174.73,174.73,174.73,174.73,174.73,174.73,174.73
175.02,175.02,175.02,175.02,175.02,175.02,175.02,175.02,175.02,175.02,175.02,175.02,175.02,175.02,175.02,175.02,175.02,175.02,175.02,175.02,175.02,175.02,175.02,175.02,175.02,175.02,175.02,175.02,175.02
175.309999999999,175.309999999999,175.309999999999,175.309999999999,175.309999999999,175.309999999999,175.309999999999,175.309999999999,175.309999999999,175.309999999999,175.309999999999,175.309999999999,175.309999999999,175.309999999999,175.309999999999,175.309999999999,175.309999999999,175.309999999999,175.309999999999,175.309999999999,175.309999999999,175.309999999999,175.309999999999,175.309999999999,175.309999999999,175.309999999999,175.309999999999,175.309999999999,175.309999999999
175.6,175.6,175.6,175.6,175.6,175.6,175.6,175.6,175.6,175.6,175.6,175.6,175.6,175.6,175.6,175.6,175.6,175.6,175.6,175.6,175.6,175.6,175.6,175.6,175.6,175.6,175.6,175.6,175.6
175.889999999999,175.889999999999,175.889999999999,175.889999999999,175.889999999999,175.889999999999,175.889999999999,175.889999999999,175.889999999999,175.889999999999,175.889999999999,175.889999999999,175.889999999999,175.889999999999,175.889999999999,175.889999999999,175.889999999999,175.889999999999,175.889999999999,175.889999999999,175.889999999999,175.889999999999,175.889999999999,175.889999999999,175.889999999999,175.889999999999,175.889999999999,175.889999999999,175.889999999999
176.179999999998,176.179999999998,176.179999999998,176.179999999998,176.179999999998,176.179999999998,176.179999999998,176.179999999998,176.179999999998,176.179999999998,176.179999999998,176.179999999998,176.179999999998,176.179999999998,176.179999999998,176.179999999998,176.179999999998,176.179999999998,176.179999999998,176.179999999998,176.179999999998,176.179999999998,176.179999999998,176.179999999998,176.179999999998,176.179999999998,176.179999999998,176.179999999998,176.179999999998
176.469999999998,176.469999999998,176.469999999998,176.469999999998,176.469999999998,176.469999999998,176.469999999998,176.469999999998,176.469999999998,176.469999999998,176.469999999998,176.469999999998,176.469999999998,176.469999999998,176.469999999998,176.469999999998,176.469999999998,176.469999999998,176.469999999998,176.469999999998,176.469999999998,176.469999999998,176.469999999998,176.469999999998,176.469999999998,176.469999999998,176.469999999998,176.469999999998,176.469999999998
176.760000000002,176.760000000002,176.760000000002,176.760000000002,176.760000000002,176.760000000002,176.760000000002,176.760000000002,176.760000000002,176.760000000002,176.760000000002,176.760000000002,176.760000000002,176.760000000002,176.760000000002,176.760000000002,176.760000000002,176.760000000002,176.760000000002,176.760000000002,176.760000000002,176.760000000002,176.760000000002,176.760000000002,176.760000000002,176.760000000002,176.760000000002,176.760000000002,176.760000000002
177.049999999999,177.049999999999,177.049999999999,177.049999999999,177.049999999999,177.049999999999,177.049999999999,177.049999999999,177.049999999999,177.049999999999,177.049999999999,177.049999999999,177.049999999999,177.049999999999,177.049999999999,177.049999999999,177.049999999999,177.049999999999,177.049999999999,177.049999999999,177.049999999999,177.049999999999,177.049999999999,177.049999999999,177.049999999999,177.049999999999,177.049999999999,177.049999999999,177.049999999999
177.34,177.34,177.34,177.34,177.34,177.34,177.34,177.34,177.34,177.34,177.34,177.34,177.34,177.34,177.34,177.34,177.34,177.34,177.34,177.34,177.34,177.34,177.34,177.34,177.34,177.34,177.34,177.34,177.34
177.630000000001,177.630000000001,177.630000000001,177.630000000001,177.630000000001,177.630000000001,177.630000000001,177.630000000001,177.630000000001,177.630000000001,177.630000000001,177.630000000001,177.630000000001,177.630000000001,177.630000000001,177.630000000001,177.630000000001,177.630000000001,177.630000000001,177.630000000001,177.630000000001,177.630000000001,177.630000000001,177.630000000001,177.630000000001,177.630000000001,177.630000000001,177.630000000001,177.630000000001
177.920000000002,177.920000000002,177.920000000002,177.920000000002,177.920000000002,177.920000000002,177.920000000002,177.920000000002,177.920000000002,177.920000000002,177.920000000002,177.920000000002,177.920000000002,177.920000000002,177.920000000002,177.920000000002,177.920000000002,177.920000000002,177.920000000002,177.920000000002,177.920000000002,177.920000000002,177.920000000002,177.920000000002,177.920000000002,177.920000000002,177.920000000002,177.920000000002,177.920000000002
178.209999999999,178.209999999999,178.209999999999,178.209999999999,178.209999999999,178.209999999999,178.209999999999,178.209999999999,178.209999999999,178.209999999999,178.209999999999,178.209999999999,178.209999999999,178.209999999999,178.209999999999,178.209999999999,178.209999999999,178.209999999999,178.209999999999,178.209999999999,178.209999999999,178.209999999999,178.209999999999,178.209999999999,178.209999999999,178.209999999999,178.209999999999,178.209999999999,178.209999999999
178.5,178.5,178.5,178.5,178.5,178.5,178.5,178.5,178.5,178.5,178.5,178.5,178.5,178.5,178.5,178.5,178.5,178.5,178.5,178.5,178.5,178.5,178.5,178.5,178.5,178.5,178.5,178.5,178.5
178.790000000001,178.790000000001,178.790000000001,178.790000000001,178.790000000001,178.790000000001,178.790000000001,178.790000000001,178.790000000001,178.790000000001,178.790000000001,178.790000000001,178.790000000001,178.790000000001,178.790000000001,178.790000000001,178.790000000001,178.790000000001,178.790000000001,178.790000000001,178.790000000001,178.790000000001,178.790000000001,178.790000000001,178.790000000001,178.790000000001,178.790000000001,178.790000000001,178.790000000001
