56.16,56.16,56.16,56.16,56.16,56.16,56.16,56.16,56.16,56.16,56.16,56.16,56.16,56.16,56.16,56.16,56.16,56.16,56.16,56.16,56.16,56.16,56.16,56.16,56.16,56.16,56.16,56.16,56.16
56.555,56.555,56.555,56.555,56.555,56.555,56.555,56.555,56.555,56.555,56.555,56.555,56.555,56.555,56.555,56.555,56.555,56.555,56.555,56.555,56.555,56.555,56.555,56.555,56.555,56.555,56.555,56.555,56.555
56.949,56.949,56.949,56.949,56.949,56.949,56.949,56.949,56.949,56.949,56.949,56.949,56.949,56.949,56.949,56.949,56.949,56.949,56.949,56.949,56.949,56.949,56.949,56.949,56.949,56.949,56.949,56.949,56.949
57.344,57.344,57.344,57.344,57.344,57.344,57.344,57.344,57.344,57.344,57.344,57.344,57.344,57.344,57.344,57.344,57.344,57.344,57.344,57.344,57.344,57.344,57.344,57.344,57.344,57.344,57.344,57.344,57.344
57.738,57.738,57.738,57.738,57.738,57.738,57.738,57.738,57.738,57.738,57.738,57.738,57.738,57.738,57.738,57.738,57.738,57.738,57.738,57.738,57.738,57.738,57.738,57.738,57.738,57.738,57.738,57.738,57.738
58.133,58.133,58.133,58.133,58.133,58.133,58.133,58.133,58.133,58.133,58.133,58.133,58.133,58.133,58.133,58.133,58.133,58.133,58.133,58.133,58.133,58.133,58.133,58.133,58.133,58.133,58.133,58.133,58.133
58.527,58.527,58.527,58.527,58.527,58.527,58.527,58.527,58.527,58.527,58.527,58.527,58.527,58.527,58.527,58.527,58.527,58.527,58.527,58.527,58.527,58.527,58.527,58.527,58.527,58.527,58.527,58.527,58.527
58.922,58.922,58.922,58.922,58.922,58.922,58.922,58.922,58.922,58.922,58.922,58.922,58.922,58.922,58.922,58.922,58.922,58.922,58.922,58.922,58.922,58.922,58.922,58.922,58.922,58.922,58.922,58.922,58.922
59.316,59.316,59.316,59.316,59.316,59.316,59.316,59.316,59.316,59.316,59.316,59.316,59.316,59.316,59.316,59.316,59.316,59.316,59.316,59.316,59.316,59.316,59.316,59.316,59.316,59.316,59.316,59.316,59.316
59.711,59.711,59.711,59.711,59.711,59.711,59.711,59.711,59.711,59.711,59.711,59.711,59.711,59.711,59.711,59.711,59.711,59.711,59.711,59.711,59.711,59.711,59.711,59.711,59.711,59.711,59.711,59.711,59.711
60.105,60.105,60.105,60.105,60.105,60.105,60.105,60.105,60.105,60.105,60.105,60.105,60.105,60.105,60.105,60.105,60.105,60.105,60.105,60.105,60.105,60.105,60.105,60.105,60.105,60.105,60.105,60.105,60.105
60.5,60.5,60.5,60.5,60.5,60.5,60.5,60.5,60.5,60.5,60.5,60.5,60.5,60.5,60.5,60.5,60.5,60.5,60.5,60.5,60.5,60.5,60.5,60.5,60.5,60.5,60.5,60.5,60.5
60.895,60.895,60.895,60.895,60.895,60.895,60.895,60.895,60.895,60.895,60.895,60.895,60.895,60.895,60.895,60.895,60.895,60.895,60.895,60.895,60.895,60.895,60.895,60.895,60.895,60.895,60.895,60.895,60.895
61.289,61.289,61.289,61.289,61.289,61.289,61.289,61.289,61.289,61.289,61.289,61.289,61.289,61.289,61.289,61.289,61.289,61.289,61.289,61.289,61.289,61.289,61.289,61.289,61.289,61.289,61.289,61.289,61.289
61.684,61.684,61.684,61.684,61.684,61.684,61.684,61.684,61.684,61.684,61.684,61.684,61.684,61.684,61.684,61.684,61.684,61.684,61.684,61.684,61.684,61.684,61.684,61.684,61.684,61.684,61.684,61.684,61.684
62.078,62.078,62.078,62.078,62.078,62.078,62.078,62.078,62.078,62.078,62.078,62.078,62.078,62.078,62.078,62.078,62.078,62.078,62.078,62.078,62.078,62.078,62.078,62.078,62.078,62.078,62.078,62.078,62.078
62.473,62.473,62.473,62.473,62.473,62.473,62.473,62.473,62.473,62.473,62.473,62.473,62.473,62.473,62.473,62.473,62.473,62.473,62.473,62.473,62.473,62.473,62.473,62.473,62.473,62.473,62.473,62.473,62.473
62.867,62.867,62.867,62.867,62.867,62.867,62.867,62.867,62.867,62.867,62.867,62.867,62.867,62.867,62.867,62.867,62.867,62.867,62.867,62.867,62.867,62.867,62.867,62.867,62.867,62.867,62.867,62.867,62.867
63.262,63.262,63.262,63.262,63.262,63.262,63.262,63.262,63.262,63.262,63.262,63.262,63.262,63.262,63.262,63.262,63.262,63.262,63.262,63.262,63.262,63.262,63.262,63.262,63.262,63.262,63.262,63.262,63.262
63.656,63.656,63.656,63.656,63.656,63.656,63.656,63.656,63.656,63.656,63.656,63.656,63.656,63.656,63.656,63.656,63.656,63.656,63.656,63.656,63.656,63.656,63.656,63.656,63.656,63.656,63.656,63.656,63.656
64.051,64.051,64.051,64.051,64.051,64.051,64.051,64.051,64.051,64.051,64.051,64.051,64.051,64.051,64.051,64.051,64.051,64.051,64.051,64.051,64.051,64.051,64.051,64.051,64.051,64.051,64.051,64.051,64.051
64.446,64.446,64.446,64.446,64.446,64.446,64.446,64.446,64.446,64.446,64.446,64.446,64.446,64.446,64.446,64.446,64.446,64.446,64.446,64.446,64.446,64.446,64.446,64.446,64.446,64.446,64.446,64.446,64.446
64.84,64.84,64.84,64.84,64.84,64.84,64.84,64.84,64.84,64.84,64.84,64.84,64.84,64.84,64.84,64.84,64.84,64.84,64.84,64.84,64.84,64.84,64.84,64.84,64.84,64.84,64.84,64.84,64.84
65.235,65.235,65.235,65.235,65.235,65.235,65.235,65.235,65.235,65.235,65.235,65.235,65.235,65.235,65.235,65.235,65.235,65.235,65.235,65.235,65.235,65.235,65.235,65.235,65.235,65.235,65.235,65.235,65.235
65.629,65.629,65.629,65.629,65.629,65.629,65.629,65.629,65.629,65.629,65.629,65.629,65.629,65.629,65.629,65.629,65.629,65.629,65.629,65.629,65.629,65.629,65.629,65.629,65.629,65.629,65.629,65.629,65.629
66.024,66.024,66.024,66.024,66.024,66.024,66.024,66.024,66.024,66.024,66.024,66.024,66.024,66.024,66.024,66.024,66.024,66.024,66.024,66.024,66.024,66.024,66.024,66.024,66.024,66.024,66.024,66.024,66.024
66.418,66.418,66.418,66.418,66.418,66.418,66.418,66.418,66.418,66.418,66.418,66.418,66.418,66.418,66.418,66.418,66.418,66.418,66.418,66.418,66.418,66.418,66.418,66.418,66.418,66.418,66.418,66.418,66.418
66.813,66.813,66.813,66.813,66.813,66.813,66.813,66.813,66.813,66.813,66.813,66.813,66.813,66.813,66.813,66.813,66.813,66.813,66.813,66.813,66.813,66.813,66.813,66.813,66.813,66.813,66.813,66.813,66.813
67.207,67.207,67.207,67.207,67.207,67.207,67.207,67.207,67.207,67.207,67.207,67.207,67.207,67.207,67.207,67.207,67.207,67.207,67.207,67.207,67.207,67.207,67.207,67.207,67.207,67.207,67.207,67.207,67.207
67.602,67.602,67.602,67.602,67.602,67.602,67.602,67.602,67.602,67.602,67.602,67.602,67.602,67.602,67.602,67.602,67.602,67.602,67.602,67.602,67.602,67.602,67.602,67.602,67.602,67.602,67.602,67.602,67.602
67.996,67.996,67.996,67.996,67.996,67.996,67.996,67.996,67.996,67.996,67.996,67.996,67.996,67.996,67.996,67.996,67.996,67.996,67.996,67.996,67.996,67.996,67.996,67.996,67.996,67.996,67.996,67.996,67.996
68.391,68.391,68.391,68.391,68.391,68.391,68.391,68.391,68.391,68.391,68.391,68.391,68.391,68.391,68.391,68.391,68.391,68.391,68.391,68.391,68.391,68.391,68.391,68.391,68.391,68.391,68.391,68.391,68.391
68.786,68.786,68.786,68.786,68.786,68.786,68.786,68.786,68.786,68.786,68.786,68.786,68.786,68.786,68.786,68.786,68.786,68.786,68.786,68.786,68.786,68.786,68.786,68.786,68.786,68.786,68.786,68.786,68.786
69.18,69.18,69.18,69.18,69.18,69.18,69.18,69.18,69.18,69.18,69.18,69.18,69.18,69.18,69.18,69.18,69.18,69.18,69.18,69.18,69.18,69.18,69.18,69.18,69.18,69.18,69.18,69.18,69.18
69.575,69.575,69.575,69.575,69.575,69.575,69.575,69.575,69.575,69.575,69.575,69.575,69.575,69.575,69.575,69.575,69.575,69.575,69.575,69.575,69.575,69.575,69.575,69.575,69.575,69.575,69.575,69.575,69.575
69.969,69.969,69.969,69.969,69.969,69.969,69.969,69.969,69.969,69.969,69.969,69.969,69.969,69.969,69.969,69.969,69.969,69.969,69.969,69.969,69.969,69.969,69.969,69.969,69.969,69.969,69.969,69.969,69.969
70.364,70.364,70.364,70.364,70.364,70.364,70.364,70.364,70.364,70.364,70.364,70.364,70.364,70.364,70.364,70.364,70.364,70.364,70.364,70.364,70.364,70.364,70.364,70.364,70.364,70.364,70.364,70.364,70.364
70.758,70.758,70.758,70.758,70.758,70.758,70.758,70.758,70.758,70.758,70.758,70.758,70.758,70.758,70.758,70.758,70.758,70.758,70.758,70.758,70.758,70.758,70.758,70.758,70.758,70.758,70.758,70.758,70.758
71.153,71.153,71.153,71.153,71.153,71.153,71.153,71.153,71.153,71.153,71.153,71.153,71.153,71.153,71.153,71.153,71.153,71.153,71.153,71.153,71.153,71.153,71.153,71.153,71.153,71.153,71.153,71.153,71.153
71.547,71.547,71.547,71.547,71.547,71.547,71.547,71.547,71.547,71.547,71.547,71.547,71.547,71.547,71.547,71.547,71.547,71.547,71.547,71.547,71.547,71.547,71.547,71.547,71.547,71.547,71.547,71.547,71.547
71.942,71.942,71.942,71.942,71.942,71.942,71.942,71.942,71.942,71.942,71.942,71.942,71.942,71.942,71.942,71.942,71.942,71.942,71.942,71.942,71.942,71.942,71.942,71.942,71.942,71.942,71.942,71.942,71.942
72.337,72.337,72.337,72.337,72.337,72.337,72.337,72.337,72.337,72.337,72.337,72.337,72.337,72.337,72.337,72.337,72.337,72.337,72.337,72.337,72.337,72.337,72.337,72.337,72.337,72.337,72.337,72.337,72.337
72.731,72.731,72.731,72.731,72.731,72.731,72.731,72.731,72.731,72.731,72.731,72.731,72.731,72.731,72.731,72.731,72.731,72.731,72.731,72.731,72.731,72.731,72.731,72.731,72.731,72.731,72.731,72.731,72.731
73.126,73.126,73.126,73.126,73.126,73.126,73.126,73.126,73.126,73.126,73.126,73.126,73.126,73.126,73.126,73.126,73.126,73.126,73.126,73.126,73.126,73.126,73.126,73.126,73.126,73.126,73.126,73.126,73.126
73.52,73.52,73.52,73.52,73.52,73.52,73.52,73.52,73.52,73.52,73.52,73.52,73.52,73.52,73.52,73.52,73.52,73.52,73.52,73.52,73.52,73.52,73.52,73.52,73.52,73.52,73.52,73.52,73.52
73.915,73.915,73.915,73.915,73.915,73.915,73.915,73.915,73.915,73.915,73.915,73.915,73.915,73.915,73.915,73.915,73.915,73.915,73.915,73.915,73.915,73.915,73.915,73.915,73.915,73.915,73.915,73.915,73.915
74.309,74.309,74.309,74.309,74.309,74.309,74.309,74.309,74.309,74.309,74.309,74.309,74.309,74.309,74.309,74.309,74.309,74.309,74.309,74.309,74.309,74.309,74.309,74.309,74.309,74.309,74.309,74.309,74.309
74.704,74.704,74.704,74.704,74.704,74.704,74.704,74.704,74.704,74.704,74.704,74.704,74.704,74.704,74.704,74.704,74.704,74.704,74.704,74.704,74.704,74.704,74.704,74.704,74.704,74.704,74.704,74.704,74.704
75.098,75.098,75.098,75.098,75.098,75.098,75.098,75.098,75.098,75.098,75.098,75.098,75.098,75.098,75.098,75.098,75.098,75.098,75.098,75.098,75.098,75.098,75.098,75.098,75.098,75.098,75.098,75.098,75.098
75.493,75.493,75.493,75.493,75.493,75.493,75.493,75.493,75.493,75.493,75.493,75.493,75.493,75.493,75.493,75.493,75.493,75.493,75.493,75.493,75.493,75.493,75.493,75.493,75.493,75.493,75.493,75.493,75.493
75.887,75.887,75.887,75.887,75.887,75.887,75.887,75.887,75.887,75.887,75.887,75.887,75.887,75.887,75.887,75.887,75.887,75.887,75.887,75.887,75.887,75.887,75.887,75.887,75.887,75.887,75.887,75.887,75.887
76.282,76.282,76.282,76.282,76.282,76.282,76.282,76.282,76.282,76.282,76.282,76.282,76.282,76.282,76.282,76.282,76.282,76.282,76.282,76.282,76.282,76.282,76.282,76.282,76.282,76.282,76.282,76.282,76.282
76.677,76.677,76.677,76.677,76.677,76.677,76.677,76.677,76.677,76.677,76.677,76.677,76.677,76.677,76.677,76.677,76.677,76.677,76.677,76.677,76.677,76.677,76.677,76.677,76.677,76.677,76.677,76.677,76.677
77.071,77.071,77.071,77.071,77.071,77.071,77.071,77.071,77.071,77.071,77.071,77.071,77.071,77.071,77.071,77.071,77.071,77.071,77.071,77.071,77.071,77.071,77.071,77.071,77.071,77.071,77.071,77.071,77.071
77.466,77.466,77.466,77.466,77.466,77.466,77.466,77.466,77.466,77.466,77.466,77.466,77.466,77.466,77.466,77.466,77.466,77.466,77.466,77.466,77.466,77.466,77.466,77.466,77.466,77.466,77.466,77.466,77.466
77.86,77.86,77.86,77.86,77.86,77.86,77.86,77.86,77.86,77.86,77.86,77.86,77.86,77.86,77.86,77.86,77.86,77.86,77.86,77.86,77.86,77.86,77.86,77.86,77.86,77.86,77.86,77.86,77.86
78.255,78.255,78.255,78.255,78.255,78.255,78.255,78.255,78.255,78.255,78.255,78.255,78.255,78.255,78.255,78.255,78.255,78.255,78.255,78.255,78.255,78.255,78.255,78.255,78.255,78.255,78.255,78.255,78.255
78.649,78.649,78.649,78.649,78.649,78.649,78.649,78.649,78.649,78.649,78.649,78.649,78.649,78.649,78.649,78.649,78.649,78.649,78.649,78.649,78.649,78.649,78.649,78.649,78.649,78.649,78.649,78.649,78.649
79.044,79.044,79.044,79.044,79.044,79.044,79.044,79.044,79.044,79.044,79.044,79.044,79.044,79.044,79.044,79.044,79.044,79.044,79.044,79.044,79.044,79.044,79.044,79.044,79.044,79.044,79.044,79.044,79.044
79.438,79.438,79.438,79.438,79.438,79.438,79.438,79.438,79.438,79.438,79.438,79.438,79.438,79.438,79.438,79.438,79.438,79.438,79.438,79.438,79.438,79.438,79.438,79.438,79.438,79.438,79.438,79.438,79.438
79.833,79.833,79.833,79.833,79.833,79.833,79.833,79.833,79.833,79.833,79.833,79.833,79.833,79.833,79.833,79.833,79.833,79.833,79.833,79.833,79.833,79.833,79.833,79.833,79.833,79.833,79.833,79.833,79.833
80.227,80.227,80.227,80.227,80.227,80.227,80.227,80.227,80.227,80.227,80.227,80.227,80.227,80.227,80.227,80.227,80.227,80.227,80.227,80.227,80.227,80.227,80.227,80.227,80.227,80.227,80.227,80.227,80.227
80.622,80.622,80.622,80.622,80.622,80.622,80.622,80.622,80.622,80.622,80.622,80.622,80.622,80.622,80.622,80.622,80.622,80.622,80.622,80.622,80.622,80.622,80.622,80.622,80.622,80.622,80.622,80.622,80.622
81.017,81.017,81.017,81.017,81.017,81.017,81.017,81.017,81.017,81.017,81.017,81.017,81.017,81.017,81.017,81.017,81.017,81.017,81.017,81.017,81.017,81.017,81.017,81.017,81.017,81.017,81.017,81.017,81.017
81.411,81.411,81.411,81.411,81.411,81.411,81.411,81.411,81.411,81.411,81.411,81.411,81.411,81.411,81.411,81.411,81.411,81.411,81.411,81.411,81.411,81.411,81.411,81.411,81.411,81.411,81.411,81.411,81.411
81.806,81.806,81.806,81.806,81.806,81.806,81.806,81.806,81.806,81.806,81.806,81.806,81.806,81.806,81.806,81.806,81.806,81.806,81.806,81.806,81.806,81.806,81.806,81.806,81.806,81.806,81.806,81.806,81.806
82.2,82.2,82.2,82.2,82.2,82.2,82.2,82.2,82.2,82.2,82.2,82.2,82.2,82.2,82.2,82.2,82.2,82.2,82.2,82.2,82.2,82.2,82.2,82.2,82.2,82.2,82.2,82.2,82.2
82.595,82.595,82.595,82.595,82.595,82.595,82.595,82.595,82.595,82.595,82.595,82.595,82.595,82.595,82.595,82.595,82.595,82.595,82.595,82.595,82.595,82.595,82.595,82.595,82.595,82.595,82.595,82.595,82.595
82.989,82.989,82.989,82.989,82.989,82.989,82.989,82.989,82.989,82.989,82.989,82.989,82.989,82.989,82.989,82.989,82.989,82.989,82.989,82.989,82.989,82.989,82.989,82.989,82.989,82.989,82.989,82.989,82.989
83.384,83.384,83.384,83.384,83.384,83.384,83.384,83.384,83.384,83.384,83.384,83.384,83.384,83.384,83.384,83.384,83.384,83.384,83.384,83.384,83.384,83.384,83.384,83.384,83.384,83.384,83.384,83.384,83.384
83.778,83.778,83.778,83.778,83.778,83.778,83.778,83.778,83.778,83.778,83.778,83.778,83.778,83.778,83.778,83.778,83.778,83.778,83.778,83.778,83.778,83.778,83.778,83.778,83.778,83.778,83.778,83.778,83.778
84.173,84.173,84.173,84.173,84.173,84.173,84.173,84.173,84.173,84.173,84.173,84.173,84.173,84.173,84.173,84.173,84.173,84.173,84.173,84.173,84.173,84.173,84.173,84.173,84.173,84.173,84.173,84.173,84.173
84.568,84.568,84.568,84.568,84.568,84.568,84.568,84.568,84.568,84.568,84.568,84.568,84.568,84.568,84.568,84.568,84.568,84.568,84.568,84.568,84.568,84.568,84.568,84.568,84.568,84.568,84.568,84.568,84.568
84.962,84.962,84.962,84.962,84.962,84.962,84.962,84.962,84.962,84.962,84.962,84.962,84.962,84.962,84.962,84.962,84.962,84.962,84.962,84.962,84.962,84.962,84.962,84.962,84.962,84.962,84.962,84.962,84.962
85.357,85.357,85.357,85.357,85.357,85.357,85.357,85.357,85.357,85.357,85.357,85.357,85.357,85.357,85.357,85.357,85.357,85.357,85.357,85.357,85.357,85.357,85.357,85.357,85.357,85.357,85.357,85.357,85.357
85.751,85.751,85.751,85.751,85.751,85.751,85.751,85.751,85.751,85.751,85.751,85.751,85.751,85.751,85.751,85.751,85.751,85.751,85.751,85.751,85.751,85.751,85.751,85.751,85.751,85.751,85.751,85.751,85.751
86.146,86.146,86.146,86.146,86.146,86.146,86.146,86.146,86.146,86.146,86.146,86.146,86.146,86.146,86.146,86.146,86.146,86.146,86.146,86.146,86.146,86.146,86.146,86.146,86.146,86.146,86.146,86.146,86.146
86.54,86.54,86.54,86.54,86.54,86.54,86.54,86.54,86.54,86.54,86.54,86.54,86.54,86.54,86.54,86.54,86.54,86.54,86.54,86.54,86.54,86.54,86.54,86.54,86.54,86.54,86.54,86.54,86.54
86.935,86.935,86.935,86.935,86.935,86.935,86.935,86.935,86.935,86.935,86.935,86.935,86.935,86.935,86.935,86.935,86.935,86.935,86.935,86.935,86.935,86.935,86.935,86.935,86.935,86.935,86.935,86.935,86.935
87.329,87.329,87.329,87.329,87.329,87.329,87.329,87.329,87.329,87.329,87.329,87.329,87.329,87.329,87.329,87.329,87.329,87.329,87.329,87.329,87.329,87.329,87.329,87.329,87.329,87.329,87.329,87.329,87.329
87.724,87.724,87.724,87.724,87.724,87.724,87.724,87.724,87.724,87.724,87.724,87.724,87.724,87.724,87.724,87.724,87.724,87.724,87.724,87.724,87.724,87.724,87.724,87.724,87.724,87.724,87.724,87.724,87.724
88.118,88.118,88.118,88.118,88.118,88.118,88.118,88.118,88.118,88.118,88.118,88.118,88.118,88.118,88.118,88.118,88.118,88.118,88.118,88.118,88.118,88.118,88.118,88.118,88.118,88.118,88.118,88.118,88.118
88.513,88.513,88.513,88.513,88.513,88.513,88.513,88.513,88.513,88.513,88.513,88.513,88.513,88.513,88.513,88.513,88.513,88.513,88.513,88.513,88.513,88.513,88.513,88.513,88.513,88.513,88.513,88.513,88.513
88.908,88.908,88.908,88.908,88.908,88.908,88.908,88.908,88.908,88.908,88.908,88.908,88.908,88.908,88.908,88.908,88.908,88.908,88.908,88.908,88.908,88.908,88.908,88.908,88.908,88.908,88.908,88.908,88.908
89.302,89.302,89.302,89.302,89.302,89.302,89.302,89.302,89.302,89.302,89.302,89.302,89.302,89.302,89.302,89.302,89.302,89.302,89.302,89.302,89.302,89.302,89.302,89.302,89.302,89.302,89.302,89.302,89.302
89.697,89.697,89.697,89.697,89.697,89.697,89.697,89.697,89.697,89.697,89.697,89.697,89.697,89.697,89.697,89.697,89.697,89.697,89.697,89.697,89.697,89.697,89.697,89.697,89.697,89.697,89.697,89.697,89.697
90.091,90.091,90.091,90.091,90.091,90.091,90.091,90.091,90.091,90.091,90.091,90.091,90.091,90.091,90.091,90.091,90.091,90.091,90.091,90.091,90.091,90.091,90.091,90.091,90.091,90.091,90.091,90.091,90.091
90.486,90.486,90.486,90.486,90.486,90.486,90.486,90.486,90.486,90.486,90.486,90.486,90.486,90.486,90.486,90.486,90.486,90.486,90.486,90.486,90.486,90.486,90.486,90.486,90.486,90.486,90.486,90.486,90.486
90.88,90.88,90.88,90.88,90.88,90.88,90.88,90.88,90.88,90.88,90.88,90.88,90.88,90.88,90.88,90.88,90.88,90.88,90.88,90.88,90.88,90.88,90.88,90.88,90.88,90.88,90.88,90.88,90.88
91.275,91.275,91.275,91.275,91.275,91.275,91.275,91.275,91.275,91.275,91.275,91.275,91.275,91.275,91.275,91.275,91.275,91.275,91.275,91.275,91.275,91.275,91.275,91.275,91.275,91.275,91.275,91.275,91.275
91.669,91.669,91.669,91.669,91.669,91.669,91.669,91.669,91.669,91.669,91.669,91.669,91.669,91.669,91.669,91.669,91.669,91.669,91.669,91.669,91.669,91.669,91.669,91.669,91.669,91.669,91.669,91.669,91.669
92.064,92.064,92.064,92.064,92.064,92.064,92.064,92.064,92.064,92.064,92.064,92.064,92.064,92.064,92.064,92.064,92.064,92.064,92.064,92.064,92.064,92.064,92.064,92.064,92.064,92.064,92.064,92.064,92.064
92.458,92.458,92.458,92.458,92.458,92.458,92.458,92.458,92.458,92.458,92.458,92.458,92.458,92.458,92.458,92.458,92.458,92.458,92.458,92.458,92.458,92.458,92.458,92.458,92.458,92.458,92.458,92.458,92.458
92.853,92.853,92.853,92.853,92.853,92.853,92.853,92.853,92.853,92.853,92.853,92.853,92.853,92.853,92.853,92.853,92.853,92.853,92.853,92.853,92.853,92.853,92.853,92.853,92.853,92.853,92.853,92.853,92.853
93.248,93.248,93.248,93.248,93.248,93.248,93.248,93.248,93.248,93.248,93.248,93.248,93.248,93.248,93.248,93.248,93.248,93.248,93.248,93.248,93.248,93.248,93.248,93.248,93.248,93.248,93.248,93.248,93.248
93.642,93.642,93.642,93.642,93.642,93.642,93.642,93.642,93.642,93.642,93.642,93.642,93.642,93.642,93.642,93.642,93.642,93.642,93.642,93.642,93.642,93.642,93.642,93.642,93.642,93.642,93.642,93.642,93.642
94.037,94.037,94.037,94.037,94.037,94.037,94.037,94.037,94.037,94.037,94.037,94.037,94.037,94.037,94.037,94.037,94.037,94.037,94.037,94.037,94.037,94.037,94.037,94.037,94.037,94.037,94.037,94.037,94.037
94.431,94.431,94.431,94.431,94.431,94.431,94.431,94.431,94.431,94.431,94.431,94.431,94.431,94.431,94.431,94.431,94.431,94.431,94.431,94.431,94.431,94.431,94.431,94.431,94.431,94.431,94.431,94.431,94.431
94.826,94.826,94.826,94.826,94.826,94.826,94.826,94.826,94.826,94.826,94.826,94.826,94.826,94.826,94.826,94.826,94.826,94.826,94.826,94.826,94.826,94.826,94.826,94.826,94.826,94.826,94.826,94.826,94.826
95.22,95.22,95.22,95.22,95.22,95.22,95.22,95.22,95.22,95.22,95.22,95.22,95.22,95.22,95.22,95.22,95.22,95.22,95.22,95.22,95.22,95.22,95.22,95.22,95.22,95.22,95.22,95.22,95.22
95.615,95.615,95.615,95.615,95.615,95.615,95.615,95.615,95.615,95.615,95.615,95.615,95.615,95.615,95.615,95.615,95.615,95.615,95.615,95.615,95.615,95.615,95.615,95.615,95.615,95.615,95.615,95.615,95.615
96.009,96.009,96.009,96.009,96.009,96.009,96.009,96.009,96.009,96.009,96.009,96.009,96.009,96.009,96.009,96.009,96.009,96.009,96.009,96.009,96.009,96.009,96.009,96.009,96.009,96.009,96.009,96.009,96.009
96.404,96.404,96.404,96.404,96.404,96.404,96.404,96.404,96.404,96.404,96.404,96.404,96.404,96.404,96.404,96.404,96.404,96.404,96.404,96.404,96.404,96.404,96.404,96.404,96.404,96.404,96.404,96.404,96.404
96.799,96.799,96.799,96.799,96.799,96.799,96.799,96.799,96.799,96.799,96.799,96.799,96.799,96.799,96.799,96.799,96.799,96.799,96.799,96.799,96.799,96.799,96.799,96.799,96.799,96.799,96.799,96.799,96.799
97.193,97.193,97.193,97.193,97.193,97.193,97.193,97.193,97.193,97.193,97.193,97.193,97.193,97.193,97.193,97.193,97.193,97.193,97.193,97.193,97.193,97.193,97.193,97.193,97.193,97.193,97.193,97.193,97.193
97.588,97.588,97.588,97.588,97.588,97.588,97.588,97.588,97.588,97.588,97.588,97.588,97.588,97.588,97.588,97.588,97.588,97.588,97.588,97.588,97.588,97.588,97.588,97.588,97.588,97.588,97.588,97.588,97.588
97.982,97.982,97.982,97.982,97.982,97.982,97.982,97.982,97.982,97.982,97.982,97.982,97.982,97.982,97.982,97.982,97.982,97.982,97.982,97.982,97.982,97.982,97.982,97.982,97.982,97.982,97.982,97.982,97.982
98.377,98.377,98.377,98.377,98.377,98.377,98.377,98.377,98.377,98.377,98.377,98.377,98.377,98.377,98.377,98.377,98.377,98.377,98.377,98.377,98.377,98.377,98.377,98.377,98.377,98.377,98.377,98.377,98.377
98.771,98.771,98.771,98.771,98.771,98.771,98.771,98.771,98.771,98.771,98.771,98.771,98.771,98.771,98.771,98.771,98.771,98.771,98.771,98.771,98.771,98.771,98.771,98.771,98.771,98.771,98.771,98.771,98.771
99.166,99.166,99.166,99.166,99.166,99.166,99.166,99.166,99.166,99.166,99.166,99.166,99.166,99.166,99.166,99.166,99.166,99.166,99.166,99.166,99.166,99.166,99.166,99.166,99.166,99.166,99.166,99.166,99.166
99.56,99.56,99.56,99.56,99.56,99.56,99.56,99.56,99.56,99.56,99.56,99.56,99.56,99.56,99.56,99.56,99.56,99.56,99.56,99.56,99.56,99.56,99.56,99.56,99.56,99.56,99.56,99.56,99.56
99.955,99.955,99.955,99.955,99.955,99.955,99.955,99.955,99.955,99.955,99.955,99.955,99.955,99.955,99.955,99.955,99.955,99.955,99.955,99.955,99.955,99.955,99.955,99.955,99.955,99.955,99.955,99.955,99.955
100.35,100.35,100.35,100.35,100.35,100.35,100.35,100.35,100.35,100.35,100.35,100.35,100.35,100.35,100.35,100.35,100.35,100.35,100.35,100.35,100.35,100.35,100.35,100.35,100.35,100.35,100.35,100.35,100.35
100.74,100.74,100.74,100.74,100.74,100.74,100.74,100.74,100.74,100.74,100.74,100.74,100.74,100.74,100.74,100.74,100.74,100.74,100.74,100.74,100.74,100.74,100.74,100.74,100.74,100.74,100.74,100.74,100.74
101.14,101.14,101.14,101.14,101.14,101.14,101.14,101.14,101.14,101.14,101.14,101.14,101.14,101.14,101.14,101.14,101.14,101.14,101.14,101.14,101.14,101.14,101.14,101.14,101.14,101.14,101.14,101.14,101.14
101.53,101.53,101.53,101.53,101.53,101.53,101.53,101.53,101.53,101.53,101.53,101.53,101.53,101.53,101.53,101.53,101.53,101.53,101.53,101.53,101.53,101.53,101.53,101.53,101.53,101.53,101.53,101.53,101.53
101.93,101.93,101.93,101.93,101.93,101.93,101.93,101.93,101.93,101.93,101.93,101.93,101.93,101.93,101.93,101.93,101.93,101.93,101.93,101.93,101.93,101.93,101.93,101.93,101.93,101.93,101.93,101.93,101.93
102.32,102.32,102.32,102.32,102.32,102.32,102.32,102.32,102.32,102.32,102.32,102.32,102.32,102.32,102.32,102.32,102.32,102.32,102.32,102.32,102.32,102.32,102.32,102.32,102.32,102.32,102.32,102.32,102.32
102.72,102.72,102.72,102.72,102.72,102.72,102.72,102.72,102.72,102.72,102.72,102.72,102.72,102.72,102.72,102.72,102.72,102.72,102.72,102.72,102.72,102.72,102.72,102.72,102.72,102.72,102.72,102.72,102.72
103.11,103.11,103.11,103.11,103.11,103.11,103.11,103.11,103.11,103.11,103.11,103.11,103.11,103.11,103.11,103.11,103.11,103.11,103.11,103.11,103.11,103.11,103.11,103.11,103.11,103.11,103.11,103.11,103.11
103.51,103.51,103.51,103.51,103.51,103.51,103.51,103.51,103.51,103.51,103.51,103.51,103.51,103.51,103.51,103.51,103.51,103.51,103.51,103.51,103.51,103.51,103.51,103.51,103.51,103.51,103.51,103.51,103.51
103.9,103.9,103.9,103.9,103.9,103.9,103.9,103.9,103.9,103.9,103.9,103.9,103.9,103.9,103.9,103.9,103.9,103.9,103.9,103.9,103.9,103.9,103.9,103.9,103.9,103.9,103.9,103.9,103.9
104.29,104.29,104.29,104.29,104.29,104.29,104.29,104.29,104.29,104.29,104.29,104.29,104.29,104.29,104.29,104.29,104.29,104.29,104.29,104.29,104.29,104.29,104.29,104.29,104.29,104.29,104.29,104.29,104.29
104.69,104.69,104.69,104.69,104.69,104.69,104.69,104.69,104.69,104.69,104.69,104.69,104.69,104.69,104.69,104.69,104.69,104.69,104.69,104.69,104.69,104.69,104.69,104.69,104.69,104.69,104.69,104.69,104.69
105.08,105.08,105.08,105.08,105.08,105.08,105.08,105.08,105.08,105.08,105.08,105.08,105.08,105.08,105.08,105.08,105.08,105.08,105.08,105.08,105.08,105.08,105.08,105.08,105.08,105.08,105.08,105.08,105.08
105.48,105.48,105.48,105.48,105.48,105.48,105.48,105.48,105.48,105.48,105.48,105.48,105.48,105.48,105.48,105.48,105.48,105.48,105.48,105.48,105.48,105.48,105.48,105.48,105.48,105.48,105.48,105.48,105.48
105.87,105.87,105.87,105.87,105.87,105.87,105.87,105.87,105.87,105.87,105.87,105.87,105.87,105.87,105.87,105.87,105.87,105.87,105.87,105.87,105.87,105.87,105.87,105.87,105.87,105.87,105.87,105.87,105.87
106.27,106.27,106.27,106.27,106.27,106.27,106.27,106.27,106.27,106.27,106.27,106.27,106.27,106.27,106.27,106.27,106.27,106.27,106.27,106.27,106.27,106.27,106.27,106.27,106.27,106.27,106.27,106.27,106.27
106.66,106.66,106.66,106.66,106.66,106.66,106.66,106.66,106.66,106.66,106.66,106.66,106.66,106.66,106.66,106.66,106.66,106.66,106.66,106.66,106.66,106.66,106.66,106.66,106.66,106.66,106.66,106.66,106.66
107.06,107.06,107.06,107.06,107.06,107.06,107.06,107.06,107.06,107.06,107.06,107.06,107.06,107.06,107.06,107.06,107.06,107.06,107.06,107.06,107.06,107.06,107.06,107.06,107.06,107.06,107.06,107.06,107.06
107.45,107.45,107.45,107.45,107.45,107.45,107.45,107.45,107.45,107.45,107.45,107.45,107.45,107.45,107.45,107.45,107.45,107.45,107.45,107.45,107.45,107.45,107.45,107.45,107.45,107.45,107.45,107.45,107.45
107.85,107.85,107.85,107.85,107.85,107.85,107.85,107.85,107.85,107.85,107.85,107.85,107.85,107.85,107.85,107.85,107.85,107.85,107.85,107.85,107.85,107.85,107.85,107.85,107.85,107.85,107.85,107.85,107.85
108.24,108.24,108.24,108.24,108.24,108.24,108.24,108.24,108.24,108.24,108.24,108.24,108.24,108.24,108.24,108.24,108.24,108.24,108.24,108.24,108.24,108.24,108.24,108.24,108.24,108.24,108.24,108.24,108.24
108.64,108.64,108.64,108.64,108.64,108.64,108.64,108.64,108.64,108.64,108.64,108.64,108.64,108.64,108.64,108.64,108.64,108.64,108.64,108.64,108.64,108.64,108.64,108.64,108.64,108.64,108.64,108.64,108.64
109.03,109.03,109.03,109.03,109.03,109.03,109.03,109.03,109.03,109.03,109.03,109.03,109.03,109.03,109.03,109.03,109.03,109.03,109.03,109.03,109.03,109.03,109.03,109.03,109.03,109.03,109.03,109.03,109.03
109.42,109.42,109.42,109.42,109.42,109.42,109.42,109.42,109.42,109.42,109.42,109.42,109.42,109.42,109.42,109.42,109.42,109.42,109.42,109.42,109.42,109.42,109.42,109.42,109.42,109.42,109.42,109.42,109.42
109.82,109.82,109.82,109.82,109.82,109.82,109.82,109.82,109.82,109.82,109.82,109.82,109.82,109.82,109.82,109.82,109.82,109.82,109.82,109.82,109.82,109.82,109.82,109.82,109.82,109.82,109.82,109.82,109.82
110.21,110.21,110.21,110.21,110.21,110.21,110.21,110.21,110.21,110.21,110.21,110.21,110.21,110.21,110.21,110.21,110.21,110.21,110.21,110.21,110.21,110.21,110.21,110.21,110.21,110.21,110.21,110.21,110.21
110.61,110.61,110.61,110.61,110.61,110.61,110.61,110.61,110.61,110.61,110.61,110.61,110.61,110.61,110.61,110.61,110.61,110.61,110.61,110.61,110.61,110.61,110.61,110.61,110.61,110.61,110.61,110.61,110.61
111,111,111,111,111,111,111,111,111,111,111,111,111,111,111,111,111,111,111,111,111,111,111,111,111,111,111,111,111
111.4,111.4,111.4,111.4,111.4,111.4,111.4,111.4,111.4,111.4,111.4,111.4,111.4,111.4,111.4,111.4,111.4,111.4,111.4,111.4,111.4,111.4,111.4,111.4,111.4,111.4,111.4,111.4,111.4
111.79,111.79,111.79,111.79,111.79,111.79,111.79,111.79,111.79,111.79,111.79,111.79,111.79,111.79,111.79,111.79,111.79,111.79,111.79,111.79,111.79,111.79,111.79,111.79,111.79,111.79,111.79,111.79,111.79
112.19,112.19,112.19,112.19,112.19,112.19,112.19,112.19,112.19,112.19,112.19,112.19,112.19,112.19,112.19,112.19,112.19,112.19,112.19,112.19,112.19,112.19,112.19,112.19,112.19,112.19,112.19,112.19,112.19
112.58,112.58,112.58,112.58,112.58,112.58,112.58,112.58,112.58,112.58,112.58,112.58,112.58,112.58,112.58,112.58,112.58,112.58,112.58,112.58,112.58,112.58,112.58,112.58,112.58,112.58,112.58,112.58,112.58
112.98,112.98,112.98,112.98,112.98,112.98,112.98,112.98,112.98,112.98,112.98,112.98,112.98,112.98,112.98,112.98,112.98,112.98,112.98,112.98,112.98,112.98,112.98,112.98,112.98,112.98,112.98,112.98,112.98
113.37,113.37,113.37,113.37,113.37,113.37,113.37,113.37,113.37,113.37,113.37,113.37,113.37,113.37,113.37,113.37,113.37,113.37,113.37,113.37,113.37,113.37,113.37,113.37,113.37,113.37,113.37,113.37,113.37
113.76,113.76,113.76,113.76,113.76,113.76,113.76,113.76,113.76,113.76,113.76,113.76,113.76,113.76,113.76,113.76,113.76,113.76,113.76,113.76,113.76,113.76,113.76,113.76,113.76,113.76,113.76,113.76,113.76
114.16,114.16,114.16,114.16,114.16,114.16,114.16,114.16,114.16,114.16,114.16,114.16,114.16,114.16,114.16,114.16,114.16,114.16,114.16,114.16,114.16,114.16,114.16,114.16,114.16,114.16,114.16,114.16,114.16
114.55,114.55,114.55,114.55,114.55,114.55,114.55,114.55,114.55,114.55,114.55,114.55,114.55,114.55,114.55,114.55,114.55,114.55,114.55,114.55,114.55,114.55,114.55,114.55,114.55,114.55,114.55,114.55,114.55
114.95,114.95,114.95,114.95,114.95,114.95,114.95,114.95,114.95,114.95,114.95,114.95,114.95,114.95,114.95,114.95,114.95,114.95,114.95,114.95,114.95,114.95,114.95,114.95,114.95,114.95,114.95,114.95,114.95
115.34,115.34,115.34,115.34,115.34,115.34,115.34,115.34,115.34,115.34,115.34,115.34,115.34,115.34,115.34,115.34,115.34,115.34,115.34,115.34,115.34,115.34,115.34,115.34,115.34,115.34,115.34,115.34,115.34
115.74,115.74,115.74,115.74,115.74,115.74,115.74,115.74,115.74,115.74,115.74,115.74,115.74,115.74,115.74,115.74,115.74,115.74,115.74,115.74,115.74,115.74,115.74,115.74,115.74,115.74,115.74,115.74,115.74
116.13,116.13,116.13,116.13,116.13,116.13,116.13,116.13,116.13,116.13,116.13,116.13,116.13,116.13,116.13,116.13,116.13,116.13,116.13,116.13,116.13,116.13,116.13,116.13,116.13,116.13,116.13,116.13,116.13
116.53,116.53,116.53,116.53,116.53,116.53,116.53,116.53,116.53,116.53,116.53,116.53,116.53,116.53,116.53,116.53,116.53,116.53,116.53,116.53,116.53,116.53,116.53,116.53,116.53,116.53,116.53,116.53,116.53
116.92,116.92,116.92,116.92,116.92,116.92,116.92,116.92,116.92,116.92,116.92,116.92,116.92,116.92,116.92,116.92,116.92,116.92,116.92,116.92,116.92,116.92,116.92,116.92,116.92,116.92,116.92,116.92,116.92
117.32,117.32,117.32,117.32,117.32,117.32,117.32,117.32,117.32,117.32,117.32,117.32,117.32,117.32,117.32,117.32,117.32,117.32,117.32,117.32,117.32,117.32,117.32,117.32,117.32,117.32,117.32,117.32,117.32
117.71,117.71,117.71,117.71,117.71,117.71,117.71,117.71,117.71,117.71,117.71,117.71,117.71,117.71,117.71,117.71,117.71,117.71,117.71,117.71,117.71,117.71,117.71,117.71,117.71,117.71,117.71,117.71,117.71
118.1,118.1,118.1,118.1,118.1,118.1,118.1,118.1,118.1,118.1,118.1,118.1,118.1,118.1,118.1,118.1,118.1,118.1,118.1,118.1,118.1,118.1,118.1,118.1,118.1,118.1,118.1,118.1,118.1
118.5,118.5,118.5,118.5,118.5,118.5,118.5,118.5,118.5,118.5,118.5,118.5,118.5,118.5,118.5,118.5,118.5,118.5,118.5,118.5,118.5,118.5,118.5,118.5,118.5,118.5,118.5,118.5,118.5
118.89,118.89,118.89,118.89,118.89,118.89,118.89,118.89,118.89,118.89,118.89,118.89,118.89,118.89,118.89,118.89,118.89,118.89,118.89,118.89,118.89,118.89,118.89,118.89,118.89,118.89,118.89,118.89,118.89
119.29,119.29,119.29,119.29,119.29,119.29,119.29,119.29,119.29,119.29,119.29,119.29,119.29,119.29,119.29,119.29,119.29,119.29,119.29,119.29,119.29,119.29,119.29,119.29,119.29,119.29,119.29,119.29,119.29
119.68,119.68,119.68,119.68,119.68,119.68,119.68,119.68,119.68,119.68,119.68,119.68,119.68,119.68,119.68,119.68,119.68,119.68,119.68,119.68,119.68,119.68,119.68,119.68,119.68,119.68,119.68,119.68,119.68
120.08,120.08,120.08,120.08,120.08,120.08,120.08,120.08,120.08,120.08,120.08,120.08,120.08,120.08,120.08,120.08,120.08,120.08,120.08,120.08,120.08,120.08,120.08,120.08,120.08,120.08,120.08,120.08,120.08
120.47,120.47,120.47,120.47,120.47,120.47,120.47,120.47,120.47,120.47,120.47,120.47,120.47,120.47,120.47,120.47,120.47,120.47,120.47,120.47,120.47,120.47,120.47,120.47,120.47,120.47,120.47,120.47,120.47
120.87,120.87,120.87,120.87,120.87,120.87,120.87,120.87,120.87,120.87,120.87,120.87,120.87,120.87,120.87,120.87,120.87,120.87,120.87,120.87,120.87,120.87,120.87,120.87,120.87,120.87,120.87,120.87,120.87
121.26,121.26,121.26,121.26,121.26,121.26,121.26,121.26,121.26,121.26,121.26,121.26,121.26,121.26,121.26,121.26,121.26,121.26,121.26,121.26,121.26,121.26,121.26,121.26,121.26,121.26,121.26,121.26,121.26
121.66,121.66,121.66,121.66,121.66,121.66,121.66,121.66,121.66,121.66,121.66,121.66,121.66,121.66,121.66,121.66,121.66,121.66,121.66,121.66,121.66,121.66,121.66,121.66,121.66,121.66,121.66,121.66,121.66
122.05,122.05,122.05,122.05,122.05,122.05,122.05,122.05,122.05,122.05,122.05,122.05,122.05,122.05,122.05,122.05,122.05,122.05,122.05,122.05,122.05,122.05,122.05,122.05,122.05,122.05,122.05,122.05,122.05
122.44,122.44,122.44,122.44,122.44,122.44,122.44,122.44,122.44,122.44,122.44,122.44,122.44,122.44,122.44,122.44,122.44,122.44,122.44,122.44,122.44,122.44,122.44,122.44,122.44,122.44,122.44,122.44,122.44
122.84,122.84,122.84,122.84,122.84,122.84,122.84,122.84,122.84,122.84,122.84,122.84,122.84,122.84,122.84,122.84,122.84,122.84,122.84,122.84,122.84,122.84,122.84,122.84,122.84,122.84,122.84,122.84,122.84
123.23,123.23,123.23,123.23,123.23,123.23,123.23,123.23,123.23,123.23,123.23,123.23,123.23,123.23,123.23,123.23,123.23,123.23,123.23,123.23,123.23,123.23,123.23,123.23,123.23,123.23,123.23,123.23,123.23
123.63,123.63,123.63,123.63,123.63,123.63,123.63,123.63,123.63,123.63,123.63,123.63,123.63,123.63,123.63,123.63,123.63,123.63,123.63,123.63,123.63,123.63,123.63,123.63,123.63,123.63,123.63,123.63,123.63
124.02,124.02,124.02,124.02,124.02,124.02,124.02,124.02,124.02,124.02,124.02,124.02,124.02,124.02,124.02,124.02,124.02,124.02,124.02,124.02,124.02,124.02,124.02,124.02,124.02,124.02,124.02,124.02,124.02
124.42,124.42,124.42,124.42,124.42,124.42,124.42,124.42,124.42,124.42,124.42,124.42,124.42,124.42,124.42,124.42,124.42,124.42,124.42,124.42,124.42,124.42,124.42,124.42,124.42,124.42,124.42,124.42,124.42
124.81,124.81,124.81,124.81,124.81,124.81,124.81,124.81,124.81,124.81,124.81,124.81,124.81,124.81,124.81,124.81,124.81,124.81,124.81,124.81,124.81,124.81,124.81,124.81,124.81,124.81,124.81,124.81,124.81
125.21,125.21,125.21,125.21,125.21,125.21,125.21,125.21,125.21,125.21,125.21,125.21,125.21,125.21,125.21,125.21,125.21,125.21,125.21,125.21,125.21,125.21,125.21,125.21,125.21,125.21,125.21,125.21,125.21
125.6,125.6,125.6,125.6,125.6,125.6,125.6,125.6,125.6,125.6,125.6,125.6,125.6,125.6,125.6,125.6,125.6,125.6,125.6,125.6,125.6,125.6,125.6,125.6,125.6,125.6,125.6,125.6,125.6
126,126,126,126,126,126,126,126,126,126,126,126,126,126,126,126,126,126,126,126,126,126,126,126,126,126,126,126,126
126.39,126.39,126.39,126.39,126.39,126.39,126.39,126.39,126.39,126.39,126.39,126.39,126.39,126.39,126.39,126.39,126.39,126.39,126.39,126.39,126.39,126.39,126.39,126.39,126.39,126.39,126.39,126.39,126.39
126.78,126.78,126.78,126.78,126.78,126.78,126.78,126.78,126.78,126.78,126.78,126.78,126.78,126.78,126.78,126.78,126.78,126.78,126.78,126.78,126.78,126.78,126.78,126.78,126.78,126.78,126.78,126.78,126.78
127.18,127.18,127.18,127.18,127.18,127.18,127.18,127.18,127.18,127.18,127.18,127.18,127.18,127.18,127.18,127.18,127.18,127.18,127.18,127.18,127.18,127.18,127.18,127.18,127.18,127.18,127.18,127.18,127.18
127.57,127.57,127.57,127.57,127.57,127.57,127.57,127.57,127.57,127.57,127.57,127.57,127.57,127.57,127.57,127.57,127.57,127.57,127.57,127.57,127.57,127.57,127.57,127.57,127.57,127.57,127.57,127.57,127.57
127.97,127.97,127.97,127.97,127.97,127.97,127.97,127.97,127.97,127.97,127.97,127.97,127.97,127.97,127.97,127.97,127.97,127.97,127.97,127.97,127.97,127.97,127.97,127.97,127.97,127.97,127.97,127.97,127.97
128.36,128.36,128.36,128.36,128.36,128.36,128.36,128.36,128.36,128.36,128.36,128.36,128.36,128.36,128.36,128.36,128.36,128.36,128.36,128.36,128.36,128.36,128.36,128.36,128.36,128.36,128.36,128.36,128.36
128.76,128.76,128.76,128.76,128.76,128.76,128.76,128.76,128.76,128.76,128.76,128.76,128.76,128.76,128.76,128.76,128.76,128.76,128.76,128.76,128.76,128.76,128.76,128.76,128.76,128.76,128.76,128.76,128.76
129.15,129.15,129.15,129.15,129.15,129.15,129.15,129.15,129.15,129.15,129.15,129.15,129.15,129.15,129.15,129.15,129.15,129.15,129.15,129.15,129.15,129.15,129.15,129.15,129.15,129.15,129.15,129.15,129.15
129.55,129.55,129.55,129.55,129.55,129.55,129.55,129.55,129.55,129.55,129.55,129.55,129.55,129.55,129.55,129.55,129.55,129.55,129.55,129.55,129.55,129.55,129.55,129.55,129.55,129.55,129.55,129.55,129.55
129.94,129.94,129.94,129.94,129.94,129.94,129.94,129.94,129.94,129.94,129.94,129.94,129.94,129.94,129.94,129.94,129.94,129.94,129.94,129.94,129.94,129.94,129.94,129.94,129.94,129.94,129.94,129.94,129.94
130.34,130.34,130.34,130.34,130.34,130.34,130.34,130.34,130.34,130.34,130.34,130.34,130.34,130.34,130.34,130.34,130.34,130.34,130.34,130.34,130.34,130.34,130.34,130.34,130.34,130.34,130.34,130.34,130.34
130.73,130.73,130.73,130.73,130.73,130.73,130.73,130.73,130.73,130.73,130.73,130.73,130.73,130.73,130.73,130.73,130.73,130.73,130.73,130.73,130.73,130.73,130.73,130.73,130.73,130.73,130.73,130.73,130.73
131.12,131.12,131.12,131.12,131.12,131.12,131.12,131.12,131.12,131.12,131.12,131.12,131.12,131.12,131.12,131.12,131.12,131.12,131.12,131.12,131.12,131.12,131.12,131.12,131.12,131.12,131.12,131.12,131.12
131.52,131.52,131.52,131.52,131.52,131.52,131.52,131.52,131.52,131.52,131.52,131.52,131.52,131.52,131.52,131.52,131.52,131.52,131.52,131.52,131.52,131.52,131.52,131.52,131.52,131.52,131.52,131.52,131.52
131.91,131.91,131.91,131.91,131.91,131.91,131.91,131.91,131.91,131.91,131.91,131.91,131.91,131.91,131.91,131.91,131.91,131.91,131.91,131.91,131.91,131.91,131.91,131.91,131.91,131.91,131.91,131.91,131.91
132.31,132.31,132.31,132.31,132.31,132.31,132.31,132.31,132.31,132.31,132.31,132.31,132.31,132.31,132.31,132.31,132.31,132.31,132.31,132.31,132.31,132.31,132.31,132.31,132.31,132.31,132.31,132.31,132.31
132.7,132.7,132.7,132.7,132.7,132.7,132.7,132.7,132.7,132.7,132.7,132.7,132.7,132.7,132.7,132.7,132.7,132.7,132.7,132.7,132.7,132.7,132.7,132.7,132.7,132.7,132.7,132.7,132.7
133.1,133.1,133.1,133.1,133.1,133.1,133.1,133.1,133.1,133.1,133.1,133.1,133.1,133.1,133.1,133.1,133.1,133.1,133.1,133.1,133.1,133.1,133.1,133.1,133.1,133.1,133.1,133.1,133.1
133.49,133.49,133.49,133.49,133.49,133.49,133.49,133.49,133.49,133.49,133.49,133.49,133.49,133.49,133.49,133.49,133.49,133.49,133.49,133.49,133.49,133.49,133.49,133.49,133.49,133.49,133.49,133.49,133.49
133.89,133.89,133.89,133.89,133.89,133.89,133.89,133.89,133.89,133.89,133.89,133.89,133.89,133.89,133.89,133.89,133.89,133.89,133.89,133.89,133.89,133.89,133.89,133.89,133.89,133.89,133.89,133.89,133.89
134.28,134.28,134.28,134.28,134.28,134.28,134.28,134.28,134.28,134.28,134.28,134.28,134.28,134.28,134.28,134.28,134.28,134.28,134.28,134.28,134.28,134.28,134.28,134.28,134.28,134.28,134.28,134.28,134.28
134.68,134.68,134.68,134.68,134.68,134.68,134.68,134.68,134.68,134.68,134.68,134.68,134.68,134.68,134.68,134.68,134.68,134.68,134.68,134.68,134.68,134.68,134.68,134.68,134.68,134.68,134.68,134.68,134.68
135.07,135.07,135.07,135.07,135.07,135.07,135.07,135.07,135.07,135.07,135.07,135.07,135.07,135.07,135.07,135.07,135.07,135.07,135.07,135.07,135.07,135.07,135.07,135.07,135.07,135.07,135.07,135.07,135.07
135.46,135.46,135.46,135.46,135.46,135.46,135.46,135.46,135.46,135.46,135.46,135.46,135.46,135.46,135.46,135.46,135.46,135.46,135.46,135.46,135.46,135.46,135.46,135.46,135.46,135.46,135.46,135.46,135.46
135.86,135.86,135.86,135.86,135.86,135.86,135.86,135.86,135.86,135.86,135.86,135.86,135.86,135.86,135.86,135.86,135.86,135.86,135.86,135.86,135.86,135.86,135.86,135.86,135.86,135.86,135.86,135.86,135.86
136.25,136.25,136.25,136.25,136.25,136.25,136.25,136.25,136.25,136.25,136.25,136.25,136.25,136.25,136.25,136.25,136.25,136.25,136.25,136.25,136.25,136.25,136.25,136.25,136.25,136.25,136.25,136.25,136.25
136.65,136.65,136.65,136.65,136.65,136.65,136.65,136.65,136.65,136.65,136.65,136.65,136.65,136.65,136.65,136.65,136.65,136.65,136.65,136.65,136.65,136.65,136.65,136.65,136.65,136.65,136.65,136.65,136.65
137.04,137.04,137.04,137.04,137.04,137.04,137.04,137.04,137.04,137.04,137.04,137.04,137.04,137.04,137.04,137.04,137.04,137.04,137.04,137.04,137.04,137.04,137.04,137.04,137.04,137.04,137.04,137.04,137.04
137.44,137.44,137.44,137.44,137.44,137.44,137.44,137.44,137.44,137.44,137.44,137.44,137.44,137.44,137.44,137.44,137.44,137.44,137.44,137.44,137.44,137.44,137.44,137.44,137.44,137.44,137.44,137.44,137.44
137.83,137.83,137.83,137.83,137.83,137.83,137.83,137.83,137.83,137.83,137.83,137.83,137.83,137.83,137.83,137.83,137.83,137.83,137.83,137.83,137.83,137.83,137.83,137.83,137.83,137.83,137.83,137.83,137.83
138.23,138.23,138.23,138.23,138.23,138.23,138.23,138.23,138.23,138.23,138.23,138.23,138.23,138.23,138.23,138.23,138.23,138.23,138.23,138.23,138.23,138.23,138.23,138.23,138.23,138.23,138.23,138.23,138.23
138.62,138.62,138.62,138.62,138.62,138.62,138.62,138.62,138.62,138.62,138.62,138.62,138.62,138.62,138.62,138.62,138.62,138.62,138.62,138.62,138.62,138.62,138.62,138.62,138.62,138.62,138.62,138.62,138.62
139.02,139.02,139.02,139.02,139.02,139.02,139.02,139.02,139.02,139.02,139.02,139.02,139.02,139.02,139.02,139.02,139.02,139.02,139.02,139.02,139.02,139.02,139.02,139.02,139.02,139.02,139.02,139.02,139.02
139.41,139.41,139.41,139.41,139.41,139.41,139.41,139.41,139.41,139.41,139.41,139.41,139.41,139.41,139.41,139.41,139.41,139.41,139.41,139.41,139.41,139.41,139.41,139.41,139.41,139.41,139.41,139.41,139.41
139.8,139.8,139.8,139.8,139.8,139.8,139.8,139.8,139.8,139.8,139.8,139.8,139.8,139.8,139.8,139.8,139.8,139.8,139.8,139.8,139.8,139.8,139.8,139.8,139.8,139.8,139.8,139.8,139.8
140.2,140.2,140.2,140.2,140.2,140.2,140.2,140.2,140.2,140.2,140.2,140.2,140.2,140.2,140.2,140.2,140.2,140.2,140.2,140.2,140.2,140.2,140.2,140.2,140.2,140.2,140.2,140.2,140.2
140.59,140.59,140.59,140.59,140.59,140.59,140.59,140.59,140.59,140.59,140.59,140.59,140.59,140.59,140.59,140.59,140.59,140.59,140.59,140.59,140.59,140.59,140.59,140.59,140.59,140.59,140.59,140.59,140.59
140.99,140.99,140.99,140.99,140.99,140.99,140.99,140.99,140.99,140.99,140.99,140.99,140.99,140.99,140.99,140.99,140.99,140.99,140.99,140.99,140.99,140.99,140.99,140.99,140.99,140.99,140.99,140.99,140.99
141.38,141.38,141.38,141.38,141.38,141.38,141.38,141.38,141.38,141.38,141.38,141.38,141.38,141.38,141.38,141.38,141.38,141.38,141.38,141.38,141.38,141.38,141.38,141.38,141.38,141.38,141.38,141.38,141.38
141.78,141.78,141.78,141.78,141.78,141.78,141.78,141.78,141.78,141.78,141.78,141.78,141.78,141.78,141.78,141.78,141.78,141.78,141.78,141.78,141.78,141.78,141.78,141.78,141.78,141.78,141.78,141.78,141.78
142.17,142.17,142.17,142.17,142.17,142.17,142.17,142.17,142.17,142.17,142.17,142.17,142.17,142.17,142.17,142.17,142.17,142.17,142.17,142.17,142.17,142.17,142.17,142.17,142.17,142.17,142.17,142.17,142.17
142.57,142.57,142.57,142.57,142.57,142.57,142.57,142.57,142.57,142.57,142.57,142.57,142.57,142.57,142.57,142.57,142.57,142.57,142.57,142.57,142.57,142.57,142.57,142.57,142.57,142.57,142.57,142.57,142.57
142.96,142.96,142.96,142.96,142.96,142.96,142.96,142.96,142.96,142.96,142.96,142.96,142.96,142.96,142.96,142.96,142.96,142.96,142.96,142.96,142.96,142.96,142.96,142.96,142.96,142.96,142.96,142.96,142.96
143.36,143.36,143.36,143.36,143.36,143.36,143.36,143.36,143.36,143.36,143.36,143.36,143.36,143.36,143.36,143.36,143.36,143.36,143.36,143.36,143.36,143.36,143.36,143.36,143.36,143.36,143.36,143.36,143.36
143.75,143.75,143.75,143.75,143.75,143.75,143.75,143.75,143.75,143.75,143.75,143.75,143.75,143.75,143.75,143.75,143.75,143.75,143.75,143.75,143.75,143.75,143.75,143.75,143.75,143.75,143.75,143.75,143.75
144.14,144.14,144.14,144.14,144.14,144.14,144.14,144.14,144.14,144.14,144.14,144.14,144.14,144.14,144.14,144.14,144.14,144.14,144.14,144.14,144.14,144.14,144.14,144.14,144.14,144.14,144.14,144.14,144.14
144.54,144.54,144.54,144.54,144.54,144.54,144.54,144.54,144.54,144.54,144.54,144.54,144.54,144.54,144.54,144.54,144.54,144.54,144.54,144.54,144.54,144.54,144.54,144.54,144.54,144.54,144.54,144.54,144.54
144.93,144.93,144.93,144.93,144.93,144.93,144.93,144.93,144.93,144.93,144.93,144.93,144.93,144.93,144.93,144.93,144.93,144.93,144.93,144.93,144.93,144.93,144.93,144.93,144.93,144.93,144.93,144.93,144.93
145.33,145.33,145.33,145.33,145.33,145.33,145.33,145.33,145.33,145.33,145.33,145.33,145.33,145.33,145.33,145.33,145.33,145.33,145.33,145.33,145.33,145.33,145.33,145.33,145.33,145.33,145.33,145.33,145.33
145.72,145.72,145.72,145.72,145.72,145.72,145.72,145.72,145.72,145.72,145.72,145.72,145.72,145.72,145.72,145.72,145.72,145.72,145.72,145.72,145.72,145.72,145.72,145.72,145.72,145.72,145.72,145.72,145.72
146.12,146.12,146.12,146.12,146.12,146.12,146.12,146.12,146.12,146.12,146.12,146.12,146.12,146.12,146.12,146.12,146.12,146.12,146.12,146.12,146.12,146.12,146.12,146.12,146.12,146.12,146.12,146.12,146.12
146.51,146.51,146.51,146.51,146.51,146.51,146.51,146.51,146.51,146.51,146.51,146.51,146.51,146.51,146.51,146.51,146.51,146.51,146.51,146.51,146.51,146.51,146.51,146.51,146.51,146.51,146.51,146.51,146.51
146.91,146.91,146.91,146.91,146.91,146.91,146.91,146.91,146.91,146.91,146.91,146.91,146.91,146.91,146.91,146.91,146.91,146.91,146.91,146.91,146.91,146.91,146.91,146.91,146.91,146.91,146.91,146.91,146.91
147.3,147.3,147.3,147.3,147.3,147.3,147.3,147.3,147.3,147.3,147.3,147.3,147.3,147.3,147.3,147.3,147.3,147.3,147.3,147.3,147.3,147.3,147.3,147.3,147.3,147.3,147.3,147.3,147.3
147.7,147.7,147.7,147.7,147.7,147.7,147.7,147.7,147.7,147.7,147.7,147.7,147.7,147.7,147.7,147.7,147.7,147.7,147.7,147.7,147.7,147.7,147.7,147.7,147.7,147.7,147.7,147.7,147.7
148.09,148.09,148.09,148.09,148.09,148.09,148.09,148.09,148.09,148.09,148.09,148.09,148.09,148.09,148.09,148.09,148.09,148.09,148.09,148.09,148.09,148.09,148.09,148.09,148.09,148.09,148.09,148.09,148.09
148.48,148.48,148.48,148.48,148.48,148.48,148.48,148.48,148.48,148.48,148.48,148.48,148.48,148.48,148.48,148.48,148.48,148.48,148.48,148.48,148.48,148.48,148.48,148.48,148.48,148.48,148.48,148.48,148.48
148.88,148.88,148.88,148.88,148.88,148.88,148.88,148.88,148.88,148.88,148.88,148.88,148.88,148.88,148.88,148.88,148.88,148.88,148.88,148.88,148.88,148.88,148.88,148.88,148.88,148.88,148.88,148.88,148.88
149.27,149.27,149.27,149.27,149.27,149.27,149.27,149.27,149.27,149.27,149.27,149.27,149.27,149.27,149.27,149.27,149.27,149.27,149.27,149.27,149.27,149.27,149.27,149.27,149.27,149.27,149.27,149.27,149.27
149.67,149.67,149.67,149.67,149.67,149.67,149.67,149.67,149.67,149.67,149.67,149.67,149.67,149.67,149.67,149.67,149.67,149.67,149.67,149.67,149.67,149.67,149.67,149.67,149.67,149.67,149.67,149.67,149.67
150.06,150.06,150.06,150.06,150.06,150.06,150.06,150.06,150.06,150.06,150.06,150.06,150.06,150.06,150.06,150.06,150.06,150.06,150.06,150.06,150.06,150.06,150.06,150.06,150.06,150.06,150.06,150.06,150.06
150.46,150.46,150.46,150.46,150.46,150.46,150.46,150.46,150.46,150.46,150.46,150.46,150.46,150.46,150.46,150.46,150.46,150.46,150.46,150.46,150.46,150.46,150.46,150.46,150.46,150.46,150.46,150.46,150.46
150.85,150.85,150.85,150.85,150.85,150.85,150.85,150.85,150.85,150.85,150.85,150.85,150.85,150.85,150.85,150.85,150.85,150.85,150.85,150.85,150.85,150.85,150.85,150.85,150.85,150.85,150.85,150.85,150.85
151.25,151.25,151.25,151.25,151.25,151.25,151.25,151.25,151.25,151.25,151.25,151.25,151.25,151.25,151.25,151.25,151.25,151.25,151.25,151.25,151.25,151.25,151.25,151.25,151.25,151.25,151.25,151.25,151.25
151.64,151.64,151.64,151.64,151.64,151.64,151.64,151.64,151.64,151.64,151.64,151.64,151.64,151.64,151.64,151.64,151.64,151.64,151.64,151.64,151.64,151.64,151.64,151.64,151.64,151.64,151.64,151.64,151.64
152.04,152.04,152.04,152.04,152.04,152.04,152.04,152.04,152.04,152.04,152.04,152.04,152.04,152.04,152.04,152.04,152.04,152.04,152.04,152.04,152.04,152.04,152.04,152.04,152.04,152.04,152.04,152.04,152.04
152.43,152.43,152.43,152.43,152.43,152.43,152.43,152.43,152.43,152.43,152.43,152.43,152.43,152.43,152.43,152.43,152.43,152.43,152.43,152.43,152.43,152.43,152.43,152.43,152.43,152.43,152.43,152.43,152.43
152.82,152.82,152.82,152.82,152.82,152.82,152.82,152.82,152.82,152.82,152.82,152.82,152.82,152.82,152.82,152.82,152.82,152.82,152.82,152.82,152.82,152.82,152.82,152.82,152.82,152.82,152.82,152.82,152.82
153.22,153.22,153.22,153.22,153.22,153.22,153.22,153.22,153.22,153.22,153.22,153.22,153.22,153.22,153.22,153.22,153.22,153.22,153.22,153.22,153.22,153.22,153.22,153.22,153.22,153.22,153.22,153.22,153.22
153.61,153.61,153.61,153.61,153.61,153.61,153.61,153.61,153.61,153.61,153.61,153.61,153.61,153.61,153.61,153.61,153.61,153.61,153.61,153.61,153.61,153.61,153.61,153.61,153.61,153.61,153.61,153.61,153.61
154.01,154.01,154.01,154.01,154.01,154.01,154.01,154.01,154.01,154.01,154.01,154.01,154.01,154.01,154.01,154.01,154.01,154.01,154.01,154.01,154.01,154.01,154.01,154.01,154.01,154.01,154.01,154.01,154.01
154.4,154.4,154.4,154.4,154.4,154.4,154.4,154.4,154.4,154.4,154.4,154.4,154.4,154.4,154.4,154.4,154.4,154.4,154.4,154.4,154.4,154.4,154.4,154.4,154.4,154.4,154.4,154.4,154.4
154.8,154.8,154.8,154.8,154.8,154.8,154.8,154.8,154.8,154.8,154.8,154.8,154.8,154.8,154.8,154.8,154.8,154.8,154.8,154.8,154.8,154.8,154.8,154.8,154.8,154.8,154.8,154.8,154.8
155.19,155.19,155.19,155.19,155.19,155.19,155.19,155.19,155.19,155.19,155.19,155.19,155.19,155.19,155.19,155.19,155.19,155.19,155.19,155.19,155.19,155.19,155.19,155.19,155.19,155.19,155.19,155.19,155.19
155.59,155.59,155.59,155.59,155.59,155.59,155.59,155.59,155.59,155.59,155.59,155.59,155.59,155.59,155.59,155.59,155.59,155.59,155.59,155.59,155.59,155.59,155.59,155.59,155.59,155.59,155.59,155.59,155.59
155.98,155.98,155.98,155.98,155.98,155.98,155.98,155.98,155.98,155.98,155.98,155.98,155.98,155.98,155.98,155.98,155.98,155.98,155.98,155.98,155.98,155.98,155.98,155.98,155.98,155.98,155.98,155.98,155.98
156.38,156.38,156.38,156.38,156.38,156.38,156.38,156.38,156.38,156.38,156.38,156.38,156.38,156.38,156.38,156.38,156.38,156.38,156.38,156.38,156.38,156.38,156.38,156.38,156.38,156.38,156.38,156.38,156.38
156.77,156.77,156.77,156.77,156.77,156.77,156.77,156.77,156.77,156.77,156.77,156.77,156.77,156.77,156.77,156.77,156.77,156.77,156.77,156.77,156.77,156.77,156.77,156.77,156.77,156.77,156.77,156.77,156.77
157.16,157.16,157.16,157.16,157.16,157.16,157.16,157.16,157.16,157.16,157.16,157.16,157.16,157.16,157.16,157.16,157.16,157.16,157.16,157.16,157.16,157.16,157.16,157.16,157.16,157.16,157.16,157.16,157.16
157.56,157.56,157.56,157.56,157.56,157.56,157.56,157.56,157.56,157.56,157.56,157.56,157.56,157.56,157.56,157.56,157.56,157.56,157.56,157.56,157.56,157.56,157.56,157.56,157.56,157.56,157.56,157.56,157.56
157.95,157.95,157.95,157.95,157.95,157.95,157.95,157.95,157.95,157.95,157.95,157.95,157.95,157.95,157.95,157.95,157.95,157.95,157.95,157.95,157.95,157.95,157.95,157.95,157.95,157.95,157.95,157.95,157.95
158.35,158.35,158.35,158.35,158.35,158.35,158.35,158.35,158.35,158.35,158.35,158.35,158.35,158.35,158.35,158.35,158.35,158.35,158.35,158.35,158.35,158.35,158.35,158.35,158.35,158.35,158.35,158.35,158.35
158.74,158.74,158.74,158.74,158.74,158.74,158.74,158.74,158.74,158.74,158.74,158.74,158.74,158.74,158.74,158.74,158.74,158.74,158.74,158.74,158.74,158.74,158.74,158.74,158.74,158.74,158.74,158.74,158.74
159.14,159.14,159.14,159.14,159.14,159.14,159.14,159.14,159.14,159.14,159.14,159.14,159.14,159.14,159.14,159.14,159.14,159.14,159.14,159.14,159.14,159.14,159.14,159.14,159.14,159.14,159.14,159.14,159.14
159.53,159.53,159.53,159.53,159.53,159.53,159.53,159.53,159.53,159.53,159.53,159.53,159.53,159.53,159.53,159.53,159.53,159.53,159.53,159.53,159.53,159.53,159.53,159.53,159.53,159.53,159.53,159.53,159.53
159.93,159.93,159.93,159.93,159.93,159.93,159.93,159.93,159.93,159.93,159.93,159.93,159.93,159.93,159.93,159.93,159.93,159.93,159.93,159.93,159.93,159.93,159.93,159.93,159.93,159.93,159.93,159.93,159.93
160.32,160.32,160.32,160.32,160.32,160.32,160.32,160.32,160.32,160.32,160.32,160.32,160.32,160.32,160.32,160.32,160.32,160.32,160.32,160.32,160.32,160.32,160.32,160.32,160.32,160.32,160.32,160.32,160.32
160.72,160.72,160.72,160.72,160.72,160.72,160.72,160.72,160.72,160.72,160.72,160.72,160.72,160.72,160.72,160.72,160.72,160.72,160.72,160.72,160.72,160.72,160.72,160.72,160.72,160.72,160.72,160.72,160.72
161.11,161.11,161.11,161.11,161.11,161.11,161.11,161.11,161.11,161.11,161.11,161.11,161.11,161.11,161.11,161.11,161.11,161.11,161.11,161.11,161.11,161.11,161.11,161.11,161.11,161.11,161.11,161.11,161.11
161.5,161.5,161.5,161.5,161.5,161.5,161.5,161.5,161.5,161.5,161.5,161.5,161.5,161.5,161.5,161.5,161.5,161.5,161.5,161.5,161.5,161.5,161.5,161.5,161.5,161.5,161.5,161.5,161.5
161.89,161.89,161.89,161.89,161.89,161.89,161.89,161.89,161.89,161.89,161.89,161.89,161.89,161.89,161.89,161.89,161.89,161.89,161.89,161.89,161.89,161.89,161.89,161.89,161.89,161.89,161.89,161.89,161.89
162.28,162.28,162.28,162.28,162.28,162.28,162.28,162.28,162.28,162.28,162.28,162.28,162.28,162.28,162.28,162.28,162.28,162.28,162.28,162.28,162.28,162.28,162.28,162.28,162.28,162.28,162.28,162.28,162.28
162.67,162.67,162.67,162.67,162.67,162.67,162.67,162.67,162.67,162.67,162.67,162.67,162.67,162.67,162.67,162.67,162.67,162.67,162.67,162.67,162.67,162.67,162.67,162.67,162.67,162.67,162.67,162.67,162.67
163.06,163.06,163.06,163.06,163.06,163.06,163.06,163.06,163.06,163.06,163.06,163.06,163.06,163.06,163.06,163.06,163.06,163.06,163.06,163.06,163.06,163.06,163.06,163.06,163.06,163.06,163.06,163.06,163.06
163.45,163.45,163.45,163.45,163.45,163.45,163.45,163.45,163.45,163.45,163.45,163.45,163.45,163.45,163.45,163.45,163.45,163.45,163.45,163.45,163.45,163.45,163.45,163.45,163.45,163.45,163.45,163.45,163.45
163.84,163.84,163.84,163.84,163.84,163.84,163.84,163.84,163.84,163.84,163.84,163.84,163.84,163.84,163.84,163.84,163.84,163.84,163.84,163.84,163.84,163.84,163.84,163.84,163.84,163.84,163.84,163.84,163.84
164.23,164.23,164.23,164.23,164.23,164.23,164.23,164.23,164.23,164.23,164.23,164.23,164.23,164.23,164.23,164.23,164.23,164.23,164.23,164.23,164.23,164.23,164.23,164.23,164.23,164.23,164.23,164.23,164.23
164.62,164.62,164.62,164.62,164.62,164.62,164.62,164.62,164.62,164.62,164.62,164.62,164.62,164.62,164.62,164.62,164.62,164.62,164.62,164.62,164.62,164.62,164.62,164.62,164.62,164.62,164.62,164.62,164.62
165.01,165.01,165.01,165.01,165.01,165.01,165.01,165.01,165.01,165.01,165.01,165.01,165.01,165.01,165.01,165.01,165.01,165.01,165.01,165.01,165.01,165.01,165.01,165.01,165.01,165.01,165.01,165.01,165.01
165.4,165.4,165.4,165.4,165.4,165.4,165.4,165.4,165.4,165.4,165.4,165.4,165.4,165.4,165.4,165.4,165.4,165.4,165.4,165.4,165.4,165.4,165.4,165.4,165.4,165.4,165.4,165.4,165.4
165.79,165.79,165.79,165.79,165.79,165.79,165.79,165.79,165.79,165.79,165.79,165.79,165.79,165.79,165.79,165.79,165.79,165.79,165.79,165.79,165.79,165.79,165.79,165.79,165.79,165.79,165.79,165.79,165.79
166.18,166.18,166.18,166.18,166.18,166.18,166.18,166.18,166.18,166.18,166.18,166.18,166.18,166.18,166.18,166.18,166.18,166.18,166.18,166.18,166.18,166.18,166.18,166.18,166.18,166.18,166.18,166.18,166.18
166.57,166.57,166.57,166.57,166.57,166.57,166.57,166.57,166.57,166.57,166.57,166.57,166.57,166.57,166.57,166.57,166.57,166.57,166.57,166.57,166.57,166.57,166.57,166.57,166.57,166.57,166.57,166.57,166.57
166.96,166.96,166.96,166.96,166.96,166.96,166.96,166.96,166.96,166.96,166.96,166.96,166.96,166.96,166.96,166.96,166.96,166.96,166.96,166.96,166.96,166.96,166.96,166.96,166.96,166.96,166.96,166.96,166.96
167.35,167.35,167.35,167.35,167.35,167.35,167.35,167.35,167.35,167.35,167.35,167.35,167.35,167.35,167.35,167.35,167.35,167.35,167.35,167.35,167.35,167.35,167.35,167.35,167.35,167.35,167.35,167.35,167.35
167.740000000001,167.740000000001,167.740000000001,167.740000000001,167.740000000001,167.740000000001,167.740000000001,167.740000000001,167.740000000001,167.740000000001,167.740000000001,167.740000000001,167.740000000001,167.740000000001,167.740000000001,167.740000000001,167.740000000001,167.740000000001,167.740000000001,167.740000000001,167.740000000001,167.740000000001,167.740000000001,167.740000000001,167.740000000001,167.740000000001,167.740000000001,167.740000000001,167.740000000001
168.13,168.13,168.13,168.13,168.13,168.13,168.13,168.13,168.13,168.13,168.13,168.13,168.13,168.13,168.13,168.13,168.13,168.13,168.13,168.13,168.13,168.13,168.13,168.13,168.13,168.13,168.13,168.13,168.13
168.52,168.52,168.52,168.52,168.52,168.52,168.52,168.52,168.52,168.52,168.52,168.52,168.52,168.52,168.52,168.52,168.52,168.52,168.52,168.52,168.52,168.52,168.52,168.52,168.52,168.52,168.52,168.52,168.52
168.91,168.91,168.91,168.91,168.91,168.91,168.91,168.91,168.91,168.91,168.91,168.91,168.91,168.91,168.91,168.91,168.91,168.91,168.91,168.91,168.91,168.91,168.91,168.91,168.91,168.91,168.91,168.91,168.91
169.3,169.3,169.3,169.3,169.3,169.3,169.3,169.3,169.3,169.3,169.3,169.3,169.3,169.3,169.3,169.3,169.3,169.3,169.3,169.3,169.3,169.3,169.3,169.3,169.3,169.3,169.3,169.3,169.3
169.69,169.69,169.69,169.69,169.69,169.69,169.69,169.69,169.69,169.69,169.69,169.69,169.69,169.69,169.69,169.69,169.69,169.69,169.69,169.69,169.69,169.69,169.69,169.69,169.69,169.69,169.69,169.69,169.69
170.08,170.08,170.08,170.08,170.08,170.08,170.08,170.08,170.08,170.08,170.08,170.08,170.08,170.08,170.08,170.08,170.08,170.08,170.08,170.08,170.08,170.08,170.08,170.08,170.08,170.08,170.08,170.08,170.08
170.470000000001,170.470000000001,170.470000000001,170.470000000001,170.470000000001,170.470000000001,170.470000000001,170.470000000001,170.470000000001,170.470000000001,170.470000000001,170.470000000001,170.470000000001,170.470000000001,170.470000000001,170.470000000001,170.470000000001,170.470000000001,170.470000000001,170.470000000001,170.470000000001,170.470000000001,170.470000000001,170.470000000001,170.470000000001,170.470000000001,170.470000000001,170.470000000001,170.470000000001
170.860000000001,170.860000000001,170.860000000001,170.860000000001,170.860000000001,170.860000000001,170.860000000001,170.860000000001,170.860000000001,170.860000000001,170.860000000001,170.860000000001,170.860000000001,170.860000000001,170.860000000001,170.860000000001,170.860000000001,170.860000000001,170.860000000001,170.860000000001,170.860000000001,170.860000000001,170.860000000001,170.860000000001,170.860000000001,170.860000000001,170.860000000001,170.860000000001,170.860000000001
171.25,171.25,171.25,171.25,171.25,171.25,171.25,171.25,171.25,171.25,171.25,171.25,171.25,171.25,171.25,171.25,171.25,171.25,171.25,171.25,171.25,171.25,171.25,171.25,171.25,171.25,171.25,171.25,171.25
171.64,171.64,171.64,171.64,171.64,171.64,171.64,171.64,171.64,171.64,171.64,171.64,171.64,171.64,171.64,171.64,171.64,171.64,171.64,171.64,171.64,171.64,171.64,171.64,171.64,171.64,171.64,171.64,171.64
172.030000000001,172.030000000001,172.030000000001,172.030000000001,172.030000000001,172.030000000001,172.030000000001,172.030000000001,172.030000000001,172.030000000001,172.030000000001,172.030000000001,172.030000000001,172.030000000001,172.030000000001,172.030000000001,172.030000000001,172.030000000001,172.030000000001,172.030000000001,172.030000000001,172.030000000001,172.030000000001,172.030000000001,172.030000000001,172.030000000001,172.030000000001,172.030000000001,172.030000000001
172.42,172.42,172.42,172.42,172.42,172.42,172.42,172.42,172.42,172.42,172.42,172.42,172.42,172.42,172.42,172.42,172.42,172.42,172.42,172.42,172.42,172.42,172.42,172.42,172.42,172.42,172.42,172.42,172.42
172.81,172.81,172.81,172.81,172.81,172.81,172.81,172.81,172.81,172.81,172.81,172.81,172.81,172.81,172.81,172.81,172.81,172.81,172.81,172.81,172.81,172.81,172.81,172.81,172.81,172.81,172.81,172.81,172.81
173.200000000001,173.200000000001,173.200000000001,173.200000000001,173.200000000001,173.200000000001,173.200000000001,173.200000000001,173.200000000001,173.200000000001,173.200000000001,173.200000000001,173.200000000001,173.200000000001,173.200000000001,173.200000000001,173.200000000001,173.200000000001,173.200000000001,173.200000000001,173.200000000001,173.200000000001,173.200000000001,173.200000000001,173.200000000001,173.200000000001,173.200000000001,173.200000000001,173.200000000001
173.59,173.59,173.59,173.59,173.59,173.59,173.59,173.59,173.59,173.59,173.59,173.59,173.59,173.59,173.59,173.59,173.59,173.59,173.59,173.59,173.59,173.59,173.59,173.59,173.59,173.59,173.59,173.59,173.59
173.98,173.98,173.98,173.98,173.98,173.98,173.98,173.98,173.98,173.98,173.98,173.98,173.98,173.98,173.98,173.98,173.98,173.98,173.98,173.98,173.98,173.98,173.98,173.98,173.98,173.98,173.98,173.98,173.98
174.370000000001,174.370000000001,174.370000000001,174.370000000001,174.370000000001,174.370000000001,174.370000000001,174.370000000001,174.370000000001,174.370000000001,174.370000000001,174.370000000001,174.370000000001,174.370000000001,174.370000000001,174.370000000001,174.370000000001,174.370000000001,174.370000000001,174.370000000001,174.370000000001,174.370000000001,174.370000000001,174.370000000001,174.370000000001,174.370000000001,174.370000000001,174.370000000001,174.370000000001
174.760000000001,174.760000000001,174.760000000001,174.760000000001,174.760000000001,174.760000000001,174.760000000001,174.760000000001,174.760000000001,174.760000000001,174.760000000001,174.760000000001,174.760000000001,174.760000000001,174.760000000001,174.760000000001,174.760000000001,174.760000000001,174.760000000001,174.760000000001,174.760000000001,174.760000000001,174.760000000001,174.760000000001,174.760000000001,174.760000000001,174.760000000001,174.760000000001,174.760000000001
175.150000000001,175.150000000001,175.150000000001,175.150000000001,175.150000000001,175.150000000001,175.150000000001,175.150000000001,175.150000000001,175.150000000001,175.150000000001,175.150000000001,175.150000000001,175.150000000001,175.150000000001,175.150000000001,175.150000000001,175.150000000001,175.150000000001,175.150000000001,175.150000000001,175.150000000001,175.150000000001,175.150000000001,175.150000000001,175.150000000001,175.150000000001,175.150000000001,175.150000000001
175.54,175.54,175.54,175.54,175.54,175.54,175.54,175.54,175.54,175.54,175.54,175.54,175.54,175.54,175.54,175.54,175.54,175.54,175.54,175.54,175.54,175.54,175.54,175.54,175.54,175.54,175.54,175.54,175.54
175.930000000001,175.930000000001,175.930000000001,175.930000000001,175.930000000001,175.930000000001,175.930000000001,175.930000000001,175.930000000001,175.930000000001,175.930000000001,175.930000000001,175.930000000001,175.930000000001,175.930000000001,175.930000000001,175.930000000001,175.930000000001,175.930000000001,175.930000000001,175.930000000001,175.930000000001,175.930000000001,175.930000000001,175.930000000001,175.930000000001,175.930000000001,175.930000000001,175.930000000001
176.320000000001,176.320000000001,176.320000000001,176.320000000001,176.320000000001,176.320000000001,176.320000000001,176.320000000001,176.320000000001,176.320000000001,176.320000000001,176.320000000001,176.320000000001,176.320000000001,176.320000000001,176.320000000001,176.320000000001,176.320000000001,176.320000000001,176.320000000001,176.320000000001,176.320000000001,176.320000000001,176.320000000001,176.320000000001,176.320000000001,176.320000000001,176.320000000001,176.320000000001
176.71,176.71,176.71,176.71,176.71,176.71,176.71,176.71,176.71,176.71,176.71,176.71,176.71,176.71,176.71,176.71,176.71,176.71,176.71,176.71,176.71,176.71,176.71,176.71,176.71,176.71,176.71,176.71,176.71
177.100000000001,177.100000000001,177.100000000001,177.100000000001,177.100000000001,177.100000000001,177.100000000001,177.100000000001,177.100000000001,177.100000000001,177.100000000001,177.100000000001,177.100000000001,177.100000000001,177.100000000001,177.100000000001,177.100000000001,177.100000000001,177.100000000001,177.100000000001,177.100000000001,177.100000000001,177.100000000001,177.100000000001,177.100000000001,177.100000000001,177.100000000001,177.100000000001,177.100000000001
177.490000000001,177.490000000001,177.490000000001,177.490000000001,177.490000000001,177.490000000001,177.490000000001,177.490000000001,177.490000000001,177.490000000001,177.490000000001,177.490000000001,177.490000000001,177.490000000001,177.490000000001,177.490000000001,177.490000000001,177.490000000001,177.490000000001,177.490000000001,177.490000000001,177.490000000001,177.490000000001,177.490000000001,177.490000000001,177.490000000001,177.490000000001,177.490000000001,177.490000000001
177.88,177.88,177.88,177.88,177.88,177.88,177.88,177.88,177.88,177.88,177.88,177.88,177.88,177.88,177.88,177.88,177.88,177.88,177.88,177.88,177.88,177.88,177.88,177.88,177.88,177.88,177.88,177.88,177.88
178.27,178.27,178.27,178.27,178.27,178.27,178.27,178.27,178.27,178.27,178.27,178.27,178.27,178.27,178.27,178.27,178.27,178.27,178.27,178.27,178.27,178.27,178.27,178.27,178.27,178.27,178.27,178.27,178.27
178.660000000001,178.660000000001,178.660000000001,178.660000000001,178.660000000001,178.660000000001,178.660000000001,178.660000000001,178.660000000001,178.660000000001,178.660000000001,178.660000000001,178.660000000001,178.660000000001,178.660000000001,178.660000000001,178.660000000001,178.660000000001,178.660000000001,178.660000000001,178.660000000001,178.660000000001,178.660000000001,178.660000000001,178.660000000001,178.660000000001,178.660000000001,178.660000000001,178.660000000001
179.050000000001,179.050000000001,179.050000000001,179.050000000001,179.050000000001,179.050000000001,179.050000000001,179.050000000001,179.050000000001,179.050000000001,179.050000000001,179.050000000001,179.050000000001,179.050000000001,179.050000000001,179.050000000001,179.050000000001,179.050000000001,179.050000000001,179.050000000001,179.050000000001,179.050000000001,179.050000000001,179.050000000001,179.050000000001,179.050000000001,179.050000000001,179.050000000001,179.050000000001
179.440000000001,179.440000000001,179.440000000001,179.440000000001,179.440000000001,179.440000000001,179.440000000001,179.440000000001,179.440000000001,179.440000000001,179.440000000001,179.440000000001,179.440000000001,179.440000000001,179.440000000001,179.440000000001,179.440000000001,179.440000000001,179.440000000001,179.440000000001,179.440000000001,179.440000000001,179.440000000001,179.440000000001,179.440000000001,179.440000000001,179.440000000001,179.440000000001,179.440000000001
179.830000000001,179.830000000001,179.830000000001,179.830000000001,179.830000000001,179.830000000001,179.830000000001,179.830000000001,179.830000000001,179.830000000001,179.830000000001,179.830000000001,179.830000000001,179.830000000001,179.830000000001,179.830000000001,179.830000000001,179.830000000001,179.830000000001,179.830000000001,179.830000000001,179.830000000001,179.830000000001,179.830000000001,179.830000000001,179.830000000001,179.830000000001,179.830000000001,179.830000000001
180.220000000001,180.220000000001,180.220000000001,180.220000000001,180.220000000001,180.220000000001,180.220000000001,180.220000000001,180.220000000001,180.220000000001,180.220000000001,180.220000000001,180.220000000001,180.220000000001,180.220000000001,180.220000000001,180.220000000001,180.220000000001,180.220000000001,180.220000000001,180.220000000001,180.220000000001,180.220000000001,180.220000000001,180.220000000001,180.220000000001,180.220000000001,180.220000000001,180.220000000001
180.610000000001,180.610000000001,180.610000000001,180.610000000001,180.610000000001,180.610000000001,180.610000000001,180.610000000001,180.610000000001,180.610000000001,180.610000000001,180.610000000001,180.610000000001,180.610000000001,180.610000000001,180.610000000001,180.610000000001,180.610000000001,180.610000000001,180.610000000001,180.610000000001,180.610000000001,180.610000000001,180.610000000001,180.610000000001,180.610000000001,180.610000000001,180.610000000001,180.610000000001
181.000000000002,181.000000000002,181.000000000002,181.000000000002,181.000000000002,181.000000000002,181.000000000002,181.000000000002,181.000000000002,181.000000000002,181.000000000002,181.000000000002,181.000000000002,181.000000000002,181.000000000002,181.000000000002,181.000000000002,181.000000000002,181.000000000002,181.000000000002,181.000000000002,181.000000000002,181.000000000002,181.000000000002,181.000000000002,181.000000000002,181.000000000002,181.000000000002,181.000000000002
181.389999999999,181.389999999999,181.389999999999,181.389999999999,181.389999999999,181.389999999999,181.389999999999,181.389999999999,181.389999999999,181.389999999999,181.389999999999,181.389999999999,181.389999999999,181.389999999999,181.389999999999,181.389999999999,181.389999999999,181.389999999999,181.389999999999,181.389999999999,181.389999999999,181.389999999999,181.389999999999,181.389999999999,181.389999999999,181.389999999999,181.389999999999,181.389999999999,181.389999999999
181.780000000001,181.780000000001,181.780000000001,181.780000000001,181.780000000001,181.780000000001,181.780000000001,181.780000000001,181.780000000001,181.780000000001,181.780000000001,181.780000000001,181.780000000001,181.780000000001,181.780000000001,181.780000000001,181.780000000001,181.780000000001,181.780000000001,181.780000000001,181.780000000001,181.780000000001,181.780000000001,181.780000000001,181.780000000001,181.780000000001,181.780000000001,181.780000000001,181.780000000001
182.170000000002,182.170000000002,182.170000000002,182.170000000002,182.170000000002,182.170000000002,182.170000000002,182.170000000002,182.170000000002,182.170000000002,182.170000000002,182.170000000002,182.170000000002,182.170000000002,182.170000000002,182.170000000002,182.170000000002,182.170000000002,182.170000000002,182.170000000002,182.170000000002,182.170000000002,182.170000000002,182.170000000002,182.170000000002,182.170000000002,182.170000000002,182.170000000002,182.170000000002
182.559999999999,182.559999999999,182.559999999999,182.559999999999,182.559999999999,182.559999999999,182.559999999999,182.559999999999,182.559999999999,182.559999999999,182.559999999999,182.559999999999,182.559999999999,182.559999999999,182.559999999999,182.559999999999,182.559999999999,182.559999999999,182.559999999999,182.559999999999,182.559999999999,182.559999999999,182.559999999999,182.559999999999,182.559999999999,182.559999999999,182.559999999999,182.559999999999,182.559999999999
182.950000000001,182.950000000001,182.950000000001,182.950000000001,182.950000000001,182.950000000001,182.950000000001,182.950000000001,182.950000000001,182.950000000001,182.950000000001,182.950000000001,182.950000000001,182.950000000001,182.950000000001,182.950000000001,182.950000000001,182.950000000001,182.950000000001,182.950000000001,182.950000000001,182.950000000001,182.950000000001,182.950000000001,182.950000000001,182.950000000001,182.950000000001,182.950000000001,182.950000000001
183.340000000002,183.340000000002,183.340000000002,183.340000000002,183.340000000002,183.340000000002,183.340000000002,183.340000000002,183.340000000002,183.340000000002,183.340000000002,183.340000000002,183.340000000002,183.340000000002,183.340000000002,183.340000000002,183.340000000002,183.340000000002,183.340000000002,183.340000000002,183.340000000002,183.340000000002,183.340000000002,183.340000000002,183.340000000002,183.340000000002,183.340000000002,183.340000000002,183.340000000002
183.730000000001,183.730000000001,183.730000000001,183.730000000001,183.730000000001,183.730000000001,183.730000000001,183.730000000001,183.730000000001,183.730000000001,183.730000000001,183.730000000001,183.730000000001,183.730000000001,183.730000000001,183.730000000001,183.730000000001,183.730000000001,183.730000000001,183.730000000001,183.730000000001,183.730000000001,183.730000000001,183.730000000001,183.730000000001,183.730000000001,183.730000000001,183.730000000001,183.730000000001
184.120000000001,184.120000000001,184.120000000001,184.120000000001,184.120000000001,184.120000000001,184.120000000001,184.120000000001,184.120000000001,184.120000000001,184.120000000001,184.120000000001,184.120000000001,184.120000000001,184.120000000001,184.120000000001,184.120000000001,184.120000000001,184.120000000001,184.120000000001,184.120000000001,184.120000000001,184.120000000001,184.120000000001,184.120000000001,184.120000000001,184.120000000001,184.120000000001,184.120000000001
184.51,184.51,184.51,184.51,184.51,184.51,184.51,184.51,184.51,184.51,184.51,184.51,184.51,184.51,184.51,184.51,184.51,184.51,184.51,184.51,184.51,184.51,184.51,184.51,184.51,184.51,184.51,184.51,184.51
184.900000000001,184.900000000001,184.900000000001,184.900000000001,184.900000000001,184.900000000001,184.900000000001,184.900000000001,184.900000000001,184.900000000001,184.900000000001,184.900000000001,184.900000000001,184.900000000001,184.900000000001,184.900000000001,184.900000000001,184.900000000001,184.900000000001,184.900000000001,184.900000000001,184.900000000001,184.900000000001,184.900000000001,184.900000000001,184.900000000001,184.900000000001,184.900000000001,184.900000000001
185.290000000001,185.290000000001,185.290000000001,185.290000000001,185.290000000001,185.290000000001,185.290000000001,185.290000000001,185.290000000001,185.290000000001,185.290000000001,185.290000000001,185.290000000001,185.290000000001,185.290000000001,185.290000000001,185.290000000001,185.290000000001,185.290000000001,185.290000000001,185.290000000001,185.290000000001,185.290000000001,185.290000000001,185.290000000001,185.290000000001,185.290000000001,185.290000000001,185.290000000001
185.68,185.68,185.68,185.68,185.68,185.68,185.68,185.68,185.68,185.68,185.68,185.68,185.68,185.68,185.68,185.68,185.68,185.68,185.68,185.68,185.68,185.68,185.68,185.68,185.68,185.68,185.68,185.68,185.68
186.070000000002,186.070000000002,186.070000000002,186.070000000002,186.070000000002,186.070000000002,186.070000000002,186.070000000002,186.070000000002,186.070000000002,186.070000000002,186.070000000002,186.070000000002,186.070000000002,186.070000000002,186.070000000002,186.070000000002,186.070000000002,186.070000000002,186.070000000002,186.070000000002,186.070000000002,186.070000000002,186.070000000002,186.070000000002,186.070000000002,186.070000000002,186.070000000002,186.070000000002
186.460000000001,186.460000000001,186.460000000001,186.460000000001,186.460000000001,186.460000000001,186.460000000001,186.460000000001,186.460000000001,186.460000000001,186.460000000001,186.460000000001,186.460000000001,186.460000000001,186.460000000001,186.460000000001,186.460000000001,186.460000000001,186.460000000001,186.460000000001,186.460000000001,186.460000000001,186.460000000001,186.460000000001,186.460000000001,186.460000000001,186.460000000001,186.460000000001,186.460000000001
186.85,186.85,186.85,186.85,186.85,186.85,186.85,186.85,186.85,186.85,186.85,186.85,186.85,186.85,186.85,186.85,186.85,186.85,186.85,186.85,186.85,186.85,186.85,186.85,186.85,186.85,186.85,186.85,186.85
187.240000000002,187.240000000002,187.240000000002,187.240000000002,187.240000000002,187.240000000002,187.240000000002,187.240000000002,187.240000000002,187.240000000002,187.240000000002,187.240000000002,187.240000000002,187.240000000002,187.240000000002,187.240000000002,187.240000000002,187.240000000002,187.240000000002,187.240000000002,187.240000000002,187.240000000002,187.240000000002,187.240000000002,187.240000000002,187.240000000002,187.240000000002,187.240000000002,187.240000000002
187.630000000001,187.630000000001,187.630000000001,187.630000000001,187.630000000001,187.630000000001,187.630000000001,187.630000000001,187.630000000001,187.630000000001,187.630000000001,187.630000000001,187.630000000001,187.630000000001,187.630000000001,187.630000000001,187.630000000001,187.630000000001,187.630000000001,187.630000000001,187.630000000001,187.630000000001,187.630000000001,187.630000000001,187.630000000001,187.630000000001,187.630000000001,187.630000000001,187.630000000001
188.02,188.02,188.02,188.02,188.02,188.02,188.02,188.02,188.02,188.02,188.02,188.02,188.02,188.02,188.02,188.02,188.02,188.02,188.02,188.02,188.02,188.02,188.02,188.02,188.02,188.02,188.02,188.02,188.02
188.410000000002,188.410000000002,188.410000000002,188.410000000002,188.410000000002,188.410000000002,188.410000000002,188.410000000002,188.410000000002,188.410000000002,188.410000000002,188.410000000002,188.410000000002,188.410000000002,188.410000000002,188.410000000002,188.410000000002,188.410000000002,188.410000000002,188.410000000002,188.410000000002,188.410000000002,188.410000000002,188.410000000002,188.410000000002,188.410000000002,188.410000000002,188.410000000002,188.410000000002
188.800000000001,188.800000000001,188.800000000001,188.800000000001,188.800000000001,188.800000000001,188.800000000001,188.800000000001,188.800000000001,188.800000000001,188.800000000001,188.800000000001,188.800000000001,188.800000000001,188.800000000001,188.800000000001,188.800000000001,188.800000000001,188.800000000001,188.800000000001,188.800000000001,188.800000000001,188.800000000001,188.800000000001,188.800000000001,188.800000000001,188.800000000001,188.800000000001,188.800000000001
189.190000000001,189.190000000001,189.190000000001,189.190000000001,189.190000000001,189.190000000001,189.190000000001,189.190000000001,189.190000000001,189.190000000001,189.190000000001,189.190000000001,189.190000000001,189.190000000001,189.190000000001,189.190000000001,189.190000000001,189.190000000001,189.190000000001,189.190000000001,189.190000000001,189.190000000001,189.190000000001,189.190000000001,189.190000000001,189.190000000001,189.190000000001,189.190000000001,189.190000000001
189.580000000002,189.580000000002,189.580000000002,189.580000000002,189.580000000002,189.580000000002,189.580000000002,189.580000000002,189.580000000002,189.580000000002,189.580000000002,189.580000000002,189.580000000002,189.580000000002,189.580000000002,189.580000000002,189.580000000002,189.580000000002,189.580000000002,189.580000000002,189.580000000002,189.580000000002,189.580000000002,189.580000000002,189.580000000002,189.580000000002,189.580000000002,189.580000000002,189.580000000002
189.970000000001,189.970000000001,189.970000000001,189.970000000001,189.970000000001,189.970000000001,189.970000000001,189.970000000001,189.970000000001,189.970000000001,189.970000000001,189.970000000001,189.970000000001,189.970000000001,189.970000000001,189.970000000001,189.970000000001,189.970000000001,189.970000000001,189.970000000001,189.970000000001,189.970000000001,189.970000000001,189.970000000001,189.970000000001,189.970000000001,189.970000000001,189.970000000001,189.970000000001
190.360000000001,190.360000000001,190.360000000001,190.360000000001,190.360000000001,190.360000000001,190.360000000001,190.360000000001,190.360000000001,190.360000000001,190.360000000001,190.360000000001,190.360000000001,190.360000000001,190.360000000001,190.360000000001,190.360000000001,190.360000000001,190.360000000001,190.360000000001,190.360000000001,190.360000000001,190.360000000001,190.360000000001,190.360000000001,190.360000000001,190.360000000001,190.360000000001,190.360000000001
190.750000000002,190.750000000002,190.750000000002,190.750000000002,190.750000000002,190.750000000002,190.750000000002,190.750000000002,190.750000000002,190.750000000002,190.750000000002,190.750000000002,190.750000000002,190.750000000002,190.750000000002,190.750000000002,190.750000000002,190.750000000002,190.750000000002,190.750000000002,190.750000000002,190.750000000002,190.750000000002,190.750000000002,190.750000000002,190.750000000002,190.750000000002,190.750000000002,190.750000000002
191.140000000001,191.140000000001,191.140000000001,191.140000000001,191.140000000001,191.140000000001,191.140000000001,191.140000000001,191.140000000001,191.140000000001,191.140000000001,191.140000000001,191.140000000001,191.140000000001,191.140000000001,191.140000000001,191.140000000001,191.140000000001,191.140000000001,191.140000000001,191.140000000001,191.140000000001,191.140000000001,191.140000000001,191.140000000001,191.140000000001,191.140000000001,191.140000000001,191.140000000001
191.530000000001,191.530000000001,191.530000000001,191.530000000001,191.530000000001,191.530000000001,191.530000000001,191.530000000001,191.530000000001,191.530000000001,191.530000000001,191.530000000001,191.530000000001,191.530000000001,191.530000000001,191.530000000001,191.530000000001,191.530000000001,191.530000000001,191.530000000001,191.530000000001,191.530000000001,191.530000000001,191.530000000001,191.530000000001,191.530000000001,191.530000000001,191.530000000001,191.530000000001
191.920000000002,191.920000000002,191.920000000002,191.920000000002,191.920000000002,191.920000000002,191.920000000002,191.920000000002,191.920000000002,191.920000000002,191.920000000002,191.920000000002,191.920000000002,191.920000000002,191.920000000002,191.920000000002,191.920000000002,191.920000000002,191.920000000002,191.920000000002,191.920000000002,191.920000000002,191.920000000002,191.920000000002,191.920000000002,191.920000000002,191.920000000002,191.920000000002,191.920000000002
192.310000000001,192.310000000001,192.310000000001,192.310000000001,192.310000000001,192.310000000001,192.310000000001,192.310000000001,192.310000000001,192.310000000001,192.310000000001,192.310000000001,192.310000000001,192.310000000001,192.310000000001,192.310000000001,192.310000000001,192.310000000001,192.310000000001,192.310000000001,192.310000000001,192.310000000001,192.310000000001,192.310000000001,192.310000000001,192.310000000001,192.310000000001,192.310000000001,192.310000000001
192.700000000001,192.700000000001,192.700000000001,192.700000000001,192.700000000001,192.700000000001,192.700000000001,192.700000000001,192.700000000001,192.700000000001,192.700000000001,192.700000000001,192.700000000001,192.700000000001,192.700000000001,192.700000000001,192.700000000001,192.700000000001,192.700000000001,192.700000000001,192.700000000001,192.700000000001,192.700000000001,192.700000000001,192.700000000001,192.700000000001,192.700000000001,192.700000000001,192.700000000001
193.090000000002,193.090000000002,193.090000000002,193.090000000002,193.090000000002,193.090000000002,193.090000000002,193.090000000002,193.090000000002,193.090000000002,193.090000000002,193.090000000002,193.090000000002,193.090000000002,193.090000000002,193.090000000002,193.090000000002,193.090000000002,193.090000000002,193.090000000002,193.090000000002,193.090000000002,193.090000000002,193.090000000002,193.090000000002,193.090000000002,193.090000000002,193.090000000002,193.090000000002
193.480000000001,193.480000000001,193.480000000001,193.480000000001,193.480000000001,193.480000000001,193.480000000001,193.480000000001,193.480000000001,193.480000000001,193.480000000001,193.480000000001,193.480000000001,193.480000000001,193.480000000001,193.480000000001,193.480000000001,193.480000000001,193.480000000001,193.480000000001,193.480000000001,193.480000000001,193.480000000001,193.480000000001,193.480000000001,193.480000000001,193.480000000001,193.480000000001,193.480000000001
193.870000000001,193.870000000001,193.870000000001,193.870000000001,193.870000000001,193.870000000001,193.870000000001,193.870000000001,193.870000000001,193.870000000001,193.870000000001,193.870000000001,193.870000000001,193.870000000001,193.870000000001,193.870000000001,193.870000000001,193.870000000001,193.870000000001,193.870000000001,193.870000000001,193.870000000001,193.870000000001,193.870000000001,193.870000000001,193.870000000001,193.870000000001,193.870000000001,193.870000000001
194.26,194.26,194.26,194.26,194.26,194.26,194.26,194.26,194.26,194.26,194.26,194.26,194.26,194.26,194.26,194.26,194.26,194.26,194.26,194.26,194.26,194.26,194.26,194.26,194.26,194.26,194.26,194.26,194.26
194.650000000001,194.650000000001,194.650000000001,194.650000000001,194.650000000001,194.650000000001,194.650000000001,194.650000000001,194.650000000001,194.650000000001,194.650000000001,194.650000000001,194.650000000001,194.650000000001,194.650000000001,194.650000000001,194.650000000001,194.650000000001,194.650000000001,194.650000000001,194.650000000001,194.650000000001,194.650000000001,194.650000000001,194.650000000001,194.650000000001,194.650000000001,194.650000000001,194.650000000001
195.040000000001,195.040000000001,195.040000000001,195.040000000001,195.040000000001,195.040000000001,195.040000000001,195.040000000001,195.040000000001,195.040000000001,195.040000000001,195.040000000001,195.040000000001,195.040000000001,195.040000000001,195.040000000001,195.040000000001,195.040000000001,195.040000000001,195.040000000001,195.040000000001,195.040000000001,195.040000000001,195.040000000001,195.040000000001,195.040000000001,195.040000000001,195.040000000001,195.040000000001
195.43,195.43,195.43,195.43,195.43,195.43,195.43,195.43,195.43,195.43,195.43,195.43,195.43,195.43,195.43,195.43,195.43,195.43,195.43,195.43,195.43,195.43,195.43,195.43,195.43,195.43,195.43,195.43,195.43
195.820000000002,195.820000000002,195.820000000002,195.820000000002,195.820000000002,195.820000000002,195.820000000002,195.820000000002,195.820000000002,195.820000000002,195.820000000002,195.820000000002,195.820000000002,195.820000000002,195.820000000002,195.820000000002,195.820000000002,195.820000000002,195.820000000002,195.820000000002,195.820000000002,195.820000000002,195.820000000002,195.820000000002,195.820000000002,195.820000000002,195.820000000002,195.820000000002,195.820000000002
196.210000000003,196.210000000003,196.210000000003,196.210000000003,196.210000000003,196.210000000003,196.210000000003,196.210000000003,196.210000000003,196.210000000003,196.210000000003,196.210000000003,196.210000000003,196.210000000003,196.210000000003,196.210000000003,196.210000000003,196.210000000003,196.210000000003,196.210000000003,196.210000000003,196.210000000003,196.210000000003,196.210000000003,196.210000000003,196.210000000003,196.210000000003,196.210000000003,196.210000000003
196.6,196.6,196.6,196.6,196.6,196.6,196.6,196.6,196.6,196.6,196.6,196.6,196.6,196.6,196.6,196.6,196.6,196.6,196.6,196.6,196.6,196.6,196.6,196.6,196.6,196.6,196.6,196.6,196.6
196.990000000002,196.990000000002,196.990000000002,196.990000000002,196.990000000002,196.990000000002,196.990000000002,196.990000000002,196.990000000002,196.990000000002,196.990000000002,196.990000000002,196.990000000002,196.990000000002,196.990000000002,196.990000000002,196.990000000002,196.990000000002,196.990000000002,196.990000000002,196.990000000002,196.990000000002,196.990000000002,196.990000000002,196.990000000002,196.990000000002,196.990000000002,196.990000000002,196.990000000002
197.380000000003,197.380000000003,197.380000000003,197.380000000003,197.380000000003,197.380000000003,197.380000000003,197.380000000003,197.380000000003,197.380000000003,197.380000000003,197.380000000003,197.380000000003,197.380000000003,197.380000000003,197.380000000003,197.380000000003,197.380000000003,197.380000000003,197.380000000003,197.380000000003,197.380000000003,197.380000000003,197.380000000003,197.380000000003,197.380000000003,197.380000000003,197.380000000003,197.380000000003
197.77,197.77,197.77,197.77,197.77,197.77,197.77,197.77,197.77,197.77,197.77,197.77,197.77,197.77,197.77,197.77,197.77,197.77,197.77,197.77,197.77,197.77,197.77,197.77,197.77,197.77,197.77,197.77,197.77
198.160000000002,198.160000000002,198.160000000002,198.160000000002,198.160000000002,198.160000000002,198.160000000002,198.160000000002,198.160000000002,198.160000000002,198.160000000002,198.160000000002,198.160000000002,198.160000000002,198.160000000002,198.160000000002,198.160000000002,198.160000000002,198.160000000002,198.160000000002,198.160000000002,198.160000000002,198.160000000002,198.160000000002,198.160000000002,198.160000000002,198.160000000002,198.160000000002,198.160000000002
198.550000000003,198.550000000003,198.550000000003,198.550000000003,198.550000000003,198.550000000003,198.550000000003,198.550000000003,198.550000000003,198.550000000003,198.550000000003,198.550000000003,198.550000000003,198.550000000003,198.550000000003,198.550000000003,198.550000000003,198.550000000003,198.550000000003,198.550000000003,198.550000000003,198.550000000003,198.550000000003,198.550000000003,198.550000000003,198.550000000003,198.550000000003,198.550000000003,198.550000000003
198.940000000001,198.940000000001,198.940000000001,198.940000000001,198.940000000001,198.940000000001,198.940000000001,198.940000000001,198.940000000001,198.940000000001,198.940000000001,198.940000000001,198.940000000001,198.940000000001,198.940000000001,198.940000000001,198.940000000001,198.940000000001,198.940000000001,198.940000000001,198.940000000001,198.940000000001,198.940000000001,198.940000000001,198.940000000001,198.940000000001,198.940000000001,198.940000000001,198.940000000001
199.330000000002,199.330000000002,199.330000000002,199.330000000002,199.330000000002,199.330000000002,199.330000000002,199.330000000002,199.330000000002,199.330000000002,199.330000000002,199.330000000002,199.330000000002,199.330000000002,199.330000000002,199.330000000002,199.330000000002,199.330000000002,199.330000000002,199.330000000002,199.330000000002,199.330000000002,199.330000000002,199.330000000002,199.330000000002,199.330000000002,199.330000000002,199.330000000002,199.330000000002
199.720000000001,199.720000000001,199.720000000001,199.720000000001,199.720000000001,199.720000000001,199.720000000001,199.720000000001,199.720000000001,199.720000000001,199.720000000001,199.720000000001,199.720000000001,199.720000000001,199.720000000001,199.720000000001,199.720000000001,199.720000000001,199.720000000001,199.720000000001,199.720000000001,199.720000000001,199.720000000001,199.720000000001,199.720000000001,199.720000000001,199.720000000001,199.720000000001,199.720000000001
200.110000000001,200.110000000001,200.110000000001,200.110000000001,200.110000000001,200.110000000001,200.110000000001,200.110000000001,200.110000000001,200.110000000001,200.110000000001,200.110000000001,200.110000000001,200.110000000001,200.110000000001,200.110000000001,200.110000000001,200.110000000001,200.110000000001,200.110000000001,200.110000000001,200.110000000001,200.110000000001,200.110000000001,200.110000000001,200.110000000001,200.110000000001,200.110000000001,200.110000000001
200.500000000002,200.500000000002,200.500000000002,200.500000000002,200.500000000002,200.500000000002,200.500000000002,200.500000000002,200.500000000002,200.500000000002,200.500000000002,200.500000000002,200.500000000002,200.500000000002,200.500000000002,200.500000000002,200.500000000002,200.500000000002,200.500000000002,200.500000000002,200.500000000002,200.500000000002,200.500000000002,200.500000000002,200.500000000002,200.500000000002,200.500000000002,200.500000000002,200.500000000002
200.890000000003,200.890000000003,200.890000000003,200.890000000003,200.890000000003,200.890000000003,200.890000000003,200.890000000003,200.890000000003,200.890000000003,200.890000000003,200.890000000003,200.890000000003,200.890000000003,200.890000000003,200.890000000003,200.890000000003,200.890000000003,200.890000000003,200.890000000003,200.890000000003,200.890000000003,200.890000000003,200.890000000003,200.890000000003,200.890000000003,200.890000000003,200.890000000003,200.890000000003
201.280000000002,201.280000000002,201.280000000002,201.280000000002,201.280000000002,201.280000000002,201.280000000002,201.280000000002,201.280000000002,201.280000000002,201.280000000002,201.280000000002,201.280000000002,201.280000000002,201.280000000002,201.280000000002,201.280000000002,201.280000000002,201.280000000002,201.280000000002,201.280000000002,201.280000000002,201.280000000002,201.280000000002,201.280000000002,201.280000000002,201.280000000002,201.280000000002,201.280000000002
201.670000000002,201.670000000002,201.670000000002,201.670000000002,201.670000000002,201.670000000002,201.670000000002,201.670000000002,201.670000000002,201.670000000002,201.670000000002,201.670000000002,201.670000000002,201.670000000002,201.670000000002,201.670000000002,201.670000000002,201.670000000002,201.670000000002,201.670000000002,201.670000000002,201.670000000002,201.670000000002,201.670000000002,201.670000000002,201.670000000002,201.670000000002,201.670000000002,201.670000000002
202.060000000001,202.060000000001,202.060000000001,202.060000000001,202.060000000001,202.060000000001,202.060000000001,202.060000000001,202.060000000001,202.060000000001,202.060000000001,202.060000000001,202.060000000001,202.060000000001,202.060000000001,202.060000000001,202.060000000001,202.060000000001,202.060000000001,202.060000000001,202.060000000001,202.060000000001,202.060000000001,202.060000000001,202.060000000001,202.060000000001,202.060000000001,202.060000000001,202.060000000001
202.450000000001,202.450000000001,202.450000000001,202.450000000001,202.450000000001,202.450000000001,202.450000000001,202.450000000001,202.450000000001,202.450000000001,202.450000000001,202.450000000001,202.450000000001,202.450000000001,202.450000000001,202.450000000001,202.450000000001,202.450000000001,202.450000000001,202.450000000001,202.450000000001,202.450000000001,202.450000000001,202.450000000001,202.450000000001,202.450000000001,202.450000000001,202.450000000001,202.450000000001
202.84,202.84,202.84,202.84,202.84,202.84,202.84,202.84,202.84,202.84,202.84,202.84,202.84,202.84,202.84,202.84,202.84,202.84,202.84,202.84,202.84,202.84,202.84,202.84,202.84,202.84,202.84,202.84,202.84
