99.9,99.9,99.9,99.9,99.9,99.9,99.9,99.9,99.9,99.9,99.9,99.9,99.9,99.9,99.9,99.9,99.9,99.9,99.9,99.9,99.9,99.9,99.9,99.9,99.9,99.9,99.9,99.9,99.9
100.7,100.7,100.7,100.7,100.7,100.7,100.7,100.7,100.7,100.7,100.7,100.7,100.7,100.7,100.7,100.7,100.7,100.7,100.7,100.7,100.7,100.7,100.7,100.7,100.7,100.7,100.7,100.7,100.7
101.51,101.51,101.51,101.51,101.51,101.51,101.51,101.51,101.51,101.51,101.51,101.51,101.51,101.51,101.51,101.51,101.51,101.51,101.51,101.51,101.51,101.51,101.51,101.51,101.51,101.51,101.51,101.51,101.51
102.31,102.31,102.31,102.31,102.31,102.31,102.31,102.31,102.31,102.31,102.31,102.31,102.31,102.31,102.31,102.31,102.31,102.31,102.31,102.31,102.31,102.31,102.31,102.31,102.31,102.31,102.31,102.31,102.31
103.12,103.12,103.12,103.12,103.12,103.12,103.12,103.12,103.12,103.12,103.12,103.12,103.12,103.12,103.12,103.12,103.12,103.12,103.12,103.12,103.12,103.12,103.12,103.12,103.12,103.12,103.12,103.12,103.12
103.92,103.92,103.92,103.92,103.92,103.92,103.92,103.92,103.92,103.92,103.92,103.92,103.92,103.92,103.92,103.92,103.92,103.92,103.92,103.92,103.92,103.92,103.92,103.92,103.92,103.92,103.92,103.92,103.92
104.73,104.73,104.73,104.73,104.73,104.73,104.73,104.73,104.73,104.73,104.73,104.73,104.73,104.73,104.73,104.73,104.73,104.73,104.73,104.73,104.73,104.73,104.73,104.73,104.73,104.73,104.73,104.73,104.73
105.53,105.53,105.53,105.53,105.53,105.53,105.53,105.53,105.53,105.53,105.53,105.53,105.53,105.53,105.53,105.53,105.53,105.53,105.53,105.53,105.53,105.53,105.53,105.53,105.53,105.53,105.53,105.53,105.53
106.33,106.33,106.33,106.33,106.33,106.33,106.33,106.33,106.33,106.33,106.33,106.33,106.33,106.33,106.33,106.33,106.33,106.33,106.33,106.33,106.33,106.33,106.33,106.33,106.33,106.33,106.33,106.33,106.33
107.14,107.14,107.14,107.14,107.14,107.14,107.14,107.14,107.14,107.14,107.14,107.14,107.14,107.14,107.14,107.14,107.14,107.14,107.14,107.14,107.14,107.14,107.14,107.14,107.14,107.14,107.14,107.14,107.14
107.94,107.94,107.94,107.94,107.94,107.94,107.94,107.94,107.94,107.94,107.94,107.94,107.94,107.94,107.94,107.94,107.94,107.94,107.94,107.94,107.94,107.94,107.94,107.94,107.94,107.94,107.94,107.94,107.94
108.75,108.75,108.75,108.75,108.75,108.75,108.75,108.75,108.75,108.75,108.75,108.75,108.75,108.75,108.75,108.75,108.75,108.75,108.75,108.75,108.75,108.75,108.75,108.75,108.75,108.75,108.75,108.75,108.75
109.55,109.55,109.55,109.55,109.55,109.55,109.55,109.55,109.55,109.55,109.55,109.55,109.55,109.55,109.55,109.55,109.55,109.55,109.55,109.55,109.55,109.55,109.55,109.55,109.55,109.55,109.55,109.55,109.55
110.36,110.36,110.36,110.36,110.36,110.36,110.36,110.36,110.36,110.36,110.36,110.36,110.36,110.36,110.36,110.36,110.36,110.36,110.36,110.36,110.36,110.36,110.36,110.36,110.36,110.36,110.36,110.36,110.36
111.16,111.16,111.16,111.16,111.16,111.16,111.16,111.16,111.16,111.16,111.16,111.16,111.16,111.16,111.16,111.16,111.16,111.16,111.16,111.16,111.16,111.16,111.16,111.16,111.16,111.16,111.16,111.16,111.16
111.97,111.97,111.97,111.97,111.97,111.97,111.97,111.97,111.97,111.97,111.97,111.97,111.97,111.97,111.97,111.97,111.97,111.97,111.97,111.97,111.97,111.97,111.97,111.97,111.97,111.97,111.97,111.97,111.97
112.77,112.77,112.77,112.77,112.77,112.77,112.77,112.77,112.77,112.77,112.77,112.77,112.77,112.77,112.77,112.77,112.77,112.77,112.77,112.77,112.77,112.77,112.77,112.77,112.77,112.77,112.77,112.77,112.77
113.57,113.57,113.57,113.57,113.57,113.57,113.57,113.57,113.57,113.57,113.57,113.57,113.57,113.57,113.57,113.57,113.57,113.57,113.57,113.57,113.57,113.57,113.57,113.57,113.57,113.57,113.57,113.57,113.57
114.38,114.38,114.38,114.38,114.38,114.38,114.38,114.38,114.38,114.38,114.38,114.38,114.38,114.38,114.38,114.38,114.38,114.38,114.38,114.38,114.38,114.38,114.38,114.38,114.38,114.38,114.38,114.38,114.38
115.18,115.18,115.18,115.18,115.18,115.18,115.18,115.18,115.18,115.18,115.18,115.18,115.18,115.18,115.18,115.18,115.18,115.18,115.18,115.18,115.18,115.18,115.18,115.18,115.18,115.18,115.18,115.18,115.18
115.99,115.99,115.99,115.99,115.99,115.99,115.99,115.99,115.99,115.99,115.99,115.99,115.99,115.99,115.99,115.99,115.99,115.99,115.99,115.99,115.99,115.99,115.99,115.99,115.99,115.99,115.99,115.99,115.99
116.79,116.79,116.79,116.79,116.79,116.79,116.79,116.79,116.79,116.79,116.79,116.79,116.79,116.79,116.79,116.79,116.79,116.79,116.79,116.79,116.79,116.79,116.79,116.79,116.79,116.79,116.79,116.79,116.79
117.6,117.6,117.6,117.6,117.6,117.6,117.6,117.6,117.6,117.6,117.6,117.6,117.6,117.6,117.6,117.6,117.6,117.6,117.6,117.6,117.6,117.6,117.6,117.6,117.6,117.6,117.6,117.6,117.6
118.4,118.4,118.4,118.4,118.4,118.4,118.4,118.4,118.4,118.4,118.4,118.4,118.4,118.4,118.4,118.4,118.4,118.4,118.4,118.4,118.4,118.4,118.4,118.4,118.4,118.4,118.4,118.4,118.4
119.2,119.2,119.2,119.2,119.2,119.2,119.2,119.2,119.2,119.2,119.2,119.2,119.2,119.2,119.2,119.2,119.2,119.2,119.2,119.2,119.2,119.2,119.2,119.2,119.2,119.2,119.2,119.2,119.2
120.01,120.01,120.01,120.01,120.01,120.01,120.01,120.01,120.01,120.01,120.01,120.01,120.01,120.01,120.01,120.01,120.01,120.01,120.01,120.01,120.01,120.01,120.01,120.01,120.01,120.01,120.01,120.01,120.01
120.81,120.81,120.81,120.81,120.81,120.81,120.81,120.81,120.81,120.81,120.81,120.81,120.81,120.81,120.81,120.81,120.81,120.81,120.81,120.81,120.81,120.81,120.81,120.81,120.81,120.81,120.81,120.81,120.81
121.62,121.62,121.62,121.62,121.62,121.62,121.62,121.62,121.62,121.62,121.62,121.62,121.62,121.62,121.62,121.62,121.62,121.62,121.62,121.62,121.62,121.62,121.62,121.62,121.62,121.62,121.62,121.62,121.62
122.42,122.42,122.42,122.42,122.42,122.42,122.42,122.42,122.42,122.42,122.42,122.42,122.42,122.42,122.42,122.42,122.42,122.42,122.42,122.42,122.42,122.42,122.42,122.42,122.42,122.42,122.42,122.42,122.42
123.23,123.23,123.23,123.23,123.23,123.23,123.23,123.23,123.23,123.23,123.23,123.23,123.23,123.23,123.23,123.23,123.23,123.23,123.23,123.23,123.23,123.23,123.23,123.23,123.23,123.23,123.23,123.23,123.23
124.03,124.03,124.03,124.03,124.03,124.03,124.03,124.03,124.03,124.03,124.03,124.03,124.03,124.03,124.03,124.03,124.03,124.03,124.03,124.03,124.03,124.03,124.03,124.03,124.03,124.03,124.03,124.03,124.03
124.84,124.84,124.84,124.84,124.84,124.84,124.84,124.84,124.84,124.84,124.84,124.84,124.84,124.84,124.84,124.84,124.84,124.84,124.84,124.84,124.84,124.84,124.84,124.84,124.84,124.84,124.84,124.84,124.84
125.64,125.64,125.64,125.64,125.64,125.64,125.64,125.64,125.64,125.64,125.64,125.64,125.64,125.64,125.64,125.64,125.64,125.64,125.64,125.64,125.64,125.64,125.64,125.64,125.64,125.64,125.64,125.64,125.64
126.44,126.44,126.44,126.44,126.44,126.44,126.44,126.44,126.44,126.44,126.44,126.44,126.44,126.44,126.44,126.44,126.44,126.44,126.44,126.44,126.44,126.44,126.44,126.44,126.44,126.44,126.44,126.44,126.44
127.25,127.25,127.25,127.25,127.25,127.25,127.25,127.25,127.25,127.25,127.25,127.25,127.25,127.25,127.25,127.25,127.25,127.25,127.25,127.25,127.25,127.25,127.25,127.25,127.25,127.25,127.25,127.25,127.25
128.05,128.05,128.05,128.05,128.05,128.05,128.05,128.05,128.05,128.05,128.05,128.05,128.05,128.05,128.05,128.05,128.05,128.05,128.05,128.05,128.05,128.05,128.05,128.05,128.05,128.05,128.05,128.05,128.05
128.86,128.86,128.86,128.86,128.86,128.86,128.86,128.86,128.86,128.86,128.86,128.86,128.86,128.86,128.86,128.86,128.86,128.86,128.86,128.86,128.86,128.86,128.86,128.86,128.86,128.86,128.86,128.86,128.86
129.66,129.66,129.66,129.66,129.66,129.66,129.66,129.66,129.66,129.66,129.66,129.66,129.66,129.66,129.66,129.66,129.66,129.66,129.66,129.66,129.66,129.66,129.66,129.66,129.66,129.66,129.66,129.66,129.66
130.47,130.47,130.47,130.47,130.47,130.47,130.47,130.47,130.47,130.47,130.47,130.47,130.47,130.47,130.47,130.47,130.47,130.47,130.47,130.47,130.47,130.47,130.47,130.47,130.47,130.47,130.47,130.47,130.47
131.27,131.27,131.27,131.27,131.27,131.27,131.27,131.27,131.27,131.27,131.27,131.27,131.27,131.27,131.27,131.27,131.27,131.27,131.27,131.27,131.27,131.27,131.27,131.27,131.27,131.27,131.27,131.27,131.27
132.07,132.07,132.07,132.07,132.07,132.07,132.07,132.07,132.07,132.07,132.07,132.07,132.07,132.07,132.07,132.07,132.07,132.07,132.07,132.07,132.07,132.07,132.07,132.07,132.07,132.07,132.07,132.07,132.07
132.88,132.88,132.88,132.88,132.88,132.88,132.88,132.88,132.88,132.88,132.88,132.88,132.88,132.88,132.88,132.88,132.88,132.88,132.88,132.88,132.88,132.88,132.88,132.88,132.88,132.88,132.88,132.88,132.88
133.68,133.68,133.68,133.68,133.68,133.68,133.68,133.68,133.68,133.68,133.68,133.68,133.68,133.68,133.68,133.68,133.68,133.68,133.68,133.68,133.68,133.68,133.68,133.68,133.68,133.68,133.68,133.68,133.68
134.49,134.49,134.49,134.49,134.49,134.49,134.49,134.49,134.49,134.49,134.49,134.49,134.49,134.49,134.49,134.49,134.49,134.49,134.49,134.49,134.49,134.49,134.49,134.49,134.49,134.49,134.49,134.49,134.49
135.29,135.29,135.29,135.29,135.29,135.29,135.29,135.29,135.29,135.29,135.29,135.29,135.29,135.29,135.29,135.29,135.29,135.29,135.29,135.29,135.29,135.29,135.29,135.29,135.29,135.29,135.29,135.29,135.29
136.1,136.1,136.1,136.1,136.1,136.1,136.1,136.1,136.1,136.1,136.1,136.1,136.1,136.1,136.1,136.1,136.1,136.1,136.1,136.1,136.1,136.1,136.1,136.1,136.1,136.1,136.1,136.1,136.1
136.9,136.9,136.9,136.9,136.9,136.9,136.9,136.9,136.9,136.9,136.9,136.9,136.9,136.9,136.9,136.9,136.9,136.9,136.9,136.9,136.9,136.9,136.9,136.9,136.9,136.9,136.9,136.9,136.9
137.71,137.71,137.71,137.71,137.71,137.71,137.71,137.71,137.71,137.71,137.71,137.71,137.71,137.71,137.71,137.71,137.71,137.71,137.71,137.71,137.71,137.71,137.71,137.71,137.71,137.71,137.71,137.71,137.71
138.51,138.51,138.51,138.51,138.51,138.51,138.51,138.51,138.51,138.51,138.51,138.51,138.51,138.51,138.51,138.51,138.51,138.51,138.51,138.51,138.51,138.51,138.51,138.51,138.51,138.51,138.51,138.51,138.51
139.31,139.31,139.31,139.31,139.31,139.31,139.31,139.31,139.31,139.31,139.31,139.31,139.31,139.31,139.31,139.31,139.31,139.31,139.31,139.31,139.31,139.31,139.31,139.31,139.31,139.31,139.31,139.31,139.31
140.12,140.12,140.12,140.12,140.12,140.12,140.12,140.12,140.12,140.12,140.12,140.12,140.12,140.12,140.12,140.12,140.12,140.12,140.12,140.12,140.12,140.12,140.12,140.12,140.12,140.12,140.12,140.12,140.12
140.92,140.92,140.92,140.92,140.92,140.92,140.92,140.92,140.92,140.92,140.92,140.92,140.92,140.92,140.92,140.92,140.92,140.92,140.92,140.92,140.92,140.92,140.92,140.92,140.92,140.92,140.92,140.92,140.92
141.73,141.73,141.73,141.73,141.73,141.73,141.73,141.73,141.73,141.73,141.73,141.73,141.73,141.73,141.73,141.73,141.73,141.73,141.73,141.73,141.73,141.73,141.73,141.73,141.73,141.73,141.73,141.73,141.73
142.53,142.53,142.53,142.53,142.53,142.53,142.53,142.53,142.53,142.53,142.53,142.53,142.53,142.53,142.53,142.53,142.53,142.53,142.53,142.53,142.53,142.53,142.53,142.53,142.53,142.53,142.53,142.53,142.53
143.34,143.34,143.34,143.34,143.34,143.34,143.34,143.34,143.34,143.34,143.34,143.34,143.34,143.34,143.34,143.34,143.34,143.34,143.34,143.34,143.34,143.34,143.34,143.34,143.34,143.34,143.34,143.34,143.34
144.14,144.14,144.14,144.14,144.14,144.14,144.14,144.14,144.14,144.14,144.14,144.14,144.14,144.14,144.14,144.14,144.14,144.14,144.14,144.14,144.14,144.14,144.14,144.14,144.14,144.14,144.14,144.14,144.14
144.94,144.94,144.94,144.94,144.94,144.94,144.94,144.94,144.94,144.94,144.94,144.94,144.94,144.94,144.94,144.94,144.94,144.94,144.94,144.94,144.94,144.94,144.94,144.94,144.94,144.94,144.94,144.94,144.94
145.75,145.75,145.75,145.75,145.75,145.75,145.75,145.75,145.75,145.75,145.75,145.75,145.75,145.75,145.75,145.75,145.75,145.75,145.75,145.75,145.75,145.75,145.75,145.75,145.75,145.75,145.75,145.75,145.75
146.55,146.55,146.55,146.55,146.55,146.55,146.55,146.55,146.55,146.55,146.55,146.55,146.55,146.55,146.55,146.55,146.55,146.55,146.55,146.55,146.55,146.55,146.55,146.55,146.55,146.55,146.55,146.55,146.55
147.36,147.36,147.36,147.36,147.36,147.36,147.36,147.36,147.36,147.36,147.36,147.36,147.36,147.36,147.36,147.36,147.36,147.36,147.36,147.36,147.36,147.36,147.36,147.36,147.36,147.36,147.36,147.36,147.36
148.16,148.16,148.16,148.16,148.16,148.16,148.16,148.16,148.16,148.16,148.16,148.16,148.16,148.16,148.16,148.16,148.16,148.16,148.16,148.16,148.16,148.16,148.16,148.16,148.16,148.16,148.16,148.16,148.16
148.97,148.97,148.97,148.97,148.97,148.97,148.97,148.97,148.97,148.97,148.97,148.97,148.97,148.97,148.97,148.97,148.97,148.97,148.97,148.97,148.97,148.97,148.97,148.97,148.97,148.97,148.97,148.97,148.97
149.77,149.77,149.77,149.77,149.77,149.77,149.77,149.77,149.77,149.77,149.77,149.77,149.77,149.77,149.77,149.77,149.77,149.77,149.77,149.77,149.77,149.77,149.77,149.77,149.77,149.77,149.77,149.77,149.77
150.58,150.58,150.58,150.58,150.58,150.58,150.58,150.58,150.58,150.58,150.58,150.58,150.58,150.58,150.58,150.58,150.58,150.58,150.58,150.58,150.58,150.58,150.58,150.58,150.58,150.58,150.58,150.58,150.58
151.38,151.38,151.38,151.38,151.38,151.38,151.38,151.38,151.38,151.38,151.38,151.38,151.38,151.38,151.38,151.38,151.38,151.38,151.38,151.38,151.38,151.38,151.38,151.38,151.38,151.38,151.38,151.38,151.38
152.18,152.18,152.18,152.18,152.18,152.18,152.18,152.18,152.18,152.18,152.18,152.18,152.18,152.18,152.18,152.18,152.18,152.18,152.18,152.18,152.18,152.18,152.18,152.18,152.18,152.18,152.18,152.18,152.18
152.99,152.99,152.99,152.99,152.99,152.99,152.99,152.99,152.99,152.99,152.99,152.99,152.99,152.99,152.99,152.99,152.99,152.99,152.99,152.99,152.99,152.99,152.99,152.99,152.99,152.99,152.99,152.99,152.99
153.79,153.79,153.79,153.79,153.79,153.79,153.79,153.79,153.79,153.79,153.79,153.79,153.79,153.79,153.79,153.79,153.79,153.79,153.79,153.79,153.79,153.79,153.79,153.79,153.79,153.79,153.79,153.79,153.79
154.6,154.6,154.6,154.6,154.6,154.6,154.6,154.6,154.6,154.6,154.6,154.6,154.6,154.6,154.6,154.6,154.6,154.6,154.6,154.6,154.6,154.6,154.6,154.6,154.6,154.6,154.6,154.6,154.6
155.4,155.4,155.4,155.4,155.4,155.4,155.4,155.4,155.4,155.4,155.4,155.4,155.4,155.4,155.4,155.4,155.4,155.4,155.4,155.4,155.4,155.4,155.4,155.4,155.4,155.4,155.4,155.4,155.4
156.21,156.21,156.21,156.21,156.21,156.21,156.21,156.21,156.21,156.21,156.21,156.21,156.21,156.21,156.21,156.21,156.21,156.21,156.21,156.21,156.21,156.21,156.21,156.21,156.21,156.21,156.21,156.21,156.21
157.01,157.01,157.01,157.01,157.01,157.01,157.01,157.01,157.01,157.01,157.01,157.01,157.01,157.01,157.01,157.01,157.01,157.01,157.01,157.01,157.01,157.01,157.01,157.01,157.01,157.01,157.01,157.01,157.01
157.81,157.81,157.81,157.81,157.81,157.81,157.81,157.81,157.81,157.81,157.81,157.81,157.81,157.81,157.81,157.81,157.81,157.81,157.81,157.81,157.81,157.81,157.81,157.81,157.81,157.81,157.81,157.81,157.81
158.62,158.62,158.62,158.62,158.62,158.62,158.62,158.62,158.62,158.62,158.62,158.62,158.62,158.62,158.62,158.62,158.62,158.62,158.62,158.62,158.62,158.62,158.62,158.62,158.62,158.62,158.62,158.62,158.62
159.42,159.42,159.42,159.42,159.42,159.42,159.42,159.42,159.42,159.42,159.42,159.42,159.42,159.42,159.42,159.42,159.42,159.42,159.42,159.42,159.42,159.42,159.42,159.42,159.42,159.42,159.42,159.42,159.42
160.23,160.23,160.23,160.23,160.23,160.23,160.23,160.23,160.23,160.23,160.23,160.23,160.23,160.23,160.23,160.23,160.23,160.23,160.23,160.23,160.23,160.23,160.23,160.23,160.23,160.23,160.23,160.23,160.23
161.03,161.03,161.03,161.03,161.03,161.03,161.03,161.03,161.03,161.03,161.03,161.03,161.03,161.03,161.03,161.03,161.03,161.03,161.03,161.03,161.03,161.03,161.03,161.03,161.03,161.03,161.03,161.03,161.03
161.84,161.84,161.84,161.84,161.84,161.84,161.84,161.84,161.84,161.84,161.84,161.84,161.84,161.84,161.84,161.84,161.84,161.84,161.84,161.84,161.84,161.84,161.84,161.84,161.84,161.84,161.84,161.84,161.84
162.64,162.64,162.64,162.64,162.64,162.64,162.64,162.64,162.64,162.64,162.64,162.64,162.64,162.64,162.64,162.64,162.64,162.64,162.64,162.64,162.64,162.64,162.64,162.64,162.64,162.64,162.64,162.64,162.64
163.45,163.45,163.45,163.45,163.45,163.45,163.45,163.45,163.45,163.45,163.45,163.45,163.45,163.45,163.45,163.45,163.45,163.45,163.45,163.45,163.45,163.45,163.45,163.45,163.45,163.45,163.45,163.45,163.45
164.25,164.25,164.25,164.25,164.25,164.25,164.25,164.25,164.25,164.25,164.25,164.25,164.25,164.25,164.25,164.25,164.25,164.25,164.25,164.25,164.25,164.25,164.25,164.25,164.25,164.25,164.25,164.25,164.25
165.05,165.05,165.05,165.05,165.05,165.05,165.05,165.05,165.05,165.05,165.05,165.05,165.05,165.05,165.05,165.05,165.05,165.05,165.05,165.05,165.05,165.05,165.05,165.05,165.05,165.05,165.05,165.05,165.05
165.86,165.86,165.86,165.86,165.86,165.86,165.86,165.86,165.86,165.86,165.86,165.86,165.86,165.86,165.86,165.86,165.86,165.86,165.86,165.86,165.86,165.86,165.86,165.86,165.86,165.86,165.86,165.86,165.86
166.66,166.66,166.66,166.66,166.66,166.66,166.66,166.66,166.66,166.66,166.66,166.66,166.66,166.66,166.66,166.66,166.66,166.66,166.66,166.66,166.66,166.66,166.66,166.66,166.66,166.66,166.66,166.66,166.66
167.47,167.47,167.47,167.47,167.47,167.47,167.47,167.47,167.47,167.47,167.47,167.47,167.47,167.47,167.47,167.47,167.47,167.47,167.47,167.47,167.47,167.47,167.47,167.47,167.47,167.47,167.47,167.47,167.47
168.27,168.27,168.27,168.27,168.27,168.27,168.27,168.27,168.27,168.27,168.27,168.27,168.27,168.27,168.27,168.27,168.27,168.27,168.27,168.27,168.27,168.27,168.27,168.27,168.27,168.27,168.27,168.27,168.27
169.08,169.08,169.08,169.08,169.08,169.08,169.08,169.08,169.08,169.08,169.08,169.08,169.08,169.08,169.08,169.08,169.08,169.08,169.08,169.08,169.08,169.08,169.08,169.08,169.08,169.08,169.08,169.08,169.08
169.88,169.88,169.88,169.88,169.88,169.88,169.88,169.88,169.88,169.88,169.88,169.88,169.88,169.88,169.88,169.88,169.88,169.88,169.88,169.88,169.88,169.88,169.88,169.88,169.88,169.88,169.88,169.88,169.88
170.68,170.68,170.68,170.68,170.68,170.68,170.68,170.68,170.68,170.68,170.68,170.68,170.68,170.68,170.68,170.68,170.68,170.68,170.68,170.68,170.68,170.68,170.68,170.68,170.68,170.68,170.68,170.68,170.68
171.49,171.49,171.49,171.49,171.49,171.49,171.49,171.49,171.49,171.49,171.49,171.49,171.49,171.49,171.49,171.49,171.49,171.49,171.49,171.49,171.49,171.49,171.49,171.49,171.49,171.49,171.49,171.49,171.49
172.29,172.29,172.29,172.29,172.29,172.29,172.29,172.29,172.29,172.29,172.29,172.29,172.29,172.29,172.29,172.29,172.29,172.29,172.29,172.29,172.29,172.29,172.29,172.29,172.29,172.29,172.29,172.29,172.29
173.1,173.1,173.1,173.1,173.1,173.1,173.1,173.1,173.1,173.1,173.1,173.1,173.1,173.1,173.1,173.1,173.1,173.1,173.1,173.1,173.1,173.1,173.1,173.1,173.1,173.1,173.1,173.1,173.1
173.9,173.9,173.9,173.9,173.9,173.9,173.9,173.9,173.9,173.9,173.9,173.9,173.9,173.9,173.9,173.9,173.9,173.9,173.9,173.9,173.9,173.9,173.9,173.9,173.9,173.9,173.9,173.9,173.9
174.71,174.71,174.71,174.71,174.71,174.71,174.71,174.71,174.71,174.71,174.71,174.71,174.71,174.71,174.71,174.71,174.71,174.71,174.71,174.71,174.71,174.71,174.71,174.71,174.71,174.71,174.71,174.71,174.71
175.51,175.51,175.51,175.51,175.51,175.51,175.51,175.51,175.51,175.51,175.51,175.51,175.51,175.51,175.51,175.51,175.51,175.51,175.51,175.51,175.51,175.51,175.51,175.51,175.51,175.51,175.51,175.51,175.51
176.32,176.32,176.32,176.32,176.32,176.32,176.32,176.32,176.32,176.32,176.32,176.32,176.32,176.32,176.32,176.32,176.32,176.32,176.32,176.32,176.32,176.32,176.32,176.32,176.32,176.32,176.32,176.32,176.32
177.12,177.12,177.12,177.12,177.12,177.12,177.12,177.12,177.12,177.12,177.12,177.12,177.12,177.12,177.12,177.12,177.12,177.12,177.12,177.12,177.12,177.12,177.12,177.12,177.12,177.12,177.12,177.12,177.12
177.92,177.92,177.92,177.92,177.92,177.92,177.92,177.92,177.92,177.92,177.92,177.92,177.92,177.92,177.92,177.92,177.92,177.92,177.92,177.92,177.92,177.92,177.92,177.92,177.92,177.92,177.92,177.92,177.92
178.73,178.73,178.73,178.73,178.73,178.73,178.73,178.73,178.73,178.73,178.73,178.73,178.73,178.73,178.73,178.73,178.73,178.73,178.73,178.73,178.73,178.73,178.73,178.73,178.73,178.73,178.73,178.73,178.73
179.53,179.53,179.53,179.53,179.53,179.53,179.53,179.53,179.53,179.53,179.53,179.53,179.53,179.53,179.53,179.53,179.53,179.53,179.53,179.53,179.53,179.53,179.53,179.53,179.53,179.53,179.53,179.53,179.53
180.34,180.34,180.34,180.34,180.34,180.34,180.34,180.34,180.34,180.34,180.34,180.34,180.34,180.34,180.34,180.34,180.34,180.34,180.34,180.34,180.34,180.34,180.34,180.34,180.34,180.34,180.34,180.34,180.34
181.14,181.14,181.14,181.14,181.14,181.14,181.14,181.14,181.14,181.14,181.14,181.14,181.14,181.14,181.14,181.14,181.14,181.14,181.14,181.14,181.14,181.14,181.14,181.14,181.14,181.14,181.14,181.14,181.14
181.95,181.95,181.95,181.95,181.95,181.95,181.95,181.95,181.95,181.95,181.95,181.95,181.95,181.95,181.95,181.95,181.95,181.95,181.95,181.95,181.95,181.95,181.95,181.95,181.95,181.95,181.95,181.95,181.95
182.75,182.75,182.75,182.75,182.75,182.75,182.75,182.75,182.75,182.75,182.75,182.75,182.75,182.75,182.75,182.75,182.75,182.75,182.75,182.75,182.75,182.75,182.75,182.75,182.75,182.75,182.75,182.75,182.75
183.55,183.55,183.55,183.55,183.55,183.55,183.55,183.55,183.55,183.55,183.55,183.55,183.55,183.55,183.55,183.55,183.55,183.55,183.55,183.55,183.55,183.55,183.55,183.55,183.55,183.55,183.55,183.55,183.55
184.36,184.36,184.36,184.36,184.36,184.36,184.36,184.36,184.36,184.36,184.36,184.36,184.36,184.36,184.36,184.36,184.36,184.36,184.36,184.36,184.36,184.36,184.36,184.36,184.36,184.36,184.36,184.36,184.36
185.16,185.16,185.16,185.16,185.16,185.16,185.16,185.16,185.16,185.16,185.16,185.16,185.16,185.16,185.16,185.16,185.16,185.16,185.16,185.16,185.16,185.16,185.16,185.16,185.16,185.16,185.16,185.16,185.16
185.97,185.97,185.97,185.97,185.97,185.97,185.97,185.97,185.97,185.97,185.97,185.97,185.97,185.97,185.97,185.97,185.97,185.97,185.97,185.97,185.97,185.97,185.97,185.97,185.97,185.97,185.97,185.97,185.97
186.77,186.77,186.77,186.77,186.77,186.77,186.77,186.77,186.77,186.77,186.77,186.77,186.77,186.77,186.77,186.77,186.77,186.77,186.77,186.77,186.77,186.77,186.77,186.77,186.77,186.77,186.77,186.77,186.77
187.58,187.58,187.58,187.58,187.58,187.58,187.58,187.58,187.58,187.58,187.58,187.58,187.58,187.58,187.58,187.58,187.58,187.58,187.58,187.58,187.58,187.58,187.58,187.58,187.58,187.58,187.58,187.58,187.58
188.38,188.38,188.38,188.38,188.38,188.38,188.38,188.38,188.38,188.38,188.38,188.38,188.38,188.38,188.38,188.38,188.38,188.38,188.38,188.38,188.38,188.38,188.38,188.38,188.38,188.38,188.38,188.38,188.38
189.19,189.19,189.19,189.19,189.19,189.19,189.19,189.19,189.19,189.19,189.19,189.19,189.19,189.19,189.19,189.19,189.19,189.19,189.19,189.19,189.19,189.19,189.19,189.19,189.19,189.19,189.19,189.19,189.19
189.99,189.99,189.99,189.99,189.99,189.99,189.99,189.99,189.99,189.99,189.99,189.99,189.99,189.99,189.99,189.99,189.99,189.99,189.99,189.99,189.99,189.99,189.99,189.99,189.99,189.99,189.99,189.99,189.99
190.79,190.79,190.79,190.79,190.79,190.79,190.79,190.79,190.79,190.79,190.79,190.79,190.79,190.79,190.79,190.79,190.79,190.79,190.79,190.79,190.79,190.79,190.79,190.79,190.79,190.79,190.79,190.79,190.79
191.6,191.6,191.6,191.6,191.6,191.6,191.6,191.6,191.6,191.6,191.6,191.6,191.6,191.6,191.6,191.6,191.6,191.6,191.6,191.6,191.6,191.6,191.6,191.6,191.6,191.6,191.6,191.6,191.6
192.4,192.4,192.4,192.4,192.4,192.4,192.4,192.4,192.4,192.4,192.4,192.4,192.4,192.4,192.4,192.4,192.4,192.4,192.4,192.4,192.4,192.4,192.4,192.4,192.4,192.4,192.4,192.4,192.4
193.21,193.21,193.21,193.21,193.21,193.21,193.21,193.21,193.21,193.21,193.21,193.21,193.21,193.21,193.21,193.21,193.21,193.21,193.21,193.21,193.21,193.21,193.21,193.21,193.21,193.21,193.21,193.21,193.21
194.01,194.01,194.01,194.01,194.01,194.01,194.01,194.01,194.01,194.01,194.01,194.01,194.01,194.01,194.01,194.01,194.01,194.01,194.01,194.01,194.01,194.01,194.01,194.01,194.01,194.01,194.01,194.01,194.01
194.82,194.82,194.82,194.82,194.82,194.82,194.82,194.82,194.82,194.82,194.82,194.82,194.82,194.82,194.82,194.82,194.82,194.82,194.82,194.82,194.82,194.82,194.82,194.82,194.82,194.82,194.82,194.82,194.82
195.62,195.62,195.62,195.62,195.62,195.62,195.62,195.62,195.62,195.62,195.62,195.62,195.62,195.62,195.62,195.62,195.62,195.62,195.62,195.62,195.62,195.62,195.62,195.62,195.62,195.62,195.62,195.62,195.62
196.42,196.42,196.42,196.42,196.42,196.42,196.42,196.42,196.42,196.42,196.42,196.42,196.42,196.42,196.42,196.42,196.42,196.42,196.42,196.42,196.42,196.42,196.42,196.42,196.42,196.42,196.42,196.42,196.42
197.23,197.23,197.23,197.23,197.23,197.23,197.23,197.23,197.23,197.23,197.23,197.23,197.23,197.23,197.23,197.23,197.23,197.23,197.23,197.23,197.23,197.23,197.23,197.23,197.23,197.23,197.23,197.23,197.23
198.03,198.03,198.03,198.03,198.03,198.03,198.03,198.03,198.03,198.03,198.03,198.03,198.03,198.03,198.03,198.03,198.03,198.03,198.03,198.03,198.03,198.03,198.03,198.03,198.03,198.03,198.03,198.03,198.03
198.84,198.84,198.84,198.84,198.84,198.84,198.84,198.84,198.84,198.84,198.84,198.84,198.84,198.84,198.84,198.84,198.84,198.84,198.84,198.84,198.84,198.84,198.84,198.84,198.84,198.84,198.84,198.84,198.84
199.64,199.64,199.64,199.64,199.64,199.64,199.64,199.64,199.64,199.64,199.64,199.64,199.64,199.64,199.64,199.64,199.64,199.64,199.64,199.64,199.64,199.64,199.64,199.64,199.64,199.64,199.64,199.64,199.64
200.45,200.45,200.45,200.45,200.45,200.45,200.45,200.45,200.45,200.45,200.45,200.45,200.45,200.45,200.45,200.45,200.45,200.45,200.45,200.45,200.45,200.45,200.45,200.45,200.45,200.45,200.45,200.45,200.45
201.25,201.25,201.25,201.25,201.25,201.25,201.25,201.25,201.25,201.25,201.25,201.25,201.25,201.25,201.25,201.25,201.25,201.25,201.25,201.25,201.25,201.25,201.25,201.25,201.25,201.25,201.25,201.25,201.25
202.06,202.06,202.06,202.06,202.06,202.06,202.06,202.06,202.06,202.06,202.06,202.06,202.06,202.06,202.06,202.06,202.06,202.06,202.06,202.06,202.06,202.06,202.06,202.06,202.06,202.06,202.06,202.06,202.06
202.86,202.86,202.86,202.86,202.86,202.86,202.86,202.86,202.86,202.86,202.86,202.86,202.86,202.86,202.86,202.86,202.86,202.86,202.86,202.86,202.86,202.86,202.86,202.86,202.86,202.86,202.86,202.86,202.86
203.66,203.66,203.66,203.66,203.66,203.66,203.66,203.66,203.66,203.66,203.66,203.66,203.66,203.66,203.66,203.66,203.66,203.66,203.66,203.66,203.66,203.66,203.66,203.66,203.66,203.66,203.66,203.66,203.66
204.47,204.47,204.47,204.47,204.47,204.47,204.47,204.47,204.47,204.47,204.47,204.47,204.47,204.47,204.47,204.47,204.47,204.47,204.47,204.47,204.47,204.47,204.47,204.47,204.47,204.47,204.47,204.47,204.47
205.27,205.27,205.27,205.27,205.27,205.27,205.27,205.27,205.27,205.27,205.27,205.27,205.27,205.27,205.27,205.27,205.27,205.27,205.27,205.27,205.27,205.27,205.27,205.27,205.27,205.27,205.27,205.27,205.27
206.08,206.08,206.08,206.08,206.08,206.08,206.08,206.08,206.08,206.08,206.08,206.08,206.08,206.08,206.08,206.08,206.08,206.08,206.08,206.08,206.08,206.08,206.08,206.08,206.08,206.08,206.08,206.08,206.08
206.88,206.88,206.88,206.88,206.88,206.88,206.88,206.88,206.88,206.88,206.88,206.88,206.88,206.88,206.88,206.88,206.88,206.88,206.88,206.88,206.88,206.88,206.88,206.88,206.88,206.88,206.88,206.88,206.88
207.69,207.69,207.69,207.69,207.69,207.69,207.69,207.69,207.69,207.69,207.69,207.69,207.69,207.69,207.69,207.69,207.69,207.69,207.69,207.69,207.69,207.69,207.69,207.69,207.69,207.69,207.69,207.69,207.69
208.49,208.49,208.49,208.49,208.49,208.49,208.49,208.49,208.49,208.49,208.49,208.49,208.49,208.49,208.49,208.49,208.49,208.49,208.49,208.49,208.49,208.49,208.49,208.49,208.49,208.49,208.49,208.49,208.49
209.29,209.29,209.29,209.29,209.29,209.29,209.29,209.29,209.29,209.29,209.29,209.29,209.29,209.29,209.29,209.29,209.29,209.29,209.29,209.29,209.29,209.29,209.29,209.29,209.29,209.29,209.29,209.29,209.29
210.1,210.1,210.1,210.1,210.1,210.1,210.1,210.1,210.1,210.1,210.1,210.1,210.1,210.1,210.1,210.1,210.1,210.1,210.1,210.1,210.1,210.1,210.1,210.1,210.1,210.1,210.1,210.1,210.1
210.9,210.9,210.9,210.9,210.9,210.9,210.9,210.9,210.9,210.9,210.9,210.9,210.9,210.9,210.9,210.9,210.9,210.9,210.9,210.9,210.9,210.9,210.9,210.9,210.9,210.9,210.9,210.9,210.9
211.71,211.71,211.71,211.71,211.71,211.71,211.71,211.71,211.71,211.71,211.71,211.71,211.71,211.71,211.71,211.71,211.71,211.71,211.71,211.71,211.71,211.71,211.71,211.71,211.71,211.71,211.71,211.71,211.71
212.51,212.51,212.51,212.51,212.51,212.51,212.51,212.51,212.51,212.51,212.51,212.51,212.51,212.51,212.51,212.51,212.51,212.51,212.51,212.51,212.51,212.51,212.51,212.51,212.51,212.51,212.51,212.51,212.51
213.32,213.32,213.32,213.32,213.32,213.32,213.32,213.32,213.32,213.32,213.32,213.32,213.32,213.32,213.32,213.32,213.32,213.32,213.32,213.32,213.32,213.32,213.32,213.32,213.32,213.32,213.32,213.32,213.32
214.12,214.12,214.12,214.12,214.12,214.12,214.12,214.12,214.12,214.12,214.12,214.12,214.12,214.12,214.12,214.12,214.12,214.12,214.12,214.12,214.12,214.12,214.12,214.12,214.12,214.12,214.12,214.12,214.12
214.93,214.93,214.93,214.93,214.93,214.93,214.93,214.93,214.93,214.93,214.93,214.93,214.93,214.93,214.93,214.93,214.93,214.93,214.93,214.93,214.93,214.93,214.93,214.93,214.93,214.93,214.93,214.93,214.93
215.73,215.73,215.73,215.73,215.73,215.73,215.73,215.73,215.73,215.73,215.73,215.73,215.73,215.73,215.73,215.73,215.73,215.73,215.73,215.73,215.73,215.73,215.73,215.73,215.73,215.73,215.73,215.73,215.73
216.53,216.53,216.53,216.53,216.53,216.53,216.53,216.53,216.53,216.53,216.53,216.53,216.53,216.53,216.53,216.53,216.53,216.53,216.53,216.53,216.53,216.53,216.53,216.53,216.53,216.53,216.53,216.53,216.53
217.34,217.34,217.34,217.34,217.34,217.34,217.34,217.34,217.34,217.34,217.34,217.34,217.34,217.34,217.34,217.34,217.34,217.34,217.34,217.34,217.34,217.34,217.34,217.34,217.34,217.34,217.34,217.34,217.34
218.14,218.14,218.14,218.14,218.14,218.14,218.14,218.14,218.14,218.14,218.14,218.14,218.14,218.14,218.14,218.14,218.14,218.14,218.14,218.14,218.14,218.14,218.14,218.14,218.14,218.14,218.14,218.14,218.14
218.95,218.95,218.95,218.95,218.95,218.95,218.95,218.95,218.95,218.95,218.95,218.95,218.95,218.95,218.95,218.95,218.95,218.95,218.95,218.95,218.95,218.95,218.95,218.95,218.95,218.95,218.95,218.95,218.95
219.75,219.75,219.75,219.75,219.75,219.75,219.75,219.75,219.75,219.75,219.75,219.75,219.75,219.75,219.75,219.75,219.75,219.75,219.75,219.75,219.75,219.75,219.75,219.75,219.75,219.75,219.75,219.75,219.75
220.56,220.56,220.56,220.56,220.56,220.56,220.56,220.56,220.56,220.56,220.56,220.56,220.56,220.56,220.56,220.56,220.56,220.56,220.56,220.56,220.56,220.56,220.56,220.56,220.56,220.56,220.56,220.56,220.56
221.36,221.36,221.36,221.36,221.36,221.36,221.36,221.36,221.36,221.36,221.36,221.36,221.36,221.36,221.36,221.36,221.36,221.36,221.36,221.36,221.36,221.36,221.36,221.36,221.36,221.36,221.36,221.36,221.36
222.16,222.16,222.16,222.16,222.16,222.16,222.16,222.16,222.16,222.16,222.16,222.16,222.16,222.16,222.16,222.16,222.16,222.16,222.16,222.16,222.16,222.16,222.16,222.16,222.16,222.16,222.16,222.16,222.16
222.97,222.97,222.97,222.97,222.97,222.97,222.97,222.97,222.97,222.97,222.97,222.97,222.97,222.97,222.97,222.97,222.97,222.97,222.97,222.97,222.97,222.97,222.97,222.97,222.97,222.97,222.97,222.97,222.97
223.77,223.77,223.77,223.77,223.77,223.77,223.77,223.77,223.77,223.77,223.77,223.77,223.77,223.77,223.77,223.77,223.77,223.77,223.77,223.77,223.77,223.77,223.77,223.77,223.77,223.77,223.77,223.77,223.77
224.58,224.58,224.58,224.58,224.58,224.58,224.58,224.58,224.58,224.58,224.58,224.58,224.58,224.58,224.58,224.58,224.58,224.58,224.58,224.58,224.58,224.58,224.58,224.58,224.58,224.58,224.58,224.58,224.58
225.38,225.38,225.38,225.38,225.38,225.38,225.38,225.38,225.38,225.38,225.38,225.38,225.38,225.38,225.38,225.38,225.38,225.38,225.38,225.38,225.38,225.38,225.38,225.38,225.38,225.38,225.38,225.38,225.38
226.19,226.19,226.19,226.19,226.19,226.19,226.19,226.19,226.19,226.19,226.19,226.19,226.19,226.19,226.19,226.19,226.19,226.19,226.19,226.19,226.19,226.19,226.19,226.19,226.19,226.19,226.19,226.19,226.19
226.99,226.99,226.99,226.99,226.99,226.99,226.99,226.99,226.99,226.99,226.99,226.99,226.99,226.99,226.99,226.99,226.99,226.99,226.99,226.99,226.99,226.99,226.99,226.99,226.99,226.99,226.99,226.99,226.99
227.8,227.8,227.8,227.8,227.8,227.8,227.8,227.8,227.8,227.8,227.8,227.8,227.8,227.8,227.8,227.8,227.8,227.8,227.8,227.8,227.8,227.8,227.8,227.8,227.8,227.8,227.8,227.8,227.8
228.6,228.6,228.6,228.6,228.6,228.6,228.6,228.6,228.6,228.6,228.6,228.6,228.6,228.6,228.6,228.6,228.6,228.6,228.6,228.6,228.6,228.6,228.6,228.6,228.6,228.6,228.6,228.6,228.6
229.4,229.4,229.4,229.4,229.4,229.4,229.4,229.4,229.4,229.4,229.4,229.4,229.4,229.4,229.4,229.4,229.4,229.4,229.4,229.4,229.4,229.4,229.4,229.4,229.4,229.4,229.4,229.4,229.4
230.21,230.21,230.21,230.21,230.21,230.21,230.21,230.21,230.21,230.21,230.21,230.21,230.21,230.21,230.21,230.21,230.21,230.21,230.21,230.21,230.21,230.21,230.21,230.21,230.21,230.21,230.21,230.21,230.21
231.01,231.01,231.01,231.01,231.01,231.01,231.01,231.01,231.01,231.01,231.01,231.01,231.01,231.01,231.01,231.01,231.01,231.01,231.01,231.01,231.01,231.01,231.01,231.01,231.01,231.01,231.01,231.01,231.01
231.82,231.82,231.82,231.82,231.82,231.82,231.82,231.82,231.82,231.82,231.82,231.82,231.82,231.82,231.82,231.82,231.82,231.82,231.82,231.82,231.82,231.82,231.82,231.82,231.82,231.82,231.82,231.82,231.82
232.62,232.62,232.62,232.62,232.62,232.62,232.62,232.62,232.62,232.62,232.62,232.62,232.62,232.62,232.62,232.62,232.62,232.62,232.62,232.62,232.62,232.62,232.62,232.62,232.62,232.62,232.62,232.62,232.62
233.43,233.43,233.43,233.43,233.43,233.43,233.43,233.43,233.43,233.43,233.43,233.43,233.43,233.43,233.43,233.43,233.43,233.43,233.43,233.43,233.43,233.43,233.43,233.43,233.43,233.43,233.43,233.43,233.43
234.23,234.23,234.23,234.23,234.23,234.23,234.23,234.23,234.23,234.23,234.23,234.23,234.23,234.23,234.23,234.23,234.23,234.23,234.23,234.23,234.23,234.23,234.23,234.23,234.23,234.23,234.23,234.23,234.23
235.03,235.03,235.03,235.03,235.03,235.03,235.03,235.03,235.03,235.03,235.03,235.03,235.03,235.03,235.03,235.03,235.03,235.03,235.03,235.03,235.03,235.03,235.03,235.03,235.03,235.03,235.03,235.03,235.03
235.84,235.84,235.84,235.84,235.84,235.84,235.84,235.84,235.84,235.84,235.84,235.84,235.84,235.84,235.84,235.84,235.84,235.84,235.84,235.84,235.84,235.84,235.84,235.84,235.84,235.84,235.84,235.84,235.84
236.64,236.64,236.64,236.64,236.64,236.64,236.64,236.64,236.64,236.64,236.64,236.64,236.64,236.64,236.64,236.64,236.64,236.64,236.64,236.64,236.64,236.64,236.64,236.64,236.64,236.64,236.64,236.64,236.64
237.45,237.45,237.45,237.45,237.45,237.45,237.45,237.45,237.45,237.45,237.45,237.45,237.45,237.45,237.45,237.45,237.45,237.45,237.45,237.45,237.45,237.45,237.45,237.45,237.45,237.45,237.45,237.45,237.45
238.25,238.25,238.25,238.25,238.25,238.25,238.25,238.25,238.25,238.25,238.25,238.25,238.25,238.25,238.25,238.25,238.25,238.25,238.25,238.25,238.25,238.25,238.25,238.25,238.25,238.25,238.25,238.25,238.25
239.06,239.06,239.06,239.06,239.06,239.06,239.06,239.06,239.06,239.06,239.06,239.06,239.06,239.06,239.06,239.06,239.06,239.06,239.06,239.06,239.06,239.06,239.06,239.06,239.06,239.06,239.06,239.06,239.06
239.86,239.86,239.86,239.86,239.86,239.86,239.86,239.86,239.86,239.86,239.86,239.86,239.86,239.86,239.86,239.86,239.86,239.86,239.86,239.86,239.86,239.86,239.86,239.86,239.86,239.86,239.86,239.86,239.86
240.67,240.67,240.67,240.67,240.67,240.67,240.67,240.67,240.67,240.67,240.67,240.67,240.67,240.67,240.67,240.67,240.67,240.67,240.67,240.67,240.67,240.67,240.67,240.67,240.67,240.67,240.67,240.67,240.67
241.47,241.47,241.47,241.47,241.47,241.47,241.47,241.47,241.47,241.47,241.47,241.47,241.47,241.47,241.47,241.47,241.47,241.47,241.47,241.47,241.47,241.47,241.47,241.47,241.47,241.47,241.47,241.47,241.47
242.27,242.27,242.27,242.27,242.27,242.27,242.27,242.27,242.27,242.27,242.27,242.27,242.27,242.27,242.27,242.27,242.27,242.27,242.27,242.27,242.27,242.27,242.27,242.27,242.27,242.27,242.27,242.27,242.27
243.08,243.08,243.08,243.08,243.08,243.08,243.08,243.08,243.08,243.08,243.08,243.08,243.08,243.08,243.08,243.08,243.08,243.08,243.08,243.08,243.08,243.08,243.08,243.08,243.08,243.08,243.08,243.08,243.08
243.88,243.88,243.88,243.88,243.88,243.88,243.88,243.88,243.88,243.88,243.88,243.88,243.88,243.88,243.88,243.88,243.88,243.88,243.88,243.88,243.88,243.88,243.88,243.88,243.88,243.88,243.88,243.88,243.88
244.69,244.69,244.69,244.69,244.69,244.69,244.69,244.69,244.69,244.69,244.69,244.69,244.69,244.69,244.69,244.69,244.69,244.69,244.69,244.69,244.69,244.69,244.69,244.69,244.69,244.69,244.69,244.69,244.69
245.49,245.49,245.49,245.49,245.49,245.49,245.49,245.49,245.49,245.49,245.49,245.49,245.49,245.49,245.49,245.49,245.49,245.49,245.49,245.49,245.49,245.49,245.49,245.49,245.49,245.49,245.49,245.49,245.49
246.3,246.3,246.3,246.3,246.3,246.3,246.3,246.3,246.3,246.3,246.3,246.3,246.3,246.3,246.3,246.3,246.3,246.3,246.3,246.3,246.3,246.3,246.3,246.3,246.3,246.3,246.3,246.3,246.3
247.1,247.1,247.1,247.1,247.1,247.1,247.1,247.1,247.1,247.1,247.1,247.1,247.1,247.1,247.1,247.1,247.1,247.1,247.1,247.1,247.1,247.1,247.1,247.1,247.1,247.1,247.1,247.1,247.1
247.9,247.9,247.9,247.9,247.9,247.9,247.9,247.9,247.9,247.9,247.9,247.9,247.9,247.9,247.9,247.9,247.9,247.9,247.9,247.9,247.9,247.9,247.9,247.9,247.9,247.9,247.9,247.9,247.9
248.71,248.71,248.71,248.71,248.71,248.71,248.71,248.71,248.71,248.71,248.71,248.71,248.71,248.71,248.71,248.71,248.71,248.71,248.71,248.71,248.71,248.71,248.71,248.71,248.71,248.71,248.71,248.71,248.71
249.51,249.51,249.51,249.51,249.51,249.51,249.51,249.51,249.51,249.51,249.51,249.51,249.51,249.51,249.51,249.51,249.51,249.51,249.51,249.51,249.51,249.51,249.51,249.51,249.51,249.51,249.51,249.51,249.51
250.32,250.32,250.32,250.32,250.32,250.32,250.32,250.32,250.32,250.32,250.32,250.32,250.32,250.32,250.32,250.32,250.32,250.32,250.32,250.32,250.32,250.32,250.32,250.32,250.32,250.32,250.32,250.32,250.32
251.12,251.12,251.12,251.12,251.12,251.12,251.12,251.12,251.12,251.12,251.12,251.12,251.12,251.12,251.12,251.12,251.12,251.12,251.12,251.12,251.12,251.12,251.12,251.12,251.12,251.12,251.12,251.12,251.12
251.93,251.93,251.93,251.93,251.93,251.93,251.93,251.93,251.93,251.93,251.93,251.93,251.93,251.93,251.93,251.93,251.93,251.93,251.93,251.93,251.93,251.93,251.93,251.93,251.93,251.93,251.93,251.93,251.93
252.73,252.73,252.73,252.73,252.73,252.73,252.73,252.73,252.73,252.73,252.73,252.73,252.73,252.73,252.73,252.73,252.73,252.73,252.73,252.73,252.73,252.73,252.73,252.73,252.73,252.73,252.73,252.73,252.73
253.53,253.53,253.53,253.53,253.53,253.53,253.53,253.53,253.53,253.53,253.53,253.53,253.53,253.53,253.53,253.53,253.53,253.53,253.53,253.53,253.53,253.53,253.53,253.53,253.53,253.53,253.53,253.53,253.53
254.34,254.34,254.34,254.34,254.34,254.34,254.34,254.34,254.34,254.34,254.34,254.34,254.34,254.34,254.34,254.34,254.34,254.34,254.34,254.34,254.34,254.34,254.34,254.34,254.34,254.34,254.34,254.34,254.34
255.14,255.14,255.14,255.14,255.14,255.14,255.14,255.14,255.14,255.14,255.14,255.14,255.14,255.14,255.14,255.14,255.14,255.14,255.14,255.14,255.14,255.14,255.14,255.14,255.14,255.14,255.14,255.14,255.14
255.95,255.95,255.95,255.95,255.95,255.95,255.95,255.95,255.95,255.95,255.95,255.95,255.95,255.95,255.95,255.95,255.95,255.95,255.95,255.95,255.95,255.95,255.95,255.95,255.95,255.95,255.95,255.95,255.95
256.75,256.75,256.75,256.75,256.75,256.75,256.75,256.75,256.75,256.75,256.75,256.75,256.75,256.75,256.75,256.75,256.75,256.75,256.75,256.75,256.75,256.75,256.75,256.75,256.75,256.75,256.75,256.75,256.75
257.56,257.56,257.56,257.56,257.56,257.56,257.56,257.56,257.56,257.56,257.56,257.56,257.56,257.56,257.56,257.56,257.56,257.56,257.56,257.56,257.56,257.56,257.56,257.56,257.56,257.56,257.56,257.56,257.56
258.36,258.36,258.36,258.36,258.36,258.36,258.36,258.36,258.36,258.36,258.36,258.36,258.36,258.36,258.36,258.36,258.36,258.36,258.36,258.36,258.36,258.36,258.36,258.36,258.36,258.36,258.36,258.36,258.36
259.17,259.17,259.17,259.17,259.17,259.17,259.17,259.17,259.17,259.17,259.17,259.17,259.17,259.17,259.17,259.17,259.17,259.17,259.17,259.17,259.17,259.17,259.17,259.17,259.17,259.17,259.17,259.17,259.17
259.97,259.97,259.97,259.97,259.97,259.97,259.97,259.97,259.97,259.97,259.97,259.97,259.97,259.97,259.97,259.97,259.97,259.97,259.97,259.97,259.97,259.97,259.97,259.97,259.97,259.97,259.97,259.97,259.97
260.77,260.77,260.77,260.77,260.77,260.77,260.77,260.77,260.77,260.77,260.77,260.77,260.77,260.77,260.77,260.77,260.77,260.77,260.77,260.77,260.77,260.77,260.77,260.77,260.77,260.77,260.77,260.77,260.77
261.58,261.58,261.58,261.58,261.58,261.58,261.58,261.58,261.58,261.58,261.58,261.58,261.58,261.58,261.58,261.58,261.58,261.58,261.58,261.58,261.58,261.58,261.58,261.58,261.58,261.58,261.58,261.58,261.58
262.38,262.38,262.38,262.38,262.38,262.38,262.38,262.38,262.38,262.38,262.38,262.38,262.38,262.38,262.38,262.38,262.38,262.38,262.38,262.38,262.38,262.38,262.38,262.38,262.38,262.38,262.38,262.38,262.38
263.19,263.19,263.19,263.19,263.19,263.19,263.19,263.19,263.19,263.19,263.19,263.19,263.19,263.19,263.19,263.19,263.19,263.19,263.19,263.19,263.19,263.19,263.19,263.19,263.19,263.19,263.19,263.19,263.19
263.99,263.99,263.99,263.99,263.99,263.99,263.99,263.99,263.99,263.99,263.99,263.99,263.99,263.99,263.99,263.99,263.99,263.99,263.99,263.99,263.99,263.99,263.99,263.99,263.99,263.99,263.99,263.99,263.99
264.8,264.8,264.8,264.8,264.8,264.8,264.8,264.8,264.8,264.8,264.8,264.8,264.8,264.8,264.8,264.8,264.8,264.8,264.8,264.8,264.8,264.8,264.8,264.8,264.8,264.8,264.8,264.8,264.8
265.6,265.6,265.6,265.6,265.6,265.6,265.6,265.6,265.6,265.6,265.6,265.6,265.6,265.6,265.6,265.6,265.6,265.6,265.6,265.6,265.6,265.6,265.6,265.6,265.6,265.6,265.6,265.6,265.6
266.4,266.4,266.4,266.4,266.4,266.4,266.4,266.4,266.4,266.4,266.4,266.4,266.4,266.4,266.4,266.4,266.4,266.4,266.4,266.4,266.4,266.4,266.4,266.4,266.4,266.4,266.4,266.4,266.4
267.21,267.21,267.21,267.21,267.21,267.21,267.21,267.21,267.21,267.21,267.21,267.21,267.21,267.21,267.21,267.21,267.21,267.21,267.21,267.21,267.21,267.21,267.21,267.21,267.21,267.21,267.21,267.21,267.21
268.01,268.01,268.01,268.01,268.01,268.01,268.01,268.01,268.01,268.01,268.01,268.01,268.01,268.01,268.01,268.01,268.01,268.01,268.01,268.01,268.01,268.01,268.01,268.01,268.01,268.01,268.01,268.01,268.01
268.82,268.82,268.82,268.82,268.82,268.82,268.82,268.82,268.82,268.82,268.82,268.82,268.82,268.82,268.82,268.82,268.82,268.82,268.82,268.82,268.82,268.82,268.82,268.82,268.82,268.82,268.82,268.82,268.82
269.62,269.62,269.62,269.62,269.62,269.62,269.62,269.62,269.62,269.62,269.62,269.62,269.62,269.62,269.62,269.62,269.62,269.62,269.62,269.62,269.62,269.62,269.62,269.62,269.62,269.62,269.62,269.62,269.62
270.43,270.43,270.43,270.43,270.43,270.43,270.43,270.43,270.43,270.43,270.43,270.43,270.43,270.43,270.43,270.43,270.43,270.43,270.43,270.43,270.43,270.43,270.43,270.43,270.43,270.43,270.43,270.43,270.43
271.23,271.23,271.23,271.23,271.23,271.23,271.23,271.23,271.23,271.23,271.23,271.23,271.23,271.23,271.23,271.23,271.23,271.23,271.23,271.23,271.23,271.23,271.23,271.23,271.23,271.23,271.23,271.23,271.23
272.04,272.04,272.04,272.04,272.04,272.04,272.04,272.04,272.04,272.04,272.04,272.04,272.04,272.04,272.04,272.04,272.04,272.04,272.04,272.04,272.04,272.04,272.04,272.04,272.04,272.04,272.04,272.04,272.04
272.84,272.84,272.84,272.84,272.84,272.84,272.84,272.84,272.84,272.84,272.84,272.84,272.84,272.84,272.84,272.84,272.84,272.84,272.84,272.84,272.84,272.84,272.84,272.84,272.84,272.84,272.84,272.84,272.84
273.64,273.64,273.64,273.64,273.64,273.64,273.64,273.64,273.64,273.64,273.64,273.64,273.64,273.64,273.64,273.64,273.64,273.64,273.64,273.64,273.64,273.64,273.64,273.64,273.64,273.64,273.64,273.64,273.64
274.45,274.45,274.45,274.45,274.45,274.45,274.45,274.45,274.45,274.45,274.45,274.45,274.45,274.45,274.45,274.45,274.45,274.45,274.45,274.45,274.45,274.45,274.45,274.45,274.45,274.45,274.45,274.45,274.45
275.25,275.25,275.25,275.25,275.25,275.25,275.25,275.25,275.25,275.25,275.25,275.25,275.25,275.25,275.25,275.25,275.25,275.25,275.25,275.25,275.25,275.25,275.25,275.25,275.25,275.25,275.25,275.25,275.25
276.06,276.06,276.06,276.06,276.06,276.06,276.06,276.06,276.06,276.06,276.06,276.06,276.06,276.06,276.06,276.06,276.06,276.06,276.06,276.06,276.06,276.06,276.06,276.06,276.06,276.06,276.06,276.06,276.06
276.86,276.86,276.86,276.86,276.86,276.86,276.86,276.86,276.86,276.86,276.86,276.86,276.86,276.86,276.86,276.86,276.86,276.86,276.86,276.86,276.86,276.86,276.86,276.86,276.86,276.86,276.86,276.86,276.86
277.67,277.67,277.67,277.67,277.67,277.67,277.67,277.67,277.67,277.67,277.67,277.67,277.67,277.67,277.67,277.67,277.67,277.67,277.67,277.67,277.67,277.67,277.67,277.67,277.67,277.67,277.67,277.67,277.67
278.47,278.47,278.47,278.47,278.47,278.47,278.47,278.47,278.47,278.47,278.47,278.47,278.47,278.47,278.47,278.47,278.47,278.47,278.47,278.47,278.47,278.47,278.47,278.47,278.47,278.47,278.47,278.47,278.47
279.27,279.27,279.27,279.27,279.27,279.27,279.27,279.27,279.27,279.27,279.27,279.27,279.27,279.27,279.27,279.27,279.27,279.27,279.27,279.27,279.27,279.27,279.27,279.27,279.27,279.27,279.27,279.27,279.27
280.08,280.08,280.08,280.08,280.08,280.08,280.08,280.08,280.08,280.08,280.08,280.08,280.08,280.08,280.08,280.08,280.08,280.08,280.08,280.08,280.08,280.08,280.08,280.08,280.08,280.08,280.08,280.08,280.08
280.88,280.88,280.88,280.88,280.88,280.88,280.88,280.88,280.88,280.88,280.88,280.88,280.88,280.88,280.88,280.88,280.88,280.88,280.88,280.88,280.88,280.88,280.88,280.88,280.88,280.88,280.88,280.88,280.88
281.69,281.69,281.69,281.69,281.69,281.69,281.69,281.69,281.69,281.69,281.69,281.69,281.69,281.69,281.69,281.69,281.69,281.69,281.69,281.69,281.69,281.69,281.69,281.69,281.69,281.69,281.69,281.69,281.69
282.49,282.49,282.49,282.49,282.49,282.49,282.49,282.49,282.49,282.49,282.49,282.49,282.49,282.49,282.49,282.49,282.49,282.49,282.49,282.49,282.49,282.49,282.49,282.49,282.49,282.49,282.49,282.49,282.49
283.3,283.3,283.3,283.3,283.3,283.3,283.3,283.3,283.3,283.3,283.3,283.3,283.3,283.3,283.3,283.3,283.3,283.3,283.3,283.3,283.3,283.3,283.3,283.3,283.3,283.3,283.3,283.3,283.3
284.1,284.1,284.1,284.1,284.1,284.1,284.1,284.1,284.1,284.1,284.1,284.1,284.1,284.1,284.1,284.1,284.1,284.1,284.1,284.1,284.1,284.1,284.1,284.1,284.1,284.1,284.1,284.1,284.1
284.91,284.91,284.91,284.91,284.91,284.91,284.91,284.91,284.91,284.91,284.91,284.91,284.91,284.91,284.91,284.91,284.91,284.91,284.91,284.91,284.91,284.91,284.91,284.91,284.91,284.91,284.91,284.91,284.91
285.71,285.71,285.71,285.71,285.71,285.71,285.71,285.71,285.71,285.71,285.71,285.71,285.71,285.71,285.71,285.71,285.71,285.71,285.71,285.71,285.71,285.71,285.71,285.71,285.71,285.71,285.71,285.71,285.71
286.51,286.51,286.51,286.51,286.51,286.51,286.51,286.51,286.51,286.51,286.51,286.51,286.51,286.51,286.51,286.51,286.51,286.51,286.51,286.51,286.51,286.51,286.51,286.51,286.51,286.51,286.51,286.51,286.51
287.32,287.32,287.32,287.32,287.32,287.32,287.32,287.32,287.32,287.32,287.32,287.32,287.32,287.32,287.32,287.32,287.32,287.32,287.32,287.32,287.32,287.32,287.32,287.32,287.32,287.32,287.32,287.32,287.32
288.12,288.12,288.12,288.12,288.12,288.12,288.12,288.12,288.12,288.12,288.12,288.12,288.12,288.12,288.12,288.12,288.12,288.12,288.12,288.12,288.12,288.12,288.12,288.12,288.12,288.12,288.12,288.12,288.12
288.93,288.93,288.93,288.93,288.93,288.93,288.93,288.93,288.93,288.93,288.93,288.93,288.93,288.93,288.93,288.93,288.93,288.93,288.93,288.93,288.93,288.93,288.93,288.93,288.93,288.93,288.93,288.93,288.93
289.73,289.73,289.73,289.73,289.73,289.73,289.73,289.73,289.73,289.73,289.73,289.73,289.73,289.73,289.73,289.73,289.73,289.73,289.73,289.73,289.73,289.73,289.73,289.73,289.73,289.73,289.73,289.73,289.73
290.54,290.54,290.54,290.54,290.54,290.54,290.54,290.54,290.54,290.54,290.54,290.54,290.54,290.54,290.54,290.54,290.54,290.54,290.54,290.54,290.54,290.54,290.54,290.54,290.54,290.54,290.54,290.54,290.54
291.34,291.34,291.34,291.34,291.34,291.34,291.34,291.34,291.34,291.34,291.34,291.34,291.34,291.34,291.34,291.34,291.34,291.34,291.34,291.34,291.34,291.34,291.34,291.34,291.34,291.34,291.34,291.34,291.34
292.14,292.14,292.14,292.14,292.14,292.14,292.14,292.14,292.14,292.14,292.14,292.14,292.14,292.14,292.14,292.14,292.14,292.14,292.14,292.14,292.14,292.14,292.14,292.14,292.14,292.14,292.14,292.14,292.14
292.95,292.95,292.95,292.95,292.95,292.95,292.95,292.95,292.95,292.95,292.95,292.95,292.95,292.95,292.95,292.95,292.95,292.95,292.95,292.95,292.95,292.95,292.95,292.95,292.95,292.95,292.95,292.95,292.95
293.75,293.75,293.75,293.75,293.75,293.75,293.75,293.75,293.75,293.75,293.75,293.75,293.75,293.75,293.75,293.75,293.75,293.75,293.75,293.75,293.75,293.75,293.75,293.75,293.75,293.75,293.75,293.75,293.75
294.56,294.56,294.56,294.56,294.56,294.56,294.56,294.56,294.56,294.56,294.56,294.56,294.56,294.56,294.56,294.56,294.56,294.56,294.56,294.56,294.56,294.56,294.56,294.56,294.56,294.56,294.56,294.56,294.56
295.36,295.36,295.36,295.36,295.36,295.36,295.36,295.36,295.36,295.36,295.36,295.36,295.36,295.36,295.36,295.36,295.36,295.36,295.36,295.36,295.36,295.36,295.36,295.36,295.36,295.36,295.36,295.36,295.36
296.17,296.17,296.17,296.17,296.17,296.17,296.17,296.17,296.17,296.17,296.17,296.17,296.17,296.17,296.17,296.17,296.17,296.17,296.17,296.17,296.17,296.17,296.17,296.17,296.17,296.17,296.17,296.17,296.17
296.97,296.97,296.97,296.97,296.97,296.97,296.97,296.97,296.97,296.97,296.97,296.97,296.97,296.97,296.97,296.97,296.97,296.97,296.97,296.97,296.97,296.97,296.97,296.97,296.97,296.97,296.97,296.97,296.97
297.78,297.78,297.78,297.78,297.78,297.78,297.78,297.78,297.78,297.78,297.78,297.78,297.78,297.78,297.78,297.78,297.78,297.78,297.78,297.78,297.78,297.78,297.78,297.78,297.78,297.78,297.78,297.78,297.78
298.58,298.58,298.58,298.58,298.58,298.58,298.58,298.58,298.58,298.58,298.58,298.58,298.58,298.58,298.58,298.58,298.58,298.58,298.58,298.58,298.58,298.58,298.58,298.58,298.58,298.58,298.58,298.58,298.58
299.38,299.38,299.38,299.38,299.38,299.38,299.38,299.38,299.38,299.38,299.38,299.38,299.38,299.38,299.38,299.38,299.38,299.38,299.38,299.38,299.38,299.38,299.38,299.38,299.38,299.38,299.38,299.38,299.38
300.19,300.19,300.19,300.19,300.19,300.19,300.19,300.19,300.19,300.19,300.19,300.19,300.19,300.19,300.19,300.19,300.19,300.19,300.19,300.19,300.19,300.19,300.19,300.19,300.19,300.19,300.19,300.19,300.19
300.99,300.99,300.99,300.99,300.99,300.99,300.99,300.99,300.99,300.99,300.99,300.99,300.99,300.99,300.99,300.99,300.99,300.99,300.99,300.99,300.99,300.99,300.99,300.99,300.99,300.99,300.99,300.99,300.99
301.8,301.8,301.8,301.8,301.8,301.8,301.8,301.8,301.8,301.8,301.8,301.8,301.8,301.8,301.8,301.8,301.8,301.8,301.8,301.8,301.8,301.8,301.8,301.8,301.8,301.8,301.8,301.8,301.8
302.6,302.6,302.6,302.6,302.6,302.6,302.6,302.6,302.6,302.6,302.6,302.6,302.6,302.6,302.6,302.6,302.6,302.6,302.6,302.6,302.6,302.6,302.6,302.6,302.6,302.6,302.6,302.6,302.6
303.41,303.41,303.41,303.41,303.41,303.41,303.41,303.41,303.41,303.41,303.41,303.41,303.41,303.41,303.41,303.41,303.41,303.41,303.41,303.41,303.41,303.41,303.41,303.41,303.41,303.41,303.41,303.41,303.41
304.21,304.21,304.21,304.21,304.21,304.21,304.21,304.21,304.21,304.21,304.21,304.21,304.21,304.21,304.21,304.21,304.21,304.21,304.21,304.21,304.21,304.21,304.21,304.21,304.21,304.21,304.21,304.21,304.21
305.01,305.01,305.01,305.01,305.01,305.01,305.01,305.01,305.01,305.01,305.01,305.01,305.01,305.01,305.01,305.01,305.01,305.01,305.01,305.01,305.01,305.01,305.01,305.01,305.01,305.01,305.01,305.01,305.01
305.82,305.82,305.82,305.82,305.82,305.82,305.82,305.82,305.82,305.82,305.82,305.82,305.82,305.82,305.82,305.82,305.82,305.82,305.82,305.82,305.82,305.82,305.82,305.82,305.82,305.82,305.82,305.82,305.82
306.62,306.62,306.62,306.62,306.62,306.62,306.62,306.62,306.62,306.62,306.62,306.62,306.62,306.62,306.62,306.62,306.62,306.62,306.62,306.62,306.62,306.62,306.62,306.62,306.62,306.62,306.62,306.62,306.62
307.43,307.43,307.43,307.43,307.43,307.43,307.43,307.43,307.43,307.43,307.43,307.43,307.43,307.43,307.43,307.43,307.43,307.43,307.43,307.43,307.43,307.43,307.43,307.43,307.43,307.43,307.43,307.43,307.43
308.23,308.23,308.23,308.23,308.23,308.23,308.23,308.23,308.23,308.23,308.23,308.23,308.23,308.23,308.23,308.23,308.23,308.23,308.23,308.23,308.23,308.23,308.23,308.23,308.23,308.23,308.23,308.23,308.23
309.04,309.04,309.04,309.04,309.04,309.04,309.04,309.04,309.04,309.04,309.04,309.04,309.04,309.04,309.04,309.04,309.04,309.04,309.04,309.04,309.04,309.04,309.04,309.04,309.04,309.04,309.04,309.04,309.04
309.84,309.84,309.84,309.84,309.84,309.84,309.84,309.84,309.84,309.84,309.84,309.84,309.84,309.84,309.84,309.84,309.84,309.84,309.84,309.84,309.84,309.84,309.84,309.84,309.84,309.84,309.84,309.84,309.84
310.65,310.65,310.65,310.65,310.65,310.65,310.65,310.65,310.65,310.65,310.65,310.65,310.65,310.65,310.65,310.65,310.65,310.65,310.65,310.65,310.65,310.65,310.65,310.65,310.65,310.65,310.65,310.65,310.65
311.45,311.45,311.45,311.45,311.45,311.45,311.45,311.45,311.45,311.45,311.45,311.45,311.45,311.45,311.45,311.45,311.45,311.45,311.45,311.45,311.45,311.45,311.45,311.45,311.45,311.45,311.45,311.45,311.45
312.25,312.25,312.25,312.25,312.25,312.25,312.25,312.25,312.25,312.25,312.25,312.25,312.25,312.25,312.25,312.25,312.25,312.25,312.25,312.25,312.25,312.25,312.25,312.25,312.25,312.25,312.25,312.25,312.25
313.06,313.06,313.06,313.06,313.06,313.06,313.06,313.06,313.06,313.06,313.06,313.06,313.06,313.06,313.06,313.06,313.06,313.06,313.06,313.06,313.06,313.06,313.06,313.06,313.06,313.06,313.06,313.06,313.06
313.86,313.86,313.86,313.86,313.86,313.86,313.86,313.86,313.86,313.86,313.86,313.86,313.86,313.86,313.86,313.86,313.86,313.86,313.86,313.86,313.86,313.86,313.86,313.86,313.86,313.86,313.86,313.86,313.86
314.67,314.67,314.67,314.67,314.67,314.67,314.67,314.67,314.67,314.67,314.67,314.67,314.67,314.67,314.67,314.67,314.67,314.67,314.67,314.67,314.67,314.67,314.67,314.67,314.67,314.67,314.67,314.67,314.67
315.47,315.47,315.47,315.47,315.47,315.47,315.47,315.47,315.47,315.47,315.47,315.47,315.47,315.47,315.47,315.47,315.47,315.47,315.47,315.47,315.47,315.47,315.47,315.47,315.47,315.47,315.47,315.47,315.47
316.28,316.28,316.28,316.28,316.28,316.28,316.28,316.28,316.28,316.28,316.28,316.28,316.28,316.28,316.28,316.28,316.28,316.28,316.28,316.28,316.28,316.28,316.28,316.28,316.28,316.28,316.28,316.28,316.28
317.08,317.08,317.08,317.08,317.08,317.08,317.08,317.08,317.08,317.08,317.08,317.08,317.08,317.08,317.08,317.08,317.08,317.08,317.08,317.08,317.08,317.08,317.08,317.08,317.08,317.08,317.08,317.08,317.08
317.88,317.88,317.88,317.88,317.88,317.88,317.88,317.88,317.88,317.88,317.88,317.88,317.88,317.88,317.88,317.88,317.88,317.88,317.88,317.88,317.88,317.88,317.88,317.88,317.88,317.88,317.88,317.88,317.88
318.69,318.69,318.69,318.69,318.69,318.69,318.69,318.69,318.69,318.69,318.69,318.69,318.69,318.69,318.69,318.69,318.69,318.69,318.69,318.69,318.69,318.69,318.69,318.69,318.69,318.69,318.69,318.69,318.69
319.49,319.49,319.49,319.49,319.49,319.49,319.49,319.49,319.49,319.49,319.49,319.49,319.49,319.49,319.49,319.49,319.49,319.49,319.49,319.49,319.49,319.49,319.49,319.49,319.49,319.49,319.49,319.49,319.49
320.3,320.3,320.3,320.3,320.3,320.3,320.3,320.3,320.3,320.3,320.3,320.3,320.3,320.3,320.3,320.3,320.3,320.3,320.3,320.3,320.3,320.3,320.3,320.3,320.3,320.3,320.3,320.3,320.3
321.1,321.1,321.1,321.1,321.1,321.1,321.1,321.1,321.1,321.1,321.1,321.1,321.1,321.1,321.1,321.1,321.1,321.1,321.1,321.1,321.1,321.1,321.1,321.1,321.1,321.1,321.1,321.1,321.1
321.91,321.91,321.91,321.91,321.91,321.91,321.91,321.91,321.91,321.91,321.91,321.91,321.91,321.91,321.91,321.91,321.91,321.91,321.91,321.91,321.91,321.91,321.91,321.91,321.91,321.91,321.91,321.91,321.91
322.71,322.71,322.71,322.71,322.71,322.71,322.71,322.71,322.71,322.71,322.71,322.71,322.71,322.71,322.71,322.71,322.71,322.71,322.71,322.71,322.71,322.71,322.71,322.71,322.71,322.71,322.71,322.71,322.71
323.52,323.52,323.52,323.52,323.52,323.52,323.52,323.52,323.52,323.52,323.52,323.52,323.52,323.52,323.52,323.52,323.52,323.52,323.52,323.52,323.52,323.52,323.52,323.52,323.52,323.52,323.52,323.52,323.52
324.32,324.32,324.32,324.32,324.32,324.32,324.32,324.32,324.32,324.32,324.32,324.32,324.32,324.32,324.32,324.32,324.32,324.32,324.32,324.32,324.32,324.32,324.32,324.32,324.32,324.32,324.32,324.32,324.32
325.12,325.12,325.12,325.12,325.12,325.12,325.12,325.12,325.12,325.12,325.12,325.12,325.12,325.12,325.12,325.12,325.12,325.12,325.12,325.12,325.12,325.12,325.12,325.12,325.12,325.12,325.12,325.12,325.12
325.93,325.93,325.93,325.93,325.93,325.93,325.93,325.93,325.93,325.93,325.93,325.93,325.93,325.93,325.93,325.93,325.93,325.93,325.93,325.93,325.93,325.93,325.93,325.93,325.93,325.93,325.93,325.93,325.93
326.73,326.73,326.73,326.73,326.73,326.73,326.73,326.73,326.73,326.73,326.73,326.73,326.73,326.73,326.73,326.73,326.73,326.73,326.73,326.73,326.73,326.73,326.73,326.73,326.73,326.73,326.73,326.73,326.73
327.54,327.54,327.54,327.54,327.54,327.54,327.54,327.54,327.54,327.54,327.54,327.54,327.54,327.54,327.54,327.54,327.54,327.54,327.54,327.54,327.54,327.54,327.54,327.54,327.54,327.54,327.54,327.54,327.54
328.34,328.34,328.34,328.34,328.34,328.34,328.34,328.34,328.34,328.34,328.34,328.34,328.34,328.34,328.34,328.34,328.34,328.34,328.34,328.34,328.34,328.34,328.34,328.34,328.34,328.34,328.34,328.34,328.34
329.15,329.15,329.15,329.15,329.15,329.15,329.15,329.15,329.15,329.15,329.15,329.15,329.15,329.15,329.15,329.15,329.15,329.15,329.15,329.15,329.15,329.15,329.15,329.15,329.15,329.15,329.15,329.15,329.15
329.95,329.95,329.95,329.95,329.95,329.95,329.95,329.95,329.95,329.95,329.95,329.95,329.95,329.95,329.95,329.95,329.95,329.95,329.95,329.95,329.95,329.95,329.95,329.95,329.95,329.95,329.95,329.95,329.95
330.75,330.75,330.75,330.75,330.75,330.75,330.75,330.75,330.75,330.75,330.75,330.75,330.75,330.75,330.75,330.75,330.75,330.75,330.75,330.75,330.75,330.75,330.75,330.75,330.75,330.75,330.75,330.75,330.75
331.56,331.56,331.56,331.56,331.56,331.56,331.56,331.56,331.56,331.56,331.56,331.56,331.56,331.56,331.56,331.56,331.56,331.56,331.56,331.56,331.56,331.56,331.56,331.56,331.56,331.56,331.56,331.56,331.56
332.36,332.36,332.36,332.36,332.36,332.36,332.36,332.36,332.36,332.36,332.36,332.36,332.36,332.36,332.36,332.36,332.36,332.36,332.36,332.36,332.36,332.36,332.36,332.36,332.36,332.36,332.36,332.36,332.36
333.17,333.17,333.17,333.17,333.17,333.17,333.17,333.17,333.17,333.17,333.17,333.17,333.17,333.17,333.17,333.17,333.17,333.17,333.17,333.17,333.17,333.17,333.17,333.17,333.17,333.17,333.17,333.17,333.17
333.97,333.97,333.97,333.97,333.97,333.97,333.97,333.97,333.97,333.97,333.97,333.97,333.97,333.97,333.97,333.97,333.97,333.97,333.97,333.97,333.97,333.97,333.97,333.97,333.97,333.97,333.97,333.97,333.97
334.78,334.78,334.78,334.78,334.78,334.78,334.78,334.78,334.78,334.78,334.78,334.78,334.78,334.78,334.78,334.78,334.78,334.78,334.78,334.78,334.78,334.78,334.78,334.78,334.78,334.78,334.78,334.78,334.78
335.58,335.58,335.58,335.58,335.58,335.58,335.58,335.58,335.58,335.58,335.58,335.58,335.58,335.58,335.58,335.58,335.58,335.58,335.58,335.58,335.58,335.58,335.58,335.58,335.58,335.58,335.58,335.58,335.58
336.39,336.39,336.39,336.39,336.39,336.39,336.39,336.39,336.39,336.39,336.39,336.39,336.39,336.39,336.39,336.39,336.39,336.39,336.39,336.39,336.39,336.39,336.39,336.39,336.39,336.39,336.39,336.39,336.39
337.19,337.19,337.19,337.19,337.19,337.19,337.19,337.19,337.19,337.19,337.19,337.19,337.19,337.19,337.19,337.19,337.19,337.19,337.19,337.19,337.19,337.19,337.19,337.19,337.19,337.19,337.19,337.19,337.19
337.99,337.99,337.99,337.99,337.99,337.99,337.99,337.99,337.99,337.99,337.99,337.99,337.99,337.99,337.99,337.99,337.99,337.99,337.99,337.99,337.99,337.99,337.99,337.99,337.99,337.99,337.99,337.99,337.99
338.8,338.8,338.8,338.8,338.8,338.8,338.8,338.8,338.8,338.8,338.8,338.8,338.8,338.8,338.8,338.8,338.8,338.8,338.8,338.8,338.8,338.8,338.8,338.8,338.8,338.8,338.8,338.8,338.8
339.6,339.6,339.6,339.6,339.6,339.6,339.6,339.6,339.6,339.6,339.6,339.6,339.6,339.6,339.6,339.6,339.6,339.6,339.6,339.6,339.6,339.6,339.6,339.6,339.6,339.6,339.6,339.6,339.6
340.41,340.41,340.41,340.41,340.41,340.41,340.41,340.41,340.41,340.41,340.41,340.41,340.41,340.41,340.41,340.41,340.41,340.41,340.41,340.41,340.41,340.41,340.41,340.41,340.41,340.41,340.41,340.41,340.41
341.21,341.21,341.21,341.21,341.21,341.21,341.21,341.21,341.21,341.21,341.21,341.21,341.21,341.21,341.21,341.21,341.21,341.21,341.21,341.21,341.21,341.21,341.21,341.21,341.21,341.21,341.21,341.21,341.21
342.02,342.02,342.02,342.02,342.02,342.02,342.02,342.02,342.02,342.02,342.02,342.02,342.02,342.02,342.02,342.02,342.02,342.02,342.02,342.02,342.02,342.02,342.02,342.02,342.02,342.02,342.02,342.02,342.02
342.82,342.82,342.82,342.82,342.82,342.82,342.82,342.82,342.82,342.82,342.82,342.82,342.82,342.82,342.82,342.82,342.82,342.82,342.82,342.82,342.82,342.82,342.82,342.82,342.82,342.82,342.82,342.82,342.82
343.62,343.62,343.62,343.62,343.62,343.62,343.62,343.62,343.62,343.62,343.62,343.62,343.62,343.62,343.62,343.62,343.62,343.62,343.62,343.62,343.62,343.62,343.62,343.62,343.62,343.62,343.62,343.62,343.62
344.43,344.43,344.43,344.43,344.43,344.43,344.43,344.43,344.43,344.43,344.43,344.43,344.43,344.43,344.43,344.43,344.43,344.43,344.43,344.43,344.43,344.43,344.43,344.43,344.43,344.43,344.43,344.43,344.43
345.23,345.23,345.23,345.23,345.23,345.23,345.23,345.23,345.23,345.23,345.23,345.23,345.23,345.23,345.23,345.23,345.23,345.23,345.23,345.23,345.23,345.23,345.23,345.23,345.23,345.23,345.23,345.23,345.23
346.04,346.04,346.04,346.04,346.04,346.04,346.04,346.04,346.04,346.04,346.04,346.04,346.04,346.04,346.04,346.04,346.04,346.04,346.04,346.04,346.04,346.04,346.04,346.04,346.04,346.04,346.04,346.04,346.04
346.84,346.84,346.84,346.84,346.84,346.84,346.84,346.84,346.84,346.84,346.84,346.84,346.84,346.84,346.84,346.84,346.84,346.84,346.84,346.84,346.84,346.84,346.84,346.84,346.84,346.84,346.84,346.84,346.84
347.65,347.65,347.65,347.65,347.65,347.65,347.65,347.65,347.65,347.65,347.65,347.65,347.65,347.65,347.65,347.65,347.65,347.65,347.65,347.65,347.65,347.65,347.65,347.65,347.65,347.65,347.65,347.65,347.65
348.45,348.45,348.45,348.45,348.45,348.45,348.45,348.45,348.45,348.45,348.45,348.45,348.45,348.45,348.45,348.45,348.45,348.45,348.45,348.45,348.45,348.45,348.45,348.45,348.45,348.45,348.45,348.45,348.45
349.26,349.26,349.26,349.26,349.26,349.26,349.26,349.26,349.26,349.26,349.26,349.26,349.26,349.26,349.26,349.26,349.26,349.26,349.26,349.26,349.26,349.26,349.26,349.26,349.26,349.26,349.26,349.26,349.26
350.06,350.06,350.06,350.06,350.06,350.06,350.06,350.06,350.06,350.06,350.06,350.06,350.06,350.06,350.06,350.06,350.06,350.06,350.06,350.06,350.06,350.06,350.06,350.06,350.06,350.06,350.06,350.06,350.06
350.86,350.86,350.86,350.86,350.86,350.86,350.86,350.86,350.86,350.86,350.86,350.86,350.86,350.86,350.86,350.86,350.86,350.86,350.86,350.86,350.86,350.86,350.86,350.86,350.86,350.86,350.86,350.86,350.86
351.67,351.67,351.67,351.67,351.67,351.67,351.67,351.67,351.67,351.67,351.67,351.67,351.67,351.67,351.67,351.67,351.67,351.67,351.67,351.67,351.67,351.67,351.67,351.67,351.67,351.67,351.67,351.67,351.67
352.47,352.47,352.47,352.47,352.47,352.47,352.47,352.47,352.47,352.47,352.47,352.47,352.47,352.47,352.47,352.47,352.47,352.47,352.47,352.47,352.47,352.47,352.47,352.47,352.47,352.47,352.47,352.47,352.47
353.28,353.28,353.28,353.28,353.28,353.28,353.28,353.28,353.28,353.28,353.28,353.28,353.28,353.28,353.28,353.28,353.28,353.28,353.28,353.28,353.28,353.28,353.28,353.28,353.28,353.28,353.28,353.28,353.28
354.08,354.08,354.08,354.08,354.08,354.08,354.08,354.08,354.08,354.08,354.08,354.08,354.08,354.08,354.08,354.08,354.08,354.08,354.08,354.08,354.08,354.08,354.08,354.08,354.08,354.08,354.08,354.08,354.08
354.89,354.89,354.89,354.89,354.89,354.89,354.89,354.89,354.89,354.89,354.89,354.89,354.89,354.89,354.89,354.89,354.89,354.89,354.89,354.89,354.89,354.89,354.89,354.89,354.89,354.89,354.89,354.89,354.89
355.69,355.69,355.69,355.69,355.69,355.69,355.69,355.69,355.69,355.69,355.69,355.69,355.69,355.69,355.69,355.69,355.69,355.69,355.69,355.69,355.69,355.69,355.69,355.69,355.69,355.69,355.69,355.69,355.69
356.49,356.49,356.49,356.49,356.49,356.49,356.49,356.49,356.49,356.49,356.49,356.49,356.49,356.49,356.49,356.49,356.49,356.49,356.49,356.49,356.49,356.49,356.49,356.49,356.49,356.49,356.49,356.49,356.49
357.3,357.3,357.3,357.3,357.3,357.3,357.3,357.3,357.3,357.3,357.3,357.3,357.3,357.3,357.3,357.3,357.3,357.3,357.3,357.3,357.3,357.3,357.3,357.3,357.3,357.3,357.3,357.3,357.3
358.1,358.1,358.1,358.1,358.1,358.1,358.1,358.1,358.1,358.1,358.1,358.1,358.1,358.1,358.1,358.1,358.1,358.1,358.1,358.1,358.1,358.1,358.1,358.1,358.1,358.1,358.1,358.1,358.1
358.91,358.91,358.91,358.91,358.91,358.91,358.91,358.91,358.91,358.91,358.91,358.91,358.91,358.91,358.91,358.91,358.91,358.91,358.91,358.91,358.91,358.91,358.91,358.91,358.91,358.91,358.91,358.91,358.91
359.71,359.71,359.71,359.71,359.71,359.71,359.71,359.71,359.71,359.71,359.71,359.71,359.71,359.71,359.71,359.71,359.71,359.71,359.71,359.71,359.71,359.71,359.71,359.71,359.71,359.71,359.71,359.71,359.71
360.52,360.52,360.52,360.52,360.52,360.52,360.52,360.52,360.52,360.52,360.52,360.52,360.52,360.52,360.52,360.52,360.52,360.52,360.52,360.52,360.52,360.52,360.52,360.52,360.52,360.52,360.52,360.52,360.52
361.32,361.32,361.32,361.32,361.32,361.32,361.32,361.32,361.32,361.32,361.32,361.32,361.32,361.32,361.32,361.32,361.32,361.32,361.32,361.32,361.32,361.32,361.32,361.32,361.32,361.32,361.32,361.32,361.32
362.13,362.13,362.13,362.13,362.13,362.13,362.13,362.13,362.13,362.13,362.13,362.13,362.13,362.13,362.13,362.13,362.13,362.13,362.13,362.13,362.13,362.13,362.13,362.13,362.13,362.13,362.13,362.13,362.13
362.93,362.93,362.93,362.93,362.93,362.93,362.93,362.93,362.93,362.93,362.93,362.93,362.93,362.93,362.93,362.93,362.93,362.93,362.93,362.93,362.93,362.93,362.93,362.93,362.93,362.93,362.93,362.93,362.93
363.73,363.73,363.73,363.73,363.73,363.73,363.73,363.73,363.73,363.73,363.73,363.73,363.73,363.73,363.73,363.73,363.73,363.73,363.73,363.73,363.73,363.73,363.73,363.73,363.73,363.73,363.73,363.73,363.73
364.54,364.54,364.54,364.54,364.54,364.54,364.54,364.54,364.54,364.54,364.54,364.54,364.54,364.54,364.54,364.54,364.54,364.54,364.54,364.54,364.54,364.54,364.54,364.54,364.54,364.54,364.54,364.54,364.54
365.34,365.34,365.34,365.34,365.34,365.34,365.34,365.34,365.34,365.34,365.34,365.34,365.34,365.34,365.34,365.34,365.34,365.34,365.34,365.34,365.34,365.34,365.34,365.34,365.34,365.34,365.34,365.34,365.34
366.15,366.15,366.15,366.15,366.15,366.15,366.15,366.15,366.15,366.15,366.15,366.15,366.15,366.15,366.15,366.15,366.15,366.15,366.15,366.15,366.15,366.15,366.15,366.15,366.15,366.15,366.15,366.15,366.15
366.95,366.95,366.95,366.95,366.95,366.95,366.95,366.95,366.95,366.95,366.95,366.95,366.95,366.95,366.95,366.95,366.95,366.95,366.95,366.95,366.95,366.95,366.95,366.95,366.95,366.95,366.95,366.95,366.95
367.76,367.76,367.76,367.76,367.76,367.76,367.76,367.76,367.76,367.76,367.76,367.76,367.76,367.76,367.76,367.76,367.76,367.76,367.76,367.76,367.76,367.76,367.76,367.76,367.76,367.76,367.76,367.76,367.76
368.56,368.56,368.56,368.56,368.56,368.56,368.56,368.56,368.56,368.56,368.56,368.56,368.56,368.56,368.56,368.56,368.56,368.56,368.56,368.56,368.56,368.56,368.56,368.56,368.56,368.56,368.56,368.56,368.56
369.36,369.36,369.36,369.36,369.36,369.36,369.36,369.36,369.36,369.36,369.36,369.36,369.36,369.36,369.36,369.36,369.36,369.36,369.36,369.36,369.36,369.36,369.36,369.36,369.36,369.36,369.36,369.36,369.36
370.17,370.17,370.17,370.17,370.17,370.17,370.17,370.17,370.17,370.17,370.17,370.17,370.17,370.17,370.17,370.17,370.17,370.17,370.17,370.17,370.17,370.17,370.17,370.17,370.17,370.17,370.17,370.17,370.17
370.97,370.97,370.97,370.97,370.97,370.97,370.97,370.97,370.97,370.97,370.97,370.97,370.97,370.97,370.97,370.97,370.97,370.97,370.97,370.97,370.97,370.97,370.97,370.97,370.97,370.97,370.97,370.97,370.97
371.78,371.78,371.78,371.78,371.78,371.78,371.78,371.78,371.78,371.78,371.78,371.78,371.78,371.78,371.78,371.78,371.78,371.78,371.78,371.78,371.78,371.78,371.78,371.78,371.78,371.78,371.78,371.78,371.78
372.58,372.58,372.58,372.58,372.58,372.58,372.58,372.58,372.58,372.58,372.58,372.58,372.58,372.58,372.58,372.58,372.58,372.58,372.58,372.58,372.58,372.58,372.58,372.58,372.58,372.58,372.58,372.58,372.58
373.39,373.39,373.39,373.39,373.39,373.39,373.39,373.39,373.39,373.39,373.39,373.39,373.39,373.39,373.39,373.39,373.39,373.39,373.39,373.39,373.39,373.39,373.39,373.39,373.39,373.39,373.39,373.39,373.39
374.19,374.19,374.19,374.19,374.19,374.19,374.19,374.19,374.19,374.19,374.19,374.19,374.19,374.19,374.19,374.19,374.19,374.19,374.19,374.19,374.19,374.19,374.19,374.19,374.19,374.19,374.19,374.19,374.19
375,375,375,375,375,375,375,375,375,375,375,375,375,375,375,375,375,375,375,375,375,375,375,375,375,375,375,375,375
375.8,375.8,375.8,375.8,375.8,375.8,375.8,375.8,375.8,375.8,375.8,375.8,375.8,375.8,375.8,375.8,375.8,375.8,375.8,375.8,375.8,375.8,375.8,375.8,375.8,375.8,375.8,375.8,375.8
376.6,376.6,376.6,376.6,376.6,376.6,376.6,376.6,376.6,376.6,376.6,376.6,376.6,376.6,376.6,376.6,376.6,376.6,376.6,376.6,376.6,376.6,376.6,376.6,376.6,376.6,376.6,376.6,376.6
377.41,377.41,377.41,377.41,377.41,377.41,377.41,377.41,377.41,377.41,377.41,377.41,377.41,377.41,377.41,377.41,377.41,377.41,377.41,377.41,377.41,377.41,377.41,377.41,377.41,377.41,377.41,377.41,377.41
378.21,378.21,378.21,378.21,378.21,378.21,378.21,378.21,378.21,378.21,378.21,378.21,378.21,378.21,378.21,378.21,378.21,378.21,378.21,378.21,378.21,378.21,378.21,378.21,378.21,378.21,378.21,378.21,378.21
379.02,379.02,379.02,379.02,379.02,379.02,379.02,379.02,379.02,379.02,379.02,379.02,379.02,379.02,379.02,379.02,379.02,379.02,379.02,379.02,379.02,379.02,379.02,379.02,379.02,379.02,379.02,379.02,379.02
379.82,379.82,379.82,379.82,379.82,379.82,379.82,379.82,379.82,379.82,379.82,379.82,379.82,379.82,379.82,379.82,379.82,379.82,379.82,379.82,379.82,379.82,379.82,379.82,379.82,379.82,379.82,379.82,379.82
380.63,380.63,380.63,380.63,380.63,380.63,380.63,380.63,380.63,380.63,380.63,380.63,380.63,380.63,380.63,380.63,380.63,380.63,380.63,380.63,380.63,380.63,380.63,380.63,380.63,380.63,380.63,380.63,380.63
381.43,381.43,381.43,381.43,381.43,381.43,381.43,381.43,381.43,381.43,381.43,381.43,381.43,381.43,381.43,381.43,381.43,381.43,381.43,381.43,381.43,381.43,381.43,381.43,381.43,381.43,381.43,381.43,381.43
382.23,382.23,382.23,382.23,382.23,382.23,382.23,382.23,382.23,382.23,382.23,382.23,382.23,382.23,382.23,382.23,382.23,382.23,382.23,382.23,382.23,382.23,382.23,382.23,382.23,382.23,382.23,382.23,382.23
383.04,383.04,383.04,383.04,383.04,383.04,383.04,383.04,383.04,383.04,383.04,383.04,383.04,383.04,383.04,383.04,383.04,383.04,383.04,383.04,383.04,383.04,383.04,383.04,383.04,383.04,383.04,383.04,383.04
383.84,383.84,383.84,383.84,383.84,383.84,383.84,383.84,383.84,383.84,383.84,383.84,383.84,383.84,383.84,383.84,383.84,383.84,383.84,383.84,383.84,383.84,383.84,383.84,383.84,383.84,383.84,383.84,383.84
384.65,384.65,384.65,384.65,384.65,384.65,384.65,384.65,384.65,384.65,384.65,384.65,384.65,384.65,384.65,384.65,384.65,384.65,384.65,384.65,384.65,384.65,384.65,384.65,384.65,384.65,384.65,384.65,384.65
385.45,385.45,385.45,385.45,385.45,385.45,385.45,385.45,385.45,385.45,385.45,385.45,385.45,385.45,385.45,385.45,385.45,385.45,385.45,385.45,385.45,385.45,385.45,385.45,385.45,385.45,385.45,385.45,385.45
386.26,386.26,386.26,386.26,386.26,386.26,386.26,386.26,386.26,386.26,386.26,386.26,386.26,386.26,386.26,386.26,386.26,386.26,386.26,386.26,386.26,386.26,386.26,386.26,386.26,386.26,386.26,386.26,386.26
387.06,387.06,387.06,387.06,387.06,387.06,387.06,387.06,387.06,387.06,387.06,387.06,387.06,387.06,387.06,387.06,387.06,387.06,387.06,387.06,387.06,387.06,387.06,387.06,387.06,387.06,387.06,387.06,387.06
387.87,387.87,387.87,387.87,387.87,387.87,387.87,387.87,387.87,387.87,387.87,387.87,387.87,387.87,387.87,387.87,387.87,387.87,387.87,387.87,387.87,387.87,387.87,387.87,387.87,387.87,387.87,387.87,387.87
388.67,388.67,388.67,388.67,388.67,388.67,388.67,388.67,388.67,388.67,388.67,388.67,388.67,388.67,388.67,388.67,388.67,388.67,388.67,388.67,388.67,388.67,388.67,388.67,388.67,388.67,388.67,388.67,388.67
389.47,389.47,389.47,389.47,389.47,389.47,389.47,389.47,389.47,389.47,389.47,389.47,389.47,389.47,389.47,389.47,389.47,389.47,389.47,389.47,389.47,389.47,389.47,389.47,389.47,389.47,389.47,389.47,389.47
390.28,390.28,390.28,390.28,390.28,390.28,390.28,390.28,390.28,390.28,390.28,390.28,390.28,390.28,390.28,390.28,390.28,390.28,390.28,390.28,390.28,390.28,390.28,390.28,390.28,390.28,390.28,390.28,390.28
391.08,391.08,391.08,391.08,391.08,391.08,391.08,391.08,391.08,391.08,391.08,391.08,391.08,391.08,391.08,391.08,391.08,391.08,391.08,391.08,391.08,391.08,391.08,391.08,391.08,391.08,391.08,391.08,391.08
391.89,391.89,391.89,391.89,391.89,391.89,391.89,391.89,391.89,391.89,391.89,391.89,391.89,391.89,391.89,391.89,391.89,391.89,391.89,391.89,391.89,391.89,391.89,391.89,391.89,391.89,391.89,391.89,391.89
392.69,392.69,392.69,392.69,392.69,392.69,392.69,392.69,392.69,392.69,392.69,392.69,392.69,392.69,392.69,392.69,392.69,392.69,392.69,392.69,392.69,392.69,392.69,392.69,392.69,392.69,392.69,392.69,392.69
393.5,393.5,393.5,393.5,393.5,393.5,393.5,393.5,393.5,393.5,393.5,393.5,393.5,393.5,393.5,393.5,393.5,393.5,393.5,393.5,393.5,393.5,393.5,393.5,393.5,393.5,393.5,393.5,393.5
394.3,394.3,394.3,394.3,394.3,394.3,394.3,394.3,394.3,394.3,394.3,394.3,394.3,394.3,394.3,394.3,394.3,394.3,394.3,394.3,394.3,394.3,394.3,394.3,394.3,394.3,394.3,394.3,394.3
395.1,395.1,395.1,395.1,395.1,395.1,395.1,395.1,395.1,395.1,395.1,395.1,395.1,395.1,395.1,395.1,395.1,395.1,395.1,395.1,395.1,395.1,395.1,395.1,395.1,395.1,395.1,395.1,395.1
395.9,395.9,395.9,395.9,395.9,395.9,395.9,395.9,395.9,395.9,395.9,395.9,395.9,395.9,395.9,395.9,395.9,395.9,395.9,395.9,395.9,395.9,395.9,395.9,395.9,395.9,395.9,395.9,395.9
396.7,396.7,396.7,396.7,396.7,396.7,396.7,396.7,396.7,396.7,396.7,396.7,396.7,396.7,396.7,396.7,396.7,396.7,396.7,396.7,396.7,396.7,396.7,396.7,396.7,396.7,396.7,396.7,396.7
397.5,397.5,397.5,397.5,397.5,397.5,397.5,397.5,397.5,397.5,397.5,397.5,397.5,397.5,397.5,397.5,397.5,397.5,397.5,397.5,397.5,397.5,397.5,397.5,397.5,397.5,397.5,397.5,397.5
398.3,398.3,398.3,398.3,398.3,398.3,398.3,398.3,398.3,398.3,398.3,398.3,398.3,398.3,398.3,398.3,398.3,398.3,398.3,398.3,398.3,398.3,398.3,398.3,398.3,398.3,398.3,398.3,398.3
399.1,399.1,399.1,399.1,399.1,399.1,399.1,399.1,399.1,399.1,399.1,399.1,399.1,399.1,399.1,399.1,399.1,399.1,399.1,399.1,399.1,399.1,399.1,399.1,399.1,399.1,399.1,399.1,399.1
399.9,399.9,399.9,399.9,399.9,399.9,399.9,399.9,399.9,399.9,399.9,399.9,399.9,399.9,399.9,399.9,399.9,399.9,399.9,399.9,399.9,399.9,399.9,399.9,399.9,399.9,399.9,399.9,399.9
400.7,400.7,400.7,400.7,400.7,400.7,400.7,400.7,400.7,400.7,400.7,400.7,400.7,400.7,400.7,400.7,400.7,400.7,400.7,400.7,400.7,400.7,400.7,400.7,400.7,400.7,400.7,400.7,400.7
401.5,401.5,401.5,401.5,401.5,401.5,401.5,401.5,401.5,401.5,401.5,401.5,401.5,401.5,401.5,401.5,401.5,401.5,401.5,401.5,401.5,401.5,401.5,401.5,401.5,401.5,401.5,401.5,401.5
402.3,402.3,402.3,402.3,402.3,402.3,402.3,402.3,402.3,402.3,402.3,402.3,402.3,402.3,402.3,402.3,402.3,402.3,402.3,402.3,402.3,402.3,402.3,402.3,402.3,402.3,402.3,402.3,402.3
403.1,403.1,403.1,403.1,403.1,403.1,403.1,403.1,403.1,403.1,403.1,403.1,403.1,403.1,403.1,403.1,403.1,403.1,403.1,403.1,403.1,403.1,403.1,403.1,403.1,403.1,403.1,403.1,403.1
403.900000000001,403.900000000001,403.900000000001,403.900000000001,403.900000000001,403.900000000001,403.900000000001,403.900000000001,403.900000000001,403.900000000001,403.900000000001,403.900000000001,403.900000000001,403.900000000001,403.900000000001,403.900000000001,403.900000000001,403.900000000001,403.900000000001,403.900000000001,403.900000000001,403.900000000001,403.900000000001,403.900000000001,403.900000000001,403.900000000001,403.900000000001,403.900000000001,403.900000000001
404.7,404.7,404.7,404.7,404.7,404.7,404.7,404.7,404.7,404.7,404.7,404.7,404.7,404.7,404.7,404.7,404.7,404.7,404.7,404.7,404.7,404.7,404.7,404.7,404.7,404.7,404.7,404.7,404.7
405.5,405.5,405.5,405.5,405.5,405.5,405.5,405.5,405.5,405.5,405.5,405.5,405.5,405.5,405.5,405.5,405.5,405.5,405.5,405.5,405.5,405.5,405.5,405.5,405.5,405.5,405.5,405.5,405.5
406.3,406.3,406.3,406.3,406.3,406.3,406.3,406.3,406.3,406.3,406.3,406.3,406.3,406.3,406.3,406.3,406.3,406.3,406.3,406.3,406.3,406.3,406.3,406.3,406.3,406.3,406.3,406.3,406.3
407.1,407.1,407.1,407.1,407.1,407.1,407.1,407.1,407.1,407.1,407.1,407.1,407.1,407.1,407.1,407.1,407.1,407.1,407.1,407.1,407.1,407.1,407.1,407.1,407.1,407.1,407.1,407.1,407.1
407.900000000001,407.900000000001,407.900000000001,407.900000000001,407.900000000001,407.900000000001,407.900000000001,407.900000000001,407.900000000001,407.900000000001,407.900000000001,407.900000000001,407.900000000001,407.900000000001,407.900000000001,407.900000000001,407.900000000001,407.900000000001,407.900000000001,407.900000000001,407.900000000001,407.900000000001,407.900000000001,407.900000000001,407.900000000001,407.900000000001,407.900000000001,407.900000000001,407.900000000001
408.7,408.7,408.7,408.7,408.7,408.7,408.7,408.7,408.7,408.7,408.7,408.7,408.7,408.7,408.7,408.7,408.7,408.7,408.7,408.7,408.7,408.7,408.7,408.7,408.7,408.7,408.7,408.7,408.7
409.5,409.5,409.5,409.5,409.5,409.5,409.5,409.5,409.5,409.5,409.5,409.5,409.5,409.5,409.5,409.5,409.5,409.5,409.5,409.5,409.5,409.5,409.5,409.5,409.5,409.5,409.5,409.5,409.5
410.300000000001,410.300000000001,410.300000000001,410.300000000001,410.300000000001,410.300000000001,410.300000000001,410.300000000001,410.300000000001,410.300000000001,410.300000000001,410.300000000001,410.300000000001,410.300000000001,410.300000000001,410.300000000001,410.300000000001,410.300000000001,410.300000000001,410.300000000001,410.300000000001,410.300000000001,410.300000000001,410.300000000001,410.300000000001,410.300000000001,410.300000000001,410.300000000001,410.300000000001
411.1,411.1,411.1,411.1,411.1,411.1,411.1,411.1,411.1,411.1,411.1,411.1,411.1,411.1,411.1,411.1,411.1,411.1,411.1,411.1,411.1,411.1,411.1,411.1,411.1,411.1,411.1,411.1,411.1
411.9,411.9,411.9,411.9,411.9,411.9,411.9,411.9,411.9,411.9,411.9,411.9,411.9,411.9,411.9,411.9,411.9,411.9,411.9,411.9,411.9,411.9,411.9,411.9,411.9,411.9,411.9,411.9,411.9
412.700000000001,412.700000000001,412.700000000001,412.700000000001,412.700000000001,412.700000000001,412.700000000001,412.700000000001,412.700000000001,412.700000000001,412.700000000001,412.700000000001,412.700000000001,412.700000000001,412.700000000001,412.700000000001,412.700000000001,412.700000000001,412.700000000001,412.700000000001,412.700000000001,412.700000000001,412.700000000001,412.700000000001,412.700000000001,412.700000000001,412.700000000001,412.700000000001,412.700000000001
413.5,413.5,413.5,413.5,413.5,413.5,413.5,413.5,413.5,413.5,413.5,413.5,413.5,413.5,413.5,413.5,413.5,413.5,413.5,413.5,413.5,413.5,413.5,413.5,413.5,413.5,413.5,413.5,413.5
414.300000000001,414.300000000001,414.300000000001,414.300000000001,414.300000000001,414.300000000001,414.300000000001,414.300000000001,414.300000000001,414.300000000001,414.300000000001,414.300000000001,414.300000000001,414.300000000001,414.300000000001,414.300000000001,414.300000000001,414.300000000001,414.300000000001,414.300000000001,414.300000000001,414.300000000001,414.300000000001,414.300000000001,414.300000000001,414.300000000001,414.300000000001,414.300000000001,414.300000000001
415.1,415.1,415.1,415.1,415.1,415.1,415.1,415.1,415.1,415.1,415.1,415.1,415.1,415.1,415.1,415.1,415.1,415.1,415.1,415.1,415.1,415.1,415.1,415.1,415.1,415.1,415.1,415.1,415.1
415.9,415.9,415.9,415.9,415.9,415.9,415.9,415.9,415.9,415.9,415.9,415.9,415.9,415.9,415.9,415.9,415.9,415.9,415.9,415.9,415.9,415.9,415.9,415.9,415.9,415.9,415.9,415.9,415.9
416.700000000001,416.700000000001,416.700000000001,416.700000000001,416.700000000001,416.700000000001,416.700000000001,416.700000000001,416.700000000001,416.700000000001,416.700000000001,416.700000000001,416.700000000001,416.700000000001,416.700000000001,416.700000000001,416.700000000001,416.700000000001,416.700000000001,416.700000000001,416.700000000001,416.700000000001,416.700000000001,416.700000000001,416.700000000001,416.700000000001,416.700000000001,416.700000000001,416.700000000001
417.5,417.5,417.5,417.5,417.5,417.5,417.5,417.5,417.5,417.5,417.5,417.5,417.5,417.5,417.5,417.5,417.5,417.5,417.5,417.5,417.5,417.5,417.5,417.5,417.5,417.5,417.5,417.5,417.5
418.300000000001,418.300000000001,418.300000000001,418.300000000001,418.300000000001,418.300000000001,418.300000000001,418.300000000001,418.300000000001,418.300000000001,418.300000000001,418.300000000001,418.300000000001,418.300000000001,418.300000000001,418.300000000001,418.300000000001,418.300000000001,418.300000000001,418.300000000001,418.300000000001,418.300000000001,418.300000000001,418.300000000001,418.300000000001,418.300000000001,418.300000000001,418.300000000001,418.300000000001
419.1,419.1,419.1,419.1,419.1,419.1,419.1,419.1,419.1,419.1,419.1,419.1,419.1,419.1,419.1,419.1,419.1,419.1,419.1,419.1,419.1,419.1,419.1,419.1,419.1,419.1,419.1,419.1,419.1
419.9,419.9,419.9,419.9,419.9,419.9,419.9,419.9,419.9,419.9,419.9,419.9,419.9,419.9,419.9,419.9,419.9,419.9,419.9,419.9,419.9,419.9,419.9,419.9,419.9,419.9,419.9,419.9,419.9
420.700000000001,420.700000000001,420.700000000001,420.700000000001,420.700000000001,420.700000000001,420.700000000001,420.700000000001,420.700000000001,420.700000000001,420.700000000001,420.700000000001,420.700000000001,420.700000000001,420.700000000001,420.700000000001,420.700000000001,420.700000000001,420.700000000001,420.700000000001,420.700000000001,420.700000000001,420.700000000001,420.700000000001,420.700000000001,420.700000000001,420.700000000001,420.700000000001,420.700000000001
421.5,421.5,421.5,421.5,421.5,421.5,421.5,421.5,421.5,421.5,421.5,421.5,421.5,421.5,421.5,421.5,421.5,421.5,421.5,421.5,421.5,421.5,421.5,421.5,421.5,421.5,421.5,421.5,421.5
422.300000000001,422.300000000001,422.300000000001,422.300000000001,422.300000000001,422.300000000001,422.300000000001,422.300000000001,422.300000000001,422.300000000001,422.300000000001,422.300000000001,422.300000000001,422.300000000001,422.300000000001,422.300000000001,422.300000000001,422.300000000001,422.300000000001,422.300000000001,422.300000000001,422.300000000001,422.300000000001,422.300000000001,422.300000000001,422.300000000001,422.300000000001,422.300000000001,422.300000000001
423.1,423.1,423.1,423.1,423.1,423.1,423.1,423.1,423.1,423.1,423.1,423.1,423.1,423.1,423.1,423.1,423.1,423.1,423.1,423.1,423.1,423.1,423.1,423.1,423.1,423.1,423.1,423.1,423.1
423.9,423.9,423.9,423.9,423.9,423.9,423.9,423.9,423.9,423.9,423.9,423.9,423.9,423.9,423.9,423.9,423.9,423.9,423.9,423.9,423.9,423.9,423.9,423.9,423.9,423.9,423.9,423.9,423.9
424.700000000001,424.700000000001,424.700000000001,424.700000000001,424.700000000001,424.700000000001,424.700000000001,424.700000000001,424.700000000001,424.700000000001,424.700000000001,424.700000000001,424.700000000001,424.700000000001,424.700000000001,424.700000000001,424.700000000001,424.700000000001,424.700000000001,424.700000000001,424.700000000001,424.700000000001,424.700000000001,424.700000000001,424.700000000001,424.700000000001,424.700000000001,424.700000000001,424.700000000001
425.5,425.5,425.5,425.5,425.5,425.5,425.5,425.5,425.5,425.5,425.5,425.5,425.5,425.5,425.5,425.5,425.5,425.5,425.5,425.5,425.5,425.5,425.5,425.5,425.5,425.5,425.5,425.5,425.5
426.300000000001,426.300000000001,426.300000000001,426.300000000001,426.300000000001,426.300000000001,426.300000000001,426.300000000001,426.300000000001,426.300000000001,426.300000000001,426.300000000001,426.300000000001,426.300000000001,426.300000000001,426.300000000001,426.300000000001,426.300000000001,426.300000000001,426.300000000001,426.300000000001,426.300000000001,426.300000000001,426.300000000001,426.300000000001,426.300000000001,426.300000000001,426.300000000001,426.300000000001
427.100000000002,427.100000000002,427.100000000002,427.100000000002,427.100000000002,427.100000000002,427.100000000002,427.100000000002,427.100000000002,427.100000000002,427.100000000002,427.100000000002,427.100000000002,427.100000000002,427.100000000002,427.100000000002,427.100000000002,427.100000000002,427.100000000002,427.100000000002,427.100000000002,427.100000000002,427.100000000002,427.100000000002,427.100000000002,427.100000000002,427.100000000002,427.100000000002,427.100000000002
427.900000000001,427.900000000001,427.900000000001,427.900000000001,427.900000000001,427.900000000001,427.900000000001,427.900000000001,427.900000000001,427.900000000001,427.900000000001,427.900000000001,427.900000000001,427.900000000001,427.900000000001,427.900000000001,427.900000000001,427.900000000001,427.900000000001,427.900000000001,427.900000000001,427.900000000001,427.900000000001,427.900000000001,427.900000000001,427.900000000001,427.900000000001,427.900000000001,427.900000000001
428.700000000001,428.700000000001,428.700000000001,428.700000000001,428.700000000001,428.700000000001,428.700000000001,428.700000000001,428.700000000001,428.700000000001,428.700000000001,428.700000000001,428.700000000001,428.700000000001,428.700000000001,428.700000000001,428.700000000001,428.700000000001,428.700000000001,428.700000000001,428.700000000001,428.700000000001,428.700000000001,428.700000000001,428.700000000001,428.700000000001,428.700000000001,428.700000000001,428.700000000001
429.5,429.5,429.5,429.5,429.5,429.5,429.5,429.5,429.5,429.5,429.5,429.5,429.5,429.5,429.5,429.5,429.5,429.5,429.5,429.5,429.5,429.5,429.5,429.5,429.5,429.5,429.5,429.5,429.5
430.299999999999,430.299999999999,430.299999999999,430.299999999999,430.299999999999,430.299999999999,430.299999999999,430.299999999999,430.299999999999,430.299999999999,430.299999999999,430.299999999999,430.299999999999,430.299999999999,430.299999999999,430.299999999999,430.299999999999,430.299999999999,430.299999999999,430.299999999999,430.299999999999,430.299999999999,430.299999999999,430.299999999999,430.299999999999,430.299999999999,430.299999999999,430.299999999999,430.299999999999
431.100000000002,431.100000000002,431.100000000002,431.100000000002,431.100000000002,431.100000000002,431.100000000002,431.100000000002,431.100000000002,431.100000000002,431.100000000002,431.100000000002,431.100000000002,431.100000000002,431.100000000002,431.100000000002,431.100000000002,431.100000000002,431.100000000002,431.100000000002,431.100000000002,431.100000000002,431.100000000002,431.100000000002,431.100000000002,431.100000000002,431.100000000002,431.100000000002,431.100000000002
431.900000000001,431.900000000001,431.900000000001,431.900000000001,431.900000000001,431.900000000001,431.900000000001,431.900000000001,431.900000000001,431.900000000001,431.900000000001,431.900000000001,431.900000000001,431.900000000001,431.900000000001,431.900000000001,431.900000000001,431.900000000001,431.900000000001,431.900000000001,431.900000000001,431.900000000001,431.900000000001,431.900000000001,431.900000000001,431.900000000001,431.900000000001,431.900000000001,431.900000000001
432.700000000001,432.700000000001,432.700000000001,432.700000000001,432.700000000001,432.700000000001,432.700000000001,432.700000000001,432.700000000001,432.700000000001,432.700000000001,432.700000000001,432.700000000001,432.700000000001,432.700000000001,432.700000000001,432.700000000001,432.700000000001,432.700000000001,432.700000000001,432.700000000001,432.700000000001,432.700000000001,432.700000000001,432.700000000001,432.700000000001,432.700000000001,432.700000000001,432.700000000001
433.5,433.5,433.5,433.5,433.5,433.5,433.5,433.5,433.5,433.5,433.5,433.5,433.5,433.5,433.5,433.5,433.5,433.5,433.5,433.5,433.5,433.5,433.5,433.5,433.5,433.5,433.5,433.5,433.5
434.299999999999,434.299999999999,434.299999999999,434.299999999999,434.299999999999,434.299999999999,434.299999999999,434.299999999999,434.299999999999,434.299999999999,434.299999999999,434.299999999999,434.299999999999,434.299999999999,434.299999999999,434.299999999999,434.299999999999,434.299999999999,434.299999999999,434.299999999999,434.299999999999,434.299999999999,434.299999999999,434.299999999999,434.299999999999,434.299999999999,434.299999999999,434.299999999999,434.299999999999
435.100000000002,435.100000000002,435.100000000002,435.100000000002,435.100000000002,435.100000000002,435.100000000002,435.100000000002,435.100000000002,435.100000000002,435.100000000002,435.100000000002,435.100000000002,435.100000000002,435.100000000002,435.100000000002,435.100000000002,435.100000000002,435.100000000002,435.100000000002,435.100000000002,435.100000000002,435.100000000002,435.100000000002,435.100000000002,435.100000000002,435.100000000002,435.100000000002,435.100000000002
435.900000000001,435.900000000001,435.900000000001,435.900000000001,435.900000000001,435.900000000001,435.900000000001,435.900000000001,435.900000000001,435.900000000001,435.900000000001,435.900000000001,435.900000000001,435.900000000001,435.900000000001,435.900000000001,435.900000000001,435.900000000001,435.900000000001,435.900000000001,435.900000000001,435.900000000001,435.900000000001,435.900000000001,435.900000000001,435.900000000001,435.900000000001,435.900000000001,435.900000000001
436.700000000001,436.700000000001,436.700000000001,436.700000000001,436.700000000001,436.700000000001,436.700000000001,436.700000000001,436.700000000001,436.700000000001,436.700000000001,436.700000000001,436.700000000001,436.700000000001,436.700000000001,436.700000000001,436.700000000001,436.700000000001,436.700000000001,436.700000000001,436.700000000001,436.700000000001,436.700000000001,436.700000000001,436.700000000001,436.700000000001,436.700000000001,436.700000000001,436.700000000001
437.5,437.5,437.5,437.5,437.5,437.5,437.5,437.5,437.5,437.5,437.5,437.5,437.5,437.5,437.5,437.5,437.5,437.5,437.5,437.5,437.5,437.5,437.5,437.5,437.5,437.5,437.5,437.5,437.5
438.299999999999,438.299999999999,438.299999999999,438.299999999999,438.299999999999,438.299999999999,438.299999999999,438.299999999999,438.299999999999,438.299999999999,438.299999999999,438.299999999999,438.299999999999,438.299999999999,438.299999999999,438.299999999999,438.299999999999,438.299999999999,438.299999999999,438.299999999999,438.299999999999,438.299999999999,438.299999999999,438.299999999999,438.299999999999,438.299999999999,438.299999999999,438.299999999999,438.299999999999
439.100000000002,439.100000000002,439.100000000002,439.100000000002,439.100000000002,439.100000000002,439.100000000002,439.100000000002,439.100000000002,439.100000000002,439.100000000002,439.100000000002,439.100000000002,439.100000000002,439.100000000002,439.100000000002,439.100000000002,439.100000000002,439.100000000002,439.100000000002,439.100000000002,439.100000000002,439.100000000002,439.100000000002,439.100000000002,439.100000000002,439.100000000002,439.100000000002,439.100000000002
439.900000000001,439.900000000001,439.900000000001,439.900000000001,439.900000000001,439.900000000001,439.900000000001,439.900000000001,439.900000000001,439.900000000001,439.900000000001,439.900000000001,439.900000000001,439.900000000001,439.900000000001,439.900000000001,439.900000000001,439.900000000001,439.900000000001,439.900000000001,439.900000000001,439.900000000001,439.900000000001,439.900000000001,439.900000000001,439.900000000001,439.900000000001,439.900000000001,439.900000000001
440.700000000001,440.700000000001,440.700000000001,440.700000000001,440.700000000001,440.700000000001,440.700000000001,440.700000000001,440.700000000001,440.700000000001,440.700000000001,440.700000000001,440.700000000001,440.700000000001,440.700000000001,440.700000000001,440.700000000001,440.700000000001,440.700000000001,440.700000000001,440.700000000001,440.700000000001,440.700000000001,440.700000000001,440.700000000001,440.700000000001,440.700000000001,440.700000000001,440.700000000001
441.5,441.5,441.5,441.5,441.5,441.5,441.5,441.5,441.5,441.5,441.5,441.5,441.5,441.5,441.5,441.5,441.5,441.5,441.5,441.5,441.5,441.5,441.5,441.5,441.5,441.5,441.5,441.5,441.5
442.299999999999,442.299999999999,442.299999999999,442.299999999999,442.299999999999,442.299999999999,442.299999999999,442.299999999999,442.299999999999,442.299999999999,442.299999999999,442.299999999999,442.299999999999,442.299999999999,442.299999999999,442.299999999999,442.299999999999,442.299999999999,442.299999999999,442.299999999999,442.299999999999,442.299999999999,442.299999999999,442.299999999999,442.299999999999,442.299999999999,442.299999999999,442.299999999999,442.299999999999
443.100000000002,443.100000000002,443.100000000002,443.100000000002,443.100000000002,443.100000000002,443.100000000002,443.100000000002,443.100000000002,443.100000000002,443.100000000002,443.100000000002,443.100000000002,443.100000000002,443.100000000002,443.100000000002,443.100000000002,443.100000000002,443.100000000002,443.100000000002,443.100000000002,443.100000000002,443.100000000002,443.100000000002,443.100000000002,443.100000000002,443.100000000002,443.100000000002,443.100000000002
443.900000000001,443.900000000001,443.900000000001,443.900000000001,443.900000000001,443.900000000001,443.900000000001,443.900000000001,443.900000000001,443.900000000001,443.900000000001,443.900000000001,443.900000000001,443.900000000001,443.900000000001,443.900000000001,443.900000000001,443.900000000001,443.900000000001,443.900000000001,443.900000000001,443.900000000001,443.900000000001,443.900000000001,443.900000000001,443.900000000001,443.900000000001,443.900000000001,443.900000000001
