815.12,788.57,761.7,734.6,707.41,680.14,652.86,625.63,598.72,572.28,546.55,521.72,498.18,476.16,456.06,438.21,422.98,409.9,402.03,400.28,398.86,395.8,390.86,385.75,380.58,375.27,369.88,364.42,358.79
815.13,788.58,761.7,734.61,707.42,680.16,652.89,625.69,598.8,572.38,546.68,521.88,498.37,476.38,456.31,438.5,423.3,410.28,402.44,400.71,399.29,396.26,391.36,386.31,381.18,375.91,370.56,365.12,359.53
815.14,788.59,761.7,734.62,707.43,680.18,652.92,625.75,598.88,572.48,546.8,522.04,498.55,476.6,456.56,438.78,423.62,410.65,402.84,401.13,399.71,396.72,391.87,386.87,381.78,376.55,371.23,365.83,360.27
815.15,788.59,761.7,734.63,707.44,680.2,652.95,625.81,598.95,572.58,546.93,522.21,498.72,476.82,456.8,439.06,423.94,411.02,403.25,401.55,400.14,397.19,392.36,387.43,382.38,377.19,371.91,366.53,361.02
815.16,788.59,761.71,734.64,707.45,680.22,652.99,625.88,599.03,572.69,547.06,522.36,498.92,477.03,457.05,439.34,424.25,411.4,403.65,401.97,400.57,397.65,392.87,388,382.98,377.84,372.59,367.24,361.76
815.15,788.59,761.71,734.66,707.47,680.24,653.03,625.94,599.13,572.79,547.18,522.52,499.1,477.24,457.31,439.63,424.57,411.77,404.07,402.39,400.99,398.11,393.38,388.56,383.59,378.49,373.27,367.95,362.5
815.13,788.58,761.72,734.67,707.5,680.26,653.06,626,599.22,572.9,547.31,522.67,499.29,477.46,457.56,439.91,424.89,412.15,404.48,402.82,401.42,398.58,393.89,389.13,384.2,379.15,373.97,368.67,363.25
815.11,788.57,761.72,734.68,707.52,680.27,653.09,626.06,599.3,573,547.42,522.83,499.47,477.67,457.81,440.19,425.21,412.52,404.89,403.24,401.86,399.04,394.42,389.7,384.83,379.81,374.66,369.4,364.01
815.1,788.55,761.73,734.69,707.54,680.29,653.12,626.12,599.38,573.11,547.55,522.97,499.66,477.88,458.06,440.48,425.52,412.9,405.31,403.67,402.29,399.52,394.95,390.28,385.45,380.48,375.36,370.14,364.78
815.08,788.53,761.74,734.71,707.55,680.32,653.15,626.17,599.45,573.22,547.67,523.12,499.84,478.1,458.3,440.76,425.84,413.28,405.72,404.1,402.73,399.99,395.48,390.87,386.08,381.15,376.08,370.89,365.56
815.07,788.52,761.72,734.72,707.58,680.35,653.19,626.22,599.53,573.33,547.81,523.27,500.02,478.32,458.55,441.04,426.17,413.67,406.14,404.53,403.17,400.46,396.02,391.46,386.72,381.84,376.8,371.64,366.34
815.07,788.5,761.7,734.73,707.61,680.38,653.23,626.27,599.6,573.43,547.94,523.42,500.2,478.54,458.8,441.33,426.49,414.04,406.56,404.96,403.61,400.95,396.57,392.06,387.35,382.53,377.54,372.4,367.13
815.06,788.49,761.69,734.73,707.63,680.41,653.27,626.31,599.68,573.54,548.07,523.58,500.38,478.76,459.05,441.61,426.81,414.42,406.97,405.39,404.06,401.44,397.11,392.66,388.01,383.22,378.28,373.17,367.93
815.05,788.48,761.7,734.75,707.67,680.45,653.32,626.36,599.75,573.63,548.2,523.74,500.56,478.97,459.3,441.89,427.14,414.8,407.4,405.83,404.51,401.93,397.67,393.26,388.66,383.92,379.02,373.96,368.74
815.05,788.48,761.7,734.76,707.7,680.5,653.37,626.43,599.82,573.72,548.33,523.89,500.74,479.18,459.55,442.17,427.48,415.18,407.83,406.27,404.97,402.43,398.22,393.88,389.33,384.63,379.78,374.73,369.57
815.05,788.5,761.71,734.78,707.72,680.56,653.43,626.48,599.89,573.81,548.46,524.05,500.94,479.4,459.81,442.46,427.82,415.56,408.26,406.71,405.43,402.93,398.79,394.5,390.01,385.35,380.53,375.54,370.4
815.05,788.52,761.73,734.79,707.74,680.58,653.49,626.55,599.96,573.9,548.59,524.2,501.12,479.62,460.06,442.74,428.16,415.95,408.69,407.15,405.88,403.43,399.37,395.13,390.68,386.08,381.29,376.35,371.24
815.07,788.55,761.73,734.79,707.74,680.61,653.54,626.62,600.04,573.99,548.7,524.36,501.31,479.84,460.3,443.03,428.5,416.34,409.11,407.59,406.33,404,399.95,395.78,391.37,386.82,382.07,377.16,372.09
815.07,788.53,761.74,734.79,707.73,680.63,653.58,626.69,600.12,574.09,548.82,524.51,501.5,480.05,460.54,443.33,428.84,416.72,409.54,408.02,406.78,404.56,400.56,396.42,392.07,387.56,382.86,377.99,372.95
815.02,788.51,761.75,734.79,707.73,680.66,653.62,626.75,600.2,574.19,548.94,524.65,501.69,480.27,460.79,443.62,429.19,417.12,409.96,408.47,407.22,405.1,401.17,397.08,392.77,388.32,383.65,378.82,373.82
814.99,788.5,761.77,734.79,707.73,680.68,653.66,626.82,600.28,574.3,549.07,524.81,501.87,480.48,461.04,443.91,429.53,417.51,410.39,408.91,407.67,405.59,401.78,397.74,393.49,389.07,384.47,379.66,374.7
814.96,788.49,761.79,734.79,707.72,680.7,653.69,626.88,600.36,574.4,549.2,524.97,502.04,480.7,461.29,444.2,429.87,417.9,410.82,409.35,408.13,406.09,402.42,398.4,394.21,389.85,385.29,380.53,375.59
814.92,788.5,761.81,734.79,707.72,680.72,653.72,626.94,600.44,574.51,549.32,525.13,502.23,480.92,461.55,444.49,430.22,418.29,411.25,409.8,408.58,406.59,403.05,399.1,394.94,390.64,386.11,381.4,376.5
814.94,788.51,761.8,734.8,707.73,680.72,653.74,626.98,600.51,574.62,549.45,525.3,502.42,481.13,461.81,444.79,430.57,418.68,411.69,410.25,409.04,407.09,403.7,399.8,395.7,391.43,386.94,382.28,377.41
814.95,788.49,761.76,734.81,707.77,680.72,653.77,627.03,600.58,574.72,549.57,525.46,502.6,481.34,462.06,445.07,430.92,419.07,412.13,410.7,409.51,407.59,404.34,400.49,396.45,392.24,387.77,383.16,378.33
814.98,788.47,761.73,734.82,707.81,680.74,653.79,627.07,600.65,574.82,549.7,525.63,502.79,481.56,462.32,445.37,431.27,419.46,412.56,411.15,409.97,408.09,404.99,401.2,397.22,393.05,388.64,384.05,379.28
815,788.45,761.71,734.84,707.83,680.77,653.83,627.11,600.72,574.93,549.82,525.79,502.98,481.79,462.58,445.68,431.62,419.84,413,411.61,410.43,408.6,405.62,401.91,398,393.86,389.52,384.96,380.22
815,788.44,761.7,734.84,707.85,680.81,653.89,627.15,600.78,575.02,549.95,525.95,503.17,482.03,462.84,445.98,431.97,420.23,413.46,412.07,410.91,409.12,406.24,402.63,398.79,394.71,390.4,385.88,381.18
815,788.44,761.71,734.84,707.87,680.85,653.95,627.22,600.85,575.11,550.07,526.1,503.35,482.27,463.1,446.3,432.32,420.63,413.91,412.54,411.39,409.64,406.86,403.36,399.58,395.56,391.3,386.81,382.16
815.01,788.44,761.7,734.84,707.89,680.89,653.99,627.28,600.94,575.2,550.21,526.25,503.54,482.5,463.36,446.62,432.67,421.03,414.36,413.01,411.88,410.17,407.46,404.1,400.38,396.42,392.21,387.77,383.15
815.02,788.43,761.67,734.83,707.93,680.92,654.04,627.35,601.05,575.31,550.36,526.41,503.73,482.73,463.61,446.94,433.02,421.43,414.81,413.49,412.37,410.7,408.05,404.86,401.18,397.29,393.13,388.74,384.16
814.99,788.42,761.63,734.84,707.96,680.95,654.08,627.43,601.15,575.43,550.5,526.57,503.92,482.96,463.87,447.26,433.38,421.84,415.26,413.96,412.86,411.23,408.65,405.62,402.01,398.16,394.07,389.72,385.17
814.97,788.42,761.64,734.85,708,680.99,654.13,627.51,601.24,575.55,550.64,526.73,504.12,483.17,464.13,447.58,433.74,422.25,415.73,414.45,413.36,411.77,409.27,406.39,402.85,399.06,395.01,390.73,386.18
814.92,788.41,761.64,734.87,708.03,681.02,654.18,627.6,601.34,575.67,550.79,526.9,504.33,483.4,464.4,447.9,434.09,422.66,416.19,414.93,413.87,412.32,409.9,407.16,403.68,399.97,395.97,391.74,387.24
814.88,788.42,761.68,734.9,708.05,681.06,654.23,627.69,601.44,575.79,550.94,527.07,504.53,483.62,464.67,448.21,434.44,423.07,416.66,415.42,414.38,412.88,410.55,407.94,404.56,400.88,396.95,392.75,388.31
814.88,788.44,761.71,734.91,708.07,681.1,654.3,627.77,601.52,575.9,551.09,527.23,504.73,483.85,464.94,448.52,434.81,423.48,417.13,415.92,414.9,413.44,411.2,408.7,405.44,401.82,397.93,393.8,389.38
814.88,788.45,761.73,734.92,708.09,681.16,654.37,627.84,601.61,576.01,551.23,527.39,504.94,484.09,465.21,448.84,435.17,423.9,417.6,416.42,415.41,414.02,411.86,409.42,406.32,402.77,398.94,394.84,390.49
814.89,788.45,761.74,734.93,708.12,681.23,654.43,627.9,601.7,576.12,551.36,527.55,505.15,484.33,465.49,449.16,435.54,424.31,418.08,416.93,415.94,414.6,412.54,410.15,407.2,403.71,399.96,395.9,391.6
814.89,788.45,761.75,734.95,708.16,681.3,654.5,627.94,601.79,576.22,551.49,527.72,505.34,484.56,465.77,449.47,435.91,424.73,418.57,417.44,416.48,415.19,413.22,410.91,408.08,404.69,400.99,396.99,392.73
814.91,788.45,761.76,734.98,708.2,681.38,654.56,628,601.87,576.33,551.63,527.89,505.56,484.8,466.05,449.78,436.28,425.16,419.07,417.95,417.01,415.78,413.9,411.68,408.99,405.66,402.04,398.09,393.89
814.93,788.47,761.8,735.02,708.25,681.44,654.62,628.05,601.96,576.46,551.76,528.08,505.77,485.04,466.34,450.09,436.64,425.59,419.57,418.48,417.55,416.37,414.6,412.45,409.93,406.65,403.1,399.2,395.05
814.96,788.51,761.83,735.05,708.29,681.48,654.67,628.12,602.05,576.58,551.91,528.27,505.99,485.28,466.62,450.41,437,426.02,420.07,419.01,418.11,417,415.3,413.25,410.87,407.7,404.16,400.34,396.22
814.98,788.55,761.87,735.09,708.34,681.53,654.74,628.18,602.14,576.7,552.06,528.45,506.22,485.53,466.91,450.73,437.37,426.45,420.57,419.54,418.66,417.63,416.02,414.04,411.78,408.74,405.29,401.47,397.43
814.99,788.58,761.9,735.12,708.36,681.58,654.81,628.26,602.25,576.82,552.21,528.64,506.43,485.79,467.19,451.05,437.74,426.88,421.09,420.08,419.23,418.25,416.75,414.85,412.66,409.78,406.41,402.66,398.64
815,788.59,761.94,735.14,708.38,681.63,654.88,628.35,602.35,576.95,552.36,528.82,506.63,486.05,467.48,451.38,438.11,427.33,421.6,420.62,419.79,418.89,417.49,415.7,413.55,410.83,407.53,403.87,399.88
815.01,788.6,761.97,735.17,708.42,681.69,654.97,628.46,602.46,577.07,552.51,529.01,506.82,486.31,467.78,451.7,438.48,427.77,422.13,421.18,420.37,419.53,418.22,416.55,414.49,411.89,408.67,405.09,401.16
815.01,788.61,762,735.22,708.45,681.75,655.05,628.58,602.57,577.19,552.66,529.2,507.04,486.57,468.08,452.03,438.86,428.22,422.66,421.74,420.96,420.18,418.96,417.41,415.44,412.99,409.81,406.31,402.44
815.01,788.62,762.03,735.26,708.5,681.79,655.13,628.69,602.68,577.33,552.8,529.4,507.27,486.82,468.4,452.35,439.23,428.66,423.2,422.3,421.54,420.85,419.72,418.29,416.41,414.11,411,407.54,403.75
815.01,788.64,762.06,735.3,708.55,681.85,655.19,628.76,602.79,577.45,552.94,529.59,507.5,487.1,468.72,452.67,439.6,429.11,423.74,422.89,422.15,421.51,420.52,419.16,417.4,415.22,412.22,408.78,405.05
815.02,788.67,762.1,735.35,708.6,681.91,655.23,628.82,602.89,577.57,553.08,529.77,507.73,487.36,469.04,453.01,439.98,429.57,424.29,423.48,422.76,422.21,421.33,420.09,418.38,416.31,413.45,410.1,406.37
815.04,788.73,762.15,735.4,708.65,681.96,655.28,628.88,602.98,577.7,553.25,529.94,507.96,487.63,469.35,453.35,440.37,430.03,424.85,424.06,423.38,422.9,422.15,421.01,419.4,417.39,414.7,411.42,407.75
815.04,788.74,762.16,735.44,708.68,681.98,655.32,628.94,603.07,577.83,553.43,530.1,508.18,487.9,469.66,453.7,440.75,430.49,425.41,424.65,424.01,423.61,422.98,421.95,420.45,418.5,415.96,412.75,409.15
815.03,788.72,762.16,735.47,708.7,682.01,655.36,628.99,603.16,577.96,553.59,530.28,508.39,488.16,469.98,454.05,441.13,430.97,425.97,425.25,424.64,424.33,423.8,422.9,421.5,419.66,417.22,414.11,410.55
815.04,788.71,762.17,735.5,708.73,682.05,655.4,629.04,603.25,578.07,553.75,530.46,508.6,488.42,470.29,454.42,441.52,431.44,426.55,425.88,425.28,425.05,424.67,423.86,422.57,420.81,418.52,415.46,412
815.04,788.7,762.17,735.52,708.76,682.1,655.46,629.11,603.33,578.19,553.88,530.6,508.79,488.68,470.6,454.78,441.9,431.92,427.13,426.5,425.94,425.79,425.54,424.84,423.64,421.98,419.83,416.87,413.45
815.05,788.72,762.2,735.57,708.83,682.16,655.52,629.18,603.4,578.24,553.97,530.75,508.99,488.95,470.91,455.15,442.28,432.41,427.71,427.13,426.6,426.54,426.43,425.85,424.73,423.18,421.14,418.29,414.93
815.06,788.74,762.24,735.6,708.89,682.22,655.6,629.28,603.46,578.29,554.08,530.94,509.19,489.22,471.21,455.53,442.66,432.89,428.3,427.77,427.28,427.3,427.36,426.85,425.86,424.38,422.46,419.72,416.47
815.07,788.77,762.27,735.63,708.97,682.29,655.7,629.38,603.53,578.39,554.21,531.13,509.4,489.47,471.51,455.9,443.09,433.39,428.9,428.41,427.95,428.07,428.28,427.9,426.99,425.64,423.77,421.22,418
815.08,788.8,762.3,735.66,709.01,682.34,655.77,629.48,603.65,578.49,554.36,531.31,509.6,489.73,471.82,456.27,443.53,433.88,429.51,429.07,428.65,428.85,429.21,428.95,428.15,426.91,425.12,422.73,419.57
815.09,788.82,762.32,735.68,709.02,682.37,655.85,629.58,603.77,578.64,554.53,531.5,509.8,489.97,472.13,456.65,443.99,434.38,430.12,429.73,429.36,429.66,430.15,430.02,429.34,428.19,426.5,424.24,421.17
815.08,788.83,762.33,735.69,709.04,682.42,655.93,629.69,603.91,578.81,554.68,531.69,510.01,490.21,472.44,457.02,444.45,434.88,430.76,430.41,430.07,430.47,431.1,431.13,430.54,429.49,427.88,425.77,422.77
815.08,788.84,762.36,735.71,709.08,682.47,656,629.79,604.06,578.98,554.89,531.88,510.22,490.46,472.75,457.4,444.93,435.37,431.39,431.09,430.8,431.29,432.09,432.23,431.78,430.81,429.33,427.29,424.42
815.13,788.88,762.4,735.75,709.12,682.54,656.09,629.9,604.21,579.15,555.1,532.07,510.42,490.72,473.07,457.78,445.42,435.87,432.02,431.78,431.53,432.13,433.06,433.37,433.04,432.16,430.79,428.85,426.09
815.16,788.91,762.44,735.8,709.16,682.6,656.18,630.02,604.36,579.33,555.29,532.29,510.63,490.98,473.36,458.15,445.91,436.37,432.66,432.48,432.28,432.97,434.07,434.52,434.31,433.55,432.26,430.44,427.76
815.17,788.93,762.47,735.86,709.24,682.67,656.29,630.16,604.51,579.53,555.48,532.5,510.88,491.24,473.64,458.52,446.39,436.87,433.3,433.18,433.03,433.84,435.09,435.68,435.62,434.93,433.78,432.04,429.56
815.22,788.96,762.5,735.93,709.31,682.76,656.39,630.3,604.65,579.7,555.66,532.74,511.15,491.5,473.94,458.92,446.88,437.39,433.94,433.89,433.79,434.73,436.13,436.89,436.93,436.37,435.3,433.66,431.35
815.26,788.98,762.52,735.97,709.34,682.79,656.46,630.37,604.75,579.84,555.84,532.97,511.42,491.77,474.26,459.33,447.37,438.04,434.57,434.59,434.58,435.61,437.2,438.08,438.28,437.84,436.84,435.3,433.15
815.26,789.02,762.56,736.03,709.39,682.83,656.54,630.44,604.86,579.99,556.02,533.19,511.7,492.04,474.58,459.71,447.87,438.71,435.22,435.32,435.37,436.52,438.26,439.31,439.65,439.35,438.43,436.94,434.93
815.27,789.05,762.62,736.1,709.46,682.91,656.6,630.53,604.97,580.13,556.2,533.4,511.98,492.36,474.89,460.09,448.37,439.42,435.87,436.05,436.17,437.44,439.37,440.57,441.04,440.89,440.04,438.66,436.68
815.28,789.07,762.7,736.17,709.54,682.99,656.68,630.62,605.09,580.26,556.38,533.65,512.29,492.7,475.19,460.47,448.86,440.14,436.56,436.8,436.98,438.39,440.48,441.84,442.49,442.41,441.7,440.4,438.49
815.34,789.09,762.76,736.24,709.63,683.1,656.78,630.74,605.21,580.4,556.58,533.89,512.6,493.05,475.55,460.85,449.34,440.81,437.46,437.65,437.8,439.33,441.61,443.17,443.9,443.98,443.38,442.16,440.37
815.39,789.12,762.78,736.3,709.72,683.21,656.89,630.87,605.35,580.54,556.75,534.12,512.9,493.39,475.92,461.21,449.79,441.39,438.36,438.51,438.64,440.28,442.76,444.48,445.37,445.58,445.06,443.99,442.25
815.42,789.2,762.83,736.36,709.81,683.33,657.03,631.03,605.53,580.69,556.92,534.33,513.19,493.72,476.32,461.56,450.23,441.97,439.21,439.37,439.47,441.25,443.91,445.83,446.88,447.19,446.83,445.83,444.18
815.45,789.27,762.88,736.41,709.85,683.4,657.14,631.17,605.71,580.89,557.16,534.52,513.42,494.05,476.73,461.91,450.67,442.55,440.05,440.23,440.36,442.21,445.09,447.21,448.38,448.89,448.57,447.69,446.13
815.5,789.32,762.97,736.47,709.89,683.46,657.23,631.31,605.88,581.14,557.45,534.69,513.66,494.36,477.13,462.42,451.1,443.13,440.86,441.1,441.27,443.23,446.29,448.56,449.95,450.58,450.37,449.57,448.07
815.56,789.36,763.04,736.55,709.97,683.52,657.31,631.4,606.02,581.34,557.67,534.99,513.86,494.64,477.52,462.92,451.54,443.75,441.61,441.95,442.18,444.25,447.53,449.99,451.51,452.28,452.24,451.48,450.1
815.61,789.41,763.1,736.64,710.06,683.6,657.37,631.47,606.14,581.5,557.84,535.32,514.05,494.92,477.9,463.42,452.04,444.38,442.38,442.81,443.1,445.29,448.84,451.42,453.11,454.01,454.11,453.49,452.14
815.67,789.51,763.16,736.73,710.16,683.71,657.48,631.56,606.27,581.66,558.02,535.58,514.39,495.22,478.28,463.93,452.56,445.01,443.18,443.68,444.03,446.36,450.14,452.9,454.75,455.78,456.04,455.5,454.22
815.72,789.57,763.21,736.79,710.26,683.83,657.6,631.65,606.42,581.83,558.21,535.8,514.75,495.5,478.67,464.43,453.19,445.65,443.99,444.57,445,447.46,451.47,454.39,456.42,457.62,457.98,457.52,456.4
815.76,789.57,763.28,736.86,710.35,683.96,657.73,631.81,606.55,581.99,558.42,536.05,515.09,495.84,479.05,464.94,453.81,446.3,444.82,445.48,445.96,448.61,452.8,455.86,458.15,459.47,459.94,459.64,458.58
815.8,789.64,763.34,736.91,710.4,684.04,657.87,631.97,606.7,582.15,558.63,536.32,515.43,496.17,479.43,465.43,454.45,446.94,445.65,446.42,446.97,449.75,454.16,457.4,459.89,461.34,461.98,461.71,460.81
815.83,789.71,763.4,736.99,710.47,684.1,658,632.17,606.9,582.35,558.82,536.57,515.73,496.57,479.78,465.91,455.08,447.58,446.51,447.35,447.97,450.93,455.58,458.97,461.66,463.25,463.99,463.88,463.08
815.88,789.77,763.47,737.07,710.57,684.18,658.1,632.33,607.12,582.55,558.99,536.81,516.02,496.98,480.12,466.38,455.71,448.28,447.37,448.3,449,452.11,457,460.6,463.45,465.15,466.06,466.1,465.35
815.95,789.82,763.56,737.15,710.67,684.27,658.18,632.41,607.27,582.8,559.25,537,516.27,497.33,480.59,466.8,456.32,448.98,448.22,449.26,450.06,453.31,458.47,462.25,465.25,467.15,468.18,468.33,467.76
815.99,789.88,763.61,737.23,710.78,684.39,658.3,632.54,607.41,583.07,559.52,537.17,516.5,497.68,481.05,467.23,456.89,449.8,449.08,450.24,451.11,454.55,459.93,463.93,467.12,469.18,470.34,470.65,470.13
816.03,789.98,763.68,737.32,710.9,684.52,658.43,632.71,607.52,583.2,559.78,537.47,516.77,498.03,481.51,467.68,457.42,450.67,449.95,451.23,452.19,455.8,461.43,465.68,469.02,471.23,472.55,472.98,472.52
816.09,790.02,763.75,737.37,711,684.68,658.57,632.87,607.67,583.36,560.03,537.82,517.03,498.39,482,468.14,457.94,451.5,450.82,452.23,453.28,457.08,462.95,467.4,470.98,473.33,474.8,475.34,474.97
816.2,790.07,763.87,737.44,711.07,684.79,658.71,633.03,607.88,583.55,560.23,538.08,517.4,498.69,482.46,468.81,458.44,452.31,451.69,453.24,454.42,458.36,464.5,469.2,472.97,475.44,477.14,477.78,477.48
816.22,790.13,763.94,737.54,711.15,684.9,658.86,633.22,608.09,583.74,560.44,538.33,517.77,498.99,482.92,469.49,459,453.13,452.75,454.27,455.54,459.7,466.12,471.01,474.97,477.63,479.51,480.22,480.07
816.27,790.25,763.99,737.67,711.26,685.03,658.98,633.4,608.32,583.94,560.69,538.59,518.12,499.4,483.27,470.04,459.81,453.96,453.91,455.46,456.72,461.06,467.72,472.89,477.08,479.87,481.84,482.74,482.69
816.34,790.3,764.08,737.78,711.37,685.14,659.1,633.51,608.49,584.17,560.93,538.87,518.45,499.84,483.6,470.6,460.65,454.75,455.08,456.62,457.92,462.43,469.43,474.8,479.14,482.16,484.29,485.27,485.33
816.39,790.33,764.18,737.86,711.48,685.25,659.25,633.66,608.66,584.43,561.18,539.16,518.76,500.29,484.1,470.97,461.32,455.52,456.25,457.84,459.15,463.81,471.1,476.7,481.3,484.51,486.75,487.87,488.07
816.45,790.41,764.27,737.95,711.56,685.39,659.41,633.86,608.9,584.72,561.41,539.47,519.07,500.76,484.63,471.33,461.98,456.28,457.37,459.07,460.41,465.23,472.83,478.7,483.49,486.86,489.29,490.6,490.81
816.55,790.49,764.31,738.07,711.69,685.51,659.59,634.02,609.11,585,561.63,539.8,519.4,501.1,485.2,471.97,462.55,457.24,458.33,460.23,461.66,466.71,474.56,480.66,485.71,489.29,491.88,493.28,493.63
816.62,790.54,764.41,738.2,711.83,685.64,659.74,634.19,609.27,585.2,561.95,540.1,519.75,501.42,485.75,472.67,463.11,458.19,459.28,461.39,462.96,468.17,476.32,482.75,487.98,491.79,494.46,496.06,496.51
816.67,790.61,764.5,738.24,711.98,685.76,659.88,634.36,609.47,585.42,562.31,540.33,520.19,501.86,486.13,473.31,463.89,459.12,460.37,462.53,464.28,469.73,478.14,484.84,490.26,494.35,497.18,498.86,499.4
816.76,790.74,764.59,738.32,712.11,685.89,660.05,634.57,609.67,585.64,562.56,540.63,520.58,502.31,486.47,473.96,464.68,460.03,461.43,463.66,465.62,471.28,479.98,486.96,492.66,496.94,499.9,501.71,502.42
816.84,790.82,764.63,738.43,712.2,686.04,660.17,634.82,609.86,585.85,562.8,540.99,520.84,502.81,487.07,474.38,465.41,460.87,462.98,464.93,466.99,472.86,481.91,489.14,495.08,499.5,502.69,504.63,505.5
816.92,790.88,764.73,738.58,712.29,686.19,660.27,634.96,610.08,586.03,563.07,541.36,521.19,503.29,487.7,474.77,466.13,461.68,464.53,466.41,468.28,474.46,483.78,491.37,497.56,502.19,505.52,507.55,508.59
817.04,790.99,764.86,738.67,712.39,686.31,660.41,635.08,610.39,586.33,563.33,541.73,521.68,503.56,488.26,475.53,466.82,462.57,465.6,467.86,469.55,476.04,485.77,493.68,500.07,504.96,508.39,510.67,511.69
817.15,791.1,764.97,738.76,712.52,686.41,660.6,635.22,610.6,586.67,563.61,541.97,522.13,503.94,488.82,476.36,467.47,463.54,466.56,469.13,471.02,477.6,487.75,495.99,502.61,507.74,511.4,513.82,514.86
817.24,791.17,765.07,738.88,712.66,686.53,660.85,635.37,610.73,586.89,563.95,542.22,522.55,504.61,489.18,477.01,468.38,464.66,468.06,470.39,472.61,479.27,489.79,498.37,505.23,510.56,514.41,517,518.27
817.38,791.31,765.2,739.05,712.79,686.67,660.92,635.57,610.93,587.1,564.36,542.73,522.91,505.16,489.6,477.61,469.38,465.89,469.81,471.96,474.05,481.05,491.84,500.71,507.9,513.46,517.54,520.25,521.62
817.49,791.46,765.29,739.12,712.92,686.82,661.04,635.86,611.14,587.29,564.55,543.18,523.26,505.55,490.35,478.19,470.12,467.1,471.12,473.52,475.38,482.79,493.95,503.2,510.67,516.42,520.67,523.56,525.09
817.64,791.55,765.4,739.22,713.06,687,661.23,636.02,611.38,587.52,564.71,543.48,523.76,506.09,491.01,478.77,470.78,468.3,472.19,474.96,476.91,484.45,496.11,505.76,513.45,519.4,523.87,527.02,528.66
817.79,791.7,765.53,739.36,713.19,687.17,661.45,636.15,611.59,587.78,565.08,543.75,524.25,506.72,491.35,479.67,471.65,469.41,473.48,476.37,478.61,486.18,498.31,508.34,516.28,522.55,527.15,530.4,532.25
817.93,791.85,765.68,739.5,713.32,687.35,661.6,636.34,611.83,588.09,565.41,544,524.53,507.18,491.88,480.49,472.6,470.44,474.94,477.97,480.31,488.16,500.58,510.94,519.19,525.63,530.52,533.96,535.93
818.06,791.98,765.8,739.59,713.47,687.53,661.77,636.61,612.11,588.37,565.71,544.42,524.88,507.57,492.7,480.9,473.64,471.46,476.46,479.54,482.02,490.17,502.88,513.59,522.18,528.94,534.04,537.59,539.6
818.21,792.16,765.93,739.75,713.65,687.66,662,636.89,612.34,588.62,565.99,544.85,525.35,507.98,493.35,481.46,474.7,472.5,478.02,481.22,483.78,492.22,505.31,516.35,525.22,532.23,537.48,541.2,543.42
818.32,792.31,766.14,739.93,713.79,687.84,662.24,637.14,612.58,588.96,566.32,545.26,525.77,508.44,493.9,482.47,475.39,473.78,479.44,482.97,485.58,494.25,507.71,519.13,528.31,535.58,541.13,544.93,547.31
818.44,792.44,766.29,740.1,713.93,688.04,662.48,637.24,612.84,589.24,566.77,545.59,526.18,509,494.42,483.41,476.12,475.23,480.73,484.58,487.41,496.38,510.24,522,531.49,538.98,544.72,548.74,551.25
818.57,792.57,766.47,740.27,714.12,688.26,662.7,637.45,613.19,589.49,567.05,545.88,526.67,509.58,494.92,484.26,477.41,476.48,482.23,486.13,489.24,498.51,512.8,524.89,534.74,542.45,548.44,552.69,555.3
818.7,792.72,766.65,740.46,714.39,688.5,662.83,637.77,613.44,589.76,567.32,546.46,527.16,510.14,495.6,484.94,478.62,477.64,483.91,487.91,491.09,500.72,515.5,527.95,538.02,546.07,552.25,556.65,559.35
818.85,792.85,766.82,740.65,714.59,688.66,663.1,638.11,613.62,590.12,567.75,546.88,527.61,510.66,496.32,485.48,479.67,479.12,485.65,489.67,493.01,502.92,518.12,531.02,541.4,549.73,556.15,560.76,563.64
819.02,793.02,767,740.84,714.78,688.87,663.39,638.32,613.9,590.51,568.1,547.1,528.15,511.17,497.15,486.3,480.59,480.74,487.41,491.59,494.95,505.22,520.91,534.19,545,553.58,560.19,564.96,567.95
819.2,793.17,767.17,741.08,714.98,689.15,663.65,638.54,614.2,590.89,568.42,547.6,528.71,511.86,497.87,487.28,481.31,482.05,489.27,493.47,496.93,507.51,523.7,537.37,548.49,557.33,564.18,569.22,572.39
819.4,793.34,767.3,741.24,715.18,689.41,663.87,638.81,614.53,591.12,568.76,548.09,529.23,512.46,498.46,488.23,482.34,483.25,491.24,495.45,498.96,509.88,526.56,540.72,552.09,561.33,568.39,573.57,576.91
819.63,793.54,767.46,741.45,715.41,689.59,664.05,639.12,614.86,591.35,569.29,548.45,529.71,512.9,499.29,489.14,483.67,484.61,493.21,497.5,501.06,512.25,529.42,544.01,555.78,565.34,572.61,577.95,581.48
819.86,793.75,767.65,741.66,715.64,689.79,664.31,639.44,615.04,591.75,569.78,548.87,530.13,513.68,500.14,489.86,484.83,485.99,495.18,499.61,503.22,514.67,532.46,547.38,559.59,569.45,576.96,582.59,586.17
820.05,793.99,767.85,741.87,715.86,690.02,664.62,639.72,615.36,592.17,570.01,549.32,530.76,514.46,500.66,490.79,485.95,487.23,496.89,501.75,505.46,517.13,535.49,550.84,563.43,573.59,581.43,587.11,590.96
820.26,794.2,768.09,742.06,716.09,690.3,664.88,639.98,615.74,592.53,570.37,549.89,531.33,514.77,501.43,491.95,486.95,488.59,498.52,503.68,507.66,519.74,538.62,554.49,567.44,577.92,586.03,591.91,595.89
820.48,794.43,768.36,742.28,716.38,690.59,665.14,640.21,616.11,592.88,570.78,550.58,531.79,515.5,502.53,492.82,487.98,490.36,500.27,505.65,509.9,522.36,541.73,558.08,571.44,582.31,590.66,596.73,600.93
820.71,794.66,768.6,742.49,716.63,690.87,665.41,640.5,616.49,593.23,571.26,551.08,532.28,516.49,503.23,493.68,489.29,492.11,502.19,507.56,512.13,524.99,544.92,561.72,575.55,586.78,595.37,601.67,606.06
820.95,794.89,768.84,742.75,716.89,691.12,665.65,640.87,616.82,593.66,571.78,551.32,532.91,517.02,503.93,494.85,490.63,493.94,504.82,509.61,514.35,527.55,548.18,565.46,579.73,591.28,600.14,606.73,611.29
821.19,795.15,769.08,743.06,717.16,691.4,666.04,641.21,617.19,594.1,572.18,551.91,533.71,517.53,504.97,495.96,492.05,495.51,507.05,511.88,516.13,530.07,551.36,569.33,583.95,595.85,605.03,611.91,616.64
821.42,795.42,769.33,743.35,717.43,691.73,666.38,641.54,617.54,594.52,572.65,552.48,534.15,518.04,505.93,497.03,493.26,496.94,508.52,513.92,517.94,532.3,554.5,573.12,588.28,600.52,610.05,617.17,622.04
821.66,795.66,769.6,743.62,717.68,692.06,666.69,641.87,617.87,594.94,573.26,553.02,534.76,519.02,506.81,497.94,494.48,498.67,510.2,515.81,520.2,534.31,557.49,576.86,592.65,605.28,615.18,622.53,627.56
821.91,795.91,769.86,743.9,717.94,692.39,667,642.23,618.32,595.34,573.72,553.4,535.5,519.87,507.28,499,496.03,500.32,512.01,517.81,522.43,536.57,560.34,580.5,597,610.14,620.39,628.01,633.25
822.15,796.18,770.12,744.19,718.28,692.72,667.35,642.68,618.72,595.7,574.3,554.15,536.13,520.65,508.28,500.46,497.36,501.86,513.95,519.78,524.57,538.95,563.03,584.09,601.25,614.98,625.57,633.45,638.98
822.39,796.45,770.4,744.48,718.64,693.05,667.74,643.07,619.1,596.25,574.8,554.83,536.76,521.45,509.6,501.4,498.5,503.5,515.94,521.86,526.69,541.2,565.64,587.53,605.53,619.8,630.83,639.06,644.8
822.64,796.72,770.72,744.77,718.97,693.37,668.16,643.49,619.57,596.8,575.23,555.51,537.46,522.36,510.54,502.28,500.05,505.25,517.74,523.89,528.86,543.46,568.17,590.69,609.64,624.6,636.03,644.71,650.64
822.92,796.98,770.99,745.09,719.3,693.69,668.58,643.86,620.1,597.27,575.65,556.29,538.29,523.23,511.42,503.79,501.54,506.87,519.63,525.84,530.91,545.74,570.69,593.87,613.6,629.31,641.31,650.49,656.69
823.2,797.27,771.27,745.42,719.63,694.02,669.01,644.28,620.6,597.75,576.36,556.79,539.23,523.94,512.38,505.13,502.68,508.49,521.56,527.86,532.93,547.99,573.18,596.82,617.34,633.88,646.58,656.15,662.6
823.48,797.54,771.57,745.73,719.99,694.39,669.4,644.76,621.05,598.15,577.05,557.36,539.8,524.95,513.71,506.36,504.2,510.07,523.53,529.9,535.06,550.18,575.6,599.7,621.14,638.42,651.83,661.89,668.7
823.76,797.84,771.87,746.05,720.32,694.77,669.81,645.27,621.55,598.89,577.63,557.96,540.55,526.01,514.53,507.22,505.85,511.54,525.56,531.92,537.19,552.36,578.02,602.49,624.63,642.82,657.01,667.48,674.8
824.04,798.13,772.16,746.4,720.68,695.14,670.22,645.77,621.99,599.54,578.16,558.65,541.63,527.03,515.46,508.79,507.47,513.08,528.14,533.99,539.25,554.6,580.45,605.26,627.97,647.08,662.04,673.09,681.07
824.32,798.44,772.46,746.72,721.05,695.52,670.64,646.27,622.49,600.13,578.76,559.61,542.28,527.96,516.79,510.33,508.79,515.58,530.2,536.24,541.24,556.77,582.88,607.97,631.17,651.11,667,678.84,687.19
824.6,798.76,772.78,747.06,721.43,695.93,671.09,646.76,623.07,600.68,579.44,560.35,542.94,528.9,517.95,511.38,510.13,517.52,531.51,538.19,543.19,558.92,585.25,610.67,634.34,655.02,671.81,684.4,693.3
824.88,799.08,773.12,747.39,721.8,696.37,671.54,647.27,623.68,601.25,580.29,560.97,543.85,529.87,519.2,512.74,512,518.94,533.71,540.08,545.59,561.01,587.64,613.29,637.42,658.78,676.43,689.93,699.43
825.15,799.37,773.47,747.76,722.17,696.79,672.06,647.78,624.28,601.8,581.09,561.6,544.95,530.79,520.34,514.2,513.56,520.86,536.15,542.37,547.88,563.31,590.04,615.92,640.44,662.49,680.92,695.2,705.53
825.45,799.66,773.81,748.13,722.56,697.22,672.57,648.31,624.89,602.35,581.79,562.41,546,531.65,521.36,515.73,515.07,522.78,538.73,544.63,549.92,565.85,592.42,618.53,643.38,665.96,685.29,700.42,711.48
825.75,799.97,774.14,748.51,722.96,697.65,673.03,648.87,625.51,603.07,582.45,563.43,546.84,532.9,522.84,516.92,516.62,524.76,540.35,546.86,551.87,568.03,594.81,621.09,646.25,669.4,689.48,705.37,717.33
826.05,800.3,774.49,748.87,723.36,698.1,673.49,649.34,626.11,603.81,583.12,564.37,547.52,534.1,523.88,518.32,518.56,526.44,541.87,548.83,554.03,570.14,597.27,623.67,649.14,672.73,693.51,710.38,723.15
826.36,800.63,774.83,749.25,723.76,698.56,674.04,649.88,626.68,604.56,583.8,565.3,548.56,535.27,525.11,519.91,520.16,528.45,544.7,550.97,556.52,572.24,599.7,626.27,651.98,676.03,697.45,715.13,728.69
826.66,800.95,775.18,749.64,724.18,699.01,674.58,650.45,627.23,605.3,584.49,566.19,549.72,536.33,526.6,521.57,521.6,530.65,546.57,553.35,558.65,574.75,602.09,628.84,654.79,679.21,701.3,719.87,734.35
826.96,801.26,775.56,750.04,724.6,699.47,675.07,651,627.8,606,585.33,567.04,550.86,537.32,528.05,522.66,523.45,532.49,548.3,555.31,560.91,577.14,604.54,631.5,657.58,682.38,705,724.33,739.65
827.27,801.58,775.92,750.44,725.02,699.94,675.55,651.45,628.54,606.72,586.21,567.87,551.97,538.46,529.36,524.47,525.43,534.46,550.98,557.5,563.36,579.33,606.99,634.1,660.41,685.53,708.5,728.63,744.77
827.58,801.92,776.28,750.81,725.41,700.44,676.08,652.03,629.25,607.45,587.12,568.73,553.06,539.95,530.61,526.29,527,536.43,552.77,559.92,565.51,581.79,609.44,636.69,663.2,688.61,712.07,732.84,749.71
827.91,802.25,776.65,751.2,725.82,700.94,676.64,652.63,630,608.19,588.02,569.63,554.15,541.35,531.88,527.89,528.59,538.49,554.68,561.8,567.78,584.27,611.96,639.33,666.02,691.66,715.52,736.9,754.61
828.21,802.59,777.01,751.63,726.23,701.44,677.23,653.25,630.81,608.99,588.86,570.52,555.22,542.7,533.3,529.32,530.79,540.34,557.04,564.02,570.19,586.51,614.46,641.95,668.84,694.72,719,740.93,759.37
828.52,802.91,777.38,752.04,726.69,701.93,677.75,653.86,631.48,609.82,589.75,571.55,556.3,544.03,535.03,530.74,532.88,542.49,559.81,566.47,572.4,589.01,616.95,644.6,671.61,697.75,722.39,744.84,764.05
828.83,803.24,777.78,752.44,727.17,702.42,678.27,654.47,632.13,610.67,590.68,572.61,557.35,545.3,536.69,532.32,534.69,544.67,561.76,568.9,574.57,591.47,619.48,647.21,674.4,700.72,725.7,748.7,768.52
829.14,803.57,778.16,752.84,727.65,702.95,678.81,655.08,632.86,611.5,591.62,573.69,558.46,546.61,538.34,534.23,536.34,546.78,563.71,570.96,576.88,593.77,622,649.84,677.13,703.7,729.05,752.38,772.88
829.46,803.91,778.52,753.23,728.07,703.51,679.39,655.7,633.64,612.35,592.59,574.79,559.59,547.95,539.97,536.23,538.05,548.85,566.42,573.36,579.49,596.02,624.5,652.46,679.88,706.7,732.31,756.13,777.16
829.79,804.27,778.89,753.64,728.49,704.07,679.98,656.32,634.39,613.19,593.48,575.88,560.76,549.27,541.56,538.14,540.07,550.64,568.37,575.78,581.83,598.61,626.98,655.1,682.71,709.62,735.56,759.74,781.38
830.11,804.63,779.3,754.05,728.94,704.61,680.54,656.94,635.13,613.97,594.36,577.02,561.94,550.61,543.13,540.02,542.35,553.04,570.48,577.78,584.31,601.23,629.53,657.74,685.43,712.59,738.75,763.34,785.59
830.43,804.97,779.71,754.45,729.41,705.14,681.05,657.61,635.89,614.84,595.39,578.21,563.21,551.99,544.71,541.95,544.56,555.6,572.87,580.46,586.93,603.7,632.18,660.37,688.16,715.51,741.87,766.91,789.65
830.76,805.33,780.1,754.85,729.9,705.67,681.51,658.36,636.69,615.94,596.59,579.4,564.59,553.44,546.4,543.89,546.8,558.12,575.6,583.19,589.5,606.55,634.85,662.97,690.92,718.44,744.98,770.34,793.66
831.09,805.7,780.48,755.31,730.39,706.21,682.17,659.13,637.49,616.92,597.62,580.63,566.02,554.95,548.12,545.88,549.17,560.72,578.38,585.93,592.2,609.34,637.61,665.69,693.65,721.24,748.1,773.74,797.46
831.43,806.05,780.87,755.8,730.9,706.77,682.94,659.88,638.31,617.84,598.68,582,567.57,556.5,549.93,548.01,551.53,563.4,581.28,588.88,595.12,612.22,640.45,668.5,696.39,724.05,751.16,777.1,801.24
831.79,806.4,781.26,756.27,731.43,707.33,683.63,660.6,639.12,618.78,599.72,583.46,569.14,558.15,551.81,550.19,554.02,566.26,584.41,591.95,598.18,615.28,643.41,671.3,699.18,726.87,754.14,780.43,804.95
832.15,806.77,781.68,756.73,731.95,707.89,684.29,661.34,639.95,619.9,600.75,584.94,570.82,559.92,553.96,552.64,556.79,569.43,587.9,595.5,601.52,618.6,646.63,674.22,702.04,729.76,757.06,783.66,808.52
832.5,807.17,782.1,757.18,732.44,708.46,684.93,662.09,640.83,620.91,602.03,586.41,572.7,561.92,556.29,555.41,559.93,572.88,591.71,599.43,605.36,622.48,650.13,677.34,704.95,732.61,760.02,786.73,812.13
832.84,807.57,782.54,757.66,732.94,709.04,685.59,662.83,641.77,621.94,603.42,587.98,574.79,564.23,558.89,558.54,563.62,577.01,596.25,603.99,609.89,626.96,653.99,680.71,708.01,735.49,762.99,789.88,815.55
833.18,807.99,782.99,758.12,733.47,709.65,686.28,663.61,642.73,623.04,604.87,589.61,576.91,566.82,561.68,562.25,568.07,582.24,601.94,609.4,615.35,632.2,658.36,684.37,711.13,738.49,765.95,792.96,818.94
833.52,808.35,783.44,758.58,734.01,710.27,686.96,664.4,643.73,624.16,605.99,591.35,579.17,569.67,564.86,566.54,573.83,588.84,609.29,616.35,622.16,638.5,663.37,688.25,714.47,741.51,768.84,795.99,822.28
833.87,808.71,783.84,759,734.57,710.9,687.67,665.21,644.77,625.28,607.22,593.29,581.39,572.73,568.34,571.41,581.07,597.72,619.21,626.11,630.91,646.57,669.48,692.92,718.11,744.65,771.79,799.02,825.48
834.23,809.08,784.27,759.43,735.13,711.52,688.41,666.09,645.81,626.45,608.6,595.22,583.57,575.93,571.88,576.73,589.24,609.23,632.85,639.9,642.82,657.83,677.23,698.22,722.23,748.05,774.89,802.02,828.61
834.59,809.47,784.73,759.9,735.71,712.15,689.13,666.98,646.84,627.72,610.09,596.95,585.65,579.34,575.86,582.48,598.05,624,653.23,659.77,661.61,673.48,687.18,704.67,726.92,751.67,778.07,805.05,831.7
834.96,809.86,785.18,760.48,736.31,712.8,689.88,667.88,647.91,629.01,611.66,598.74,587.92,582.71,580.66,588.63,607.7,640.46,681.73,687.89,690,695.88,700.08,712.47,732.06,755.56,781.37,808.14,834.86
835.34,810.26,785.64,760.95,736.9,713.49,690.62,668.84,649,630.34,613.29,600.76,591,586.06,585.57,594.87,617.5,658.14,714.11,726.66,728.51,728.1,717.37,722.49,738.39,760.09,784.92,811.25,837.89
835.72,810.66,786.1,761.39,737.49,714.18,691.37,669.83,650.14,631.71,614.94,602.9,594.3,589.36,590.51,601.47,627.32,674.99,745.49,766.46,774.27,781.21,744.15,735.92,746.39,765.18,788.79,814.54,840.95
836.1,811.07,786.58,761.95,738.07,714.87,692.12,670.83,651.26,633.11,616.62,605.43,597.35,592.85,595.49,607.97,637.06,690.78,773.62,803.33,821.86,851.95,782.89,753.54,756.33,771.2,793.06,817.98,844.08
836.48,811.48,787.06,762.5,738.75,715.56,692.83,671.84,652.42,634.51,618.38,607.86,600.45,596.67,600.35,614.59,646.54,705.36,794.35,832.99,859.09,922.72,841,777.24,768.34,778.33,797.93,821.6,847.39
836.87,811.91,787.53,763.05,739.4,716.25,693.55,672.9,653.61,635.97,620.15,610.12,603.36,600.45,605.36,621.29,655.73,719.06,812.72,852.67,885.32,987,924.25,808.9,784.36,787.09,803.47,825.66,850.66
837.27,812.35,788,763.6,740.02,716.95,694.38,673.98,654.8,637.41,622.02,612.42,606.09,604.25,610.34,628.05,664.69,731.9,828.26,869.02,903.67,1022.8,1041.6,860.79,806.44,798.53,810.33,830.24,854.27
837.65,812.78,788.48,764.15,740.66,717.69,695.27,675.06,655.99,638.83,623.95,614.78,609,607.32,615.41,634.63,673.68,743.49,841.51,882.27,917.56,1038.4,1148.8,938.01,837.02,812.7,818.29,835.38,858.23
838.04,813.23,788.97,764.7,741.29,718.46,696.23,676.14,657.27,640.21,625.93,617.16,611.92,610.95,620.39,641.28,681.94,754.01,853.1,893.92,928.89,1046.8,1224.1,1039.1,877.03,831.06,828.1,841.42,862.38
838.43,813.67,789.46,765.26,741.92,719.27,697.2,677.26,658.57,641.56,628.04,619.63,615.07,614.98,625.92,647.65,690.16,764.18,863.63,903.9,938.63,1051.6,1264.7,1167.9,929.72,853.98,840.27,848.36,867.1
838.83,814.12,789.96,765.82,742.6,720.08,698.14,678.37,659.91,642.86,630.31,622.17,618.21,618.52,632.72,653.92,698.08,773.66,872.84,912.38,946.82,1054.8,1271.8,1289.7,1009.2,886.62,856.54,857.26,872.66
839.23,814.58,790.47,766.39,743.29,720.88,699.07,679.51,661.25,644.4,632.61,624.68,621.36,622.07,638.7,659.87,705.53,782.16,881.2,920.21,953.9,1057.4,1267.6,1371.7,1108.9,929.13,876.94,867.74,879.07
839.63,815.05,791.01,766.96,744,721.69,700.03,680.67,662.59,646.09,635.01,627.31,624.53,625.86,644.03,666.55,712.65,790.21,888.72,927.22,960.37,1059.7,1260.5,1421.1,1219.6,985.61,902.12,880.3,886.5
840.05,815.51,791.55,767.52,744.73,722.51,701.02,681.83,663.91,648.02,637.38,629.98,627.67,629.9,648.73,673.62,719.57,798.08,895.73,933.42,966.04,1061.9,1253,1440.3,1327.4,1054.5,933.26,896.04,895.34
840.48,815.98,792.09,768.09,745.48,723.32,702.01,683.03,665.23,649.92,639.86,632.63,630.71,633.93,653.45,681.35,726.11,805.37,902.29,939.16,971.22,1063.9,1246.4,1438.5,1411.4,1143.8,975.8,917.2,906.73
840.91,816.46,792.63,768.66,746.23,724.11,703.05,684.23,666.59,651.77,642.16,634.85,633.71,637.98,658.05,687.86,732.18,812.08,908.21,944.48,975.72,1065.7,1240.6,1431.1,1464.5,1241.2,1030.4,942.79,920.15
841.35,816.95,793.2,769.26,747.01,724.9,704.1,685.41,667.97,653.68,644.27,637.2,636.61,642.06,662.66,693.94,737.72,818.53,913.64,949.41,980.07,1067.3,1235.5,1421.5,1497.3,1337.2,1094.5,974.62,936.25
841.8,817.44,793.78,769.91,747.78,725.7,705.17,686.63,669.34,655.63,646.4,639.88,639.63,646.11,667.25,699.48,742.88,824.54,918.91,953.89,984.07,1068.9,1231.1,1410.2,1514.3,1420.8,1169.6,1013.3,956.29
842.25,817.93,794.37,770.58,748.55,726.54,706.24,687.87,670.68,657.56,648.52,642.34,643.08,650.18,671.69,704.75,749.09,830.12,923.67,958.13,987.82,1070.3,1227.2,1399.2,1517.6,1477.4,1256.4,1063.3,981.94
842.68,818.43,794.95,771.28,749.34,727.39,707.34,689.17,671.97,659.52,650.67,644.73,646.7,654.29,676.25,709.92,755.26,835.58,928.27,962.15,991.23,1071.7,1223.8,1389.5,1515.3,1516.6,1337.7,1123.5,1012.9
843.14,818.92,795.52,771.99,750.12,728.23,708.44,690.49,673.28,661.51,652.84,647.18,650.35,658.35,680.78,714.86,761.2,840.9,932.65,965.78,994.47,1073.1,1220.5,1380.5,1510,1543.4,1410.9,1189.4,1049.6
843.59,819.43,796.1,772.7,750.89,729.08,709.56,691.83,674.71,663.53,654.98,649.65,653.38,662.47,685.07,719.61,766.72,845.9,936.74,969.38,997.47,1074.3,1217.7,1372.1,1502.9,1559.3,1471.7,1261.1,1094.2
844.05,819.94,796.69,773.37,751.65,729.91,710.69,693.13,676.42,665.59,657.15,652.16,656.52,667.74,689.22,724.45,772.13,850.72,940.68,972.75,1000.2,1075.4,1215.1,1364.9,1494.8,1565.9,1515.7,1334.1,1147.2
844.51,820.46,797.27,774.03,752.52,730.72,711.84,694.47,678.16,667.71,659.26,654.68,659.74,672.42,692.85,729.12,777.13,855.37,944.52,975.95,1002.9,1076.6,1212.8,1358.2,1487.1,1568.2,1548.1,1401.4,1205.9
844.98,820.99,797.87,774.7,753.41,731.77,712.97,695.76,679.89,669.8,661.27,657.16,662.95,676.15,696.58,733.62,781.89,859.83,948.12,978.99,1005.5,1077.6,1210.7,1351.8,1479.2,1567.6,1570.9,1458.8,1267.5
845.44,821.53,798.49,775.36,754.2,732.89,714.15,697.07,681.65,671.83,663.17,659.79,666.26,679.78,700.57,738.09,786.63,864.11,951.48,981.98,1008,1078.7,1208.8,1346,1471.4,1564.8,1587.3,1508.9,1331.8
845.93,822.07,799.09,776.03,754.98,733.96,715.34,698.33,683.43,673.74,664.98,662.74,669.48,683.36,704.2,742.62,791.16,868.37,954.72,984.73,1010.4,1079.7,1207,1340.7,1464.2,1560.2,1595.8,1544.2,1394.7
846.39,822.61,799.71,776.71,755.78,734.99,716.55,699.61,685.2,675.57,666.99,666.08,672.68,686.86,707.68,747.23,795.61,872.47,957.86,987.41,1012.7,1080.7,1205.3,1336,1457.3,1555,1601.4,1570.7,1450
846.86,823.16,800.34,777.41,756.62,735.72,717.72,700.79,686.95,677.47,669.03,669.63,675.89,690.25,711.47,751.8,800.05,876.37,960.85,990.01,1014.8,1081.6,1203.8,1331.4,1450.6,1549.4,1604.3,1590.7,1499.7
847.33,823.75,800.98,778.13,757.46,736.5,718.89,701.95,688.7,679.32,671.02,673.04,678.96,693.61,715.26,756.06,804.52,880.27,963.73,992.5,1017,1082.6,1202.3,1327,1444.5,1543.6,1604.7,1604.9,1539.5
847.8,824.31,801.62,778.86,758.32,737.6,720.14,703,690.49,681.15,673.19,676.04,682.06,696.82,719.16,760.11,808.89,883.89,966.54,994.93,1019,1083.5,1201,1323.1,1438.8,1537.8,1603.3,1613.9,1567.2
848.27,824.92,802.27,779.59,759.2,738.71,721.48,704.32,692.27,682.98,675.59,678.92,684.73,700.09,723.01,763.98,813.23,887.41,969.19,997.24,1021,1084.4,1199.8,1319.4,1433.1,1532.1,1601.1,1620,1588.9
848.74,825.52,802.92,780.36,760.07,739.82,722.75,706.02,694.06,684.8,678,681.44,687.21,703.2,726.89,767.83,817.52,890.72,971.78,999.44,1022.9,1085.4,1198.7,1315.9,1427.7,1526.7,1598.3,1623.9,1604.9
849.21,826.14,803.57,781.13,760.99,740.93,723.92,707.57,695.82,686.63,680.41,684.03,689.36,706.37,730.74,771.61,821.62,893.86,974.31,1001.6,1024.9,1086.3,1197.6,1312.5,1422.9,1521.4,1594.9,1625.4,1615.9
849.7,826.74,804.23,781.93,761.87,742.02,725.1,708.99,697.4,688.46,682.86,686.64,692.19,709.84,734.52,775.29,825.54,896.95,976.78,1003.7,1026.6,1087.2,1196.7,1309.3,1418.2,1516.1,1591.2,1625.6,1623.6
850.2,827.39,804.87,782.76,762.77,743.08,726.28,710.54,698.93,690.29,685.26,689.26,695.47,713.87,738.14,778.95,829.13,899.99,979.14,1005.7,1028.3,1088.1,1195.8,1306.5,1413.7,1511,1587.3,1625,1629.6
850.7,828.06,805.45,783.64,763.66,744.15,727.48,712.2,700.65,692.12,687.69,691.8,698.51,718.04,741.34,782.55,832.68,903.02,981.49,1007.7,1030,1089,1195,1303.7,1409.4,1506.3,1582.3,1623.5,1634
851.21,828.68,806.04,784.56,764.56,745.24,728.7,713.83,702.41,694.03,690.12,694.36,701.49,721.13,744.34,786.08,836.17,906.04,983.74,1009.7,1031.7,1089.8,1194.2,1301.1,1405.4,1501.7,1577.1,1621.5,1636.7
851.72,829.29,806.7,785.5,765.48,746.31,729.92,715.4,704.02,695.97,692.47,696.97,704.36,724.21,748.72,789.5,839.46,908.95,985.95,1011.5,1033.3,1090.6,1193.4,1298.6,1401.6,1497.2,1572.1,1619,1638.6
852.25,829.89,807.36,786.49,766.41,747.38,731.15,716.91,705.65,698.19,694.87,699.5,707.17,727.29,753.09,792.82,842.73,911.9,988.08,1013.4,1034.9,1091.4,1192.7,1296.3,1398,1492.9,1567.4,1616.3,1639.8
852.8,830.5,808.04,787.43,767.33,748.43,732.4,718.43,707.28,700.41,697.19,702,709.9,730.3,756.9,796.1,846,914.73,990.13,1015.2,1036.4,1092.2,1192,1294.1,1394.4,1488.8,1562.7,1613.3,1640.1
853.39,831.11,808.72,788.28,768.15,749.5,733.66,719.97,708.9,702.54,699.41,704.47,712.66,733.3,760.56,799.27,849.15,917.5,992.17,1016.9,1037.9,1093,1191.4,1292,1391.2,1484.8,1558,1610.2,1639.9
853.98,831.72,809.42,789.1,768.93,750.54,734.92,721.46,710.57,704.63,701.57,706.99,715.4,736.31,763.88,802.33,852.32,920.17,994.16,1018.6,1039.4,1093.8,1190.9,1289.9,1388,1481.1,1553.5,1607.1,1639.3
854.61,832.33,810.15,789.9,769.69,751.59,736.19,722.96,712.19,706.66,703.68,709.48,718.07,739.31,767.1,805.3,855.5,922.7,996.1,1020.3,1040.8,1094.5,1190.4,1288,1385,1477.5,1549.3,1603.9,1638.4
855.26,832.95,810.89,790.7,770.44,753,737.48,724.45,713.89,708.69,705.79,711.97,720.77,742.27,770.27,808.25,858.69,925.25,997.99,1022,1042.3,1095.3,1189.9,1286.2,1382,1474,1545.2,1600.7,1637.2
855.89,833.56,811.63,791.52,771.36,754.45,738.75,725.93,715.55,710.71,707.89,714.48,723.48,745.22,773.28,811.3,861.89,927.61,999.89,1023.6,1043.7,1096.1,1189.4,1284.4,1379.3,1470.1,1541.1,1597.5,1635.7
856.48,834.16,812.4,792.34,772.44,755.77,739.94,727.39,717.23,712.71,709.97,717.01,726.2,748.16,776.27,814.24,865,930.02,1001.7,1025.1,1045,1096.9,1188.9,1282.8,1376.6,1466.2,1537.2,1594.3,1634.1
857.09,834.76,813.2,793.2,773.48,757.08,740.97,728.89,718.92,714.66,712.04,719.49,728.97,751.01,779.2,817.25,867.9,932.51,1003.4,1026.7,1046.5,1097.6,1188.6,1281.3,1374.1,1462.4,1533.4,1591.2,1632.3
857.65,835.37,814.01,794.03,774.51,758.21,742.02,730.4,720.62,716.62,714.12,721.94,731.77,753.84,782.14,820.18,870.77,934.94,1005.3,1028.2,1047.7,1098.4,1188.2,1279.7,1371.6,1458.8,1529.8,1588,1630.5
858.24,835.96,814.85,794.87,775.55,759.31,743.1,731.99,722.27,718.58,716.18,724.38,734.59,756.73,785.05,823.16,873.47,937.42,1006.9,1029.7,1049,1099.1,1187.9,1278.4,1369.3,1455.3,1526.1,1585.1,1628.6
858.82,836.57,815.67,795.73,776.61,760.43,744.2,733.63,723.91,720.55,718.21,726.82,737.34,759.52,787.94,826.04,876.2,939.77,1008.7,1031.1,1050.2,1099.9,1187.6,1276.9,1367,1452,1522.7,1582.2,1626.7
859.4,837.18,816.5,796.59,777.65,761.56,745.78,735.27,725.54,722.5,720.38,729.25,740.15,762.29,790.76,828.9,878.84,942.1,1010.3,1032.6,1051.5,1100.6,1187.3,1275.6,1364.8,1448.8,1519.4,1579.3,1624.7
859.98,837.81,817.34,797.44,778.72,762.7,747.37,736.91,727.06,724.42,722.66,731.61,742.87,765.02,793.57,831.68,881.41,944.37,1012,1034.1,1052.7,1101.4,1187.1,1274.4,1362.8,1445.6,1516.1,1576.5,1622.7
860.57,838.46,818.17,798.27,779.78,763.84,748.79,738.49,728.51,726.35,724.92,733.96,745.55,767.69,796.38,834.4,883.95,946.58,1013.6,1035.5,1054,1102.1,1186.9,1273.2,1360.8,1442.7,1513,1573.7,1620.1
861.16,839.12,818.98,799.11,780.87,764.96,750.19,739.95,730.26,728.27,727.15,736.3,748.15,770.32,799.15,837.13,886.45,948.7,1015.3,1036.9,1055.2,1102.8,1186.7,1272.1,1358.9,1439.7,1510,1571,1617.3
861.75,839.78,819.78,799.96,781.95,766.09,751.56,741.38,732.11,730.2,729.4,738.64,750.8,772.93,801.91,839.8,888.95,950.8,1016.8,1038.3,1056.5,1103.5,1186.5,1271,1357,1436.9,1507,1568.3,1614.6
862.34,840.43,820.57,800.83,783.03,767.24,752.93,742.83,734.01,732.09,731.7,740.97,753.37,775.49,804.65,842.43,891.35,952.87,1018.3,1039.7,1057.7,1104.2,1186.4,1270,1355.3,1434.2,1504.2,1565.8,1611.9
862.93,841.09,821.37,801.68,784.12,768.39,754.32,744.3,735.96,733.97,734.04,743.25,755.91,778.07,807.33,844.96,893.72,954.91,1019.9,1041,1058.9,1105,1186.3,1269,1353.6,1431.6,1501.4,1563.2,1609.1
863.52,841.75,822.17,802.52,785.2,769.52,755.71,745.82,737.87,735.86,736.36,745.51,758.39,780.6,809.99,847.51,896.07,956.94,1021.3,1042.2,1059.9,1105.6,1186.1,1268,1352,1429,1498.7,1560.7,1606.5
864.11,842.4,822.97,803.37,786.26,770.69,757.1,747.33,739.7,737.76,738.64,747.76,760.87,783.15,812.64,849.99,898.42,958.89,1022.7,1043.5,1061,1106.4,1186,1267.1,1350.5,1426.6,1496.2,1558.3,1604
864.7,843.06,823.77,804.21,787.36,771.85,758.5,748.84,741.53,739.67,740.93,749.97,763.41,785.64,815.23,852.46,900.73,960.83,1024.2,1044.8,1062.1,1107.1,1185.9,1266.3,1349.1,1424.2,1493.6,1556,1601.4
865.29,843.72,824.58,805.05,788.45,772.99,759.88,750.36,743.27,741.55,743.2,752.18,765.88,788.1,817.76,854.88,902.97,962.74,1025.6,1046,1063.2,1107.8,1185.6,1265.4,1347.8,1421.9,1491.3,1553.7,1598.9
865.88,844.37,825.38,805.9,789.55,774.13,761.28,751.87,744.97,743.42,745.43,754.38,768.35,790.5,820.28,857.24,905.19,964.66,1026.9,1047.2,1064.3,1108.5,1185.5,1264.6,1346.2,1419.7,1488.9,1551.1,1596.5
866.47,845.03,826.18,806.74,790.65,775.27,762.69,753.39,746.64,745.31,747.61,756.54,770.76,792.94,822.78,859.64,907.39,966.48,1028.3,1048.4,1065.3,1109.1,1185.4,1264.2,1344.5,1417.5,1486.6,1548.5,1594.1
867.06,845.69,826.98,807.58,791.75,776.41,764.09,754.93,748.31,747.2,749.7,758.66,773.22,795.29,825.24,861.97,909.57,968.35,1029.7,1049.6,1066.4,1109.7,1185.5,1263.7,1342.8,1415.4,1484.5,1545.6,1591.7
867.65,846.35,827.78,808.43,792.85,777.55,765.49,756.47,749.99,749.09,751.78,760.76,775.63,797.63,827.68,864.21,911.73,970.15,1031.1,1050.9,1067.5,1110.5,1185.5,1263.2,1341.2,1413.4,1482.4,1542.9,1589.5
868.24,847,828.58,809.27,793.94,778.69,766.89,758.02,751.67,751.02,753.78,762.88,778.03,799.9,830.11,866.48,913.81,971.94,1032.4,1052.1,1068.6,1111.1,1185.5,1262.6,1339.5,1411.4,1480.4,1540.2,1587.3
868.83,847.66,829.38,810.11,795.04,779.83,768.29,759.56,753.36,752.92,755.76,765,780.41,802.22,832.5,868.75,915.89,973.66,1033.7,1053.2,1069.6,1111.8,1185.5,1261.5,1337.8,1409.6,1478.6,1537.5,1585
869.42,848.32,830.18,810.96,796.14,780.98,769.69,761.1,755.04,754.83,757.67,767.17,782.77,804.45,834.89,870.96,917.93,975.42,1035,1054.3,1070.6,1112.5,1185.6,1260.7,1336.3,1407.9,1476.8,1535,1582.9
870.01,848.97,830.99,811.8,797.24,782.12,771.09,762.64,756.72,756.69,759.53,769.3,785.08,806.68,837.24,873.12,919.99,977.13,1036.3,1055.4,1071.7,1113.2,1185.7,1260.1,1334.9,1406.3,1475.3,1532.5,1580.8
870.6,849.63,831.79,812.64,798.33,783.26,772.49,764.19,758.41,758.55,761.38,771.49,787.32,808.91,839.54,875.29,922.01,978.87,1037.6,1056.6,1072.6,1113.9,1185.8,1259.6,1333.7,1405,1473.9,1530,1578.8
871.19,850.29,832.59,813.49,799.43,784.4,773.89,765.73,760.09,760.41,763.23,773.72,789.52,811.09,841.82,877.42,923.98,980.54,1038.9,1057.7,1073.6,1114.5,1185.9,1259.2,1332.4,1403.8,1471.6,1527.7,1576.8
871.78,850.94,833.39,814.33,800.53,785.54,775.29,767.27,761.78,762.27,765.09,775.95,791.59,813.27,844.09,879.51,925.92,982.21,1040.1,1058.8,1074.6,1115.2,1186,1258.6,1331,1402.8,1468.9,1525.4,1574.9
872.37,851.6,834.19,815.17,801.63,786.68,776.69,768.81,763.46,764.13,766.94,778.17,793.72,815.46,846.33,881.55,927.86,983.82,1041.3,1059.9,1075.6,1115.9,1186.1,1257.9,1330,1401.9,1466.5,1523.2,1573.2
872.96,852.26,834.99,816.02,802.73,787.82,778.09,770.36,765.15,765.99,768.79,780.4,795.85,817.71,848.51,883.61,929.78,985.48,1042.6,1061,1076.6,1116.6,1186.3,1257.4,1329,1400,1464.3,1521.2,1571.4
873.55,852.92,835.79,816.86,803.82,788.96,779.49,771.9,766.83,767.85,770.65,782.62,797.98,820.04,850.69,885.63,931.65,987.07,1043.7,1062.1,1077.6,1117.2,1186.4,1257,1329,1398.1,1462.1,1519.2,1569.8
874.15,853.57,836.59,817.7,804.92,790.1,780.89,773.44,768.52,769.7,772.5,784.85,800.11,822.36,852.82,887.6,933.51,988.63,1045,1063.2,1078.6,1117.9,1186.6,1256.6,1329.1,1396.8,1460,1517.4,1568.3
874.74,854.23,837.39,818.55,806.02,791.25,782.29,774.99,770.2,771.56,774.35,787.07,802.24,824.68,854.82,889.58,935.35,990.21,1046.2,1064.2,1079.5,1118.6,1186.7,1256.3,1327.9,1395.1,1458.1,1515.6,1567
875.33,854.89,838.2,819.39,807.12,792.39,783.69,776.53,771.89,773.42,776.2,789.3,804.37,827,856.83,891.51,937.14,991.79,1047.3,1065.3,1080.4,1119.3,1186.8,1255.9,1326.7,1392.9,1456.2,1513.7,1565.6
875.92,855.54,839,820.23,808.21,793.53,785.09,778.07,773.57,775.28,778.06,791.52,806.5,829.32,858.85,893.43,938.93,993.33,1048.5,1066.4,1081.4,1120,1187,1255.4,1326.1,1391.1,1454.6,1512.2,1564.1
876.51,856.2,839.8,821.08,809.31,794.67,786.49,779.61,775.25,777.14,779.91,793.75,808.63,831.64,860.87,895.35,940.7,994.86,1049.7,1067.4,1082.3,1120.6,1187.1,1255,1325.4,1390.2,1453.6,1511,1562.2
877.1,856.86,840.6,821.92,810.41,795.81,787.89,781.16,776.94,779,781.76,795.97,810.76,833.96,862.89,897.27,942.43,996.36,1050.8,1068.4,1083.3,1121.2,1187.3,1254.7,1324.2,1389.1,1453.2,1509.3,1559.9
877.69,857.51,841.4,822.76,811.51,796.95,789.29,782.7,778.62,780.85,783.62,798.2,812.89,836.28,864.91,899.19,944.16,997.84,1052,1069.5,1084.2,1121.9,1187.5,1254.3,1323.2,1387.5,1451.6,1507.6,1557.7
878.28,858.17,842.2,823.61,812.61,798.09,790.69,784.24,780.31,782.71,785.47,800.43,815.01,838.6,866.93,901.11,945.89,999.29,1053.2,1070.5,1085.2,1122.7,1187.7,1254,1322.4,1386.2,1449.2,1505.6,1555.4
878.87,858.83,843,824.45,813.7,799.23,792.09,785.78,781.99,784.57,787.32,802.65,817.14,840.92,868.95,903.03,947.62,1000.7,1054.2,1071.5,1086.1,1123.3,1187.9,1253.8,1321.6,1385.1,1447.7,1503.7,1553.5
879.46,859.49,843.8,825.29,814.8,800.37,793.49,787.33,783.68,786.43,789.18,804.88,819.27,843.24,870.97,904.95,949.35,1002.2,1055.3,1072.5,1087,1124,1188.1,1253.6,1320.8,1384,1446.8,1502.3,1551.6
880.05,860.14,844.61,826.14,815.9,801.51,794.9,788.87,785.36,788.29,791.03,807.1,821.4,845.56,872.99,906.87,951.08,1003.7,1056.4,1073.5,1087.8,1124.6,1188.4,1253.4,1320,1383,1445.8,1500.9,1550.4
880.64,860.8,845.41,826.98,817,802.66,796.3,790.41,787.05,790.15,792.88,809.33,823.53,847.88,875.01,908.79,952.81,1005.1,1057.5,1074.5,1088.6,1125.3,1188.6,1253.2,1319.3,1381.9,1444.8,1498.7,1549
881.23,861.46,846.21,827.82,818.1,803.8,797.7,791.95,788.73,792.01,794.73,811.55,825.66,850.2,877.03,910.71,954.53,1006.6,1058.6,1075.6,1089.5,1125.9,1188.8,1253,1318.6,1380.9,1443.6,1496.4,1546.7
881.82,862.11,847.01,828.67,819.19,804.94,799.1,793.5,790.42,793.86,796.59,813.78,827.79,852.52,879.05,912.63,956.26,1008,1059.7,1076.6,1090.3,1126.6,1189,1252.9,1317.8,1379.9,1442.3,1494.8,1544.5
882.41,862.77,847.81,829.51,820.29,806.08,800.5,795.04,792.1,795.72,798.44,816,829.92,854.84,881.07,914.55,957.99,1009.5,1060.8,1077.6,1091.2,1127.2,1189.2,1253,1317.1,1378.9,1441,1493.3,1543.7
883,863.43,848.61,830.35,821.39,807.22,801.9,796.58,793.78,797.58,800.29,818.23,832.05,857.16,883.09,916.47,959.72,1010.9,1061.8,1078.6,1092,1127.9,1189.4,1253,1316.4,1377.9,1439.6,1492,1542.8
883.59,864.08,849.41,831.2,822.49,808.36,803.3,798.13,795.47,799.44,802.15,820.45,834.18,859.48,885.11,918.39,961.45,1012.4,1062.9,1079.7,1092.8,1128.6,1189.6,1253.1,1315.6,1377.1,1438.1,1490.6,1541.3
884.18,864.74,850.21,832.04,823.58,809.5,804.7,799.67,797.15,801.3,804,822.68,836.31,861.8,887.13,920.31,963.18,1013.9,1064,1080.7,1093.7,1129.2,1189.8,1253.2,1314.9,1376.3,1436.6,1489.3,1539.9
884.77,865.4,851.01,832.88,824.68,810.64,806.1,801.21,798.84,803.16,805.85,824.9,838.44,864.12,889.15,922.23,964.91,1015.3,1065.1,1081.7,1094.5,1129.9,1190,1253.3,1314.1,1375.9,1435,1488.1,1538.3
885.36,866.06,851.82,833.73,825.78,811.78,807.5,802.75,800.52,805.02,807.71,827.13,840.57,866.44,891.17,924.15,966.64,1016.8,1066.2,1082.8,1095.4,1130.5,1190.2,1253.4,1313.4,1375.6,1433.4,1486.9,1536.7
885.95,866.71,852.62,834.57,826.88,812.93,808.9,804.3,802.21,806.87,809.56,829.36,842.7,868.76,893.19,926.07,968.37,1018.2,1067.3,1083.8,1096.2,1131.2,1190.3,1253.5,1312.6,1375.2,1431.6,1485.7,1535.3
886.54,867.37,853.42,835.41,827.98,814.07,810.3,805.84,803.89,808.73,811.41,831.58,844.82,871.08,895.21,927.99,970.09,1019.7,1068.4,1084.8,1097,1131.8,1190.5,1253.6,1311.9,1374.8,1429.8,1484.6,1533.9
887.13,868.03,854.22,836.26,829.07,815.21,811.7,807.38,805.58,810.59,813.27,833.81,846.95,873.4,897.23,929.91,971.82,1021.1,1069.5,1085.8,1097.9,1132.5,1190.7,1253.7,1311.1,1374.4,1428,1483.6,1532.8
887.72,868.68,855.02,837.1,830.17,816.35,813.1,808.92,807.26,812.45,815.12,836.03,849.08,875.72,899.25,931.83,973.55,1022.6,1070.6,1086.9,1098.7,1133.1,1190.9,1253.8,1310.4,1374.1,1426.2,1482.5,1531.7
888.31,869.34,855.82,837.94,831.27,817.49,814.5,810.47,808.95,814.31,816.97,838.26,851.21,878.04,901.27,933.75,975.28,1024,1071.7,1087.9,1099.6,1133.8,1191.1,1253.9,1309.6,1373.7,1424.3,1481.5,1530.1
888.9,870,856.62,838.79,832.37,818.63,815.9,812.01,810.63,816.17,818.82,840.48,853.34,880.36,903.29,935.67,977.01,1025.5,1072.8,1088.9,1100.4,1134.4,1191.3,1254,1308.9,1373.3,1422.5,1480.4,1528.6
889.49,870.66,857.42,839.64,833.47,819.77,817.3,813.55,812.31,818.03,820.67,842.7,855.47,882.68,905.31,937.59,978.74,1027,1073.9,1089.9,1101.2,1135,1191.5,1254.1,1308.2,1372.9,1420.7,1479.3,1527.1
890.08,871.32,858.22,840.49,834.57,820.91,818.7,815.09,813.99,819.89,822.52,844.92,857.6,885,907.33,939.51,980.47,1028.5,1075,1090.9,1102,1135.6,1191.7,1254.2,1307.5,1372.5,1418.9,1478.2,1525.6
890.67,871.98,859.02,841.34,835.67,822.05,820.1,816.63,815.67,821.75,824.37,847.14,859.73,887.32,909.35,941.43,982.2,1030,1076.1,1091.9,1102.8,1136.2,1191.9,1254.3,1306.8,1372.1,1417.1,1477.1,1524.1
891.26,872.64,859.82,842.19,836.77,823.19,821.5,818.17,817.35,823.61,826.22,849.36,861.86,889.64,911.37,943.349999999999,983.93,1031.5,1077.2,1092.9,1103.6,1136.8,1192.1,1254.4,1306.1,1371.7,1415.3,1476,1522.6
891.85,873.3,860.62,843.039999999999,837.87,824.33,822.9,819.709999999999,819.03,825.47,828.07,851.58,863.99,891.96,913.389999999999,945.27,985.66,1033,1078.3,1093.9,1104.4,1137.4,1192.3,1254.5,1305.4,1371.3,1413.5,1474.9,1521.1
892.440000000001,873.96,861.42,843.889999999999,838.97,825.469999999999,824.3,821.25,820.709999999999,827.33,829.920000000001,853.800000000001,866.12,894.280000000001,915.41,947.19,987.389999999999,1034.5,1079.4,1094.9,1105.2,1138,1192.5,1254.6,1304.7,1370.9,1411.7,1473.8,1519.6
893.03,874.62,862.219999999999,844.74,840.070000000001,826.61,825.7,822.79,822.389999999999,829.19,831.77,856.02,868.25,896.6,917.43,949.11,989.12,1036,1080.5,1095.9,1106,1138.6,1192.7,1254.7,1304,1370.5,1409.9,1472.7,1518.1
893.62,875.28,863.02,845.589999999999,841.17,827.75,827.099999999999,824.33,824.07,831.05,833.62,858.24,870.38,898.92,919.45,951.029999999999,990.85,1037.5,1081.6,1096.9,1106.8,1139.2,1192.9,1254.8,1303.3,1370.1,1408.1,1471.6,1516.6
894.210000000001,875.94,863.820000000001,846.439999999999,842.27,828.89,828.5,825.87,825.75,832.910000000001,835.47,860.459999999999,872.509999999999,901.240000000001,921.469999999999,952.949999999999,992.58,1039,1082.7,1097.9,1107.6,1139.8,1193.1,1254.9,1302.6,1369.7,1406.3,1470.5,1515.1
894.800000000001,876.6,864.619999999999,847.289999999997,843.369999999999,830.030000000001,829.9,827.41,827.43,834.77,837.32,862.68,874.639999999999,903.560000000001,923.489999999998,954.869999999999,994.310000000001,1040.5,1083.8,1098.9,1108.4,1140.4,1193.3,1255,1301.9,1369.3,1404.5,1469.4,1513.6
895.389999999999,877.26,865.42,848.139999999999,844.470000000001,831.17,831.299999999999,828.949999999999,829.109999999999,836.629999999999,839.17,864.9,876.769999999999,905.880000000001,925.51,956.789999999999,996.039999999999,1042,1084.9,1099.9,1109.2,1141,1193.5,1255.1,1301.2,1368.9,1402.7,1468.3,1512.1
895.98,877.92,866.219999999999,848.99,845.57,832.309999999999,832.699999999999,830.49,830.789999999999,838.49,841.02,867.120000000001,878.9,908.200000000001,927.530000000001,958.709999999999,997.769999999999,1043.5,1086,1100.9,1110,1141.6,1193.7,1255.2,1300.5,1368.5,1400.9,1467.2,1510.6
896.570000000002,878.58,867.02,849.839999999998,846.67,833.449999999999,834.1,832.029999999999,832.469999999999,840.35,842.870000000001,869.340000000002,881.030000000001,910.52,929.549999999999,960.629999999999,999.5,1045,1087.1,1101.9,1110.8,1142.2,1193.9,1255.3,1299.8,1368.1,1399.1,1466.1,1509.1
897.16,879.24,867.819999999998,850.689999999999,847.77,834.59,835.5,833.57,834.15,842.209999999999,844.720000000001,871.560000000001,883.16,912.84,931.57,962.549999999999,1001.23,1046.5,1088.2,1102.9,1111.6,1142.8,1194.1,1255.4,1299.1,1367.7,1397.3,1465,1507.6
897.75,879.9,868.619999999999,851.539999999999,848.870000000001,835.73,836.9,835.109999999999,835.83,844.07,846.57,873.780000000001,885.289999999999,915.160000000002,933.59,964.469999999999,1002.96,1048,1089.3,1103.9,1112.4,1143.4,1194.3,1255.5,1298.4,1367.3,1395.5,1463.9,1506.1
898.34,880.559999999999,869.42,852.389999999999,849.970000000001,836.869999999999,838.299999999999,836.65,837.509999999998,845.93,848.42,876,887.42,917.480000000001,935.610000000001,966.389999999999,1004.69,1049.5,1090.4,1104.9,1113.2,1144,1194.5,1255.6,1297.7,1366.9,1393.7,1462.8,1504.6
898.93,881.219999999999,870.219999999999,853.239999999998,851.07,838.01,839.699999999999,838.190000000001,839.189999999999,847.790000000001,850.27,878.219999999999,889.550000000001,919.799999999999,937.629999999999,968.309999999998,1006.42,1051,1091.5,1105.9,1114,1144.6,1194.7,1255.7,1297,1366.5,1391.9,1461.7,1503.1
899.52,881.879999999999,871.02,854.089999999997,852.17,839.15,841.1,839.73,840.869999999999,849.650000000001,852.120000000001,880.440000000001,891.68,922.120000000001,939.649999999998,970.23,1008.15,1052.5,1092.6,1106.9,1114.8,1145.2,1194.9,1255.8,1296.3,1366.1,1390.1,1460.6,1501.6
900.110000000001,882.540000000001,871.82,854.939999999999,853.270000000002,840.290000000001,842.5,841.27,842.549999999999,851.51,853.970000000001,882.659999999998,893.809999999998,924.440000000002,941.669999999998,972.149999999998,1009.88,1054,1093.7,1107.9,1115.6,1145.8,1195.1,1255.9,1295.6,1365.7,1388.3,1459.5,1500.1
900.700000000001,883.200000000001,872.619999999999,855.789999999997,854.369999999999,841.43,843.899999999998,842.809999999998,844.23,853.370000000001,855.82,884.880000000001,895.939999999999,926.760000000002,943.689999999999,974.07,1011.61,1055.5,1094.8,1108.9,1116.4,1146.4,1195.3,1256,1294.9,1365.3,1386.5,1458.4,1498.6
901.290000000001,883.860000000001,873.419999999998,856.639999999996,855.470000000001,842.57,845.299999999999,844.350000000002,845.91,855.23,857.670000000002,887.100000000002,898.07,929.080000000002,945.709999999999,975.989999999998,1013.34,1057,1095.9,1109.9,1117.2,1147,1195.5,1256.1,1294.2,1364.9,1384.7,1457.3,1497.1
901.880000000001,884.52,874.219999999998,857.489999999998,856.57,843.710000000003,846.700000000001,845.889999999999,847.59,857.09,859.52,889.32,900.199999999997,931.400000000001,947.73,977.91,1015.07,1058.5,1097,1110.9,1118,1147.6,1195.7,1256.2,1293.5,1364.5,1382.9,1456.2,1495.6
902.470000000001,885.18,875.02,858.339999999997,857.670000000002,844.849999999999,848.099999999999,847.429999999997,849.269999999997,858.950000000001,861.369999999999,891.540000000001,902.329999999998,933.720000000001,949.75,979.829999999998,1016.8,1060,1098.09999999999,1111.9,1118.8,1148.2,1195.9,1256.3,1292.8,1364.09999999999,1381.1,1455.10000000001,1494.1
903.060000000001,885.84,875.82,859.189999999999,858.77,845.989999999998,849.5,848.970000000001,850.949999999997,860.810000000001,863.220000000001,893.760000000002,904.459999999999,936.040000000001,951.77,981.75,1018.53,1061.5,1099.2,1112.9,1119.60000000001,1148.80000000001,1196.1,1256.4,1292.10000000001,1363.7,1379.3,1454,1492.60000000001
903.649999999998,886.5,876.619999999999,860.040000000001,859.869999999999,847.130000000001,850.899999999998,850.509999999998,852.630000000001,862.669999999998,865.07,895.98,906.59,938.360000000001,953.790000000001,983.669999999998,1020.26,1063,1100.3,1113.9,1120.40000000001,1149.4,1196.3,1256.5,1291.40000000001,1363.3,1377.5,1452.9,1491.1
904.240000000002,887.16,877.420000000002,860.889999999996,860.970000000001,848.269999999997,852.299999999999,852.049999999999,854.309999999998,864.530000000002,866.920000000002,898.200000000001,908.720000000001,940.68,955.809999999998,985.59,1021.99,1064.5,1101.4,1114.9,1121.2,1150,1196.5,1256.6,1290.7,1362.89999999999,1375.7,1451.8,1489.6
904.830000000002,887.82,878.219999999998,861.739999999998,862.07,849.41,853.700000000001,853.589999999997,855.989999999998,866.389999999999,868.77,900.420000000002,910.849999999999,943.000000000004,957.829999999998,987.509999999998,1023.72,1066,1102.5,1115.9,1122.00000000001,1150.60000000001,1196.7,1256.7,1290.00000000001,1362.5,1373.9,1450.7,1488.1
905.419999999998,888.48,879.019999999997,862.59,863.170000000002,850.549999999999,855.099999999999,855.130000000001,857.669999999998,868.25,870.620000000003,902.640000000003,912.98,945.32,959.850000000002,989.43,1025.45,1067.5,1103.59999999999,1116.9,1122.80000000001,1151.20000000001,1196.9,1256.8,1289.30000000001,1362.1,1372.1,1449.60000000001,1486.6
906.010000000002,889.139999999999,879.819999999996,863.439999999995,864.27,851.690000000002,856.5,856.669999999998,859.349999999999,870.110000000001,872.470000000001,904.860000000001,915.110000000001,947.639999999999,961.869999999999,991.349999999999,1027.18,1069,1104.7,1117.9,1123.6,1151.8,1197.10000000001,1256.89999999999,1288.60000000001,1361.7,1370.3,1448.5,1485.10000000001
906.599999999999,889.799999999999,880.619999999999,864.289999999997,865.370000000003,852.829999999998,857.899999999998,858.209999999999,861.029999999999,871.970000000001,874.32,907.080000000002,917.239999999998,949.960000000003,963.889999999999,993.27,1028.91,1070.5,1105.8,1118.9,1124.4,1152.4,1197.3,1257,1287.9,1361.3,1368.5,1447.4,1483.6
907.190000000002,890.459999999999,881.419999999998,865.139999999996,866.470000000001,853.970000000001,859.299999999999,859.75,862.709999999999,873.830000000002,876.170000000002,909.299999999999,919.369999999999,952.280000000002,965.91,995.189999999999,1030.64,1072,1106.89999999999,1119.9,1125.2,1153.00000000001,1197.5,1257.1,1287.2,1360.89999999999,1366.7,1446.3,1482.1
907.780000000002,891.119999999999,882.219999999998,865.989999999998,867.57,855.110000000001,860.700000000001,861.289999999997,864.389999999999,875.689999999999,878.02,911.52,921.5,954.600000000002,967.93,997.109999999997,1032.37,1073.5,1108,1120.9,1126.00000000001,1153.60000000001,1197.7,1257.2,1286.50000000001,1360.5,1364.9,1445.2,1480.6
908.369999999999,891.779999999999,883.02,866.84,868.670000000002,856.249999999996,862.099999999999,862.829999999998,866.069999999996,877.549999999999,879.869999999999,913.740000000002,923.630000000001,956.920000000002,969.950000000001,999.029999999999,1034.1,1075,1109.1,1121.9,1126.80000000001,1154.2,1197.9,1257.3,1285.80000000001,1360.1,1363.1,1444.10000000001,1479.1
908.960000000003,892.439999999999,883.82,867.689999999995,869.77,857.389999999999,863.5,864.369999999999,867.749999999996,879.41,881.720000000001,915.959999999999,925.760000000002,959.240000000002,971.969999999998,1000.95,1035.83,1076.5,1110.2,1122.89999999999,1127.60000000001,1154.8,1198.10000000001,1257.39999999999,1285.10000000001,1359.7,1361.3,1443,1477.60000000001
909.549999999999,893.099999999999,884.619999999999,868.539999999997,870.869999999999,858.529999999999,864.899999999998,865.91,869.43,881.27,883.57,918.18,927.889999999999,961.560000000001,973.989999999998,1002.87,1037.56,1078,1111.3,1123.9,1128.4,1155.4,1198.3,1257.5,1284.4,1359.3,1359.5,1441.9,1476.1
910.139999999999,893.759999999998,885.419999999998,869.389999999996,871.969999999998,859.670000000002,866.299999999999,867.449999999997,871.110000000001,883.130000000001,885.419999999998,920.400000000001,930.02,963.880000000001,976.009999999995,1004.79,1039.29,1079.5,1112.39999999999,1124.9,1129.2,1156.00000000001,1198.5,1257.6,1283.7,1358.89999999999,1357.7,1440.8,1474.6
910.729999999996,894.419999999998,886.220000000001,870.239999999994,873.070000000003,860.809999999998,867.700000000001,868.990000000002,872.789999999997,884.990000000002,887.270000000004,922.620000000003,932.150000000001,966.200000000001,978.029999999999,1006.71,1041.02,1081,1113.5,1125.9,1130.00000000001,1156.60000000001,1198.7,1257.7,1283.00000000001,1358.5,1355.9,1439.7,1473.1
911.32,895.080000000002,887.019999999997,871.089999999997,874.170000000002,861.950000000001,869.099999999999,870.529999999999,874.469999999998,886.849999999999,889.120000000003,924.84,934.279999999999,968.520000000004,980.049999999996,1008.63,1042.75,1082.5,1114.6,1126.9,1130.80000000001,1157.2,1198.9,1257.8,1282.30000000001,1358.1,1354.1,1438.60000000001,1471.6
911.910000000003,895.739999999998,887.82,871.939999999995,875.270000000004,863.09,870.5,872.07,876.149999999998,888.710000000003,890.970000000001,927.059999999998,936.409999999996,970.840000000004,982.07,1010.55,1044.48,1084,1115.7,1127.89999999999,1131.60000000001,1157.8,1199.10000000001,1257.89999999999,1281.60000000001,1357.7,1352.3,1437.5,1470.10000000001
912.500000000007,896.400000000001,888.619999999995,872.789999999994,876.369999999995,864.230000000003,871.900000000001,873.609999999993,877.830000000002,890.570000000003,892.82,929.279999999999,938.540000000001,973.160000000003,984.089999999997,1012.47,1046.21,1085.5,1116.8,1128.9,1132.4,1158.4,1199.3,1258,1280.9,1357.3,1350.5,1436.4,1468.6
913.089999999997,897.059999999998,889.419999999998,873.639999999999,877.470000000001,865.369999999995,873.299999999996,875.149999999994,879.509999999995,892.43,894.669999999998,931.500000000007,940.669999999998,975.480000000003,986.110000000001,1014.39,1047.94,1087,1117.89999999999,1129.9,1133.2,1159.00000000001,1199.5,1258.1,1280.2,1356.89999999999,1348.7,1435.3,1467.1
913.68,897.720000000001,890.220000000001,874.489999999998,878.570000000007,866.509999999995,874.699999999997,876.690000000002,881.189999999995,894.290000000001,896.520000000004,933.720000000001,942.800000000003,977.800000000003,988.130000000005,1016.31,1049.67,1088.5,1119,1130.9,1134.00000000001,1159.60000000001,1199.7,1258.2,1279.50000000001,1356.5,1346.9,1434.2,1465.60000000001
914.270000000004,898.379999999997,891.019999999997,875.339999999989,879.669999999998,867.650000000001,876.099999999999,878.230000000003,882.870000000003,896.150000000001,898.370000000003,935.940000000002,944.93,980.120000000003,990.149999999994,1018.23,1051.4,1090,1120.1,1131.9,1134.80000000001,1160.2,1199.9,1258.3,1278.80000000001,1356.1,1345.1,1433.10000000001,1464.09999999999
914.860000000001,899.040000000001,891.82,876.189999999995,880.770000000004,868.790000000001,877.5,879.769999999997,884.549999999996,898.010000000002,900.220000000001,938.159999999996,947.059999999998,982.440000000002,992.169999999998,1020.15,1053.13,1091.5,1121.2,1132.9,1135.60000000001,1160.80000000001,1200.10000000001,1258.39999999999,1278.10000000001,1355.7,1343.3,1432,1462.60000000001
915.450000000004,899.699999999997,892.619999999995,877.039999999994,881.869999999995,869.93,878.900000000001,881.309999999998,886.230000000003,899.870000000003,902.07,940.380000000005,949.189999999995,984.760000000002,994.189999999995,1022.07,1054.86,1093,1122.3,1133.89999999999,1136.40000000001,1161.4,1200.3,1258.49999999999,1277.40000000001,1355.3,1341.5,1430.90000000001,1461.09999999999
916.040000000001,900.360000000001,893.419999999998,877.889999999992,882.970000000001,871.07,880.299999999996,882.849999999999,887.909999999996,901.730000000003,903.919999999998,942.599999999999,951.32,987.080000000002,996.209999999999,1023.99,1056.59,1094.5,1123.39999999999,1134.9,1137.2,1162.00000000001,1200.5,1258.6,1276.7,1354.89999999999,1339.7,1429.8,1459.60000000001
916.629999999997,901.019999999997,894.220000000001,878.739999999998,884.07,872.209999999999,881.699999999997,884.389999999992,889.589999999997,903.589999999997,905.769999999997,944.82,953.449999999997,989.400000000001,998.229999999996,1025.91,1058.32,1096,1124.49999999999,1135.9,1138.00000000001,1162.60000000001,1200.7,1258.7,1276.00000000001,1354.49999999999,1337.90000000001,1428.70000000001,1458.09999999999
917.220000000001,901.68,895.019999999997,879.589999999997,885.169999999998,873.349999999999,883.099999999999,885.93,891.269999999997,905.449999999997,907.620000000003,947.040000000008,955.580000000002,991.720000000001,1000.25,1027.82999999999,1060.05,1097.5,1125.59999999999,1136.9,1138.80000000001,1163.20000000001,1200.9,1258.8,1275.30000000001,1354.09999999999,1336.10000000001,1427.60000000001,1456.60000000001
917.810000000005,902.339999999997,895.82,880.439999999995,886.270000000004,874.489999999998,884.5,887.470000000001,892.949999999997,907.310000000005,909.470000000001,949.260000000002,957.709999999999,994.040000000001,1002.27,1029.75,1061.78,1099,1126.7,1137.9,1139.60000000001,1163.80000000001,1201.10000000001,1258.89999999999,1274.60000000001,1353.7,1334.3,1426.5,1455.10000000001
918.400000000001,903,896.620000000003,881.290000000001,887.370000000003,875.629999999997,885.900000000001,889.010000000002,894.629999999997,909.169999999998,911.32,951.480000000003,959.840000000004,996.360000000001,1004.29,1031.67,1063.51,1100.5,1127.8,1138.89999999999,1140.40000000001,1164.4,1201.3,1258.99999999999,1273.90000000002,1353.3,1332.5,1425.40000000001,1453.59999999999
918.989999999998,903.659999999996,897.419999999998,882.139999999999,888.470000000001,876.770000000004,887.299999999996,890.549999999996,896.309999999998,911.029999999999,913.169999999998,953.699999999997,961.970000000001,998.68,1006.31,1033.59,1065.24,1102,1128.89999999999,1139.9,1141.2,1165.00000000001,1201.5,1259.1,1273.20000000001,1352.89999999999,1330.7,1424.3,1452.10000000001
919.580000000002,904.32,898.220000000001,882.989999999991,889.57,877.909999999996,888.699999999997,892.089999999997,897.989999999998,912.889999999999,915.019999999997,955.920000000006,964.100000000006,1001,1008.32999999999,1035.50999999999,1066.97,1103.5,1129.99999999999,1140.9,1142.00000000001,1165.60000000001,1201.7,1259.2,1272.50000000001,1352.49999999999,1328.90000000001,1423.20000000001,1450.59999999999
920.169999999998,904.979999999996,899.020000000004,883.839999999997,890.670000000006,879.049999999996,890.099999999999,893.629999999997,899.669999999991,914.75,916.870000000003,958.139999999999,966.229999999996,1003.32000000001,1010.35,1037.43,1068.7,1105,1131.09999999999,1141.9,1142.80000000001,1166.20000000001,1201.9,1259.29999999999,1271.80000000002,1352.09999999999,1327.10000000001,1422.10000000001,1449.10000000001
920.760000000002,905.639999999999,899.819999999992,884.689999999995,891.769999999997,880.190000000002,891.5,895.169999999998,901.349999999999,916.610000000001,918.720000000001,960.360000000001,968.360000000001,1005.64000000001,1012.37,1039.35,1070.43000000001,1106.5,1132.2,1142.9,1143.60000000001,1166.80000000001,1202.10000000001,1259.39999999999,1271.10000000001,1351.7,1325.3,1421,1447.60000000001
921.350000000006,906.299999999996,900.619999999995,885.539999999994,892.870000000003,881.330000000002,892.900000000001,896.709999999999,903.029999999999,918.470000000001,920.570000000007,962.580000000002,970.489999999998,1007.96000000001,1014.39,1041.27,1072.16,1108,1133.3,1143.9,1144.40000000002,1167.40000000001,1202.30000000001,1259.5,1270.40000000001,1351.3,1323.5,1419.90000000001,1446.09999999999
921.939999999995,906.959999999999,901.419999999998,886.389999999999,893.970000000008,882.469999999994,894.299999999996,898.25,904.709999999992,920.329999999994,922.420000000006,964.800000000003,972.620000000003,1010.28000000001,1016.41,1043.19,1073.89,1109.5,1134.39999999999,1144.89999999999,1145.20000000001,1168.00000000001,1202.5,1259.59999999999,1269.70000000001,1350.89999999999,1321.7,1418.8,1444.60000000001
922.529999999999,907.619999999995,902.219999999994,887.239999999998,895.07,883.610000000001,895.699999999997,899.790000000001,906.389999999999,922.190000000002,924.270000000004,967.020000000004,974.75,1012.6,1018.43,1045.11,1075.62,1111,1135.49999999999,1145.9,1146.00000000001,1168.60000000001,1202.7,1259.7,1269.00000000001,1350.49999999999,1319.90000000001,1417.70000000001,1443.09999999999
923.120000000003,908.279999999999,903.019999999997,888.089999999997,896.170000000006,884.75,897.099999999999,901.329999999994,908.069999999992,924.050000000003,926.120000000003,969.239999999998,976.880000000005,1014.92,1020.45,1047.03,1077.35,1112.5,1136.59999999999,1146.9,1146.80000000001,1169.20000000001,1202.90000000001,1259.79999999999,1268.30000000002,1350.09999999999,1318.10000000001,1416.60000000001,1441.60000000001
923.710000000006,908.939999999995,903.819999999992,888.939999999988,897.269999999997,885.889999999999,898.5,902.869999999995,909.75,925.910000000003,927.970000000001,971.460000000006,979.010000000002,1017.24,1022.46999999999,1048.95,1079.08,1114,1137.7,1147.9,1147.60000000001,1169.8,1203.10000000001,1259.89999999999,1267.60000000001,1349.7,1316.3,1415.5,1440.10000000001
924.300000000003,909.599999999999,904.619999999995,889.789999999994,898.370000000003,887.029999999999,899.900000000001,904.409999999996,911.43,927.769999999997,929.82,973.68,981.139999999999,1019.56,1024.49,1050.87,1080.81,1115.5,1138.8,1148.9,1148.40000000001,1170.40000000001,1203.3,1260,1266.90000000001,1349.3,1314.5,1414.40000000001,1438.59999999999
924.889999999999,910.259999999995,905.419999999998,890.639999999992,899.470000000001,888.169999999998,901.299999999996,905.950000000004,913.109999999993,929.630000000005,931.670000000006,975.900000000001,983.269999999997,1021.88,1026.50999999999,1052.79,1082.54,1117,1139.89999999999,1149.89999999999,1149.20000000001,1171,1203.5,1260.09999999999,1266.20000000001,1348.89999999999,1312.7,1413.3,1437.10000000001
925.480000000003,910.919999999998,906.219999999994,891.489999999991,900.57,889.310000000005,902.699999999997,907.489999999998,914.790000000001,931.490000000005,933.520000000004,978.119999999995,985.400000000001,1024.2,1028.53,1054.71,1084.27,1118.5,1140.99999999999,1150.90000000001,1150.00000000001,1171.60000000002,1203.7,1260.2,1265.50000000001,1348.49999999999,1310.90000000001,1412.20000000001,1435.59999999999
926.07,911.579999999994,907.019999999997,892.339999999997,901.669999999998,890.449999999997,904.099999999999,909.029999999999,916.469999999994,933.349999999999,935.370000000003,980.340000000004,987.529999999999,1026.52,1030.55,1056.63,1086,1120,1142.09999999999,1151.89999999999,1150.80000000002,1172.20000000001,1203.90000000001,1260.29999999999,1264.80000000002,1348.09999999999,1309.10000000001,1411.10000000001,1434.10000000001
926.660000000003,912.239999999998,907.82,893.189999999995,902.770000000004,891.589999999997,905.5,910.57,918.149999999994,935.209999999999,937.220000000001,982.560000000005,989.659999999996,1028.84,1032.57,1058.55,1087.73,1121.5,1143.2,1152.89999999999,1151.60000000001,1172.8,1204.10000000001,1260.39999999999,1264.10000000001,1347.7,1307.3,1410,1432.60000000001
927.250000000007,912.900000000001,908.619999999995,894.039999999994,903.870000000003,892.730000000003,906.900000000001,912.109999999993,919.830000000002,937.07,939.07,984.779999999999,991.790000000001,1031.16,1034.59,1060.46999999999,1089.46,1123,1144.3,1153.90000000001,1152.40000000001,1173.40000000001,1204.3,1260.5,1263.40000000001,1347.3,1305.5,1408.90000000001,1431.09999999999
927.839999999997,913.559999999998,909.419999999998,894.889999999999,904.970000000001,893.869999999995,908.299999999996,913.649999999994,921.509999999995,938.93,940.919999999998,987.000000000007,993.919999999998,1033.48,1036.61,1062.39,1091.19,1124.5,1145.39999999999,1154.89999999999,1153.20000000001,1174,1204.5,1260.59999999999,1262.70000000001,1346.89999999999,1303.7,1407.8,1429.60000000001
928.43,914.220000000001,910.220000000001,895.739999999998,906.070000000007,895.009999999995,909.699999999997,915.189999999995,923.189999999995,940.790000000001,942.769999999997,989.220000000001,996.050000000003,1035.8,1038.63,1064.31,1092.92,1126,1146.49999999999,1155.90000000001,1154.00000000001,1174.60000000002,1204.7,1260.7,1262.00000000001,1346.49999999999,1301.90000000001,1406.70000000001,1428.09999999999
929.020000000004,914.879999999997,911.019999999997,896.589999999989,907.169999999998,896.150000000001,911.099999999999,916.730000000003,924.869999999995,942.650000000001,944.620000000003,991.440000000002,998.18,1038.12,1040.64999999999,1066.23,1094.65000000001,1127.5,1147.59999999999,1156.89999999999,1154.80000000002,1175.20000000001,1204.90000000001,1260.79999999999,1261.30000000002,1346.09999999999,1300.10000000001,1405.60000000001,1426.60000000001
929.610000000001,915.540000000001,911.82,897.439999999995,908.270000000004,897.290000000001,912.5,918.269999999997,926.549999999996,944.509999999995,946.470000000001,993.659999999996,1000.31,1040.44000000001,1042.67,1068.14999999999,1096.38,1129,1148.7,1157.89999999999,1155.60000000001,1175.8,1205.10000000001,1260.89999999999,1260.60000000001,1345.7,1298.3,1404.5,1425.10000000001
930.200000000004,916.199999999997,912.619999999995,898.289999999994,909.369999999995,898.43,913.900000000001,919.809999999998,928.230000000003,946.370000000003,948.32,995.880000000005,1002.44,1042.76,1044.69,1070.06999999999,1098.11000000002,1130.5,1149.8,1158.90000000001,1156.40000000001,1176.40000000001,1205.3,1261,1259.90000000001,1345.3,1296.5,1403.40000000001,1423.59999999999
930.790000000001,916.860000000001,913.419999999998,899.139999999992,910.470000000001,899.57,915.299999999996,921.349999999999,929.909999999996,948.230000000003,950.169999999998,998.099999999999,1004.57,1045.08,1046.71,1071.98999999999,1099.84,1132,1150.89999999999,1159.89999999999,1157.20000000001,1177,1205.5,1261.09999999999,1259.20000000001,1344.89999999999,1294.7,1402.3,1422.10000000001
931.380000000005,917.519999999997,914.220000000001,899.989999999991,911.57,900.709999999999,916.699999999997,922.889999999992,931.589999999997,950.090000000004,952.019999999997,1000.32,1006.7,1047.4,1048.73,1073.91,1101.56999999999,1133.5,1151.99999999999,1160.90000000001,1158.00000000001,1177.60000000002,1205.7,1261.2,1258.50000000001,1344.49999999999,1292.90000000001,1401.20000000001,1420.59999999999
931.969999999994,918.18,915.019999999997,900.839999999997,912.669999999998,901.849999999999,918.099999999999,924.429999999993,933.269999999997,951.949999999997,953.869999999995,1002.54000000001,1008.83,1049.72,1050.75,1075.83,1103.3,1135,1153.09999999999,1161.89999999999,1158.80000000002,1178.20000000001,1205.90000000001,1261.29999999999,1257.80000000002,1344.09999999999,1291.10000000001,1400.10000000001,1419.10000000001
932.559999999998,918.839999999997,915.82,901.689999999995,913.770000000004,902.989999999998,919.5,925.970000000001,934.949999999997,953.810000000005,955.720000000008,1004.76,1010.96,1052.04,1052.77,1077.75,1105.03,1136.5,1154.2,1162.89999999999,1159.60000000001,1178.8,1206.10000000001,1261.39999999999,1257.10000000001,1343.7,1289.3,1399,1417.60000000001
933.149999999994,919.5,916.619999999995,902.539999999986,914.870000000003,904.129999999997,920.900000000001,927.510000000002,936.629999999997,955.670000000006,957.570000000007,1006.98,1013.09,1054.36,1054.78999999999,1079.67,1106.75999999999,1138,1155.3,1163.90000000001,1160.40000000001,1179.40000000001,1206.3,1261.5,1256.40000000001,1343.3,1287.5,1397.90000000001,1416.09999999999
933.740000000005,920.160000000003,917.419999999998,903.389999999992,915.970000000001,905.270000000004,922.299999999996,929.049999999996,938.309999999998,957.529999999999,959.420000000006,1009.2,1015.22,1056.68000000001,1056.81,1081.59,1108.49000000001,1139.5,1156.39999999999,1164.89999999999,1161.20000000001,1180,1206.5,1261.59999999999,1255.70000000001,1342.89999999999,1285.7,1396.8,1414.60000000001
934.330000000002,920.819999999992,918.220000000001,904.239999999991,917.07,906.409999999996,923.699999999997,930.589999999997,939.989999999998,959.389999999999,961.270000000004,1011.42000000001,1017.35000000001,1059,1058.83,1083.50999999999,1110.22,1141,1157.49999999999,1165.90000000001,1162.00000000001,1180.60000000002,1206.7,1261.7,1255.00000000001,1342.49999999999,1283.90000000001,1395.70000000001,1413.09999999999
934.919999999998,921.479999999996,919.01999999999,905.089999999997,918.169999999998,907.549999999996,925.099999999999,932.129999999997,941.669999999991,961.250000000007,963.120000000003,1013.64,1019.48,1061.32000000001,1060.85000000001,1085.42999999999,1111.95,1142.5,1158.59999999999,1166.89999999999,1162.80000000002,1181.20000000001,1206.90000000001,1261.79999999999,1254.30000000002,1342.09999999999,1282.10000000001,1394.60000000001,1411.60000000001
935.510000000009,922.139999999999,919.820000000007,905.939999999988,919.270000000004,908.690000000002,926.5,933.669999999998,943.349999999999,963.110000000001,964.970000000001,1015.86,1021.61,1063.64,1062.87,1087.34999999999,1113.68000000001,1144,1159.7,1167.89999999999,1163.60000000001,1181.8,1207.10000000001,1261.89999999999,1253.60000000001,1341.7,1280.3,1393.5,1410.10000000001
936.100000000006,922.800000000003,920.619999999995,906.789999999979,920.369999999995,909.830000000002,927.899999999994,935.209999999992,945.029999999999,964.969999999994,966.819999999992,1018.08,1023.74000000001,1065.96000000001,1064.88999999998,1089.26999999999,1115.41,1145.5,1160.8,1168.90000000001,1164.40000000001,1182.40000000001,1207.3,1262,1252.90000000001,1341.3,1278.5,1392.40000000001,1408.59999999999
936.690000000002,923.459999999992,921.419999999998,907.639999999999,921.470000000001,910.970000000001,929.300000000003,936.749999999985,946.709999999999,966.830000000002,968.669999999998,1020.3,1025.87,1068.28000000001,1066.91,1091.19,1117.14,1147,1161.89999999999,1169.89999999999,1165.20000000001,1183,1207.5,1262.09999999999,1252.20000000001,1340.89999999999,1276.7,1391.3,1407.10000000001
937.279999999999,924.119999999995,922.220000000001,908.489999999991,922.570000000007,912.109999999986,930.699999999997,938.289999999994,948.389999999985,968.690000000002,970.51999999999,1022.52,1028,1070.60000000001,1068.92999999999,1093.11,1118.87000000001,1148.5,1162.99999999999,1170.90000000001,1166.00000000001,1183.60000000002,1207.7,1262.2,1251.50000000001,1340.49999999999,1274.90000000001,1390.20000000001,1405.59999999999
937.869999999995,924.779999999999,923.020000000004,909.339999999997,923.669999999998,913.25,932.099999999991,939.829999999987,950.069999999992,970.550000000003,972.369999999995,1024.74000000001,1030.12999999999,1072.92000000001,1070.95,1095.03,1120.60000000001,1150,1164.09999999999,1171.89999999999,1166.80000000002,1184.20000000001,1207.90000000001,1262.29999999999,1250.80000000002,1340.09999999999,1273.10000000001,1389.10000000001,1404.10000000001
938.460000000006,925.440000000002,923.819999999992,910.189999999988,924.770000000004,914.389999999999,933.5,941.37000000001,951.75,972.410000000003,974.220000000001,1026.96000000001,1032.26000000001,1075.24000000001,1072.97,1096.95,1122.33,1151.5,1165.2,1172.90000000001,1167.60000000002,1184.80000000002,1208.10000000001,1262.39999999999,1250.10000000002,1339.7,1271.3,1388.00000000001,1402.59999999999
939.050000000003,926.099999999991,924.62000000001,911.039999999994,925.87000000001,915.529999999999,934.899999999994,942.910000000003,953.429999999993,974.270000000004,976.070000000007,1029.17999999999,1034.39,1077.56000000001,1074.99000000001,1098.87,1124.06,1153,1166.3,1173.89999999999,1168.40000000002,1185.40000000001,1208.30000000002,1262.49999999999,1249.40000000002,1339.3,1269.5,1386.90000000001,1401.10000000002
939.640000000014,926.759999999995,925.419999999998,911.889999999985,926.970000000001,916.669999999998,936.300000000003,944.449999999997,955.110000000001,976.130000000005,977.920000000013,1031.39999999999,1036.52,1079.88,1077.00999999999,1100.78999999999,1125.78999999999,1154.5,1167.39999999999,1174.89999999999,1169.20000000001,1186,1208.5,1262.59999999999,1248.70000000001,1338.89999999999,1267.7,1385.8,1399.59999999998
940.229999999996,927.419999999998,926.219999999987,912.739999999991,928.069999999992,917.809999999998,937.699999999997,945.990000000005,956.789999999994,977.989999999991,979.770000000004,1033.62000000001,1038.64999999999,1082.20000000001,1079.02999999998,1102.70999999999,1127.52,1156,1168.49999999999,1175.90000000001,1170.00000000001,1186.60000000002,1208.7,1262.7,1248.00000000001,1338.49999999999,1265.90000000001,1384.70000000001,1398.10000000001
940.819999999992,928.080000000002,927.020000000004,913.589999999997,929.170000000013,918.949999999997,939.099999999991,947.529999999999,958.469999999987,979.849999999991,981.62000000001,1035.84,1040.78,1084.52000000002,1081.05,1104.62999999999,1129.25,1157.5,1169.59999999999,1176.89999999999,1170.80000000002,1187.20000000001,1208.90000000001,1262.79999999999,1247.30000000002,1338.09999999999,1264.10000000001,1383.60000000001,1396.60000000001
941.410000000003,928.739999999991,927.819999999992,914.439999999988,930.270000000004,920.089999999997,940.5,949.069999999992,960.149999999994,981.710000000006,983.470000000001,1038.06,1042.91,1086.84,1083.06999999999,1106.55,1130.98,1159,1170.7,1177.90000000001,1171.60000000002,1187.80000000002,1209.10000000001,1262.89999999999,1246.60000000002,1337.7,1262.3,1382.5,1395.10000000001
942,929.399999999994,928.619999999995,915.289999999994,931.369999999995,921.229999999996,941.899999999994,950.610000000001,961.830000000002,983.570000000007,985.320000000007,1040.28000000001,1045.03999999999,1089.16,1085.09,1108.47,1132.71000000001,1160.5,1171.8,1178.89999999999,1172.40000000002,1188.40000000001,1209.30000000002,1262.99999999999,1245.90000000002,1337.3,1260.5,1381.39999999999,1393.60000000001
942.590000000011,930.059999999998,929.419999999984,916.139999999985,932.470000000001,922.37000000001,943.300000000003,952.149999999994,963.510000000009,985.430000000008,987.169999999998,1042.5,1047.17,1091.48,1087.11,1110.39,1134.44,1162,1172.89999999999,1179.89999999999,1173.20000000001,1189,1209.5,1263.09999999999,1245.20000000001,1336.89999999999,1258.7,1380.30000000002,1392.09999999998
943.180000000008,930.720000000001,930.220000000001,916.989999999991,933.570000000007,923.509999999995,944.699999999997,953.689999999988,965.189999999988,987.290000000008,989.020000000004,1044.72,1049.3,1093.8,1089.13,1112.31,1136.17,1163.5,1173.99999999999,1180.90000000001,1174.00000000001,1189.60000000002,1209.7,1263.2,1244.50000000001,1336.49999999999,1256.90000000001,1379.20000000001,1390.60000000001
943.76999999999,931.37999999999,931.01999999999,917.839999999997,934.669999999998,924.649999999994,946.099999999991,955.229999999996,966.869999999995,989.149999999994,990.869999999995,1046.94,1051.43000000001,1096.12,1091.14999999999,1114.23,1137.90000000001,1165,1175.09999999999,1181.89999999999,1174.80000000002,1190.20000000001,1209.90000000001,1263.29999999999,1243.80000000002,1336.09999999999,1255.10000000001,1378.10000000001,1389.10000000001
944.360000000001,932.039999999994,931.819999999992,918.690000000002,935.76999999999,925.790000000008,947.5,956.76999999999,968.550000000003,991.009999999995,992.720000000001,1049.16,1053.56,1098.44,1093.17,1116.14999999999,1139.63,1166.5,1176.2,1182.90000000001,1175.60000000002,1190.80000000002,1210.10000000001,1263.39999999999,1243.10000000002,1335.7,1253.30000000002,1377,1387.60000000001
944.949999999997,932.699999999997,932.619999999995,919.539999999994,936.87000000001,926.929999999993,948.899999999994,958.309999999983,970.229999999996,992.869999999995,994.569999999992,1051.38,1055.69,1100.75999999999,1095.19,1118.06999999999,1141.36,1168,1177.29999999999,1183.89999999999,1176.40000000002,1191.40000000001,1210.3,1263.49999999999,1242.40000000002,1335.29999999999,1251.5,1375.90000000002,1386.09999999998
945.540000000008,933.360000000001,933.419999999998,920.389999999985,937.970000000001,928.069999999992,950.300000000003,959.850000000006,971.909999999989,994.729999999996,996.420000000013,1053.60000000001,1057.81999999999,1103.08,1097.20999999999,1119.98999999999,1143.09,1169.5,1178.39999999998,1184.89999999999,1177.20000000001,1192.00000000001,1210.5,1263.59999999999,1241.70000000001,1334.89999999999,1249.70000000001,1374.80000000002,1384.60000000001
946.130000000005,934.020000000004,934.219999999987,921.239999999991,939.069999999992,929.210000000006,951.699999999997,961.389999999999,973.589999999997,996.589999999997,998.270000000004,1055.82000000001,1059.95,1105.40000000001,1099.23,1121.90999999999,1144.81999999999,1171,1179.49999999999,1185.90000000001,1178.00000000001,1192.60000000002,1210.7,1263.7,1241.00000000001,1334.5,1247.89999999999,1373.70000000001,1383.10000000001
946.720000000001,934.679999999993,935.020000000004,922.089999999982,940.170000000013,930.349999999991,953.099999999991,962.930000000008,975.26999999999,998.450000000012,1000.12000000001,1058.04000000001,1062.08,1107.72,1101.25,1123.83,1146.55,1172.5,1180.59999999999,1186.89999999999,1178.80000000002,1193.20000000001,1210.90000000001,1263.79999999999,1240.30000000002,1334.09999999998,1246.10000000001,1372.60000000001,1381.60000000001
947.310000000012,935.339999999997,935.819999999992,922.939999999988,941.270000000004,931.490000000005,954.5,964.470000000001,976.949999999997,1000.31000000001,1001.97,1060.25999999999,1064.20999999999,1110.04000000001,1103.27,1125.75,1148.28,1174,1181.7,1187.90000000001,1179.60000000002,1193.80000000002,1211.10000000001,1263.89999999999,1239.60000000002,1333.69999999998,1244.30000000002,1371.5,1380.10000000001
947.899999999994,936,936.619999999995,923.789999999994,942.369999999995,932.630000000005,955.899999999994,966.009999999995,978.630000000005,1002.17,1003.82000000001,1062.48,1066.34,1112.36,1105.28999999999,1127.67,1150.00999999999,1175.5,1182.79999999999,1188.89999999999,1180.40000000002,1194.40000000001,1211.3,1263.99999999999,1238.90000000004,1333.29999999999,1242.5,1370.40000000002,1378.59999999998
948.490000000005,936.660000000003,937.419999999998,924.639999999999,943.470000000001,933.76999999999,957.300000000003,967.550000000003,980.309999999983,1004.03,1005.67,1064.70000000001,1068.47,1114.68000000001,1107.31,1129.59,1151.74000000001,1177,1183.89999999998,1189.89999999999,1181.20000000001,1195.00000000001,1211.5,1264.09999999999,1238.20000000004,1332.89999999999,1240.70000000001,1369.30000000002,1377.10000000001
949.080000000002,937.319999999992,938.220000000001,925.489999999991,944.570000000007,934.910000000003,958.699999999997,969.089999999997,981.989999999991,1005.89,1007.52,1066.92,1070.60000000001,1117,1109.33,1131.50999999999,1153.47,1178.5,1184.99999999999,1190.90000000001,1182.00000000001,1195.60000000002,1211.7,1264.2,1237.50000000003,1332.5,1238.89999999999,1368.20000000001,1375.60000000001
949.669999999998,937.979999999996,939.01999999999,926.339999999997,945.669999999998,936.050000000003,960.099999999991,970.62999999999,983.669999999998,1007.75,1009.37,1069.14,1072.73,1119.32000000001,1111.35000000001,1133.42999999999,1155.2,1180,1186.09999999999,1191.89999999999,1182.80000000002,1196.20000000001,1211.90000000001,1264.29999999999,1236.80000000002,1332.09999999998,1237.10000000001,1367.10000000001,1374.10000000001
950.260000000009,938.639999999999,939.820000000007,927.189999999988,946.770000000004,937.189999999988,961.5,972.169999999998,985.349999999991,1009.61,1011.22,1071.36000000002,1074.86,1121.64,1113.37,1135.34999999999,1156.93000000001,1181.5,1187.2,1192.90000000001,1183.60000000002,1196.80000000002,1212.10000000001,1264.39999999999,1236.10000000001,1331.69999999998,1235.30000000002,1366,1372.60000000001
950.850000000006,939.300000000003,940.619999999995,928.039999999979,947.87000000001,938.330000000002,962.899999999994,973.709999999992,987.029999999999,1011.47,1013.06999999999,1073.58,1076.99000000001,1123.96000000001,1115.39,1137.26999999999,1158.66,1183,1188.29999999999,1193.89999999999,1184.40000000002,1197.40000000001,1212.3,1264.5,1235.40000000002,1331.29999999999,1233.5,1364.90000000002,1371.09999999998
951.440000000002,939.959999999992,941.419999999998,928.889999999999,948.970000000001,939.470000000001,964.300000000003,975.249999999985,988.709999999992,1013.33,1014.92,1075.8,1079.12,1126.28000000001,1117.41,1139.19,1160.39,1184.5,1189.39999999998,1194.89999999999,1185.20000000001,1198.00000000001,1212.5,1264.59999999998,1234.70000000004,1330.89999999999,1231.70000000001,1363.80000000002,1369.60000000001
952.029999999999,940.619999999995,942.220000000001,929.739999999991,950.070000000007,940.609999999986,965.699999999997,976.789999999994,990.389999999985,1015.19,1016.77,1078.02,1081.25,1128.60000000001,1119.42999999999,1141.11,1162.12000000001,1186,1190.49999999999,1195.90000000001,1186.00000000001,1198.60000000002,1212.7,1264.69999999998,1234.00000000003,1330.5,1229.89999999999,1362.70000000001,1368.10000000001
952.619999999995,941.279999999999,943.01999999999,930.589999999997,951.169999999998,941.75,967.099999999991,978.329999999987,992.069999999992,1017.05,1018.62,1080.24000000001,1083.37999999999,1130.92000000001,1121.45,1143.03,1163.85000000001,1187.5,1191.59999999999,1196.89999999999,1186.80000000002,1199.20000000001,1212.90000000001,1264.79999999999,1233.30000000002,1330.09999999998,1228.10000000001,1361.60000000001,1366.60000000001
953.210000000006,941.940000000002,943.819999999992,931.439999999988,952.270000000004,942.889999999999,968.5,979.87000000001,993.75,1018.91,1020.47000000002,1082.46000000001,1085.51000000001,1133.24000000001,1123.47,1144.95,1165.58,1189,1192.7,1197.90000000001,1187.60000000002,1199.80000000002,1213.10000000001,1264.89999999999,1232.60000000001,1329.69999999998,1226.30000000002,1360.5,1365.10000000001
953.800000000003,942.599999999991,944.619999999995,932.289999999994,953.37000000001,944.029999999999,969.899999999994,981.410000000003,995.429999999993,1020.77,1022.32000000001,1084.67999999999,1087.64,1135.56000000001,1125.49000000001,1146.87,1167.31,1190.5,1193.79999999999,1198.89999999999,1188.40000000002,1200.40000000001,1213.3,1265,1231.90000000002,1329.29999999999,1224.5,1359.40000000002,1363.59999999998
