0.90525,0.90615,0.91065,0.92336,0.91764,0.91968,0.92416,0.93206,0.94089,0.95021,0.94673,0.95613,0.96542,0.96553,0.96271,0.97449,0.984,0.99244,1.0022,0.99822,1.002,1.0051,1.0115,1.0204,1.029,1.0287,1.0369,1.043,0.98843
0.9062,0.90894,0.91251,0.92244,0.91994,0.92198,0.92824,0.9343,0.94179,0.94933,0.94894,0.95829,0.96455,0.9664,0.96574,0.97535,0.984,0.99327,1.001,0.99905,1.0012,1.0064,1.0123,1.0196,1.0278,1.0295,1.0377,1.0438,1.0049
0.90714,0.91173,0.91437,0.92152,0.92224,0.92427,0.93233,0.93654,0.94269,0.94844,0.95116,0.96046,0.96369,0.96727,0.96877,0.97621,0.984,0.9941,0.99975,0.99988,1.0004,1.0076,1.0131,1.0188,1.0266,1.0303,1.0385,1.0446,1.0213
0.90808,0.91453,0.91593,0.9206,0.92432,0.92657,0.93641,0.93879,0.94358,0.94711,0.95337,0.96162,0.96282,0.96833,0.9718,0.97721,0.984,0.99493,0.99851,1.0007,1.0005,1.0088,1.0139,1.018,1.0254,1.0311,1.0392,1.0454,1.0378
0.90903,0.91461,0.91732,0.92032,0.9257,0.92887,0.93815,0.94103,0.94447,0.94534,0.95523,0.96031,0.96204,0.97046,0.97483,0.98017,0.984,0.99348,0.99727,1.0015,1.0013,1.0079,1.0147,1.0168,1.0242,1.0319,1.04,1.0461,1.0496
0.91045,0.91415,0.91848,0.92125,0.927,0.93285,0.9395,0.94149,0.94536,0.94455,0.95611,0.959,0.96292,0.9726,0.9758,0.98313,0.98728,0.9918,0.99635,1.0016,1.0019,1.0067,1.0144,1.0156,1.0233,1.0327,1.0384,1.0469,1.0516
0.91186,0.91464,0.91941,0.92227,0.927,0.93694,0.93858,0.94059,0.94612,0.94679,0.95698,0.96032,0.9638,0.97229,0.97664,0.984,0.99109,0.99144,0.99551,1.0008,1.0011,1.0057,1.0136,1.0161,1.0225,1.0325,1.0368,1.0463,1.0535
0.91455,0.91558,0.92051,0.92365,0.927,0.93632,0.93631,0.94031,0.94657,0.94906,0.95526,0.96163,0.96566,0.97143,0.977,0.984,0.993,0.99229,0.99647,1,1.0002,1.0048,1.0128,1.0181,1.0223,1.0317,1.0364,1.0455,1.0531
0.91738,0.9173,0.9219,0.92505,0.92902,0.93405,0.93596,0.94121,0.94704,0.95305,0.95349,0.962,0.96782,0.97144,0.977,0.98371,0.993,0.99345,1.0002,1.0017,1.0012,1.004,1.012,1.02,1.0231,1.031,1.0372,1.0449,1.052
0.91909,0.91963,0.9232,0.92738,0.93132,0.93275,0.93823,0.9423,0.94794,0.95704,0.95364,0.962,0.9684,0.9723,0.9778,0.98285,0.99268,0.99638,1.004,1.0034,1.0029,1.0056,1.0112,1.0209,1.0239,1.031,1.038,1.0445,1.0509
0.92048,0.92158,0.92413,0.9297,0.93265,0.93229,0.9398,0.94454,0.94884,0.95632,0.95453,0.962,0.96709,0.97317,0.9808,0.98201,0.98972,0.99931,1.0048,1.0045,1.005,1.0073,1.0123,1.0217,1.0247,1.031,1.0388,1.0441,1.0501
0.92041,0.92299,0.92509,0.9308,0.93357,0.93349,0.93889,0.94679,0.94973,0.9541,0.95604,0.962,0.96653,0.97403,0.98379,0.98286,0.98676,0.99904,1.0057,1.0053,1.0078,1.0092,1.014,1.0225,1.0255,1.0305,1.0396,1.045,1.0493
0.91946,0.92453,0.92649,0.93172,0.93473,0.93763,0.93802,0.94618,0.95063,0.95255,0.95825,0.96224,0.9696,0.9749,0.9832,0.98372,0.98759,0.99779,1.005,1.0058,1.0107,1.0113,1.0153,1.0233,1.0268,1.0297,1.04,1.0462,1.05
0.91972,0.92639,0.92788,0.932,0.93611,0.941,0.9394,0.94527,0.95179,0.95165,0.96028,0.96355,0.97266,0.97424,0.98235,0.98543,0.98973,0.99668,1.0034,1.005,1.0102,1.0129,1.0161,1.024,1.0288,1.0294,1.04,1.0467,1.0516
0.92113,0.92787,0.92885,0.932,0.93732,0.941,0.94078,0.94627,0.95314,0.95222,0.96161,0.96486,0.97223,0.97337,0.98149,0.98757,0.99134,0.99584,1.002,1.0042,1.0094,1.012,1.0169,1.024,1.0308,1.0319,1.04,1.0455,1.0531
0.92236,0.92694,0.92978,0.93275,0.93824,0.941,0.94367,0.94809,0.95368,0.9567,0.96294,0.96579,0.97136,0.97425,0.98062,0.98829,0.99219,0.99502,1.002,1.0047,1.0084,1.0112,1.0162,1.024,1.0303,1.0343,1.0408,1.0443,1.0539
0.92331,0.92601,0.93107,0.93413,0.93924,0.9401,0.94685,0.94967,0.95278,0.96104,0.96385,0.96668,0.97049,0.97644,0.98025,0.98615,0.99296,0.99713,1.002,1.0055,1.0071,1.0104,1.0154,1.0234,1.0294,1.0364,1.0416,1.0455,1.0547
0.92487,0.92833,0.93247,0.93517,0.94062,0.93918,0.94858,0.95102,0.95212,0.96192,0.96473,0.96756,0.9696,0.97838,0.98111,0.98401,0.99211,0.99925,1.0037,1.0056,1.0059,1.0095,1.016,1.0226,1.0286,1.0384,1.0416,1.0475,1.0546
0.92816,0.93068,0.93386,0.93564,0.942,0.94085,0.94949,0.95212,0.95302,0.96281,0.96438,0.96844,0.96999,0.97967,0.98198,0.98615,0.99125,1.0005,1.0058,1.0048,1.0051,1.0093,1.0181,1.0222,1.0278,1.0398,1.0408,1.0492,1.0538
0.9312,0.93221,0.93526,0.93662,0.94108,0.94315,0.9496,0.95258,0.95393,0.96159,0.96349,0.96916,0.97305,0.98097,0.98158,0.98832,0.9919,1.0014,1.007,1.004,1.0042,1.0101,1.0199,1.023,1.027,1.039,1.04,1.05,1.053
0.93259,0.9336,0.93644,0.93941,0.94016,0.94603,0.9487,0.95306,0.95524,0.9598,0.9626,0.9696,0.97597,0.97886,0.98115,0.98988,0.99319,1.0018,1.007,1.0044,1.0055,1.011,1.0182,1.0239,1.0286,1.0382,1.0416,1.0508,1.0538
0.93399,0.934,0.93737,0.942,0.94,0.94924,0.948,0.95397,0.95659,0.9585,0.96171,0.96991,0.97509,0.97667,0.98158,0.99116,0.99369,1.0009,1.007,1.0049,1.0076,1.0122,1.0165,1.0233,1.0303,1.0374,1.0432,1.0504,1.0546
0.93307,0.934,0.93845,0.942,0.94,0.951,0.948,0.95488,0.95637,0.95761,0.96167,0.96903,0.97421,0.97691,0.98246,0.99125,0.99283,1.0001,1.0061,1.0056,1.0094,1.0135,1.0154,1.0225,1.0317,1.0366,1.0436,1.0496,1.0552
0.93212,0.93483,0.93984,0.942,0.94279,0.951,0.94815,0.955,0.95546,0.95744,0.9648,0.96814,0.97333,0.97823,0.98333,0.98909,0.99206,0.99922,1.0053,1.0064,1.0107,1.0135,1.0146,1.0217,1.0329,1.0358,1.0428,1.0488,1.0556
0.93323,0.93622,0.94116,0.94158,0.94693,0.95077,0.95088,0.955,0.95657,0.9588,0.96794,0.968,0.97244,0.979,0.98419,0.98702,0.99423,0.99836,1.0044,1.007,1.0119,1.0127,1.0145,1.0208,1.0338,1.035,1.042,1.048,1.056
0.93464,0.93742,0.94209,0.94112,0.94877,0.94985,0.9536,0.9547,0.95974,0.96033,0.96931,0.968,0.97266,0.979,0.98497,0.98745,0.99639,0.998,1.0036,1.007,1.0084,1.0116,1.0161,1.02,1.0317,1.0341,1.0412,1.0472,1.0552
0.935,0.93836,0.943,0.94169,0.94831,0.94897,0.95322,0.95425,0.96239,0.96302,0.97063,0.9699,0.97399,0.97917,0.98453,0.98788,0.997,0.998,1.0027,1.007,1.0046,1.0095,1.0178,1.0212,1.0297,1.0333,1.0404,1.0464,1.0544
0.935,0.93945,0.943,0.94262,0.9483,0.94851,0.9523,0.95442,0.96373,0.96571,0.97035,0.973,0.97532,0.9805,0.98409,0.98864,0.997,0.9979,1.0019,1.0062,1.0035,1.0074,1.0191,1.0225,1.0273,1.0325,1.0407,1.0456,1.053
0.93706,0.94085,0.943,0.94494,0.94923,0.94805,0.95418,0.95534,0.96486,0.9664,0.96945,0.97516,0.97665,0.98183,0.98469,0.98951,0.99667,0.99747,1.001,1.0054,1.0044,1.008,1.0204,1.0225,1.0249,1.0323,1.0419,1.0452,1.051
0.94036,0.94224,0.94422,0.9482,0.95024,0.94884,0.9574,0.95689,0.96259,0.96685,0.96967,0.9756,0.97798,0.982,0.98556,0.99,0.9958,0.99704,1.0018,1.0057,1.0055,1.0093,1.02,1.0217,1.0235,1.0331,1.0428,1.046,1.049
0.94317,0.94366,0.94561,0.95062,0.95162,0.94977,0.95946,0.96007,0.96033,0.967,0.97101,0.97582,0.978,0.982,0.986,0.99,0.99506,0.99896,1.0027,1.007,1.0077,1.01,1.0179,1.021,1.0256,1.034,1.0408,1.0468,1.049
0.94549,0.94505,0.94566,0.952,0.953,0.95241,0.96036,0.96293,0.96117,0.967,0.9714,0.97403,0.978,0.98148,0.986,0.98994,0.99593,1.0011,1.0038,1.0078,1.0098,1.01,1.016,1.021,1.0277,1.0332,1.0387,1.0464,1.049
0.94634,0.94598,0.9452,0.95249,0.953,0.95563,0.96045,0.96202,0.96253,0.96762,0.96916,0.97224,0.97865,0.98059,0.98581,0.9895,0.99679,1.0025,1.0051,1.007,1.0092,1.0101,1.0155,1.021,1.0287,1.0324,1.0375,1.0455,1.0496
0.94445,0.94691,0.94554,0.95063,0.953,0.95779,0.95861,0.96111,0.96448,0.96896,0.96705,0.97278,0.97953,0.98044,0.98493,0.98907,0.99568,1.0034,1.0063,1.0061,1.0084,1.0114,1.0151,1.0203,1.0295,1.0316,1.0367,1.0447,1.0508
0.943,0.94827,0.94648,0.94911,0.95417,0.95917,0.95717,0.96221,0.96675,0.96979,0.96841,0.97368,0.98021,0.98177,0.98406,0.98974,0.99395,1.0036,1.0071,1.0052,1.008,1.0127,1.0156,1.0195,1.0293,1.0307,1.0361,1.0439,1.0519
0.943,0.94969,0.94847,0.95004,0.95555,0.96055,0.95855,0.96358,0.96718,0.96888,0.96977,0.97486,0.98065,0.98307,0.98441,0.99062,0.9932,1.0018,1.008,1.0044,1.008,1.013,1.0165,1.0192,1.0276,1.0302,1.0365,1.0431,1.0503
0.9433,0.95,0.95172,0.95097,0.95662,0.96193,0.95993,0.96495,0.96537,0.968,0.97336,0.9762,0.98061,0.98395,0.98486,0.99174,0.99364,1.0001,1.0076,1.0047,1.0079,1.013,1.0167,1.0196,1.026,1.0314,1.0369,1.0423,1.0487
0.94613,0.95,0.95442,0.95372,0.95756,0.96249,0.9613,0.96631,0.964,0.968,0.9774,0.977,0.97882,0.98484,0.9871,0.99305,0.99415,1.0008,1.0072,1.006,1.0075,1.012,1.0158,1.02,1.0251,1.0326,1.037,1.0415,1.0475
0.94896,0.95089,0.95582,0.95651,0.958,0.96019,0.96268,0.96609,0.964,0.968,0.97792,0.977,0.97703,0.98609,0.9902,0.99375,0.99502,1.0017,1.0065,1.0072,1.0071,1.0095,1.015,1.0209,1.0243,1.0324,1.037,1.0406,1.0467
0.95178,0.9523,0.95672,0.957,0.958,0.95806,0.963,0.96425,0.96433,0.96912,0.97612,0.97716,0.98009,0.98742,0.992,0.99288,0.9959,1.0017,1.0056,1.0081,1.0078,1.0071,1.0146,1.0217,1.0246,1.0316,1.0367,1.0398,1.0463
0.95461,0.95347,0.95486,0.957,0.95784,0.95946,0.963,0.96359,0.96886,0.97048,0.97432,0.97806,0.98323,0.98701,0.992,0.992,0.996,1.0013,1.005,1.0089,1.0086,1.0093,1.0141,1.022,1.0254,1.031,1.0359,1.039,1.0483
0.955,0.9544,0.953,0.957,0.95737,0.96085,0.96355,0.96543,0.9734,0.97185,0.97251,0.97895,0.98467,0.98523,0.99194,0.992,0.996,1.0003,1.005,1.0102,1.009,1.0114,1.014,1.022,1.0255,1.031,1.035,1.0403,1.0503
0.955,0.955,0.95395,0.957,0.95728,0.96223,0.96447,0.96713,0.97321,0.97321,0.97154,0.97857,0.98556,0.98373,0.9915,0.992,0.99679,0.9981,1.005,1.0115,1.009,1.012,1.014,1.0217,1.0238,1.031,1.0342,1.0415,1.0496
0.95366,0.955,0.95489,0.95822,0.95867,0.96361,0.96558,0.96804,0.9723,0.97438,0.97472,0.97813,0.98511,0.98283,0.99105,0.99297,0.9981,0.99605,1.0041,1.0097,1.0084,1.012,1.0143,1.0209,1.0222,1.0302,1.0334,1.041,1.0476
0.95177,0.95533,0.95787,0.96055,0.96016,0.964,0.96695,0.96895,0.972,0.97529,0.9779,0.97898,0.98331,0.98223,0.98905,0.99429,0.99872,0.99737,1.0033,1.0058,1.0058,1.0113,1.0151,1.0201,1.0212,1.0294,1.033,1.0393,1.0458
0.95184,0.95672,0.96113,0.962,0.96341,0.964,0.96789,0.96986,0.972,0.976,0.9793,0.98034,0.98188,0.98537,0.98683,0.9946,0.99785,0.99868,1.0039,1.003,1.0032,1.0096,1.016,1.0196,1.0204,1.0285,1.033,1.0382,1.045
0.95325,0.95812,0.962,0.962,0.96667,0.96479,0.96743,0.97078,0.972,0.976,0.98065,0.98146,0.98143,0.98851,0.98684,0.99371,0.997,1.0007,1.0052,1.003,1.0042,1.0081,1.0151,1.0192,1.0214,1.0277,1.0331,1.039,1.0442
0.95555,0.95954,0.962,0.962,0.967,0.96616,0.967,0.971,0.972,0.97599,0.98033,0.98236,0.98104,0.989,0.98818,0.99327,0.997,1.0028,1.006,1.003,1.0055,1.0089,1.0143,1.019,1.024,1.0272,1.0335,1.0398,1.0437
0.95884,0.96095,0.96173,0.962,0.967,0.967,0.967,0.971,0.97187,0.97554,0.97942,0.983,0.98194,0.989,0.98952,0.9946,0.997,1.004,1.006,1.0056,1.0068,1.0098,1.0137,1.019,1.026,1.0285,1.0339,1.0393,1.0432
0.96148,0.961,0.96126,0.96222,0.96532,0.967,0.967,0.971,0.97141,0.97509,0.97876,0.983,0.98285,0.98847,0.99085,0.99592,0.99802,1.004,1.0059,1.0082,1.0081,1.011,1.0133,1.0188,1.026,1.0298,1.0327,1.0385,1.0422
0.96288,0.961,0.96161,0.96501,0.96299,0.96722,0.96995,0.971,0.97136,0.97612,0.9783,0.983,0.98562,0.98758,0.99169,0.99725,0.99933,1.0037,1.005,1.0084,1.0093,1.0123,1.0133,1.0179,1.026,1.0286,1.031,1.0374,1.0401
0.96391,0.96215,0.96303,0.9678,0.9636,0.96814,0.97316,0.97195,0.97457,0.97749,0.978,0.983,0.98876,0.98684,0.98945,0.99858,0.99978,1.0019,1.0042,1.0075,1.0102,1.0126,1.0142,1.0171,1.0242,1.0269,1.03,1.0357,1.038
0.96344,0.96357,0.96458,0.968,0.96639,0.96897,0.97332,0.97424,0.97779,0.978,0.978,0.983,0.98891,0.98639,0.98721,0.99748,0.99934,1.0002,1.0051,1.007,1.011,1.0117,1.015,1.0162,1.022,1.0264,1.03,1.034,1.0393
0.963,0.964,0.96644,0.968,0.96859,0.9685,0.9724,0.976,0.97885,0.978,0.97828,0.98378,0.98712,0.98617,0.98944,0.99526,0.999,1.0012,1.0064,1.007,1.011,1.0107,1.015,1.0153,1.0212,1.0272,1.0301,1.0361,1.0405
0.963,0.964,0.9677,0.96655,0.96999,0.96804,0.972,0.976,0.97976,0.9784,0.9801,0.98468,0.98532,0.98754,0.99213,0.99323,0.999,1.0025,1.0068,1.007,1.011,1.009,1.015,1.0158,1.0217,1.028,1.0322,1.0382,1.0418
0.963,0.96477,0.96584,0.96469,0.971,0.96971,0.972,0.97589,0.97966,0.97931,0.98191,0.985,0.9835,0.9889,0.993,0.99144,0.999,1.0039,1.0063,1.007,1.0084,1.0072,1.0137,1.0171,1.022,1.0275,1.0343,1.0379,1.043
0.96479,0.96618,0.96403,0.96489,0.971,0.97157,0.97257,0.97405,0.9792,0.98035,0.9833,0.985,0.98224,0.99066,0.993,0.99063,0.99813,1.0052,1.006,1.007,1.0049,1.0081,1.012,1.018,1.022,1.0271,1.0347,1.0363,1.0435
0.96668,0.96759,0.96686,0.9663,0.971,0.97306,0.97395,0.97221,0.979,0.98171,0.98466,0.985,0.9836,0.99245,0.993,0.99377,0.99725,1.0057,1.006,1.0066,1.0036,1.0095,1.0108,1.018,1.022,1.0254,1.0343,1.0346,1.0414
0.96816,0.96898,0.96969,0.96865,0.971,0.97444,0.975,0.97323,0.979,0.98291,0.98432,0.985,0.98496,0.99175,0.993,0.99691,0.99797,1.0048,1.006,1.0062,1.0049,1.0105,1.0104,1.018,1.0205,1.0232,1.0333,1.0329,1.0393
0.96955,0.97,0.97166,0.97191,0.971,0.97472,0.975,0.97463,0.979,0.98107,0.98341,0.98511,0.98808,0.98996,0.99329,0.99829,0.99932,1.004,1.006,1.0065,1.0062,1.0114,1.0101,1.018,1.0188,1.0226,1.0312,1.0312,1.0386
0.97064,0.97,0.97352,0.974,0.97236,0.97426,0.97512,0.97736,0.979,0.97923,0.98375,0.98557,0.99126,0.99006,0.99464,0.99962,1,1.004,1.006,1.0074,1.007,1.0115,1.011,1.018,1.0187,1.0238,1.029,1.0321,1.0382
0.97158,0.97014,0.97262,0.974,0.97376,0.97545,0.9765,0.98058,0.97928,0.98021,0.98513,0.986,0.99269,0.99233,0.99598,0.99872,1,1.004,1.0063,1.0084,1.0079,1.0097,1.0119,1.0183,1.02,1.025,1.029,1.0334,1.0376
0.972,0.97107,0.97076,0.974,0.974,0.97871,0.97788,0.98174,0.98066,0.98158,0.986,0.986,0.99359,0.994,0.99689,0.99693,0.99958,1.0025,1.0068,1.0097,1.0076,1.008,1.0131,1.0187,1.0213,1.025,1.029,1.0345,1.0368
0.972,0.972,0.97056,0.974,0.974,0.981,0.97928,0.98128,0.98199,0.982,0.986,0.986,0.99205,0.994,0.99778,0.99643,0.99778,1.0007,1.007,1.011,1.0072,1.0094,1.0144,1.0183,1.0226,1.025,1.0287,1.0353,1.036
0.97123,0.972,0.9715,0.97414,0.97495,0.981,0.98067,0.981,0.98153,0.982,0.98569,0.98757,0.98842,0.99394,0.99664,0.99733,0.99601,1.0008,1.007,1.0092,1.007,1.0107,1.015,1.0166,1.0239,1.0247,1.0283,1.0355,1.036
0.96934,0.972,0.97353,0.97647,0.97634,0.98078,0.981,0.981,0.98107,0.98296,0.98385,0.98939,0.986,0.99212,0.99485,0.99789,0.9969,1.0021,1.007,1.0075,1.007,1.012,1.015,1.015,1.0232,1.0242,1.0275,1.0329,1.036
0.96895,0.97323,0.97678,0.97879,0.97872,0.97892,0.981,0.98143,0.981,0.9848,0.98202,0.9897,0.986,0.99031,0.99304,0.99744,0.9978,1.0033,1.007,1.0057,1.007,1.0133,1.0145,1.015,1.0223,1.0236,1.0257,1.0304,1.037
0.97224,0.97462,0.97841,0.979,0.98198,0.97706,0.981,0.98327,0.981,0.98694,0.98519,0.98925,0.98672,0.99113,0.99122,0.997,0.99904,1.0042,1.007,1.0039,1.007,1.0131,1.0127,1.015,1.0209,1.0227,1.024,1.03,1.0382
0.97523,0.975,0.97654,0.979,0.984,0.977,0.981,0.9849,0.98229,0.98967,0.9884,0.989,0.99126,0.99249,0.99148,0.997,1.0004,1.0048,1.0062,1.0034,1.0073,1.0114,1.011,1.0161,1.0192,1.0223,1.0249,1.03,1.0383
0.97663,0.975,0.975,0.979,0.984,0.977,0.9816,0.98306,0.98413,0.99141,0.99011,0.989,0.9958,0.993,0.99602,0.997,1.001,1.003,1.0053,1.0043,1.0095,1.01,1.0132,1.0174,1.018,1.024,1.0257,1.03,1.0366
0.978,0.97613,0.975,0.979,0.98353,0.97776,0.98298,0.98122,0.98572,0.98727,0.99147,0.98939,0.996,0.993,1,0.997,1.001,1.0012,1.005,1.0053,1.0117,1.01,1.0154,1.0171,1.018,1.0257,1.0269,1.03,1.0349
0.978,0.97799,0.97516,0.97872,0.9812,0.97869,0.98339,0.98182,0.9871,0.98314,0.99088,0.99075,0.996,0.99358,1,0.997,1.0014,1.001,1.005,1.0067,1.012,1.01,1.016,1.0153,1.018,1.0256,1.0282,1.0299,1.0327
0.978,0.97942,0.97841,0.97825,0.979,0.98119,0.98106,0.98275,0.9872,0.983,0.98904,0.99185,0.99463,0.99494,1,0.9978,1.0028,1.001,1.0056,1.008,1.012,1.0079,1.016,1.0142,1.018,1.0252,1.0283,1.0295,1.0306
0.97966,0.98036,0.98167,0.978,0.979,0.98444,0.97937,0.98401,0.9849,0.983,0.988,0.99001,0.99282,0.9959,0.99838,0.99917,1.0038,1.0019,1.0069,1.008,1.0109,1.0056,1.0144,1.0151,1.018,1.024,1.0266,1.029,1.0297
0.98152,0.981,0.982,0.978,0.979,0.986,0.98263,0.98539,0.983,0.98563,0.988,0.98818,0.992,0.99545,0.99656,1.0005,1.0021,1.0032,1.0079,1.008,1.0091,1.006,1.0108,1.016,1.019,1.0223,1.0249,1.029,1.0293
0.98165,0.981,0.982,0.97863,0.98152,0.986,0.98588,0.986,0.983,0.98885,0.98824,0.98966,0.992,0.995,0.99694,1.0019,1.0003,1.0046,1.0075,1.008,1.0073,1.0073,1.008,1.0173,1.0203,1.021,1.0231,1.029,1.0295
0.98119,0.98134,0.98305,0.98049,0.98432,0.98536,0.98733,0.986,0.98311,0.99,0.98916,0.9915,0.99251,0.995,0.9983,1.0027,1,1.0059,1.007,1.008,1.0055,1.0086,1.008,1.0186,1.0206,1.021,1.0214,1.028,1.0308
0.981,0.98321,0.98444,0.98227,0.985,0.98349,0.98871,0.986,0.98771,0.99,0.99,0.99299,0.99387,0.995,0.99812,1.0009,1,1.007,1.007,1.0078,1.0042,1.01,1.008,1.0178,1.0197,1.021,1.021,1.0263,1.032
0.981,0.985,0.98584,0.98366,0.985,0.98228,0.98643,0.986,0.9923,0.99,0.99,0.99435,0.99484,0.99653,0.9963,0.99908,1.0018,1.007,1.007,1.0073,1.0055,1.0106,1.011,1.016,1.0187,1.0201,1.021,1.0251,1.032
0.98188,0.985,0.98723,0.98506,0.985,0.98367,0.98318,0.98632,0.99144,0.99,0.99,0.99452,0.99392,0.99834,0.995,0.999,1.0044,1.007,1.007,1.007,1.0069,1.0088,1.0141,1.0142,1.0169,1.0193,1.0221,1.0256,1.032
0.98374,0.985,0.98653,0.98645,0.985,0.98507,0.98408,0.98772,0.9896,0.9904,0.99125,0.9936,0.99301,0.99784,0.995,0.999,1.0052,1.0053,1.007,1.007,1.0082,1.007,1.0147,1.0124,1.0151,1.0187,1.0243,1.026,1.0313
0.98485,0.98335,0.98328,0.98785,0.98564,0.98646,0.98734,0.98911,0.989,0.99178,0.99263,0.993,0.99391,0.99602,0.9952,0.999,1.0034,1.0035,1.0061,1.0071,1.0096,1.0083,1.0142,1.0113,1.0162,1.0183,1.026,1.0277,1.0304
0.98438,0.98149,0.98143,0.988,0.98703,0.98786,0.98967,0.99049,0.989,0.99279,0.993,0.993,0.99483,0.9954,0.99701,0.999,1.0017,1.0027,1.0043,1.0084,1.0091,1.0097,1.0125,1.0126,1.0176,1.0188,1.026,1.0295,1.03
0.9831,0.98204,0.98284,0.988,0.988,0.98967,0.99105,0.99187,0.98972,0.99095,0.993,0.993,0.99574,0.99632,0.99883,0.99975,1.0003,1.0022,1.0034,1.0098,1.0077,1.01,1.0094,1.0139,1.018,1.0205,1.026,1.0288,1.03
0.97792,0.98346,0.98458,0.988,0.988,0.99153,0.99142,0.99032,0.9911,0.98912,0.993,0.993,0.99665,0.997,0.99818,1.0011,0.99902,1.0034,1.0047,1.0085,1.0076,1.01,1.0073,1.014,1.018,1.022,1.0244,1.027,1.03
0.97239,0.982,0.98784,0.988,0.988,0.992,0.98956,0.98846,0.992,0.989,0.993,0.993,0.99672,0.997,0.99727,1.0017,1.0004,1.0062,1.0061,1.0067,1.0089,1.01,1.0087,1.014,1.0172,1.022,1.0226,1.0258,1.03
0.96046,0.97874,0.99081,0.988,0.988,0.992,0.98831,0.98941,0.992,0.989,0.99283,0.99437,0.99626,0.9969,0.99797,1.0008,1.0017,1.0077,1.007,1.006,1.0098,1.01,1.01,1.014,1.0155,1.022,1.0229,1.0254,1.03
0.94853,0.97211,0.98429,0.988,0.988,0.99093,0.99017,0.99127,0.99236,0.99153,0.99237,0.99575,0.996,0.99506,0.99935,1,1.0027,1.0068,1.0079,1.006,1.0089,1.0104,1.0113,1.014,1.0142,1.02,1.0242,1.025,1.0296
0.93425,0.96161,0.97778,0.98655,0.988,0.98907,0.992,0.992,0.9942,0.99475,0.992,0.996,0.996,0.99322,1,1,1.0036,1.0058,1.008,1.0064,1.008,1.0118,1.0127,1.0146,1.0156,1.0178,1.025,1.025,1.0292
0.91986,0.94974,0.96775,0.98329,0.988,0.988,0.992,0.992,0.99596,0.99572,0.992,0.996,0.996,0.99543,1,1,1.004,1.004,1.008,1.0072,1.0062,1.0128,1.013,1.016,1.0169,1.017,1.025,1.025,1.0279
0.90653,0.93554,0.95726,0.97794,0.9864,0.988,0.992,0.992,0.99412,0.99526,0.99217,0.996,0.996,0.99819,1,1.0018,1.004,1.0022,1.008,1.0077,1.0044,1.0106,1.013,1.0166,1.017,1.017,1.0246,1.025,1.0262
0.89328,0.92114,0.94539,0.96757,0.98454,0.98749,0.99161,0.992,0.99229,0.995,0.99539,0.996,0.996,1.0003,1,1.0036,1.004,1.004,1.008,1.0059,1.0054,1.0083,1.013,1.0148,1.017,1.0177,1.0211,1.025,1.0254
0.87946,0.90636,0.93314,0.9568,0.97664,0.98563,0.99114,0.99239,0.99318,0.995,0.99861,0.99665,0.996,1.0021,1.0002,1.0026,1.004,1.0063,1.0072,1.0041,1.0072,1.008,1.013,1.013,1.0164,1.0195,1.0175,1.025,1.0268
0.86565,0.89257,0.92177,0.94406,0.96627,0.98311,0.98875,0.99377,0.99457,0.995,0.999,0.99802,0.996,1.0023,1.0016,1.0008,1.0039,1.007,1.0054,1.0053,1.008,1.008,1.0127,1.0139,1.0155,1.0209,1.017,1.025,1.028
0.85197,0.88051,0.91071,0.93155,0.9548,0.97605,0.9855,0.99461,0.995,0.995,0.999,0.99846,0.99726,1.0009,1.0029,1.0008,1.0035,1.007,1.0043,1.0067,1.008,1.0089,1.0118,1.0148,1.015,1.0205,1.017,1.0243,1.028
0.83802,0.86846,0.89902,0.92048,0.94256,0.96896,0.98044,0.99089,0.995,0.995,0.99771,0.99662,0.99863,0.99985,1.0013,1.0022,1.003,1.0063,1.0057,1.0084,1.0078,1.0102,1.011,1.0136,1.015,1.02,1.0189,1.0221,1.028
0.82335,0.85642,0.88713,0.90959,0.93293,0.95688,0.97384,0.98717,0.99331,0.995,0.99587,0.995,0.999,0.99939,0.99943,1.003,1.003,1.005,1.007,1.0102,1.0074,1.0103,1.011,1.0119,1.015,1.018,1.022,1.02,1.0266
0.8104,0.84427,0.87349,0.89977,0.92549,0.94479,0.96621,0.9807,0.99005,0.995,0.99573,0.995,0.999,0.99921,1.0004,1.003,1.003,1.0039,1.007,1.01,1.0072,1.0084,1.011,1.011,1.015,1.0157,1.0237,1.02,1.0248
0.79918,0.83204,0.85946,0.88956,0.91577,0.9338,0.95714,0.9741,0.98662,0.995,0.99713,0.995,0.999,1.0006,1.0022,1.0027,1.003,1.0034,1.007,1.0082,1.0086,1.007,1.011,1.011,1.015,1.015,1.0228,1.02,1.024
0.78766,0.81886,0.84718,0.87786,0.90404,0.92288,0.94796,0.96585,0.9829,0.995,0.99748,0.99811,0.999,1.002,1.0038,1.0008,1.003,1.0031,1.007,1.0069,1.0099,1.007,1.011,1.0114,1.015,1.015,1.0218,1.0215,1.024
0.77568,0.80577,0.83518,0.86605,0.89233,0.91637,0.93853,0.95726,0.97768,0.98952,0.9961,1.0013,0.99953,1.0007,1.0052,0.99901,1.0039,1.0045,1.007,1.0064,1.0087,1.007,1.0107,1.0128,1.015,1.0156,1.02,1.0232,1.0235
0.7618,0.79497,0.8243,0.854,0.88063,0.91026,0.92968,0.94958,0.96718,0.98254,0.99398,0.99946,1.0009,0.99928,1.0053,1.0004,1.0052,1.0059,1.0078,1.0063,1.0073,1.0084,1.0103,1.0139,1.015,1.0169,1.0182,1.0235,1.0217
0.75182,0.78483,0.81427,0.84347,0.87142,0.8991,0.92214,0.94224,0.95708,0.97454,0.98886,0.99624,1.0016,0.999,1.0034,1.0018,1.006,1.006,1.0092,1.0081,1.007,1.0097,1.01,1.0125,1.015,1.018,1.0168,1.0226,1.02
0.74473,0.77553,0.80541,0.83445,0.86333,0.88776,0.91337,0.93448,0.94973,0.96595,0.98371,0.99271,0.99978,0.999,1.002,1.0035,1.006,1.006,1.0093,1.0099,1.007,1.01,1.01,1.0112,1.0148,1.018,1.0155,1.0214,1.0209
0.73941,0.76609,0.79633,0.82565,0.85318,0.87751,0.90199,0.92654,0.94267,0.95991,0.97806,0.98899,0.9979,0.99986,1.002,1.0054,1.006,1.006,1.0075,1.01,1.0068,1.01,1.01,1.011,1.0143,1.018,1.0159,1.0196,1.0218
0.73248,0.75767,0.78717,0.81692,0.84269,0.86788,0.89193,0.91731,0.9387,0.95604,0.97241,0.98524,0.99465,1.0012,1.002,1.006,1.006,1.006,1.006,1.01,1.0063,1.01,1.01,1.011,1.0134,1.0162,1.0172,1.018,1.023
0.7248,0.75235,0.77786,0.80791,0.8341,0.86131,0.88395,0.90749,0.93438,0.95123,0.96706,0.98148,0.99139,1.0012,1.002,1.006,1.006,1.006,1.006,1.0087,1.006,1.01,1.01,1.0116,1.0116,1.0145,1.0186,1.018,1.0244
0.72269,0.74703,0.7705,0.7997,0.82595,0.85352,0.87673,0.9007,0.92532,0.94535,0.96175,0.97671,0.98772,0.99934,1.002,1.0052,1.006,1.006,1.006,1.0068,1.006,1.0093,1.01,1.0125,1.0102,1.014,1.0199,1.018,1.024
0.72008,0.74183,0.76528,0.79298,0.81886,0.84336,0.87026,0.89493,0.91633,0.93876,0.95477,0.97003,0.984,0.997,1.0004,1.0033,1.006,1.006,1.006,1.006,1.0065,1.0075,1.01,1.013,1.012,1.014,1.0204,1.018,1.0223
0.7172,0.73701,0.76006,0.78567,0.81206,0.83602,0.86258,0.88731,0.90806,0.93121,0.94752,0.96404,0.98021,0.99328,0.99858,1.002,1.0056,1.006,1.006,1.006,1.0097,1.006,1.01,1.013,1.0138,1.014,1.0173,1.018,1.0206
0.71428,0.73378,0.75503,0.77845,0.80545,0.83078,0.85424,0.87933,0.90038,0.92362,0.94123,0.96017,0.97639,0.98916,0.99673,1.002,1.0051,1.0062,1.006,1.006,1.0129,1.006,1.01,1.0127,1.0152,1.014,1.0141,1.0188,1.0192
0.70929,0.73016,0.7503,0.77388,0.80038,0.82598,0.84862,0.87113,0.89612,0.91597,0.93519,0.95595,0.97166,0.98209,0.99487,1.002,1.005,1.0076,1.006,1.006,1.0113,1.006,1.01,1.0113,1.0166,1.0139,1.014,1.0202,1.0181
0.70874,0.72515,0.74742,0.77046,0.79478,0.82094,0.84333,0.86363,0.89085,0.90973,0.93077,0.95007,0.96641,0.97502,0.99201,1.0015,1.005,1.0089,1.008,1.0062,1.0094,1.0074,1.01,1.0101,1.0158,1.0134,1.014,1.0203,1.0194
0.71183,0.725,0.746,0.76785,0.78784,0.81423,0.83693,0.86081,0.88276,0.90501,0.92674,0.94417,0.96082,0.97114,0.98829,1.001,1.005,1.0103,1.0112,1.0076,1.009,1.0087,1.0098,1.0114,1.014,1.013,1.015,1.0185,1.0208
0.71486,0.72827,0.746,0.76514,0.78216,0.80746,0.83115,0.85654,0.87594,0.89965,0.91968,0.93814,0.95495,0.96728,0.98453,0.99757,1.005,1.0117,1.0128,1.009,1.009,1.0116,1.0093,1.0128,1.013,1.013,1.0164,1.017,1.021
0.71576,0.73137,0.746,0.7624,0.7784,0.80063,0.82635,0.84967,0.87094,0.8938,0.91193,0.93239,0.95002,0.9652,0.98071,0.99384,1.0042,1.012,1.0123,1.0121,1.0108,1.0148,1.0097,1.0115,1.013,1.013,1.016,1.017,1.021
0.71819,0.72913,0.74454,0.75973,0.7804,0.79767,0.82324,0.84302,0.86624,0.88897,0.90725,0.92831,0.94605,0.96327,0.97689,0.99009,1.0019,1.012,1.0123,1.0153,1.014,1.0171,1.013,1.0096,1.0125,1.013,1.0142,1.017,1.0199
0.72174,0.72973,0.743,0.75762,0.77961,0.796,0.82045,0.83652,0.86173,0.88459,0.903,0.92421,0.94205,0.96089,0.97308,0.98632,0.99939,1.0099,1.0137,1.0171,1.0165,1.0189,1.0162,1.0111,1.0107,1.013,1.013,1.0183,1.0181
0.72626,0.73404,0.743,0.75902,0.7776,0.796,0.81363,0.83545,0.85759,0.87967,0.90034,0.92002,0.93803,0.95845,0.96952,0.98345,0.99562,1.0062,1.015,1.0184,1.0179,1.0198,1.0193,1.0143,1.0092,1.014,1.013,1.0196,1.0175
0.73273,0.73943,0.74651,0.76188,0.77553,0.796,0.8109,0.835,0.85393,0.87474,0.89767,0.91626,0.93472,0.95475,0.96708,0.98106,0.99193,1.0038,1.015,1.0187,1.0189,1.0194,1.0224,1.0183,1.0124,1.0153,1.0132,1.0177,1.0189
0.74013,0.74331,0.75178,0.76474,0.77659,0.796,0.81283,0.835,0.85335,0.87073,0.89494,0.91364,0.93213,0.95078,0.96463,0.97891,0.99007,1.0034,1.015,1.0183,1.0185,1.0189,1.0241,1.0232,1.0156,1.0178,1.0145,1.0145,1.0198
0.74689,0.74647,0.75713,0.76568,0.77823,0.796,0.813,0.83347,0.85204,0.86781,0.89172,0.91098,0.92955,0.94668,0.96218,0.97698,0.98816,1.0029,1.013,1.0166,1.018,1.0185,1.0255,1.0273,1.0232,1.0215,1.0159,1.013,1.0184
0.75091,0.75309,0.761,0.76769,0.77893,0.79384,0.81136,0.83099,0.84964,0.86724,0.88729,0.90828,0.92696,0.94264,0.95978,0.97484,0.98887,1.0024,1.0107,1.013,1.0162,1.018,1.026,1.0287,1.0312,1.0253,1.0206,1.013,1.0171
0.75464,0.76037,0.761,0.77083,0.77965,0.79314,0.8068,0.82661,0.84581,0.86562,0.88306,0.90473,0.92433,0.94115,0.95777,0.97243,0.98983,1.0018,1.0106,1.0099,1.0144,1.0194,1.026,1.03,1.0349,1.0298,1.0256,1.0151,1.0153
0.76294,0.76654,0.76617,0.77456,0.78274,0.79659,0.80825,0.824,0.84176,0.86328,0.87903,0.90035,0.92167,0.94012,0.95594,0.97079,0.98961,0.99946,1.0116,1.0094,1.0147,1.0208,1.0264,1.0327,1.0362,1.0341,1.0305,1.0215,1.0135
0.77393,0.77066,0.77328,0.77568,0.78723,0.79512,0.81091,0.824,0.83926,0.86089,0.8793,0.89744,0.91937,0.93818,0.95544,0.97029,0.98913,0.99708,1.011,1.0091,1.0157,1.0218,1.0273,1.0354,1.0368,1.0368,1.0354,1.0278,1.0188
0.77832,0.77478,0.7793,0.77967,0.78869,0.79531,0.81363,0.82634,0.84022,0.859,0.88098,0.89518,0.91723,0.93606,0.95465,0.9698,0.98616,0.99838,1.0091,1.0119,1.0166,1.0227,1.0282,1.0357,1.0364,1.0395,1.0392,1.034,1.0265
0.79123,0.7798,0.78092,0.7854,0.7896,0.79856,0.8146,0.828,0.84466,0.859,0.8804,0.895,0.91358,0.93341,0.95207,0.9693,0.98224,0.99982,1.0078,1.0147,1.0175,1.0215,1.0291,1.0352,1.0368,1.0425,1.0419,1.0402,1.0343
0.81463,0.78746,0.78491,0.79005,0.79327,0.805,0.81529,0.828,0.84559,0.859,0.87871,0.89466,0.90996,0.9308,0.94948,0.96724,0.98067,0.99917,1.0074,1.0146,1.0171,1.0192,1.03,1.0365,1.0413,1.0456,1.0445,1.0449,1.0423
0.83897,0.80036,0.7941,0.79409,0.79959,0.80751,0.81599,0.82858,0.84529,0.859,0.87451,0.89233,0.9094,0.92867,0.94688,0.96267,0.98018,0.99821,1.0072,1.0141,1.0153,1.0195,1.0296,1.0392,1.0457,1.0485,1.0472,1.0493,1.0489
0.86257,0.81967,0.80332,0.80228,0.80347,0.80929,0.81742,0.82926,0.84333,0.85961,0.87339,0.89203,0.909,0.92648,0.94438,0.96,0.97839,0.99648,1.0082,1.0133,1.0143,1.0228,1.0291,1.0413,1.0485,1.0511,1.0498,1.0537,1.0519
0.88556,0.84316,0.8123,0.80825,0.81002,0.81302,0.8197,0.82995,0.843,0.86,0.87401,0.89438,0.909,0.92429,0.94225,0.96,0.97587,0.99452,1.0089,1.0123,1.0153,1.0253,1.0327,1.0422,1.0512,1.0538,1.0542,1.058,1.055
0.90417,0.8667,0.82378,0.81117,0.81532,0.8199,0.8228,0.83385,0.84414,0.86,0.87649,0.895,0.909,0.9237,0.94168,0.96076,0.97568,0.99364,1.0084,1.012,1.0163,1.0262,1.0373,1.0432,1.0514,1.0565,1.0586,1.0619,1.0594
0.92497,0.88612,0.84367,0.81617,0.81951,0.82466,0.82646,0.83743,0.84751,0.86053,0.877,0.89482,0.909,0.92539,0.9433,0.96234,0.97669,0.99315,1.008,1.012,1.0177,1.0266,1.0384,1.0446,1.0505,1.059,1.0639,1.0645,1.0638
0.94708,0.9057,0.86678,0.83351,0.82427,0.82786,0.83081,0.84007,0.84918,0.86119,0.87448,0.89059,0.909,0.926,0.944,0.96179,0.977,0.99265,1.0075,1.0115,1.0188,1.0243,1.0375,1.0459,1.052,1.0599,1.0696,1.0672,1.069
0.96696,0.92691,0.88943,0.85322,0.82993,0.83056,0.83642,0.84079,0.85111,0.86186,0.87452,0.88825,0.90885,0.926,0.944,0.95969,0.977,0.99215,1.007,1.0105,1.0163,1.022,1.0361,1.0469,1.0566,1.0608,1.0733,1.0716,1.0747
0.98392,0.94791,0.91051,0.87264,0.83897,0.83767,0.84214,0.84403,0.85394,0.86305,0.87582,0.88887,0.90705,0.92449,0.94111,0.95752,0.97549,0.99165,1.008,1.0107,1.014,1.0215,1.0343,1.0478,1.0602,1.0646,1.0742,1.076,1.0796
1.0069,0.96848,0.93013,0.89206,0.85471,0.83964,0.84291,0.84924,0.86013,0.8657,0.87909,0.89103,0.906,0.923,0.93726,0.95533,0.97337,0.99114,1.009,1.0122,1.0135,1.021,1.0339,1.0477,1.0611,1.069,1.0754,1.08,1.0835
1.0279,0.99138,0.94983,0.91133,0.87532,0.84629,0.84708,0.85594,0.86221,0.87121,0.88095,0.89313,0.906,0.923,0.93916,0.9564,0.97256,0.99211,1.0085,1.0128,1.013,1.0224,1.0367,1.0472,1.062,1.0722,1.0785,1.0839,1.0873
1.0474,1.0085,0.9721,0.93038,0.89744,0.86124,0.85219,0.85821,0.86124,0.87495,0.88258,0.89377,0.90841,0.92326,0.941,0.958,0.97203,0.99366,1.008,1.0123,1.0125,1.0239,1.0392,1.0495,1.0615,1.0744,1.0816,1.088,1.0899
1.0662,1.0256,0.99156,0.95287,0.91645,0.8833,0.85842,0.86,0.8627,0.87672,0.88529,0.89486,0.91111,0.92386,0.941,0.958,0.972,0.994,1.008,1.012,1.012,1.0249,1.0402,1.0537,1.0611,1.0759,1.0839,1.0924,1.0924
1.0866,1.0448,1.0088,0.97317,0.93535,0.8991,0.86726,0.86211,0.86711,0.87601,0.88698,0.89662,0.91174,0.92447,0.94021,0.95762,0.97205,0.994,1.008,1.012,1.0135,1.0259,1.0409,1.0566,1.0649,1.0754,1.0861,1.0964,1.0964
1.1018,1.0669,1.0248,0.99121,0.95663,0.91742,0.88779,0.86575,0.87172,0.87744,0.88835,0.90194,0.91237,0.92485,0.93844,0.95593,0.9726,0.9922,1.008,1.0118,1.015,1.026,1.0405,1.058,1.0695,1.0754,1.0885,1.0985,1.1007
1.1189,1.0829,1.0438,1.0084,0.97691,0.93855,0.90937,0.8766,0.87557,0.88164,0.88976,0.90481,0.91307,0.92361,0.93845,0.95526,0.973,0.99007,1.0079,1.0113,1.015,1.026,1.04,1.0583,1.0716,1.08,1.0912,1.1007,1.1055
1.137,1.1,1.0636,1.027,0.99248,0.96,0.92871,0.89525,0.88013,0.88652,0.89288,0.90585,0.91628,0.92553,0.93925,0.95584,0.973,0.99,1.0058,1.011,1.015,1.0243,1.04,1.0559,1.0725,1.0845,1.0939,1.1033,1.1107
1.1556,1.1181,1.0826,1.0469,1.0106,0.97861,0.94491,0.91381,0.88856,0.88871,0.89559,0.90447,0.91769,0.93062,0.94232,0.9577,0.97328,0.99006,1.004,1.011,1.015,1.0223,1.04,1.054,1.0721,1.0858,1.0966,1.1059,1.1157
1.1737,1.1344,1.1013,1.0664,1.0298,0.99697,0.95809,0.93122,0.90117,0.89097,0.89703,0.90491,0.91703,0.93395,0.94533,0.95995,0.97384,0.99061,1.004,1.011,1.0151,1.0234,1.0415,1.054,1.0702,1.0867,1.0989,1.1078,1.1201
1.1941,1.1528,1.1177,1.0837,1.0481,1.0143,0.97633,0.9494,0.91751,0.89717,0.89923,0.90703,0.91569,0.93487,0.94839,0.95878,0.97442,0.99052,1.0041,1.011,1.0167,1.0249,1.043,1.0542,1.0688,1.0867,1.098,1.1091,1.1244
1.2134,1.174,1.1342,1.0971,1.0634,1.0302,0.99644,0.96565,0.93457,0.90789,0.90143,0.91204,0.91798,0.93161,0.94601,0.95758,0.975,0.98884,1.0047,1.0099,1.0177,1.0255,1.043,1.0557,1.0683,1.0862,1.0971,1.1103,1.1246
1.2277,1.1954,1.1517,1.1134,1.0821,1.0455,1.0153,0.98173,0.95256,0.92379,0.90578,0.9159,0.92406,0.93208,0.94328,0.95636,0.97558,0.98828,1.0052,1.0083,1.0161,1.026,1.043,1.0572,1.0689,1.0868,1.0986,1.1112,1.1242
1.2451,1.2133,1.1696,1.1325,1.099,1.0634,1.0317,0.99917,0.97117,0.94028,0.91484,0.91769,0.92613,0.93342,0.94456,0.95819,0.97567,0.98885,1.0058,1.0084,1.0147,1.0244,1.0415,1.0591,1.0723,1.0881,1.1005,1.1122,1.1245
1.2639,1.2272,1.1875,1.1538,1.1148,1.0828,1.0483,1.0173,0.98801,0.95593,0.93255,0.91731,0.92783,0.93477,0.94763,0.96094,0.97447,0.99115,1.0063,1.009,1.0136,1.0233,1.04,1.0609,1.075,1.089,1.103,1.115,1.1254
1.2843,1.2421,1.2065,1.1727,1.13,1.1011,1.0669,1.0323,1.0022,0.97117,0.94804,0.92476,0.92887,0.93671,0.95117,0.9603,0.97324,0.99401,1.0069,1.0117,1.0133,1.0254,1.04,1.0588,1.075,1.089,1.1057,1.1176,1.1273
1.3004,1.26,1.2263,1.1889,1.1498,1.116,1.0853,1.0481,1.0184,0.98904,0.9624,0.93792,0.92815,0.93935,0.9525,0.96066,0.97203,0.99459,1.0075,1.0138,1.0138,1.0267,1.0401,1.0569,1.075,1.089,1.107,1.1192,1.1317
1.3181,1.277,1.2456,1.2042,1.1691,1.1305,1.1022,1.0651,1.0348,1.0055,0.97768,0.95302,0.93384,0.94284,0.95259,0.96197,0.97321,0.99409,1.008,1.0127,1.0159,1.0256,1.0406,1.0553,1.075,1.089,1.107,1.1206,1.136
1.3365,1.2943,1.2599,1.2199,1.1878,1.1496,1.1172,1.0837,1.0515,1.0228,0.99501,0.96715,0.94556,0.94233,0.9522,0.96516,0.97525,0.99109,1.0092,1.0115,1.0187,1.0252,1.0407,1.0541,1.0751,1.089,1.1063,1.122,1.1374
1.3508,1.3121,1.2751,1.2377,1.2045,1.1696,1.1335,1.1015,1.0694,1.0395,1.0115,0.97947,0.96187,0.94475,0.95358,0.96789,0.97839,0.99079,1.0089,1.0104,1.018,1.0258,1.0397,1.0546,1.0756,1.089,1.1044,1.1233,1.1387
1.3679,1.3328,1.2914,1.2552,1.2203,1.1875,1.1503,1.1178,1.0878,1.0526,1.027,0.99642,0.97422,0.95124,0.95544,0.96989,0.97848,0.99207,1.0054,1.0104,1.0164,1.0264,1.0401,1.0556,1.0754,1.0891,1.1036,1.124,1.1375
1.3874,1.3511,1.309,1.2729,1.2372,1.2011,1.1664,1.134,1.103,1.0686,1.0415,1.0151,0.98905,0.96512,0.95758,0.96874,0.97849,0.99518,1.0047,1.011,1.0129,1.0269,1.0429,1.0583,1.0718,1.0896,1.1055,1.124,1.1357
1.409,1.3673,1.3272,1.2904,1.2544,1.216,1.1817,1.1493,1.1165,1.0866,1.0575,1.0327,1.0042,0.98041,0.95973,0.96672,0.98048,0.99568,1.006,1.0122,1.0116,1.0244,1.0443,1.0596,1.0696,1.0901,1.1071,1.1242,1.1358
1.4252,1.3809,1.3453,1.3074,1.2697,1.2332,1.1976,1.1638,1.1311,1.1051,1.0718,1.0449,1.0165,0.99588,0.97073,0.96411,0.98198,0.99254,1.0072,1.0134,1.0128,1.0222,1.0449,1.0585,1.0722,1.0906,1.1076,1.1246,1.1372
1.4384,1.3994,1.3622,1.3241,1.2846,1.2509,1.2148,1.1787,1.1477,1.1173,1.0853,1.0588,1.0309,1.0113,0.98386,0.97126,0.98284,0.992,1.0069,1.0146,1.014,1.0234,1.0409,1.0574,1.0743,1.0907,1.1077,1.1246,1.1388
1.4475,1.4201,1.3783,1.3413,1.3005,1.2685,1.2323,1.1945,1.1646,1.1329,1.0999,1.0746,1.0463,1.0234,0.99769,0.98124,0.98215,0.99298,1.0037,1.0128,1.0152,1.0246,1.0361,1.0563,1.0754,1.0891,1.1062,1.1232,1.1407
1.4534,1.4407,1.3952,1.3585,1.3191,1.2858,1.2489,1.2124,1.1811,1.1494,1.1193,1.0907,1.0622,1.036,1.0134,0.99392,0.98525,0.99631,1.0054,1.01,1.0164,1.0258,1.0373,1.0552,1.0746,1.0877,1.1051,1.1217,1.1411
1.4591,1.4497,1.4162,1.3747,1.3372,1.303,1.2656,1.2303,1.1954,1.1652,1.1367,1.1053,1.0782,1.0496,1.0302,1.0089,0.99135,0.99647,1.008,1.01,1.017,1.0234,1.0384,1.0541,1.0713,1.0867,1.1056,1.1202,1.1383
1.4684,1.4545,1.4332,1.3903,1.3554,1.3166,1.2831,1.2475,1.2115,1.1805,1.1489,1.1202,1.0928,1.0639,1.0457,1.0217,1.0011,0.996,1.008,1.0118,1.017,1.0214,1.0396,1.0513,1.0693,1.0864,1.1058,1.1191,1.1361
1.4796,1.4565,1.4464,1.4084,1.3726,1.3305,1.2977,1.2644,1.2289,1.1946,1.1618,1.136,1.1071,1.0807,1.0577,1.0335,1.013,0.996,1.0063,1.015,1.0157,1.0233,1.0396,1.0492,1.0682,1.0875,1.1047,1.1196,1.1366
1.4913,1.467,1.451,1.427,1.3893,1.3477,1.3126,1.2815,1.2444,1.2084,1.1776,1.1488,1.1215,1.097,1.0686,1.0457,1.0249,1.0058,1.0047,1.0097,1.0138,1.0248,1.0389,1.0504,1.0675,1.0874,1.1037,1.1198,1.1371
1.502,1.4801,1.4578,1.4466,1.406,1.368,1.3298,1.2971,1.2616,1.226,1.1954,1.1626,1.1368,1.1124,1.0811,1.0598,1.0369,1.0184,1.0088,1.0092,1.0113,1.0255,1.0364,1.0516,1.0669,1.0863,1.1026,1.1188,1.1376
1.5142,1.4925,1.4665,1.4549,1.4229,1.387,1.3466,1.3095,1.2788,1.2437,1.2129,1.1776,1.1508,1.1246,1.0954,1.0719,1.0518,1.0315,1.0166,1.0142,1.0129,1.0203,1.0345,1.0528,1.0658,1.0841,1.1015,1.1182,1.1378
1.5273,1.5003,1.4789,1.4598,1.4403,1.4023,1.363,1.3262,1.296,1.2597,1.2277,1.1952,1.164,1.1378,1.1095,1.083,1.0649,1.0419,1.0273,1.0256,1.0202,1.0192,1.0332,1.0545,1.0654,1.0812,1.1005,1.1193,1.1368
1.5397,1.508,1.489,1.4624,1.4545,1.4168,1.3778,1.3431,1.3102,1.2735,1.2418,1.2123,1.178,1.1517,1.1242,1.0988,1.0775,1.0547,1.041,1.0347,1.0336,1.0219,1.0324,1.0553,1.0666,1.0821,1.0984,1.1197,1.1358
1.5488,1.5217,1.4986,1.4729,1.4617,1.4323,1.3944,1.3602,1.324,1.2892,1.2556,1.2274,1.1933,1.1643,1.1398,1.1135,1.0895,1.07,1.0532,1.0422,1.0433,1.0333,1.032,1.0522,1.067,1.0829,1.0956,1.1186,1.1348
1.5566,1.5339,1.5091,1.4857,1.4657,1.4499,1.4119,1.3773,1.3374,1.3056,1.2737,1.2398,1.2092,1.1768,1.1552,1.1274,1.1029,1.0817,1.064,1.056,1.0528,1.0451,1.032,1.0467,1.067,1.0823,1.0946,1.1168,1.1338
1.5701,1.5456,1.5206,1.4988,1.4709,1.4582,1.4299,1.3939,1.3563,1.3228,1.2896,1.2523,1.2269,1.1913,1.1683,1.1414,1.1166,1.0919,1.0736,1.0682,1.0626,1.0562,1.0413,1.0401,1.0664,1.0809,1.094,1.1141,1.1327
1.5825,1.5561,1.5317,1.5087,1.48,1.4653,1.4496,1.4105,1.374,1.339,1.302,1.2679,1.2435,1.209,1.1815,1.1564,1.129,1.1025,1.0856,1.0801,1.0764,1.0657,1.0526,1.0421,1.0641,1.0785,1.0934,1.1113,1.1318
1.594,1.5664,1.5409,1.518,1.4914,1.4719,1.4633,1.4239,1.391,1.3558,1.3164,1.2865,1.258,1.2243,1.1957,1.1704,1.1443,1.119,1.0978,1.0932,1.0894,1.077,1.0639,1.0491,1.0591,1.0771,1.0928,1.1085,1.1313
1.603,1.5767,1.5507,1.5272,1.5039,1.4841,1.4693,1.4409,1.4043,1.3726,1.3343,1.3036,1.2705,1.2391,1.2095,1.1831,1.1581,1.1324,1.1095,1.1058,1.1012,1.0892,1.0736,1.0604,1.0575,1.075,1.0923,1.1075,1.1297
1.6134,1.5883,1.5616,1.5387,1.5176,1.4958,1.4729,1.4617,1.4206,1.3892,1.3551,1.3194,1.285,1.2532,1.2225,1.1969,1.1705,1.1449,1.1219,1.1173,1.1115,1.1007,1.0842,1.0717,1.0586,1.0682,1.0917,1.107,1.127
1.6256,1.6002,1.5744,1.5507,1.5289,1.5049,1.4791,1.4702,1.4399,1.4034,1.3718,1.3352,1.2991,1.2702,1.2352,1.2099,1.1824,1.1573,1.1339,1.1263,1.121,1.1104,1.0963,1.0816,1.0652,1.0661,1.0911,1.107,1.1231
1.6361,1.6123,1.5869,1.5611,1.5389,1.5142,1.4908,1.4755,1.4574,1.4155,1.3858,1.3508,1.3126,1.2843,1.251,1.2223,1.1968,1.1691,1.1457,1.1391,1.1316,1.1202,1.1055,1.0903,1.0738,1.068,1.0865,1.1051,1.1186
1.6466,1.6227,1.5991,1.571,1.5479,1.5236,1.5005,1.4768,1.47,1.4334,1.3979,1.3649,1.3281,1.297,1.2678,1.2347,1.212,1.1811,1.1581,1.1532,1.1481,1.1324,1.1155,1.1002,1.0835,1.0789,1.0828,1.0997,1.116
1.6573,1.6338,1.6093,1.5808,1.5567,1.5341,1.5095,1.486,1.4764,1.4504,1.4132,1.3787,1.3449,1.3113,1.2843,1.2503,1.2241,1.1935,1.1713,1.1681,1.1611,1.1465,1.1269,1.1099,1.0948,1.0878,1.0822,1.0947,1.1142
1.6688,1.6465,1.619,1.593,1.5657,1.5434,1.5187,1.4973,1.4782,1.4664,1.43,1.3934,1.3614,1.3279,1.2978,1.2674,1.2351,1.2085,1.1852,1.1791,1.1734,1.1605,1.1389,1.1195,1.1066,1.0944,1.0852,1.0901,1.1153
1.6805,1.656,1.6278,1.6042,1.5792,1.5529,1.531,1.5097,1.4825,1.472,1.4478,1.41,1.3774,1.3456,1.3106,1.2837,1.2471,1.2216,1.2001,1.1897,1.1851,1.1741,1.1508,1.1304,1.1184,1.104,1.0908,1.092,1.1138
1.6925,1.6652,1.639,1.6145,1.5923,1.5647,1.5432,1.52,1.4916,1.4775,1.4639,1.4284,1.3929,1.3591,1.3236,1.2967,1.2643,1.2328,1.2134,1.2007,1.197,1.1855,1.1624,1.1414,1.1297,1.1135,1.1019,1.097,1.109
1.7048,1.6754,1.6513,1.6268,1.6051,1.5779,1.5535,1.5299,1.5033,1.4834,1.4742,1.445,1.408,1.3733,1.3405,1.3092,1.2815,1.2462,1.2254,1.2167,1.2094,1.1955,1.1747,1.1528,1.1391,1.1228,1.1128,1.1059,1.106
1.7172,1.6869,1.6659,1.6394,1.6138,1.5916,1.5629,1.5401,1.5161,1.4945,1.4788,1.4602,1.422,1.3881,1.3573,1.322,1.2971,1.2609,1.2362,1.2312,1.2219,1.2044,1.1866,1.1663,1.148,1.131,1.1235,1.1126,1.1051
1.7261,1.6992,1.6762,1.6514,1.6228,1.6005,1.5722,1.5518,1.5292,1.5059,1.4834,1.4742,1.4381,1.4032,1.3728,1.3378,1.3107,1.2765,1.2503,1.2433,1.2351,1.2178,1.1989,1.1801,1.158,1.1402,1.1306,1.1192,1.1114
1.7362,1.711,1.6852,1.661,1.6318,1.6093,1.5844,1.5634,1.54,1.5163,1.491,1.4819,1.4557,1.4183,1.3848,1.3539,1.3241,1.2915,1.2642,1.2555,1.2483,1.232,1.2105,1.1929,1.167,1.1512,1.1376,1.1263,1.1177
1.7492,1.7228,1.6967,1.6699,1.6416,1.6183,1.5963,1.5724,1.55,1.5266,1.5025,1.4866,1.4718,1.4339,1.4002,1.3705,1.338,1.3057,1.2764,1.2693,1.2604,1.2477,1.2208,1.2016,1.1766,1.1636,1.1441,1.1343,1.1241
1.7615,1.7346,1.7095,1.68,1.6527,1.6285,1.6078,1.5814,1.559,1.5362,1.5119,1.4879,1.4829,1.4515,1.4166,1.385,1.3533,1.3199,1.2895,1.2847,1.2769,1.2614,1.2306,1.2114,1.1886,1.1751,1.156,1.1435,1.1337
1.7737,1.7449,1.7237,1.6916,1.6659,1.6391,1.6181,1.5906,1.5697,1.5439,1.5221,1.4978,1.4899,1.4682,1.4329,1.3987,1.3659,1.3332,1.3038,1.2949,1.2917,1.274,1.2453,1.2227,1.2029,1.1844,1.1677,1.1544,1.1427
1.7836,1.7552,1.7299,1.704,1.6786,1.6511,1.6282,1.6034,1.5809,1.5537,1.5343,1.5089,1.4933,1.4834,1.4469,1.4117,1.3785,1.3478,1.3191,1.3072,1.3036,1.286,1.2597,1.2363,1.2165,1.1921,1.1787,1.1647,1.1511
1.7945,1.7674,1.7372,1.7158,1.691,1.6629,1.6384,1.6144,1.5899,1.5645,1.544,1.5211,1.4991,1.4892,1.4606,1.4286,1.3924,1.3628,1.332,1.3215,1.3159,1.3014,1.2732,1.2488,1.2272,1.2018,1.1861,1.174,1.1606
1.8071,1.7801,1.749,1.7268,1.7028,1.6746,1.6494,1.6231,1.5996,1.5771,1.5537,1.5306,1.5081,1.493,1.4767,1.4457,1.4107,1.3761,1.3451,1.3394,1.3292,1.3159,1.2871,1.2607,1.2388,1.2167,1.1956,1.1811,1.1699
1.8183,1.7928,1.7629,1.7367,1.7131,1.684,1.6606,1.6333,1.6099,1.5886,1.5646,1.54,1.5197,1.4949,1.4884,1.4621,1.4282,1.3915,1.3604,1.3539,1.3438,1.3292,1.3015,1.2729,1.2508,1.2303,1.2075,1.1908,1.1783
1.8293,1.8027,1.7782,1.7486,1.7218,1.6956,1.6707,1.6443,1.6199,1.5995,1.5764,1.5496,1.5299,1.5064,1.4972,1.4772,1.4432,1.4072,1.3763,1.366,1.359,1.3411,1.3159,1.2858,1.2627,1.2424,1.2208,1.2018,1.1867
1.8419,1.8126,1.7881,1.7601,1.7315,1.7087,1.6807,1.6567,1.6307,1.6098,1.5876,1.5621,1.5376,1.5174,1.5004,1.4906,1.4567,1.4189,1.3923,1.3793,1.374,1.3555,1.3279,1.2991,1.2747,1.2524,1.2319,1.2103,1.1953
1.8532,1.8234,1.7977,1.7686,1.7421,1.7187,1.6907,1.6689,1.642,1.6196,1.5934,1.5747,1.5458,1.5277,1.5061,1.495,1.4703,1.4313,1.4067,1.3941,1.3893,1.3721,1.341,1.3124,1.2866,1.2637,1.2404,1.2208,1.2051
1.8626,1.8353,1.8073,1.7792,1.7543,1.7293,1.7025,1.6805,1.6547,1.6291,1.6027,1.5836,1.5554,1.5368,1.5144,1.4981,1.485,1.4447,1.4193,1.4105,1.4026,1.3853,1.3548,1.3246,1.2986,1.2753,1.2508,1.2328,1.2151
1.8739,1.8479,1.8186,1.7921,1.7659,1.7416,1.7146,1.6904,1.667,1.6392,1.6146,1.5925,1.5689,1.5458,1.5264,1.5002,1.4938,1.464,1.432,1.4244,1.4157,1.3975,1.3664,1.3369,1.3106,1.2859,1.2637,1.2458,1.2251
1.8856,1.8599,1.8306,1.8043,1.7776,1.7535,1.727,1.6996,1.6757,1.6488,1.6274,1.6017,1.581,1.5548,1.5374,1.5098,1.4993,1.4811,1.445,1.4375,1.4295,1.4093,1.3784,1.3522,1.3234,1.2976,1.2797,1.2559,1.2371
1.8978,1.871,1.8417,1.8158,1.7897,1.7647,1.737,1.7083,1.6844,1.6575,1.6378,1.6144,1.592,1.5648,1.5463,1.5206,1.5038,1.4959,1.4603,1.4503,1.4453,1.4231,1.3905,1.366,1.3393,1.31,1.2895,1.263,1.2459
1.9097,1.8804,1.8533,1.8254,1.8012,1.7732,1.7473,1.7204,1.6934,1.6686,1.6446,1.625,1.601,1.5753,1.5527,1.5328,1.5123,1.5,1.4763,1.465,1.4609,1.4376,1.408,1.3791,1.3535,1.3233,1.2996,1.275,1.2537
1.9207,1.8914,1.8653,1.8376,1.8108,1.7833,1.759,1.7327,1.7046,1.6805,1.6554,1.6339,1.6105,1.5867,1.5603,1.5456,1.5245,1.5041,1.4923,1.4803,1.4757,1.4537,1.425,1.3916,1.367,1.3367,1.3116,1.2876,1.2655
1.9321,1.9036,1.8775,1.8525,1.8224,1.7956,1.7706,1.7443,1.7156,1.6929,1.6675,1.6427,1.6207,1.5985,1.5731,1.5571,1.5336,1.5099,1.5023,1.4963,1.4889,1.4686,1.441,1.4059,1.3788,1.3507,1.3243,1.3006,1.2786
1.9438,1.9177,1.8897,1.8642,1.835,1.8057,1.7821,1.7547,1.7266,1.7034,1.6793,1.652,1.6296,1.6105,1.5852,1.5659,1.5413,1.5193,1.508,1.5065,1.5002,1.4836,1.4529,1.4214,1.3916,1.3651,1.337,1.3125,1.2927
1.9564,1.9318,1.9011,1.8749,1.8467,1.8158,1.7913,1.7646,1.7383,1.7121,1.6897,1.6621,1.6388,1.6205,1.5967,1.5724,1.5471,1.529,1.5099,1.5133,1.5059,1.499,1.4647,1.4348,1.4044,1.3778,1.3488,1.3243,1.3018
1.9687,1.941,1.9118,1.8815,1.8576,1.8284,1.8007,1.7742,1.7504,1.7247,1.6992,1.6738,1.6489,1.6293,1.6024,1.579,1.5588,1.5372,1.5155,1.5146,1.5108,1.5076,1.4769,1.4489,1.4166,1.3898,1.3635,1.3368,1.3126
1.9806,1.9508,1.9217,1.8905,1.8659,1.8405,1.8103,1.7854,1.7638,1.7374,1.7121,1.6862,1.6609,1.6362,1.6129,1.589,1.5709,1.546,1.5258,1.5194,1.5157,1.5134,1.4917,1.4637,1.4301,1.4035,1.377,1.3485,1.3242
1.9909,1.9616,1.9329,1.9027,1.8768,1.8524,1.8218,1.7995,1.7745,1.7496,1.7232,1.6979,1.6732,1.6474,1.6276,1.6005,1.581,1.5549,1.5369,1.5267,1.526,1.516,1.5057,1.4767,1.4444,1.4166,1.3875,1.3605,1.3372
1.9988,1.9727,1.9448,1.9157,1.8891,1.8616,1.8344,1.8103,1.7829,1.758,1.7319,1.7088,1.685,1.6591,1.6364,1.6123,1.5901,1.5638,1.5477,1.5395,1.5339,1.5223,1.5158,1.4905,1.4617,1.4293,1.3997,1.3722,1.3496
2.0105,1.9842,1.9557,1.9291,1.9007,1.8704,1.8492,1.8199,1.7939,1.7641,1.7413,1.7188,1.695,1.6705,1.6451,1.6236,1.5994,1.5743,1.5567,1.5509,1.5396,1.5311,1.5203,1.5063,1.4773,1.4408,1.4129,1.3879,1.3612
2.0246,1.996,1.9668,1.9413,1.9125,1.8859,1.8622,1.8295,1.806,1.7762,1.7514,1.7284,1.7037,1.6787,1.654,1.634,1.6115,1.5865,1.5657,1.5609,1.5513,1.5401,1.5226,1.5134,1.4904,1.4549,1.4277,1.403,1.373
2.0365,2.0078,1.9781,1.9529,1.9247,1.8996,1.8705,1.8414,1.8192,1.7887,1.7631,1.7386,1.7135,1.686,1.6656,1.6428,1.6213,1.5968,1.5744,1.5684,1.5636,1.549,1.5283,1.5176,1.5021,1.4709,1.4424,1.4158,1.3854
2.0483,2.0191,1.9909,1.9626,1.9366,1.9113,1.8794,1.8561,1.8284,1.8013,1.7748,1.7496,1.724,1.699,1.6774,1.6504,1.6296,1.6063,1.5834,1.5766,1.5762,1.5578,1.5376,1.5208,1.5113,1.4865,1.457,1.4258,1.3988
2.0595,2.0307,2.0061,1.9734,1.948,1.9213,1.8888,1.867,1.8343,1.8135,1.7871,1.761,1.7356,1.7115,1.6861,1.6594,1.6397,1.6151,1.5935,1.5856,1.584,1.5668,1.5494,1.529,1.5157,1.501,1.4699,1.4361,1.4134
2.0707,2.043,2.018,1.9853,1.9572,1.9306,1.9012,1.8765,1.8449,1.8254,1.7971,1.7725,1.7456,1.723,1.6965,1.6718,1.6496,1.6244,1.6041,1.5954,1.5908,1.5768,1.5586,1.5402,1.5216,1.5129,1.4827,1.4522,1.4272
2.0828,2.0548,2.0268,1.998,1.9659,1.9421,1.9137,1.8881,1.8572,1.8365,1.8072,1.7825,1.7549,1.7322,1.7083,1.6838,1.6595,1.6338,1.6159,1.6063,1.5997,1.5894,1.5668,1.5467,1.5284,1.5196,1.4952,1.4675,1.4388
2.0945,2.0663,2.0368,2.011,1.9775,1.9529,1.9246,1.8995,1.8726,1.8473,1.8192,1.7921,1.7646,1.7418,1.7183,1.6955,1.6685,1.6425,1.6261,1.619,1.6099,1.6004,1.5737,1.5545,1.5378,1.5254,1.5094,1.4826,1.4513
2.1058,2.0774,2.0475,2.02,1.9897,1.962,1.9355,1.9106,1.8848,1.8569,1.8307,1.8017,1.7751,1.7552,1.7279,1.7054,1.6776,1.653,1.6336,1.6289,1.6213,1.6102,1.584,1.564,1.5471,1.5311,1.521,1.4947,1.4641
2.1185,2.0883,2.061,2.0297,2.005,1.9725,1.9465,1.9206,1.8941,1.8663,1.842,1.8128,1.7867,1.7658,1.7371,1.7151,1.6894,1.6651,1.6406,1.6376,1.6315,1.6189,1.596,1.573,1.5558,1.5367,1.5267,1.5068,1.4768
2.1319,2.1021,2.0744,2.0419,2.0186,1.9844,1.9585,1.9299,1.9048,1.8756,1.8519,1.8249,1.799,1.7742,1.7478,1.7242,1.7015,1.6763,1.649,1.6465,1.6414,1.6277,1.6093,1.5827,1.5646,1.5426,1.5304,1.5195,1.4888
2.1437,2.1159,2.0837,2.055,2.0302,1.997,1.9712,1.9409,1.9159,1.8867,1.8618,1.8371,1.8115,1.7829,1.7596,1.7351,1.7139,1.6864,1.662,1.6557,1.6513,1.6365,1.6195,1.5947,1.5734,1.5515,1.5346,1.5259,1.5009
2.1549,2.1241,2.0937,2.0693,2.0391,2.01,1.9826,1.9524,1.9281,1.8981,1.8734,1.8484,1.8235,1.7924,1.7725,1.7469,1.7206,1.695,1.6739,1.6657,1.6602,1.6463,1.6282,1.6054,1.5823,1.5619,1.5435,1.5313,1.5168
2.1656,2.1326,2.1051,2.0815,2.047,2.0219,1.994,1.9632,1.939,1.9098,1.8839,1.8567,1.8343,1.805,1.7837,1.7586,1.7284,1.7055,1.6851,1.6745,1.6689,1.6567,1.6339,1.6148,1.5913,1.5738,1.5522,1.5364,1.5283
2.1763,2.1437,2.1174,2.0925,2.0585,2.0338,2.0058,1.975,1.9476,1.9217,1.8928,1.8667,1.8438,1.8172,1.7927,1.7676,1.7408,1.7165,1.695,1.6841,1.6776,1.6678,1.6414,1.6204,1.6003,1.5828,1.5611,1.5441,1.5339
2.1876,2.1561,2.1309,2.1036,2.071,2.0461,2.0175,1.9876,1.9584,1.9339,1.9045,1.878,1.8545,1.8292,1.8017,1.7742,1.7534,1.7263,1.7048,1.6966,1.6878,1.6772,1.6513,1.6294,1.6103,1.5908,1.5681,1.5525,1.5365
2.1993,2.1721,2.1432,2.115,2.0846,2.058,2.0292,1.9994,1.9704,1.9454,1.9173,1.891,1.8659,1.8387,1.8109,1.7856,1.766,1.737,1.7146,1.7072,1.699,1.686,1.6623,1.6413,1.62,1.5965,1.577,1.5582,1.5398
2.2128,2.1863,2.1549,2.1233,2.0973,2.0695,2.04,2.0111,1.9817,1.9568,1.9315,1.9037,1.8776,1.8487,1.8229,1.7975,1.7746,1.7485,1.7233,1.717,1.712,1.696,1.6736,1.6537,1.6293,1.6052,1.5888,1.5656,1.5486
2.226,2.1978,2.166,2.1319,2.1077,2.0807,2.05,2.022,1.9933,1.966,1.9442,1.9157,1.8886,1.8599,1.835,1.8089,1.7843,1.7575,1.7324,1.7287,1.7237,1.7068,1.6854,1.6653,1.6379,1.6158,1.5978,1.5744,1.558
2.2374,2.2079,2.1771,2.1457,2.1186,2.0916,2.062,2.0329,2.008,1.9768,1.9522,1.9258,1.8979,1.8716,1.8475,1.8193,1.7963,1.7662,1.744,1.7391,1.7335,1.7183,1.696,1.6752,1.6479,1.6282,1.606,1.5866,1.5674
2.2486,2.2162,2.1874,2.1594,2.1304,2.1011,2.0749,2.0452,2.0215,1.9909,1.9609,1.934,1.9064,1.8834,1.857,1.8289,1.8058,1.7759,1.7541,1.7476,1.7423,1.7274,1.7059,1.6819,1.6597,1.6386,1.6147,1.5984,1.576
2.2586,2.2269,2.1972,2.1727,2.1423,2.1096,2.0856,2.0571,2.0325,2.0037,1.9701,1.9445,1.9146,1.893,1.8653,1.8408,1.8143,1.7871,1.7626,1.757,1.751,1.7366,1.7158,1.688,1.669,1.6473,1.6255,1.6083,1.5849
2.2692,2.2399,2.2112,2.1847,2.154,2.1225,2.0966,2.0686,2.042,2.0155,1.9831,1.9561,1.9266,1.9026,1.8773,1.8533,1.8239,1.7991,1.7723,1.767,1.7607,1.7476,1.725,1.6997,1.6779,1.656,1.6372,1.6142,1.5937
2.2826,2.2534,2.2252,2.1937,2.1651,2.1358,2.1081,2.0798,2.0498,2.0249,1.9971,1.9682,1.9395,1.9143,1.8891,1.8652,1.8344,1.8089,1.7826,1.779,1.7716,1.7585,1.7335,1.7118,1.6879,1.6647,1.644,1.6191,1.6034
2.2952,2.2671,2.2388,2.2043,2.1762,2.1491,2.1193,2.0908,2.0613,2.0339,2.0078,1.9799,1.9548,1.926,1.9013,1.8751,1.8468,1.8191,1.7958,1.7895,1.7836,1.7693,1.7429,1.724,1.6969,1.6734,1.6517,1.628,1.6127
2.306,2.2791,2.2524,2.2177,2.189,2.1619,2.13,2.1019,2.0739,2.0449,2.0184,1.9912,1.9668,1.938,1.9114,1.8832,1.859,1.831,1.8079,1.7979,1.7952,1.7781,1.7528,1.731,1.7055,1.6829,1.6603,1.639,1.6202
2.3173,2.2902,2.2601,2.2298,2.202,2.1704,2.1408,2.1133,2.085,2.0562,2.0286,2.0028,1.9747,1.9495,1.9201,1.8923,1.8707,1.8425,1.8192,1.8086,1.8059,1.7872,1.7636,1.7376,1.7171,1.693,1.6725,1.652,1.6284
2.3296,2.3009,2.2679,2.2401,2.2131,2.1796,2.1522,2.1261,2.0957,2.0677,2.0391,2.0146,1.985,1.9602,1.9316,1.9021,1.8801,1.8536,1.8301,1.8199,1.8125,1.798,1.7749,1.7461,1.7284,1.7053,1.6848,1.6622,1.6374
2.3423,2.3113,2.2785,2.2508,2.224,2.1912,2.1638,2.1397,2.1072,2.079,2.05,2.0244,1.9965,1.9694,1.9436,1.914,1.8898,1.8621,1.8406,1.8295,1.8217,1.8092,1.7864,1.7566,1.7388,1.7159,1.6939,1.6716,1.6486
2.3556,2.323,2.2895,2.262,2.2344,2.2034,2.1753,2.1507,2.1188,2.0899,2.0613,2.0332,2.0081,1.9791,1.9546,1.9266,1.9009,1.8712,1.85,1.8399,1.8334,1.8203,1.7974,1.7689,1.7478,1.7244,1.7024,1.6801,1.6597
2.3684,2.3354,2.3046,2.2747,2.2447,2.2174,2.1877,2.1613,2.1305,2.1012,2.0731,2.0465,2.0195,1.9903,1.9646,1.94,1.9119,1.8836,1.8595,1.8518,1.8449,1.8312,1.8079,1.7815,1.7563,1.7328,1.7104,1.6905,1.6707
2.3792,2.3467,2.3194,2.2882,2.2582,2.2301,2.2009,2.1708,2.1416,2.1125,2.0862,2.0602,2.0285,2.0018,1.9738,1.9515,1.923,1.8946,1.869,1.8639,1.8557,1.8416,1.8162,1.794,1.768,1.7421,1.7196,1.7016,1.6798
2.3897,2.3575,2.3314,2.2999,2.2721,2.2409,2.2123,2.1805,2.1517,2.1254,2.0998,2.0712,2.0393,2.0137,1.9844,1.9618,1.9321,1.9039,1.8807,1.8764,1.8641,1.8511,1.8255,1.806,1.7787,1.7549,1.7299,1.7114,1.6882
2.4002,2.3697,2.343,2.3104,2.2827,2.2511,2.2232,2.1909,2.1633,2.1387,2.1108,2.0815,2.053,2.0252,1.9957,1.9704,1.9413,1.915,1.8926,1.8857,1.8738,1.8606,1.8363,1.8159,1.7883,1.7661,1.7425,1.7194,1.6949
2.4107,2.3827,2.3527,2.3219,2.2933,2.2608,2.2336,2.2019,2.1766,2.1507,2.1215,2.0903,2.0651,2.0362,2.0075,1.9794,1.9546,1.9266,1.9007,1.8946,1.8862,1.87,1.8462,1.8241,1.7971,1.7757,1.7524,1.7248,1.7026
2.423,2.3951,2.3624,2.3343,2.3043,2.2722,2.2439,2.2157,2.1888,2.1624,2.1311,2.1001,2.0763,2.0476,2.0194,1.9929,1.967,1.9388,1.9101,1.9027,1.899,1.8819,1.8555,1.8325,1.8057,1.7843,1.761,1.7359,1.7111
2.4352,2.4071,2.3751,2.3472,2.3154,2.286,2.2575,2.2293,2.2003,2.1711,2.1408,2.1115,2.0865,2.0593,2.0317,2.0057,1.9783,1.9497,1.9217,1.913,1.9118,1.8938,1.8651,1.8414,1.8177,1.7932,1.7706,1.7486,1.7225
2.4473,2.419,2.3878,2.3604,2.3262,2.2998,2.2711,2.2431,2.2115,2.1795,2.1509,2.1241,2.0961,2.0681,2.0432,2.017,1.9892,1.9589,1.9335,1.9246,1.9237,1.9043,1.8763,1.8521,1.8299,1.8047,1.7806,1.76,1.7339
2.4594,2.4309,2.4006,2.3723,2.3369,2.3132,2.2823,2.2555,2.2223,2.1925,2.1623,2.1376,2.1084,2.0779,2.0536,2.0269,1.9999,1.9693,1.9456,1.9367,1.9349,1.9155,1.8908,1.8629,1.8423,1.8164,1.7915,1.7692,1.7455
2.4714,2.4428,2.4133,2.3829,2.3492,2.3249,2.2934,2.2658,2.2336,2.2055,2.1756,2.1498,2.1206,2.0915,2.0643,2.0358,2.0111,1.9806,1.9542,1.9482,1.943,1.9277,1.9039,1.8739,1.8527,1.8284,1.801,1.7759,1.7561
2.4835,2.4548,2.426,2.3937,2.3614,2.3348,2.304,2.276,2.2449,2.2163,2.1879,2.1615,2.1321,2.1042,2.0754,2.047,2.0223,1.9914,1.963,1.9573,1.9509,1.9378,1.9161,1.8853,1.862,1.8383,1.8101,1.7868,1.7658
2.4956,2.4667,2.4388,2.4045,2.3737,2.345,2.3143,2.2866,2.2552,2.2271,2.1994,2.1702,2.1431,2.115,2.0874,2.0585,2.0324,2.0021,1.9772,1.9685,1.9589,1.9469,1.9217,1.8962,1.8702,1.8476,1.8221,1.7985,1.7748
2.5077,2.4786,2.4515,2.4152,2.3859,2.3558,2.3267,2.2974,2.2653,2.2374,2.2109,2.1787,2.1538,2.1261,2.0999,2.0695,2.0424,2.0134,1.99,1.9826,1.9696,1.9559,1.9282,1.9061,1.8788,1.857,1.8333,1.8087,1.784
2.5198,2.4906,2.4643,2.426,2.3981,2.3666,2.339,2.3084,2.2782,2.2486,2.2223,2.1918,2.1649,2.1374,2.1099,2.0805,2.0528,2.0242,2.0002,1.9946,1.981,1.9664,1.9404,1.9169,1.8882,1.8662,1.8427,1.8186,1.7936
2.5319,2.5025,2.477,2.4368,2.4104,2.3774,2.3512,2.3194,2.2913,2.2623,2.2351,2.2047,2.1771,2.1489,2.1198,2.092,2.0647,2.0331,2.0091,2.0053,1.9939,1.9805,1.9522,1.9289,1.9004,1.8749,1.852,1.8282,1.8042
2.544,2.5144,2.4897,2.4476,2.4226,2.3881,2.3635,2.3301,2.3045,2.2752,2.2483,2.2177,2.1885,2.1606,2.1309,2.1036,2.0786,2.043,2.0175,2.0141,2.0065,1.993,1.9635,1.9398,1.9148,1.8854,1.8616,1.8385,1.8155
2.5561,2.5264,2.5025,2.4583,2.4349,2.3989,2.3757,2.3409,2.318,2.2858,2.2592,2.23,2.1989,2.1719,2.1424,2.1154,2.0898,2.0547,2.0301,2.0227,2.0177,2.0037,1.9746,1.9501,1.9264,1.8965,1.8731,1.849,1.824
2.5682,2.5383,2.5152,2.4691,2.4471,2.4097,2.388,2.3517,2.3316,2.2963,2.2694,2.2383,2.2095,2.1828,2.1541,2.127,2.0996,2.0684,2.0432,2.0328,2.0284,2.0129,1.9854,1.9592,1.9368,1.9075,1.8839,1.8571,1.833
2.5803,2.5502,2.5279,2.4799,2.4594,2.4205,2.4002,2.3625,2.3452,2.3069,2.2799,2.2471,2.2205,2.1934,2.1657,2.1382,2.1094,2.0832,2.055,2.0428,2.039,2.0213,1.9977,1.9689,1.943,1.918,1.8921,1.8664,1.8436
2.5924,2.5621,2.5407,2.4907,2.4716,2.4312,2.4124,2.3732,2.3588,2.3175,2.2905,2.2582,2.2318,2.2038,2.1768,2.1485,2.119,2.0931,2.0667,2.0532,2.0504,2.0311,2.0095,1.9808,1.9513,1.9273,1.9023,1.877,1.8543
2.6045,2.5741,2.5534,2.5014,2.4839,2.442,2.4247,2.384,2.3723,2.328,2.3011,2.2696,2.243,2.2146,2.1875,2.158,2.1303,2.1016,2.0787,2.065,2.062,2.0413,2.0185,1.9922,1.9628,1.9387,1.9145,1.8887,1.8647
2.6166,2.586,2.5661,2.5122,2.4961,2.4528,2.4369,2.3948,2.3859,2.3386,2.3116,2.281,2.255,2.2256,2.1979,2.1687,2.1415,2.1114,2.0895,2.0789,2.0739,2.0523,2.0279,2.0029,1.9745,1.9512,1.9263,1.9009,1.8734
2.6287,2.5979,2.5789,2.523,2.5083,2.4636,2.4492,2.4056,2.3995,2.3492,2.3222,2.2923,2.2678,2.2396,2.2086,2.1799,2.1532,2.1212,2.0981,2.0917,2.086,2.0638,2.0385,2.0122,1.9864,1.9622,1.9374,1.9102,1.8823
2.6408,2.6099,2.5916,2.5338,2.5206,2.4743,2.4614,2.4163,2.4131,2.3597,2.3328,2.3037,2.2807,2.2535,2.2195,2.1912,2.1648,2.1326,2.1073,2.1035,2.0945,2.077,2.0495,2.0207,1.9977,1.9728,1.9453,1.9202,1.8945
2.6529,2.6218,2.6043,2.5445,2.5328,2.4851,2.4737,2.4271,2.4267,2.3703,2.3433,2.3151,2.2936,2.2675,2.2301,2.2028,2.1757,2.1439,2.117,2.112,2.1034,2.0894,2.0612,2.0329,2.0091,1.9818,1.9547,1.9316,1.9064
2.665,2.6337,2.6171,2.5553,2.5451,2.4959,2.4859,2.4379,2.4402,2.3808,2.3539,2.3264,2.3066,2.2815,2.2404,2.2143,2.1867,2.1556,2.1298,2.1195,2.113,2.1008,2.0711,2.0455,2.0208,1.9918,1.9668,1.9426,1.918
2.6771,2.6457,2.6298,2.5661,2.5573,2.5067,2.4982,2.4487,2.4538,2.3914,2.3645,2.3378,2.3195,2.2954,2.2508,2.2256,2.1971,2.1679,2.1437,2.1307,2.124,2.1125,2.0804,2.0564,2.0313,2.0029,1.977,1.9536,1.9279
2.6892,2.6576,2.6425,2.5769,2.5696,2.5174,2.5104,2.4594,2.4674,2.402,2.375,2.3492,2.3324,2.3094,2.2611,2.237,2.2085,2.1811,2.1535,2.1419,2.138,2.1244,2.0918,2.0672,2.0391,2.0138,1.9861,1.9633,1.937
2.7013,2.6695,2.6553,2.5876,2.5818,2.5282,2.5226,2.4702,2.481,2.4125,2.3856,2.3606,2.3453,2.3233,2.2715,2.2484,2.2214,2.1918,2.1626,2.1536,2.1499,2.1337,2.1031,2.0776,2.0486,2.0245,1.9969,1.9723,1.9489
2.7134,2.6815,2.668,2.5984,2.5941,2.539,2.5349,2.481,2.4946,2.4231,2.3961,2.3719,2.3583,2.3373,2.2818,2.2597,2.2344,2.2002,2.1736,2.1652,2.159,2.1422,2.1156,2.0885,2.0603,2.0348,2.0081,1.9813,1.9607
2.7255,2.6934,2.6807,2.6092,2.6063,2.5498,2.5471,2.4918,2.5081,2.4337,2.4067,2.3833,2.3712,2.3513,2.2921,2.2711,2.2473,2.2087,2.1846,2.1761,2.169,2.1517,2.1277,2.1,2.0723,2.0446,2.0197,1.9909,1.9714
2.7376,2.7053,2.6935,2.62,2.6185,2.5605,2.5594,2.5025,2.5217,2.4442,2.4173,2.3947,2.3841,2.3652,2.3025,2.2825,2.2602,2.2172,2.1975,2.1879,2.1801,2.1613,2.1391,2.1102,2.0843,2.0556,2.0313,2.0022,1.98
2.7497,2.7172,2.7062,2.6307,2.6308,2.5713,2.5716,2.5133,2.5353,2.4548,2.4278,2.4061,2.397,2.3792,2.3128,2.2939,2.2731,2.2257,2.2108,2.2011,2.1912,2.1757,2.1494,2.1194,2.0952,2.0668,2.0419,2.0136,1.9863
2.7618,2.7292,2.7189,2.6415,2.643,2.5821,2.5839,2.5241,2.5489,2.4654,2.4384,2.4174,2.41,2.3931,2.3231,2.3052,2.2861,2.2342,2.2241,2.214,2.2024,2.1901,2.1585,2.1299,2.1061,2.0799,2.0526,2.0253,1.9963
2.7739,2.7411,2.7317,2.6523,2.6553,2.5929,2.5961,2.5349,2.5625,2.4759,2.449,2.4288,2.4229,2.4071,2.3335,2.3166,2.299,2.2428,2.2374,2.2269,2.2136,2.2044,2.1686,2.1411,2.1162,2.0917,2.0638,2.0367,2.0073
2.786,2.753,2.7444,2.6631,2.6675,2.6036,2.6083,2.5456,2.5761,2.4865,2.4595,2.4402,2.4358,2.421,2.3438,2.328,2.3119,2.2513,2.2507,2.2398,2.2247,2.2188,2.1796,2.154,2.1268,2.1005,2.074,2.0478,2.0217
2.7981,2.765,2.7571,2.6738,2.6798,2.6144,2.6206,2.5564,2.5896,2.497,2.4701,2.4516,2.4487,2.435,2.3542,2.3394,2.3248,2.2598,2.264,2.2528,2.2359,2.2331,2.1904,2.1673,2.1386,2.1094,2.0839,2.0592,2.0353
2.8102,2.7769,2.7699,2.6846,2.692,2.6252,2.6328,2.5672,2.6032,2.5076,2.4806,2.4629,2.4617,2.449,2.3645,2.3507,2.3378,2.2683,2.2773,2.2657,2.2471,2.2475,2.2013,2.1806,2.1504,2.1186,2.0946,2.0705,2.0435
2.8223,2.7888,2.7826,2.6954,2.7043,2.636,2.6451,2.578,2.6168,2.5182,2.4912,2.4743,2.4746,2.4629,2.3748,2.3621,2.3507,2.2768,2.2906,2.2786,2.2582,2.2618,2.2121,2.1939,2.1614,2.1304,2.1053,2.0781,2.0517
2.8344,2.8008,2.7953,2.7062,2.7165,2.6467,2.6573,2.5887,2.6304,2.5287,2.5018,2.4857,2.4875,2.4769,2.3852,2.3735,2.3636,2.2853,2.3039,2.2915,2.2694,2.2762,2.223,2.2072,2.1723,2.1437,2.1167,2.0867,2.0601
2.8465,2.8127,2.8081,2.7169,2.7287,2.6575,2.6696,2.5995,2.644,2.5393,2.5123,2.497,2.5004,2.4908,2.3955,2.3849,2.3765,2.2938,2.3172,2.3044,2.2806,2.2906,2.2338,2.2205,2.1831,2.157,2.1278,2.0982,2.0716
2.8586,2.8246,2.8208,2.7277,2.741,2.6683,2.6818,2.6103,2.6575,2.5499,2.5229,2.5084,2.5134,2.5048,2.4059,2.3962,2.3895,2.3023,2.3305,2.3174,2.2917,2.3049,2.2447,2.2338,2.194,2.1703,2.1385,2.1099,2.0858
2.8707,2.8365,2.8335,2.7385,2.7532,2.6791,2.6941,2.6211,2.6711,2.5604,2.5335,2.5198,2.5263,2.5187,2.4162,2.4076,2.4024,2.3108,2.3438,2.3303,2.3029,2.3193,2.2556,2.247,2.2048,2.1835,2.1491,2.1218,2.0981
2.8828,2.8485,2.8463,2.7493,2.7655,2.6898,2.7063,2.6318,2.6847,2.571,2.544,2.5312,2.5392,2.5327,2.4265,2.419,2.4153,2.3193,2.3571,2.3432,2.3141,2.3336,2.2664,2.2603,2.2157,2.1968,2.1597,2.1335,2.1094
2.8949,2.8604,2.859,2.76,2.7777,2.7006,2.7185,2.6426,2.6983,2.5815,2.5546,2.5425,2.5521,2.5467,2.4369,2.4303,2.4282,2.3278,2.3703,2.3561,2.3252,2.348,2.2773,2.2736,2.2266,2.2101,2.1704,2.1452,2.1183
2.9069,2.8723,2.8717,2.7708,2.79,2.7114,2.7308,2.6534,2.7119,2.5921,2.5651,2.5539,2.5651,2.5606,2.4472,2.4417,2.4412,2.3363,2.3836,2.3691,2.3364,2.3623,2.2881,2.2869,2.2374,2.2234,2.181,2.1569,2.127
2.9189,2.8842,2.8844,2.7816,2.8023,2.7222,2.7431,2.6642,2.7255,2.6027,2.5756,2.5653,2.5781,2.5745,2.4575,2.4531,2.4542,2.3448,2.3969,2.3821,2.3476,2.3766,2.2989,2.3002,2.2482,2.2367,2.1916,2.1686,2.1357
2.9309,2.8961,2.8971,2.7924,2.8146,2.733,2.7554,2.675,2.7391,2.6133,2.5861,2.5767,2.5911,2.5884,2.4678,2.4645,2.4672,2.3533,2.4102,2.3951,2.3588,2.3909,2.3097,2.3135,2.259,2.25,2.2022,2.1803,2.1444
2.9429,2.908,2.9098,2.8032,2.8269,2.7438,2.7677,2.6858,2.7527,2.6239,2.5966,2.5881,2.6041,2.6023,2.4781,2.4759,2.4802,2.3618,2.4235,2.4081,2.37,2.4052,2.3205,2.3268,2.2698,2.2633,2.2128,2.192,2.1531
2.9549,2.9199,2.9225,2.814,2.8392,2.7546,2.78,2.6966,2.7663,2.6345,2.6071,2.5995,2.6171,2.6162,2.4884,2.4873,2.4932,2.3703,2.4368,2.4211,2.3812,2.4195,2.3313,2.3401,2.2806,2.2766,2.2234,2.2037,2.1618
2.9669,2.9318,2.9352,2.8248,2.8515,2.7654,2.7923,2.7074,2.7799,2.6451,2.6176,2.6109,2.6301,2.6301,2.4987,2.4987,2.5062,2.3788,2.4501,2.4341,2.3924,2.4338,2.3421,2.3534,2.2914,2.2899,2.234,2.2154,2.1705
2.9789,2.9437,2.9479,2.8356,2.8638,2.7762,2.8046,2.7182,2.7935,2.6557,2.6281,2.6223,2.6431,2.644,2.509,2.5101,2.5192,2.3873,2.4634,2.4471,2.4036,2.4481,2.3529,2.3667,2.3022,2.3032,2.2446,2.2271,2.1792
2.9909,2.9556,2.9606,2.8464,2.8761,2.787,2.8169,2.729,2.8071,2.6663,2.6386,2.6337,2.6561,2.6579,2.5193,2.5215,2.5322,2.3958,2.4767,2.4601,2.4148,2.4624,2.3637,2.38,2.313,2.3165,2.2552,2.2388,2.1879
3.0029,2.9675,2.9733,2.8572,2.8884,2.7978,2.8292,2.7398,2.8207,2.6769,2.6491,2.6451,2.6691,2.6718,2.5296,2.5329,2.5452,2.4043,2.49,2.4731,2.426,2.4767,2.3745,2.3933,2.3238,2.3298,2.2658,2.2505,2.1966
3.0149,2.9794,2.986,2.868,2.9007,2.80859999999999,2.8415,2.7506,2.8343,2.6875,2.6596,2.6565,2.68210000000001,2.6857,2.5399,2.5443,2.5582,2.4128,2.5033,2.4861,2.4372,2.491,2.3853,2.4066,2.3346,2.3431,2.2764,2.2622,2.20529999999999
3.0269,2.9913,2.9987,2.8788,2.913,2.8194,2.8538,2.7614,2.8479,2.6981,2.6701,2.6679,2.6951,2.6996,2.5502,2.5557,2.5712,2.4213,2.5166,2.4991,2.4484,2.5053,2.3961,2.4199,2.3454,2.3564,2.287,2.2739,2.214
3.0389,3.00320000000001,3.0114,2.8896,2.92530000000001,2.8302,2.8661,2.77220000000001,2.8615,2.70869999999999,2.6806,2.6793,2.70810000000001,2.7135,2.5605,2.5671,2.5842,2.4298,2.5299,2.5121,2.4596,2.5196,2.4069,2.4332,2.3562,2.36969999999999,2.2976,2.2856,2.2227
3.0509,3.0151,3.0241,2.9004,2.9376,2.84099999999999,2.8784,2.783,2.8751,2.7193,2.6911,2.6907,2.7211,2.7274,2.5708,2.5785,2.5972,2.4383,2.5432,2.5251,2.4708,2.5339,2.4177,2.4465,2.367,2.383,2.3082,2.2973,2.23139999999999
3.0629,3.02700000000001,3.0368,2.9112,2.94990000000001,2.85179999999999,2.8907,2.7938,2.8887,2.7299,2.7016,2.7021,2.73410000000001,2.7413,2.5811,2.5899,2.6102,2.4468,2.5565,2.5381,2.48199999999999,2.5482,2.4285,2.4598,2.3778,2.3963,2.3188,2.309,2.2401
3.0749,3.0389,3.04950000000001,2.922,2.9622,2.8626,2.90299999999999,2.80460000000001,2.9023,2.74049999999999,2.7121,2.7135,2.7471,2.7552,2.5914,2.6013,2.6232,2.4553,2.5698,2.5511,2.49319999999999,2.5625,2.4393,2.4731,2.3886,2.4096,2.32940000000001,2.3207,2.2488
3.0869,3.0508,3.0622,2.9328,2.97450000000001,2.8734,2.91529999999999,2.8154,2.9159,2.75109999999999,2.7226,2.7249,2.76010000000001,2.7691,2.6017,2.6127,2.6362,2.4638,2.5831,2.5641,2.5044,2.5768,2.4501,2.4864,2.3994,2.42289999999999,2.34,2.3324,2.2575
3.0989,3.06270000000001,3.0749,2.9436,2.9868,2.88419999999999,2.9276,2.8262,2.9295,2.7617,2.7331,2.7363,2.77310000000001,2.783,2.612,2.6241,2.6492,2.4723,2.5964,2.5771,2.51559999999999,2.5911,2.4609,2.4997,2.4102,2.43619999999999,2.3506,2.3441,2.2662
3.1109,3.0746,3.0876,2.95440000000001,2.9991,2.895,2.93989999999999,2.837,2.94309999999999,2.77229999999999,2.7436,2.7477,2.7861,2.7969,2.6223,2.6355,2.6622,2.48080000000001,2.6097,2.5901,2.52679999999999,2.6054,2.47170000000001,2.513,2.42100000000001,2.44949999999999,2.3612,2.3558,2.2749
3.1229,3.08650000000001,3.1003,2.9652,3.0114,2.90579999999999,2.9522,2.8478,2.9567,2.7829,2.7541,2.7591,2.79910000000001,2.8108,2.6326,2.6469,2.6752,2.4893,2.623,2.6031,2.538,2.6197,2.4825,2.5263,2.4318,2.46279999999999,2.3718,2.3675,2.28359999999999
3.1349,3.0984,3.11300000000001,2.976,3.0237,2.9166,2.96449999999999,2.8586,2.97029999999999,2.79349999999999,2.7646,2.77050000000001,2.81210000000001,2.82470000000001,2.6429,2.6583,2.6882,2.4978,2.6363,2.6161,2.54919999999999,2.634,2.4933,2.5396,2.44260000000001,2.4761,2.3824,2.3792,2.29229999999999
3.1469,3.1103,3.1257,2.9868,3.03600000000001,2.9274,2.97679999999999,2.86940000000001,2.9839,2.80409999999999,2.77509999999999,2.7819,2.82510000000001,2.8386,2.6532,2.66970000000001,2.70119999999999,2.5063,2.6496,2.6291,2.56039999999999,2.64830000000001,2.5041,2.5529,2.4534,2.48939999999999,2.393,2.3909,2.30099999999999
3.1589,3.12220000000001,3.1384,2.99760000000001,3.0483,2.93819999999999,2.98909999999999,2.8802,2.9975,2.81469999999999,2.7856,2.7933,2.8381,2.8525,2.6635,2.6811,2.7142,2.51480000000001,2.6629,2.64209999999999,2.5716,2.6626,2.5149,2.5662,2.4642,2.5027,2.4036,2.4026,2.30969999999999
3.1709,3.1341,3.15110000000001,3.0084,3.06060000000001,2.94899999999999,3.0014,2.89100000000001,3.0111,2.82529999999999,2.7961,2.8047,2.85110000000001,2.8664,2.6738,2.6925,2.7272,2.52330000000001,2.6762,2.6551,2.58279999999999,2.6769,2.5257,2.5795,2.475,2.51599999999999,2.41420000000001,2.4143,2.31839999999999
3.1829,3.14600000000002,3.16379999999999,3.0192,3.07290000000001,2.95979999999999,3.01369999999999,2.90180000000001,3.0247,2.83589999999999,2.8066,2.8161,2.86410000000001,2.8803,2.68409999999999,2.7039,2.74019999999999,2.5318,2.6895,2.6681,2.59399999999999,2.6912,2.5365,2.5928,2.4858,2.52929999999999,2.4248,2.42599999999999,2.32709999999999
3.1949,3.15790000000001,3.1765,3.03,3.0852,2.97059999999999,3.026,2.9126,3.03829999999999,2.84649999999999,2.8171,2.82750000000001,2.8771,2.8942,2.69439999999999,2.7153,2.7532,2.5403,2.7028,2.68109999999999,2.6052,2.7055,2.54730000000001,2.6061,2.4966,2.54259999999999,2.4354,2.43769999999999,2.33579999999999
3.20689999999999,3.16980000000001,3.18920000000001,3.0408,3.09750000000001,2.98139999999999,3.03829999999999,2.9234,3.05189999999999,2.85709999999999,2.8276,2.8389,2.8901,2.9081,2.7047,2.7267,2.7662,2.54880000000001,2.7161,2.6941,2.61639999999999,2.7198,2.5581,2.6194,2.5074,2.55589999999999,2.44600000000001,2.44939999999999,2.34449999999999
3.2189,3.18170000000001,3.20189999999999,3.05160000000001,3.10980000000001,2.99219999999998,3.0506,2.9342,3.0655,2.8677,2.8381,2.8503,2.90310000000001,2.922,2.715,2.7381,2.7792,2.55730000000001,2.7294,2.7071,2.62759999999999,2.7341,2.56890000000001,2.6327,2.51820000000001,2.5692,2.4566,2.46109999999999,2.35319999999999
3.23090000000001,3.1936,3.2146,3.0624,3.1221,3.00299999999999,3.0629,2.94499999999999,3.0791,2.8783,2.84859999999999,2.86170000000001,2.9161,2.9359,2.7253,2.7495,2.79220000000001,2.5658,2.7427,2.7201,2.63879999999998,2.7484,2.5797,2.64600000000001,2.529,2.58249999999999,2.4672,2.47279999999999,2.3619
3.24290000000001,3.2055,3.22730000000001,3.0732,3.1344,3.0138,3.07519999999998,2.95580000000001,3.09269999999999,2.88889999999998,2.8591,2.87310000000001,2.92910000000001,2.94980000000001,2.73560000000001,2.76089999999999,2.8052,2.57430000000001,2.756,2.73310000000001,2.64999999999999,2.7627,2.59050000000001,2.65930000000001,2.53980000000001,2.5958,2.47780000000001,2.48449999999999,2.37059999999999
3.25489999999999,3.2174,3.24000000000001,3.084,3.14670000000001,3.02459999999999,3.08749999999999,2.96660000000001,3.10629999999999,2.89949999999999,2.86959999999999,2.8845,2.94210000000001,2.9637,2.74589999999999,2.7723,2.81819999999999,2.58280000000001,2.7693,2.74609999999998,2.66119999999999,2.777,2.60130000000001,2.6726,2.5506,2.6091,2.48840000000001,2.49619999999999,2.37929999999999
3.26690000000001,3.22930000000001,3.2527,3.09480000000001,3.15900000000001,3.0354,3.09979999999999,2.9774,3.1199,2.91009999999999,2.8801,2.8959,2.95510000000002,2.97760000000001,2.75620000000001,2.78370000000001,2.8312,2.5913,2.7826,2.75909999999999,2.6724,2.79129999999999,2.6121,2.6859,2.56140000000001,2.62239999999998,2.49900000000001,2.50790000000001,2.388
3.27890000000001,3.24120000000001,3.2654,3.10560000000001,3.1713,3.04619999999998,3.1121,2.98820000000001,3.1335,2.9207,2.89059999999999,2.90730000000001,2.96810000000001,2.9915,2.76649999999999,2.79510000000001,2.8442,2.5998,2.7959,2.77209999999999,2.68359999999998,2.8056,2.6229,2.6992,2.57220000000001,2.63569999999999,2.50960000000001,2.5196,2.3967
3.29089999999999,3.2531,3.27810000000001,3.1164,3.18360000000001,3.05699999999999,3.12439999999999,2.99900000000001,3.14709999999999,2.93129999999999,2.9011,2.9187,2.98110000000001,3.00539999999999,2.77679999999999,2.8065,2.85719999999999,2.6083,2.8092,2.7851,2.69479999999999,2.8199,2.6337,2.71250000000001,2.583,2.64899999999999,2.5202,2.53129999999999,2.40539999999999
3.30289999999999,3.26500000000001,3.2908,3.1272,3.19590000000001,3.06779999999999,3.13669999999999,3.0098,3.16069999999999,2.94189999999999,2.91160000000001,2.9301,2.99410000000002,3.0193,2.78710000000001,2.81789999999999,2.8702,2.61680000000001,2.82250000000001,2.79810000000001,2.70599999999999,2.8342,2.64450000000001,2.72580000000001,2.5938,2.66229999999999,2.5308,2.54299999999999,2.41409999999999
3.31489999999999,3.27690000000001,3.3035,3.13800000000001,3.20820000000001,3.07859999999998,3.149,3.0206,3.17429999999999,2.9525,2.9221,2.9415,3.00710000000001,3.03319999999999,2.7974,2.8293,2.8832,2.62530000000001,2.83580000000001,2.8111,2.71719999999998,2.8485,2.65530000000001,2.73909999999999,2.6046,2.67559999999999,2.54140000000001,2.55469999999998,2.4228
3.32690000000001,3.28880000000001,3.31620000000001,3.14880000000001,3.2205,3.0894,3.16129999999998,3.0314,3.1879,2.96309999999998,2.93260000000001,2.9529,3.02010000000001,3.0471,2.8077,2.84070000000001,2.89619999999999,2.63380000000001,2.84910000000001,2.8241,2.72839999999999,2.86280000000001,2.6661,2.75239999999999,2.61540000000001,2.68889999999998,2.55200000000001,2.5664,2.43149999999999
3.3389,3.30070000000002,3.3289,3.15960000000001,3.23280000000001,3.10019999999999,3.17359999999999,3.04219999999999,3.2015,2.97369999999999,2.9431,2.96429999999999,3.03310000000002,3.06099999999999,2.818,2.85210000000001,2.9092,2.64230000000001,2.86240000000001,2.83709999999999,2.7396,2.8771,2.6769,2.7657,2.6262,2.70219999999999,2.5626,2.57809999999999,2.44019999999999
3.3509,3.31260000000002,3.3416,3.1704,3.24510000000001,3.11099999999999,3.18589999999999,3.05300000000001,3.21509999999999,2.98429999999999,2.95360000000001,2.9757,3.04610000000002,3.0749,2.8283,2.8635,2.92219999999999,2.6508,2.87569999999999,2.8501,2.75079999999998,2.8914,2.68770000000001,2.77900000000001,2.63700000000001,2.71549999999999,2.5732,2.5898,2.44889999999999
3.3629,3.3245,3.35430000000001,3.1812,3.2574,3.12179999999999,3.19819999999999,3.06380000000001,3.22869999999999,2.99489999999999,2.9641,2.98710000000001,3.05910000000002,3.08880000000001,2.8386,2.8749,2.93519999999999,2.6593,2.889,2.86309999999999,2.76199999999999,2.90570000000001,2.69850000000001,2.79230000000001,2.6478,2.72879999999999,2.5838,2.60149999999999,2.45759999999999
3.37490000000001,3.3364,3.367,3.19200000000001,3.2697,3.13259999999998,3.2105,3.0746,3.2423,3.0055,2.97460000000001,2.99850000000001,3.07210000000002,3.10270000000001,2.8489,2.88630000000001,2.9482,2.6678,2.9023,2.87609999999999,2.77319999999999,2.92,2.7093,2.8056,2.65860000000001,2.74209999999998,2.59440000000001,2.61319999999999,2.46629999999998
3.3869,3.34830000000001,3.3797,3.20280000000001,3.28200000000001,3.14339999999999,3.22279999999999,3.08540000000001,3.2559,3.01609999999999,2.98509999999999,3.0099,3.08510000000001,3.11660000000001,2.8592,2.89770000000001,2.96119999999999,2.67630000000001,2.9156,2.8891,2.78439999999998,2.93430000000001,2.7201,2.8189,2.66940000000001,2.75539999999998,2.605,2.6249,2.47499999999999
3.3989,3.36020000000001,3.39240000000001,3.2136,3.29430000000001,3.15419999999999,3.23509999999999,3.09620000000001,3.26949999999999,3.02669999999998,2.9956,3.02130000000001,3.0981,3.1305,2.86949999999999,2.90910000000001,2.9742,2.68480000000001,2.9289,2.9021,2.79559999999999,2.9486,2.73090000000001,2.8322,2.6802,2.76869999999998,2.61560000000001,2.6366,2.48369999999998
3.4109,3.3721,3.4051,3.2244,3.3066,3.16499999999999,3.24739999999998,3.107,3.28309999999999,3.03729999999999,3.00609999999999,3.03270000000001,3.11110000000001,3.1444,2.8798,2.9205,2.9872,2.69330000000001,2.9422,2.9151,2.8068,2.96289999999999,2.74170000000001,2.8455,2.691,2.78199999999998,2.62620000000001,2.64829999999999,2.49239999999998
3.42290000000001,3.38400000000001,3.41780000000001,3.23520000000001,3.31890000000001,3.1758,3.25969999999998,3.1178,3.29669999999999,3.04789999999998,3.0166,3.0441,3.12410000000001,3.1583,2.8901,2.9319,3.00019999999999,2.70180000000001,2.9555,2.92809999999999,2.81799999999998,2.9772,2.75250000000001,2.8588,2.70180000000001,2.7953,2.63680000000001,2.66,2.50109999999999
3.4349,3.39590000000001,3.43050000000002,3.246,3.33120000000001,3.18659999999998,3.27199999999999,3.12860000000002,3.3103,3.05849999999998,3.02709999999999,3.05549999999999,3.13710000000002,3.1722,2.90039999999999,2.94329999999999,3.01319999999998,2.7103,2.9688,2.94109999999999,2.82919999999999,2.9915,2.7633,2.87210000000002,2.71260000000001,2.80859999999998,2.6474,2.67169999999999,2.50979999999998
3.4469,3.40780000000001,3.44320000000002,3.25680000000001,3.34350000000001,3.19739999999999,3.28429999999999,3.13940000000001,3.32389999999999,3.06909999999999,3.0376,3.0669,3.15010000000001,3.1861,2.91070000000001,2.9547,3.0262,2.71880000000002,2.9821,2.9541,2.84039999999999,3.00579999999999,2.7741,2.8854,2.7234,2.82189999999999,2.65800000000002,2.68339999999999,2.51849999999997
3.45890000000003,3.41970000000001,3.45589999999999,3.2676,3.3558,3.20819999999998,3.2966,3.15020000000001,3.33749999999999,3.07969999999999,3.04809999999999,3.0783,3.16310000000001,3.2,2.92099999999999,2.96610000000001,3.03919999999999,2.7273,2.9954,2.9671,2.85159999999998,3.0201,2.78490000000001,2.89870000000001,2.73420000000002,2.83519999999999,2.66860000000001,2.6951,2.52719999999999
3.4709,3.43160000000003,3.46860000000001,3.2784,3.36810000000003,3.21899999999999,3.30889999999998,3.16100000000002,3.35109999999999,3.09029999999998,3.0586,3.08969999999999,3.17610000000002,3.2139,2.93129999999999,2.97750000000001,3.05219999999998,2.73580000000001,3.0087,2.98010000000001,2.86279999999999,3.03440000000001,2.79570000000001,2.91200000000001,2.745,2.84849999999999,2.67920000000001,2.70679999999999,2.53589999999998
3.4829,3.44350000000003,3.4813,3.28919999999999,3.38040000000001,3.22979999999998,3.3212,3.17180000000002,3.3647,3.10089999999998,3.06910000000001,3.10110000000002,3.18910000000001,3.22779999999999,2.94159999999999,2.9889,3.0652,2.74430000000001,3.02200000000001,2.99309999999998,2.874,3.0487,2.80650000000001,2.92530000000001,2.75579999999999,2.86179999999999,2.68980000000001,2.71849999999999,2.54459999999997
3.4949,3.45540000000003,3.494,3.30000000000001,3.39270000000002,3.2406,3.33349999999999,3.18260000000001,3.3783,3.11149999999998,3.07959999999999,3.11250000000001,3.2021,3.24170000000001,2.95189999999999,3.0003,3.0782,2.75280000000001,3.03530000000001,3.00609999999999,2.88519999999998,3.063,2.8173,2.93860000000001,2.76660000000001,2.87509999999997,2.7004,2.73019999999998,2.55329999999999
3.50689999999997,3.46730000000002,3.50670000000002,3.3108,3.405,3.25139999999999,3.3458,3.1934,3.39189999999996,3.12209999999999,3.09009999999999,3.12389999999999,3.21510000000001,3.2556,2.96220000000001,3.0117,3.0912,2.76130000000002,3.04860000000001,3.01909999999999,2.89639999999999,3.07729999999999,2.82810000000001,2.95189999999999,2.7774,2.88839999999998,2.71100000000001,2.74189999999999,2.56199999999998
3.5189,3.47920000000002,3.51940000000002,3.32160000000002,3.41730000000001,3.26219999999998,3.35809999999998,3.20420000000001,3.40549999999999,3.1327,3.10059999999999,3.1353,3.22810000000001,3.26949999999999,2.9725,3.02310000000001,3.10419999999999,2.7698,3.06190000000001,3.0321,2.90759999999997,3.0916,2.83890000000001,2.9652,2.78820000000002,2.90169999999998,2.72160000000001,2.75359999999999,2.57069999999999
3.5309,3.49110000000002,3.53210000000001,3.33240000000001,3.42960000000002,3.27299999999997,3.37039999999999,3.215,3.41910000000001,3.14329999999998,3.11109999999999,3.14669999999998,3.24110000000002,3.2834,2.98280000000001,3.03450000000001,3.11720000000001,2.77830000000002,3.07520000000001,3.04509999999999,2.91879999999998,3.10590000000001,2.84970000000001,2.9785,2.79900000000001,2.91499999999999,2.73220000000001,2.7653,2.57939999999999
3.5429,3.50300000000001,3.54480000000001,3.3432,3.4419,3.28379999999999,3.3827,3.22580000000002,3.43269999999998,3.15389999999999,3.1216,3.15810000000002,3.25410000000002,3.29730000000001,2.9931,3.04589999999999,3.13019999999997,2.78680000000001,3.0885,3.0581,2.92999999999998,3.1202,2.8605,2.99180000000001,2.80980000000001,2.92829999999998,2.7428,2.77699999999999,2.58809999999998
3.5549,3.51490000000001,3.5575,3.35400000000001,3.45419999999999,3.29459999999997,3.39499999999998,3.23660000000001,3.44629999999998,3.16449999999998,3.13209999999998,3.16950000000003,3.2671,3.31120000000001,3.0034,3.0573,3.14320000000001,2.7953,3.1018,3.0711,2.94119999999997,3.13450000000002,2.87130000000001,3.00510000000001,2.82060000000001,2.94159999999998,2.7534,2.78869999999999,2.59679999999999
3.5669,3.52680000000001,3.5702,3.3648,3.46650000000002,3.30539999999996,3.40729999999999,3.2474,3.4599,3.17509999999999,3.14259999999999,3.18090000000001,3.2801,3.32509999999999,3.0137,3.06870000000001,3.15620000000001,2.8038,3.11509999999998,3.08410000000001,2.95239999999997,3.14879999999999,2.88210000000001,3.01840000000001,2.8314,2.95489999999998,2.764,2.80039999999998,2.60549999999999
3.5789,3.53870000000001,3.58290000000002,3.37559999999999,3.47880000000001,3.31619999999998,3.41959999999997,3.25820000000002,3.4735,3.18569999999997,3.15309999999999,3.19230000000002,3.29310000000001,3.339,3.024,3.08009999999999,3.16919999999999,2.81230000000002,3.1284,3.09710000000001,2.96359999999996,3.16309999999999,2.8929,3.03170000000001,2.84220000000001,2.96819999999998,2.77460000000002,2.81209999999999,2.61419999999998
3.5909,3.5506,3.59560000000002,3.38640000000001,3.49109999999999,3.327,3.43189999999998,3.26900000000001,3.4871,3.19629999999998,3.1636,3.20370000000003,3.30610000000001,3.35290000000001,3.0343,3.0915,3.18219999999999,2.82080000000002,3.14169999999999,3.11010000000002,2.97479999999999,3.17740000000001,2.90370000000001,3.04500000000002,2.85300000000002,2.9815,2.78520000000002,2.82379999999999,2.62289999999999
3.60289999999998,3.5625,3.60830000000001,3.3972,3.50340000000003,3.33779999999999,3.4442,3.27980000000002,3.50069999999997,3.20689999999999,3.17409999999998,3.21510000000001,3.31910000000002,3.36680000000001,3.0446,3.10290000000001,3.1952,2.82930000000002,3.155,3.12309999999999,2.98599999999999,3.1917,2.91450000000003,3.0583,2.8638,2.9948,2.79580000000001,2.8355,2.63159999999998
3.61490000000001,3.5744,3.62100000000001,3.40800000000002,3.51570000000001,3.3486,3.45649999999998,3.29060000000001,3.51429999999999,3.21749999999997,3.18459999999999,3.22650000000002,3.33210000000003,3.38069999999999,3.0549,3.11430000000001,3.20819999999998,2.83780000000002,3.16829999999999,3.13609999999997,2.99719999999999,3.20600000000002,2.92530000000002,3.07159999999999,2.87460000000002,3.00809999999998,2.80640000000002,2.84719999999999,2.64029999999998
3.62690000000001,3.58630000000002,3.6337,3.4188,3.52800000000002,3.35939999999999,3.46879999999999,3.30140000000003,3.52790000000002,3.22809999999998,3.1951,3.2379,3.34510000000003,3.3946,3.0652,3.12570000000002,3.22119999999998,2.84629999999999,3.1816,3.14909999999998,3.00839999999999,3.22030000000001,2.93609999999998,3.0849,2.8854,3.02139999999997,2.81700000000001,2.85890000000001,2.64899999999999
3.63890000000001,3.59820000000002,3.6464,3.42960000000002,3.5403,3.37019999999998,3.48109999999997,3.31219999999999,3.54149999999998,3.23869999999997,3.2056,3.24930000000001,3.35810000000001,3.4085,3.07550000000001,3.1371,3.23420000000002,2.85480000000001,3.19489999999999,3.16209999999998,3.0196,3.2346,2.9469,3.09819999999999,2.89620000000002,3.03469999999999,2.82760000000002,2.8706,2.65769999999998
3.65090000000001,3.61010000000002,3.6591,3.44040000000001,3.55260000000001,3.38099999999997,3.49340000000001,3.32300000000001,3.55509999999998,3.24930000000001,3.21609999999998,3.26070000000001,3.37110000000001,3.42240000000001,3.08579999999998,3.14850000000001,3.24719999999999,2.86330000000001,3.20820000000001,3.17509999999999,3.03079999999997,3.24889999999999,2.95770000000002,3.11150000000001,2.90700000000001,3.04799999999997,2.8382,2.88229999999999,2.66639999999998
3.66290000000001,3.62200000000001,3.67180000000002,3.4512,3.56490000000002,3.39179999999999,3.50569999999999,3.3338,3.56869999999998,3.25989999999999,3.22659999999999,3.27209999999999,3.38410000000002,3.43629999999999,3.09610000000001,3.15989999999999,3.2602,2.87180000000001,3.22149999999999,3.18809999999999,3.04199999999997,3.26320000000001,2.96850000000001,3.12479999999999,2.9178,3.06129999999999,2.84880000000001,2.89399999999998,2.67509999999999
3.67490000000001,3.63390000000001,3.68450000000001,3.46200000000002,3.5772,3.40259999999998,3.51799999999997,3.34460000000001,3.5823,3.27049999999997,3.2371,3.2835,3.39710000000002,3.4502,3.10640000000001,3.1713,3.2732,2.88030000000001,3.23480000000001,3.2011,3.05319999999998,3.2775,2.97929999999999,3.13810000000001,2.92860000000002,3.07459999999998,2.85940000000002,2.9057,2.68379999999999
3.68689999999998,3.64580000000001,3.69720000000001,3.47280000000001,3.58950000000002,3.41339999999997,3.53029999999998,3.35540000000003,3.5959,3.28109999999998,3.24760000000001,3.29490000000001,3.41010000000003,3.4641,3.11669999999998,3.18270000000001,3.28619999999998,2.8888,3.24810000000002,3.2141,3.06439999999998,3.29179999999999,2.99010000000001,3.15140000000002,2.93940000000001,3.08789999999996,2.87,2.91739999999999,2.69249999999997
3.69889999999998,3.65770000000001,3.70990000000003,3.4836,3.60180000000003,3.42419999999998,3.54259999999996,3.36619999999999,3.60949999999997,3.29169999999996,3.25810000000001,3.30629999999999,3.42310000000003,3.47800000000001,3.12700000000001,3.19409999999999,3.29919999999998,2.89730000000003,3.26140000000001,3.22710000000001,3.07559999999998,3.30609999999999,3.00090000000003,3.16470000000001,2.9502,3.10119999999998,2.88060000000002,2.92909999999998,2.70119999999997
3.71090000000001,3.66960000000003,3.7226,3.49440000000001,3.61410000000001,3.43499999999997,3.5549,3.37700000000001,3.62309999999999,3.3023,3.26859999999999,3.3177,3.43610000000004,3.49190000000002,3.13730000000001,3.2055,3.31219999999999,2.90580000000003,3.27470000000002,3.24010000000001,3.08679999999995,3.32039999999998,3.01170000000002,3.17800000000003,2.96100000000001,3.11449999999996,2.8912,2.9408,2.7099
3.72290000000001,3.68150000000003,3.7353,3.50520000000003,3.62639999999999,3.44579999999996,3.56719999999999,3.3878,3.63669999999999,3.31289999999998,3.2791,3.32910000000001,3.44910000000002,3.50579999999999,3.14759999999998,3.21689999999998,3.3252,2.91430000000003,3.28800000000001,3.25309999999999,3.09799999999996,3.3347,3.02250000000001,3.19130000000001,2.97180000000003,3.12779999999998,2.90180000000001,2.95249999999999,2.71859999999998
3.73489999999998,3.69340000000003,3.74800000000002,3.51599999999999,3.63870000000003,3.45659999999995,3.5795,3.39860000000002,3.65029999999999,3.3235,3.28960000000001,3.34049999999999,3.46210000000002,3.5197,3.15789999999998,3.22830000000002,3.3382,2.9228,3.30130000000003,3.26609999999999,3.10919999999996,3.34899999999999,3.0333,3.2046,2.98259999999999,3.14109999999997,2.91240000000002,2.96419999999998,2.72729999999999
3.74690000000001,3.70530000000002,3.76070000000001,3.52680000000001,3.65100000000001,3.4674,3.59179999999998,3.40940000000001,3.66389999999998,3.33409999999998,3.30010000000001,3.3519,3.47510000000003,3.53360000000001,3.16820000000001,3.23970000000003,3.35120000000001,2.93129999999999,3.31460000000001,3.2791,3.12039999999999,3.36330000000001,3.04410000000001,3.21789999999999,2.99340000000001,3.15439999999995,2.923,2.9759,2.73599999999999
3.75890000000001,3.71720000000002,3.77340000000001,3.53760000000003,3.66330000000002,3.47819999999999,3.60409999999996,3.42020000000002,3.67749999999998,3.34469999999996,3.31059999999999,3.36329999999998,3.48810000000003,3.54750000000001,3.17849999999999,3.25110000000001,3.36419999999998,2.93980000000002,3.32790000000003,3.29209999999998,3.13159999999999,3.3776,3.0549,3.2312,3.00420000000003,3.16769999999997,2.93360000000001,2.98759999999999,2.74469999999997
3.77090000000001,3.72910000000002,3.7861,3.54840000000002,3.67560000000003,3.48899999999998,3.6164,3.43099999999998,3.69110000000001,3.3553,3.3211,3.37469999999999,3.50110000000004,3.56139999999999,3.18879999999999,3.26250000000002,3.37719999999999,2.94830000000002,3.34120000000001,3.30509999999998,3.14279999999999,3.39189999999999,3.06569999999999,3.24449999999999,3.01499999999999,3.18099999999998,2.9442,2.99930000000001,2.75339999999997
3.78289999999998,3.74100000000004,3.79880000000003,3.5592,3.68790000000001,3.49979999999999,3.62869999999998,3.4418,3.70469999999997,3.36589999999998,3.33160000000001,3.3861,3.51410000000004,3.5753,3.19910000000002,3.2739,3.39019999999999,2.95680000000002,3.35450000000003,3.31809999999999,3.15399999999997,3.40619999999998,3.07650000000001,3.2578,3.0258,3.1943,2.95480000000001,3.01099999999997,2.7621
3.79489999999998,3.75290000000004,3.8115,3.57000000000002,3.70020000000002,3.51059999999998,3.64099999999999,3.45260000000002,3.71829999999997,3.37649999999999,3.34210000000002,3.39750000000001,3.52710000000005,3.58919999999998,3.20939999999999,3.28530000000001,3.40319999999997,2.96530000000001,3.36779999999999,3.33109999999999,3.16519999999997,3.4205,3.08730000000003,3.27110000000002,3.03660000000002,3.20759999999999,2.96540000000002,3.02269999999999,2.77079999999998
3.80690000000001,3.76480000000001,3.82419999999999,3.58080000000001,3.71250000000001,3.52139999999997,3.65329999999997,3.46340000000001,3.7319,3.38709999999998,3.3526,3.40890000000002,3.54010000000002,3.60310000000001,3.21969999999999,3.29670000000002,3.4162,2.97380000000001,3.3811,3.3441,3.17639999999997,3.4348,3.09810000000002,3.28440000000001,3.04740000000001,3.22089999999997,2.976,3.03440000000001,2.77949999999998
3.81890000000001,3.77670000000001,3.83690000000001,3.5916,3.72480000000002,3.53219999999999,3.66559999999996,3.47420000000002,3.74549999999999,3.39769999999996,3.3631,3.42030000000003,3.55310000000003,3.61700000000002,3.23000000000002,3.3081,3.42920000000001,2.98230000000001,3.39439999999999,3.3571,3.18759999999997,3.44910000000002,3.10890000000001,3.29770000000002,3.0582,3.23419999999999,2.98660000000001,3.0461,2.78819999999999
3.83089999999999,3.7886,3.84960000000001,3.60240000000002,3.73710000000003,3.54299999999998,3.67789999999999,3.48500000000001,3.75909999999999,3.40829999999997,3.37360000000001,3.43170000000001,3.56610000000003,3.6309,3.24029999999999,3.31950000000001,3.44219999999999,2.99080000000001,3.40770000000001,3.37009999999998,3.19879999999998,3.46340000000001,3.11970000000002,3.31100000000001,3.06900000000002,3.24749999999997,2.99719999999999,3.05779999999999,2.79689999999997
3.84290000000001,3.8005,3.8623,3.61320000000003,3.74940000000001,3.55379999999997,3.69019999999998,3.4958,3.77269999999999,3.41889999999998,3.38410000000002,3.44310000000002,3.57910000000004,3.6448,3.25059999999999,3.33089999999999,3.45519999999999,2.99930000000001,3.42099999999999,3.38309999999998,3.20999999999998,3.4777,3.13050000000001,3.32430000000002,3.07980000000001,3.26079999999996,3.0078,3.06949999999998,2.80559999999997
3.85490000000001,3.8124,3.87500000000003,3.624,3.76169999999999,3.56459999999996,3.70249999999999,3.50659999999999,3.78629999999998,3.42949999999999,3.3946,3.45450000000002,3.59210000000004,3.65870000000001,3.26089999999999,3.34230000000002,3.4682,3.0078,3.43430000000001,3.39609999999999,3.22119999999995,3.49199999999999,3.1413,3.33759999999998,3.09060000000002,3.27409999999998,3.01840000000001,3.0812,2.81429999999997
3.86689999999999,3.82430000000002,3.88770000000002,3.63480000000001,3.77400000000003,3.57539999999997,3.71479999999997,3.51740000000001,3.79990000000001,3.44009999999997,3.40509999999998,3.4659,3.60510000000002,3.67260000000002,3.27119999999999,3.35370000000003,3.48119999999997,3.0163,3.44759999999999,3.4091,3.23239999999996,3.50630000000001,3.15209999999999,3.3509,3.10140000000001,3.28739999999996,3.029,3.09289999999999,2.82299999999998
3.87889999999999,3.83620000000002,3.90039999999999,3.64560000000003,3.78630000000001,3.58619999999996,3.72709999999998,3.52820000000003,3.81349999999998,3.45069999999998,3.41559999999998,3.47730000000001,3.61810000000003,3.6865,3.28149999999999,3.36510000000001,3.49419999999998,3.02480000000003,3.46090000000001,3.4221,3.24359999999996,3.5206,3.16290000000001,3.36420000000001,3.1122,3.30069999999998,3.03960000000004,3.10459999999998,2.83169999999998
3.89089999999999,3.84810000000002,3.91310000000001,3.65639999999999,3.79859999999999,3.59699999999995,3.73939999999999,3.53900000000002,3.82709999999997,3.46129999999997,3.42609999999999,3.48870000000002,3.6311,3.7004,3.29179999999999,3.37650000000002,3.50720000000001,3.03330000000003,3.4742,3.43510000000001,3.25479999999996,3.53489999999999,3.17370000000003,3.3775,3.12300000000002,3.31399999999996,3.05020000000002,3.1163,2.84039999999996
3.90290000000002,3.86000000000001,3.92580000000001,3.66720000000001,3.81090000000003,3.6078,3.75169999999997,3.54980000000003,3.8407,3.47189999999998,3.4366,3.5001,3.64410000000001,3.71429999999998,3.3021,3.3879,3.52019999999999,3.04180000000002,3.48750000000001,3.44810000000001,3.26599999999999,3.54920000000001,3.18450000000001,3.39080000000001,3.13380000000001,3.32729999999995,3.06080000000003,3.12799999999999,2.84909999999996
3.91489999999999,3.87190000000001,3.9385,3.67800000000003,3.82320000000001,3.61859999999999,3.76399999999998,3.56059999999999,3.85429999999999,3.48249999999999,3.44709999999998,3.51150000000001,3.65710000000001,3.72820000000002,3.3124,3.39930000000001,3.53319999999999,3.05030000000002,3.5008,3.46109999999999,3.27719999999999,3.56349999999998,3.1953,3.4041,3.1446,3.34059999999997,3.07140000000001,3.13969999999998,2.85779999999997
3.92689999999999,3.88380000000001,3.95120000000003,3.68879999999999,3.83550000000002,3.62939999999998,3.77629999999996,3.57140000000001,3.86789999999999,3.49309999999997,3.45759999999999,3.52289999999999,3.67010000000002,3.74209999999999,3.3227,3.41069999999999,3.5462,3.05879999999999,3.51410000000001,3.47409999999999,3.28839999999997,3.5778,3.20610000000002,3.41740000000001,3.15540000000001,3.35389999999995,3.08200000000002,3.15139999999997,2.86649999999997
3.93890000000002,3.89570000000003,3.96390000000002,3.6996,3.84780000000001,3.64019999999999,3.78859999999997,3.5822,3.88149999999996,3.50369999999998,3.46809999999999,3.5343,3.68310000000002,3.756,3.333,3.4221,3.55919999999998,3.06730000000002,3.5274,3.48709999999997,3.29959999999997,3.59209999999999,3.21690000000004,3.4307,3.16620000000003,3.36719999999997,3.09260000000003,3.16309999999999,2.87519999999998
3.95090000000002,3.90760000000003,3.97660000000002,3.71040000000002,3.86010000000002,3.65099999999998,3.80089999999998,3.59300000000002,3.89509999999999,3.51429999999996,3.4786,3.54570000000001,3.69610000000003,3.76990000000001,3.3433,3.43350000000001,3.57219999999998,3.07580000000002,3.54070000000002,3.50009999999997,3.31079999999997,3.60640000000001,3.2277,3.44400000000002,3.17699999999999,3.38049999999998,3.10320000000002,3.1748,2.88389999999998
3.96289999999999,3.91950000000003,3.98930000000001,3.72120000000001,3.87240000000003,3.66179999999997,3.81319999999999,3.60380000000004,3.90870000000001,3.52489999999997,3.48909999999998,3.55709999999999,3.70910000000003,3.78379999999999,3.3536,3.44489999999999,3.58519999999999,3.08430000000001,3.554,3.51309999999998,3.32199999999997,3.6207,3.23849999999999,3.45730000000003,3.18780000000001,3.39379999999997,3.11380000000003,3.18649999999997,2.89259999999996
3.97489999999999,3.93140000000002,4.00200000000004,3.732,3.88470000000001,3.67259999999996,3.82549999999998,3.61460000000002,3.92229999999998,3.53549999999998,3.49959999999999,3.5685,3.72210000000001,3.79770000000002,3.36389999999997,3.4563,3.59819999999999,3.09280000000001,3.56730000000002,3.52609999999999,3.33319999999998,3.63500000000002,3.24930000000001,3.47060000000002,3.19860000000003,3.40709999999999,3.12440000000001,3.19819999999999,2.90129999999996
3.98689999999999,3.94330000000002,4.0147,3.74280000000002,3.89700000000002,3.68339999999998,3.83779999999996,3.62540000000001,3.93589999999998,3.54609999999997,3.51009999999999,3.57990000000001,3.73510000000002,3.8116,3.3742,3.46770000000001,3.6112,3.10130000000001,3.5806,3.53909999999999,3.34439999999998,3.64929999999998,3.26010000000002,3.48390000000001,3.20939999999999,3.42039999999997,3.13500000000002,3.20989999999998,2.90999999999997
3.99889999999999,3.95519999999999,4.02740000000006,3.75360000000003,3.90930000000003,3.69419999999997,3.85009999999997,3.6362,3.94949999999997,3.55669999999998,3.5206,3.59129999999999,3.74810000000002,3.82550000000001,3.3845,3.47910000000002,3.6242,3.10980000000004,3.59390000000002,3.5521,3.35559999999995,3.6636,3.27090000000001,3.49719999999999,3.22020000000001,3.43369999999999,3.14560000000003,3.2216,2.91869999999997
4.01090000000005,3.96710000000002,4.0401,3.76439999999999,3.92160000000004,3.70499999999996,3.86239999999998,3.64700000000002,3.9631,3.56729999999996,3.53109999999998,3.6027,3.76110000000003,3.83939999999998,3.39479999999998,3.49050000000003,3.63719999999998,3.1183,3.60720000000001,3.5651,3.36679999999996,3.67789999999999,3.2817,3.51050000000001,3.23100000000002,3.44699999999997,3.15620000000001,3.23329999999999,2.92739999999998
4.02290000000005,3.97899999999998,4.05279999999999,3.77519999999998,3.93389999999999,3.71579999999997,3.87469999999999,3.65780000000001,3.97669999999999,3.57789999999997,3.54159999999999,3.61410000000001,3.77410000000003,3.85330000000002,3.4051,3.50190000000001,3.65019999999998,3.1268,3.62050000000002,3.57810000000001,3.37799999999996,3.69220000000001,3.29250000000002,3.52379999999999,3.24180000000001,3.46029999999996,3.16680000000002,3.24499999999998,2.93609999999998
4.03489999999999,3.99090000000001,4.06550000000004,3.786,3.94620000000003,3.72659999999996,3.88699999999997,3.66860000000003,3.99029999999996,3.58849999999998,3.5521,3.62549999999999,3.78710000000004,3.8672,3.41540000000001,3.51330000000002,3.66319999999999,3.1353,3.63380000000001,3.59110000000001,3.38919999999996,3.70650000000001,3.30330000000004,3.53710000000001,3.2526,3.47359999999998,3.17740000000001,3.2567,2.94479999999996
4.04689999999999,4.00280000000004,4.07819999999998,3.79680000000002,3.95850000000007,3.73739999999998,3.89929999999998,3.67940000000002,4.00389999999999,3.59909999999996,3.5626,3.6369,3.80010000000004,3.8811,3.42569999999998,3.5247,3.67619999999997,3.14380000000003,3.64710000000002,3.60410000000002,3.40039999999999,3.72080000000003,3.31410000000002,3.5504,3.26340000000002,3.48689999999996,3.18800000000002,3.26839999999996,2.95349999999996
4.05889999999999,4.01470000000006,4.09090000000003,3.80760000000004,3.9708,3.74819999999994,3.91159999999996,3.6902,4.01749999999998,3.60969999999998,3.57310000000001,3.64830000000003,3.81310000000002,3.89499999999998,3.43599999999998,3.5361,3.6892,3.15230000000003,3.66040000000001,3.61709999999997,3.41159999999999,3.73509999999999,3.32490000000001,3.56370000000001,3.27420000000001,3.50019999999998,3.19860000000003,3.28009999999998,2.96219999999997
4.07089999999999,4.02660000000003,4.10360000000003,3.8184,3.98310000000004,3.75899999999996,3.9239,3.70100000000002,4.03110000000004,3.62029999999996,3.58359999999999,3.65970000000002,3.82610000000003,3.90889999999999,3.44630000000001,3.54750000000001,3.7022,3.16080000000002,3.6737,3.63009999999997,3.42279999999997,3.74939999999998,3.3357,3.57700000000003,3.285,3.51349999999996,3.20920000000001,3.29179999999999,2.97089999999997
4.0829,4.03850000000006,4.11630000000002,3.82920000000001,3.99540000000002,3.76979999999998,3.93619999999999,3.71180000000004,4.04469999999998,3.63089999999994,3.5941,3.67110000000002,3.83910000000003,3.92280000000002,3.45660000000001,3.55889999999999,3.71520000000001,3.16930000000002,3.68700000000001,3.64309999999998,3.43399999999997,3.7637,3.34650000000002,3.59030000000001,3.29580000000001,3.52679999999995,3.21980000000002,3.30349999999999,2.97959999999998
4.0949,4.05040000000002,4.12900000000002,3.84000000000003,4.0077,3.78059999999999,3.94849999999997,3.7226,4.05829999999997,3.64149999999998,3.60459999999998,3.6825,3.85210000000001,3.9367,3.46689999999998,3.5703,3.72819999999999,3.17780000000002,3.7003,3.65609999999998,3.44519999999997,3.77799999999999,3.35730000000001,3.60360000000003,3.30660000000003,3.54009999999997,3.2304,3.31519999999998,2.98829999999998
4.1069,4.06230000000005,4.14170000000001,3.85079999999999,4.02000000000004,3.79139999999995,3.96079999999995,3.73340000000002,4.07189999999997,3.65209999999996,3.61510000000001,3.69389999999999,3.86510000000004,3.95060000000004,3.47720000000001,3.58169999999998,3.74119999999999,3.18630000000005,3.71360000000001,3.66909999999999,3.45639999999997,3.79230000000001,3.3681,3.61690000000002,3.31740000000002,3.55339999999995,3.24100000000001,3.32689999999997,2.99699999999996
