11883,11556,11221,10887,10541,10204,9866.4,9530,9192.9,8855.8,8518.7,8182.8,7916.5,7627.9,7366.3,7082.2,6815.8,6513.7,6255.4,6169.6,6105.5,5932.8,5663.1,5384.2,5115.7,4836.4,4567.1,4287.9,4019.3
11932,11599,11265,10930,10590,10252,9914.8,9577.9,9240.8,8903.7,8566.6,8230.2,7953.4,7670,7402.8,7123.9,6852.3,6550.2,6291.5,6205.7,6141.2,5968.9,5699.2,5420,5151.1,4871.8,4602.5,4323.2,4054.6
11981,11643,11308,10973,10638,10301,9963.3,9625.8,9288.7,8951.6,8614.5,8277.6,7990.2,7712.1,7439.3,7165.6,6888.7,6586.6,6327.6,6241.8,6176.9,6005,5735.3,5455.7,5186.4,4907.1,4637.9,4358.6,4090
12030,11691,11353,11017,10681,10349,10012,9673.7,9336.6,8999.5,8662.4,8325.3,8027.1,7754.3,7475.7,7205.1,6925.2,6623.1,6363.7,6277.9,6212.8,6041.3,5771.4,5495.9,5221.9,4942.5,4673.2,4393.9,4125.3
12079,11740,11402,11064,10725,10398,10060,9721.7,9384.5,9046.9,8710.1,8373.2,8063.9,7792.8,7512.2,7241.6,6961.4,6659.5,6399.8,6314,6248.9,6082.5,5807.3,5536.7,5257.6,4982.2,4708.7,4429.3,4160.3
12129,11790,11451,11113,10774,10443,10108,9770.2,9432.4,9094.4,8757.5,8420.7,8100.7,7829.3,7548.7,7278.1,6997.5,6695.6,6436.2,6352.9,6285,6123.3,5843.1,5573.2,5293.4,5023,4744.4,4468.2,4195.4
12179,11839,11500,11162,10823,10486,10151,9816.4,9480.3,9142.3,8805.2,8468.1,8137.2,7866.1,7586,7314.5,7038.8,6733.3,6472.6,6394.2,6321.1,6159.4,5881.7,5609.3,5329.1,5059.6,4780,4508.6,4230.7
12229,11889,11550,11211,10872,10533,10194,9858.9,9524,9190.2,8853.1,8515.5,8177.7,7902.9,7628.1,7351,7080.4,6774.6,6512.9,6432.3,6359.6,6195.4,5922.9,5645,5366.9,5095.3,4815.4,4545.6,4267
12279,11939,11599,11260,10921,10582,10243,9904.5,9566.6,9238.1,8900.7,8562.9,8225.1,7939.8,7668.9,7387.5,7116.9,6814,6554.2,6468.3,6400.9,6231.1,5960.9,5680.8,5407.7,5130.7,4852.4,4581.4,4307.4
12329,11989,11649,11309,10970,10631,10291,9952.9,9614.5,9286.2,8948.1,8610.3,8272.8,7976.7,7705.3,7427.7,7153.3,6850.5,6591,6504.4,6439.3,6267.9,5996.7,5721.7,5446.3,5166.1,4893.2,4616.8,4346.8
12379,12038,11698,11358,11019,10680,10340,10002,9663.3,9334.6,8996.2,8657.9,8320.7,8018.3,7743.6,7469.8,7189.8,6887,6627.1,6540.5,6475.4,6309.2,6032.6,5762.2,5482,5206.3,4932.2,4652.2,4382.2
12429,12088,11748,11408,11069,10729,10389,10051,9717.1,9383,9044.6,8706.3,8368.3,8060.4,7785.8,7507.7,7227.2,6923.4,6663.2,6580.8,6511.8,6349.1,6068.7,5798.3,5520.2,5247.1,4967.5,4691.5,4418.6
12479,12137,11797,11457,11118,10778,10438,10104,9769.9,9431.4,9092.6,8754.5,8415.7,8097.3,7825.7,7544.1,7268.9,6962.5,6699.3,6622.4,6548.2,6385.2,6108.4,5835,5561.1,5283.2,5004.9,4731.9,4459
12529,12188,11847,11507,11167,10827,10490,10157,9818.9,9479.9,9140.5,8802.5,8463.4,8134.8,7862.5,7585.3,7309.3,7003.8,6740.9,6659.6,6587.9,6423.1,6149.6,5875.8,5599.3,5318.9,5045.7,4772.3,4498.2
12579,12238,11897,11557,11216,10878,10545,10207,9867.6,9528.3,9188.9,8850.4,8511.3,8177.3,7902.4,7627.5,7346.2,7045.6,6782.6,6695.7,6629.2,6464.8,6190.9,5915.9,5635.4,5359.6,5084.3,4812.7,4533.6
12629,12288,11947,11611,11266,10933,10595,10255,9916.1,9576.7,9237.4,8898.3,8559.7,8221.2,7945,7664.7,7384.9,7087.7,6824.2,6736.7,6670.8,6504.2,6232.1,5952,5674.4,5400.4,5119.7,4849.3,4570.2
12680,12338,12001,11666,11321,10985,10644,10304,9965,9625.2,9285.8,8946.5,8608.1,8269.1,7983.9,7701.7,7427.1,7125.8,6865.2,6778.4,6712.5,6540.3,6269.2,5989.2,5715.2,5441.3,5157.2,4885,4610.6
12730,12391,12056,11717,11375,11035,10694,10354,10014,9673.6,9335.8,8994.9,8661.6,8318.7,8020.7,7743.9,7469.2,7162.3,6902,6820.5,6749.6,6579.2,6305.3,6030.5,5756.3,5481.9,5198,4924.7,4651.1
12781,12446,12107,11766,11425,11084,10743,10403,10067,9722.3,9389.6,9047,8713.9,8371.8,8062.2,7786,7511.3,7203.2,6939.4,6861.5,6786.3,6620.9,6345.9,6071.7,5797.5,5518,5239.2,4965.1,4691.5
12838,12499,12157,11816,11477,11134,10798,10454,10121,9777.1,9441.1,9100.8,8761.4,8422.5,8104.5,7828.3,7550.5,7245.4,6981.5,6898.4,6827.9,6662.1,6387.9,6113,5835.2,5554.5,5280.5,5006.3,4730.4
12892,12550,12208,11867,11532,11188,10852,10509,10170,9829.8,9489.5,9149.3,8809.8,8470.5,8146.6,7869.7,7587.4,7287.5,7023.7,6935.9,6869.2,6703.9,6430,6152.4,5871.3,5595,5321.7,5046.8,4766
12943,12605,12259,11923,11584,11243,10901,10561,10220,9878.3,9541,9197.6,8858.3,8522.1,8188.8,7906.6,7627.7,7329.6,7065.5,6977.3,6911.3,6746,6471.1,6188.8,5911.3,5636.3,5362.5,5083.2,4803.8
12998,12661,12315,11976,11634,11292,10952,10609,10273,9928.5,9594.8,9251.2,8908.5,8575.2,8237,7945.4,7669.8,7371.7,7107.1,7019.4,6952.6,6787.5,6507.2,6227.5,5952.5,5677.5,5403.4,5119.3,4844.7
13054,12712,12371,12026,11688,11343,11007,10663,10328,9982.8,9645.6,9305.1,8961.9,8624,8284.9,7987.9,7712,7412.7,7148.8,7061.3,6994.7,6829.4,6543.9,6268.8,5993.8,5718.8,5444.6,5159.6,4885.5
13106,12764,12426,12080,11744,11399,11060,10718,10377,10037,9694.2,9359.9,9015.1,8672.2,8337.7,8030.5,7754.1,7449.5,7190.5,7102.8,7036.7,6871.5,6585.9,6310.1,6035.1,5760.1,5485.4,5200.9,4926.4
13157,12820,12479,12136,11795,11454,11110,10773,10427,10092,9747.4,9412.3,9068.9,8725.2,8390.3,8072.6,7796.2,7487.3,7232.6,7144.9,7078.1,6913,6627.1,6351.8,6076.3,5801.3,5526.3,5241.3,4967.1
13214,12877,12530,12192,11846,11509,11163,10828,10481,10142,9802.2,9460.7,9122.7,8779,8438.8,8115.3,7838.4,7529.4,7274.7,7187.1,7120.3,6955,6668.6,6393.4,6117.6,5842.6,5567.6,5282.6,5008
13271,12934,12586,12248,11901,11565,11218,10883,10536,10192,9856.1,9511.3,9176.5,8832.8,8489.1,8157.7,7880.5,7573,7316.9,7229.2,7162.4,6997.1,6712,6434.6,6159.6,5883.8,5608.8,5323.7,5048.8
13328,12990,12642,12304,11957,11620,11273,10938,10591,10246,9909.9,9565.1,9230.3,8886.6,8542.4,8208.1,7923.5,7620.4,7359,7270.9,7204.5,7038.4,6759.1,6475.9,6200.9,5925.1,5650.1,5364.2,5089.7
13386,13046,12699,12360,12013,11675,11329,10993,10646,10301,9964,9619.5,9284.1,8940.2,8595.1,8261,7966.4,7665.8,7401.1,7312.6,7246.3,7080.5,6804.1,6517.7,6242.1,5966.3,5690.7,5405.5,5130.5
13442,13103,12755,12417,12069,11731,11385,11048,10701,10355,10019,9673.8,9337.9,8993.1,8648.3,8314.7,8009.7,7708.3,7443.3,7354.7,7287.9,7122.6,6845.9,6563.6,6283.5,6007.6,5731.7,5447.4,5171.3
13500,13160,12812,12474,12125,11787,11440,11103,10756,10410,10074,9728.4,9392.8,9046.9,8702.2,8367.4,8057,7750.9,7485.4,7396.9,7330.1,7163.9,6887.5,6610.2,6325.5,6048.8,5773,5493,5214.9
13557,13218,12869,12530,12181,11844,11495,11159,10811,10471,10129,9782.5,9446.6,9100.7,8756,8421.2,8103.1,7793.1,7527.5,7442.6,7372.2,7206,6929.6,6652.6,6367.6,6090.1,5814.2,5538.4,5260.8
13615,13275,12926,12586,12237,11900,11551,11214,10866,10530,10183,9836.3,9500.4,9154.6,8813.7,8475,8145.8,7835.7,7569.6,7490,7414.3,7248.2,6971.3,6694.5,6414,6134,5855.5,5579.7,5303.8
13672,13331,12982,12642,12294,11955,11607,11269,10921,10585,10237,9891.3,9554.5,9208.4,8872.9,8528.6,8190.2,7878.2,7617,7533.3,7459.8,7291.6,7013.1,6736.7,6459.4,6180.9,5901.3,5620.9,5344.6
13730,13389,13040,12699,12352,12011,11667,11325,10977,10640,10292,9950.6,9609.1,9262.9,8927.4,8581.5,8238.1,7924.1,7663.9,7575.4,7507.2,7339,7058.3,6778,6501.3,6224.7,5947.7,5661.9,5385.5
13791,13447,13103,12756,12414,12068,11729,11381,11035,10695,10351,10010,9663.4,9320.8,8981.2,8635.3,8292.4,7971.5,7706,7622.2,7550.7,7384.5,7105.1,6825.1,6544.2,6265.9,5989.2,5704.2,5426.7
13854,13504,13163,12813,12472,12124,11784,11438,11095,10750,10412,10065,9721.3,9380,9035,8690.6,8350.8,8015.3,7749.4,7669.6,7592.8,7426.7,7148.6,6871.3,6590.9,6310.6,6030.6,5750.6,5470.9
13914,13563,13220,12873,12530,12185,11841,11499,11152,10805,10467,10121,9781,9434.7,9089.7,8749,8406,8057.5,7797.5,7712.6,7639.4,7471.2,7190.7,6912.6,6635.9,6357,6077,5797,5517
13972,13626,13280,12936,12591,12246,11903,11558,11208,10865,10523,10181,9836.5,9489.6,9148.9,8805.7,8459.8,8104.6,7843.3,7755.4,7686.7,7518.6,7237,6955.4,6677.2,6399.7,6123,5843.4,5563.4
14036,13690,13344,12999,12654,12303,11963,11613,11269,10926,10583,10238,9891.2,9548.7,9208.1,8859.5,8516.9,8153.3,7885.4,7802.8,7734.1,7566,7284.4,7002.6,6720.7,6441.6,6164.3,5887.6,5609.1
14098,13753,13403,13062,12710,12361,12019,11673,11330,10987,10642,10293,9949.7,9608.1,9267.2,8916.6,8575.9,8206.1,7929.7,7850.4,7782.2,7613.3,7330.9,7049.2,6767.6,6487.1,6206.2,5928.5,5651.3
14156,13812,13460,13119,12769,12424,12079,11735,11390,11046,10697,10352,10010,9668.3,9324,8975.8,8635.1,8259.7,7977.6,7898.5,7824.3,7657.3,7378.2,7096.6,6815,6533.5,6252.6,5971.7,5692.6
14218,13871,13525,13177,12832,12487,12141,11797,11451,11102,10756,10412,10069,9726.2,9378.5,9035,8694.3,8312.6,8025.5,7944.1,7867.3,7699.5,7425.6,7143.7,6861.8,6580,6299.2,6018.1,5737.3
14283,13934,13588,13241,12894,12549,12204,11859,11507,11159,10817,10473,10130,9780.8,9436,9094.2,8753.5,8368.1,8073.5,7986.6,7914.9,7745.5,7472.7,7190.4,6908.8,6627.2,6346.4,6064.5,5783.5
14347,13999,13651,13304,12957,12611,12266,11921,11565,11221,10877,10533,10190,9837.6,9495.2,9153.3,8812.7,8427.3,8121.2,8031.7,7963,7792.9,7514.8,7237.8,6956.2,6674.6,6392.8,6110.9,5830
14411,14063,13715,13367,13020,12674,12328,11983,11626,11283,10938,10595,10251,9898.1,9554.4,9212.6,8871.9,8486.4,8169.4,8079.1,8010.8,7841.2,7558.6,7285.2,7002.9,6721.1,6439.2,6157.3,5876.4
14476,14127,13779,13431,13083,12736,12390,12045,11688,11343,10998,10655,10311,9958.7,9614.7,9272.9,8931.1,8545,8222,8129.4,8059.2,7888.7,7611.3,7332.6,7050.1,6767.5,6485.9,6203.7,5922.8
14541,14191,13843,13494,13147,12799,12453,12106,11750,11405,11060,10716,10372,10018,9675.2,9332.1,8990.3,8603.6,8274.8,8182.7,8107.1,7936.1,7662.8,7380,7097.5,6814.9,6532.9,6250.1,5968.3
14606,14256,13907,13559,13210,12863,12515,12168,11817,11468,11122,10776,10432,10083,9734.7,9391.7,9049.4,8662.8,8337,8240.2,8157.3,7984.9,7710.9,7427.4,7144,6862.2,6579.3,6296.5,6014.7
14670,14321,13972,13622,13273,12926,12577,12231,11884,11534,11184,10838,10493,10149,9799.5,9451.7,9108.6,8724.8,8401.4,8299.4,8210.6,8037.6,7758.3,7474.8,7191.3,6908.7,6625.7,6343.6,6061.2
14735,14385,14038,13687,13337,12988,12641,12293,11946,11600,11251,10902,10553,10209,9864.2,9510.9,9167.8,8789.1,8460.5,8357.6,8267,8089.2,7805.7,7522.2,7238.7,6955.9,6672.2,6390.3,6112.7
14801,14453,14108,13753,13400,13056,12703,12356,12008,11661,11315,10968,10614,10269,9924.7,9572.8,9227,8849.2,8519.7,8416.6,8325.8,8136.9,7853.1,7569.6,7285.1,7003.7,6719.1,6440.8,6163.9
14870,14524,14174,13823,13468,13125,12772,12420,12071,11723,11377,11030,10675,10329,9985.2,9638.2,9290.4,8908.4,8578.6,8474.6,8389.1,8188.7,7901.1,7621.1,7332.8,7055.6,6769.4,6492.3,6210.3
14942,14590,14239,13888,13538,13188,12839,12488,12136,11785,11439,11092,10741,10392,10045,9699.6,9356.2,8974.1,8638.4,8534.1,8452.5,8247.9,7952.1,7673.8,7385.5,7106.4,6821.4,6539.5,6256.7
15007,14655,14304,13953,13602,13254,12903,12553,12203,11851,11500,11159,10809,10458,10108,9759.8,9415.8,9037.9,8703,8598.7,8512.2,8306.5,8004.7,7721.8,7437.3,7153.4,6870.3,6585.9,6303.1
15075,14726,14370,14023,13668,13324,12969,12616,12272,11919,11567,11224,10876,10524,10174,9824.9,9475.4,9097.1,8767.6,8663.2,8571.5,8365.1,8053.7,7769.2,7484.7,7202.5,6917,6637,6350.6
15147,14798,14441,14094,13738,13389,13037,12684,12340,11986,11635,11286,10939,10591,10240,9890.8,9540.2,9157.8,8832.2,8727.8,8634.8,8426.6,8101.8,7822.8,7533.5,7255.2,6967.1,6689.6,6402.1
15217,14869,14512,14165,13809,13453,13107,12752,12403,12055,11702,11350,11000,10653,10306,9955.5,9606.2,9222.4,8893.7,8790.5,8699.3,8490.6,8154.7,7874.9,7586.1,7305,7019.5,6737,6453.7
15289,14935,14582,14231,13878,13521,13176,12821,12466,12123,11770,11417,11066,10713,10372,10022,9671.7,9287.5,8952.8,8849.7,8763.9,8555.2,8207.5,7922.3,7638.8,7352.4,7072.2,6783.8,6505.3
15362,15002,14653,14296,13947,13592,13246,12890,12535,12190,11837,11484,11132,10779,10438,10088,9736.9,9352.8,9015.9,8911.5,8828.5,8619.8,8271.5,7971,7691.4,7402.5,7123.9,6835.4,6555.1
15434,15074,14725,14367,14018,13662,13315,12959,12604,12259,11905,11551,11198,10846,10504,10154,9802.9,9417.4,9080.4,8976.1,8893,8683.2,8334.8,8024.5,7744.6,7454.7,7175.5,6886.9,6601.9
15507,15146,14796,14437,14089,13731,13384,13028,12672,12328,11973,11619,11266,10914,10570,10220,9868,9482.9,9149.6,9044,8957.6,8747.6,8399.3,8077.2,7797.8,7507.4,7228,6938.7,6651
15579,15218,14868,14508,14160,13801,13453,13097,12741,12395,12041,11686,11333,10981,10637,10286,9933.6,9547.8,9219.5,9114,9022.2,8812.2,8463.9,8130.3,7850.5,7560.1,7280.7,6991.1,6702.6
15651,15294,14939,14584,14230,13872,13523,13166,12810,12464,12108,11754,11402,11053,10704,10352,9999.6,9613.6,9284.2,9179.8,9086.7,8876.7,8528.1,8185.9,7903.2,7612.7,7333.4,7042.9,6754.1
15724,15372,15011,14661,14301,13943,13594,13236,12885,12532,12176,11823,11475,11124,10771,10418,10066,9679.6,9350,9244.4,9152.2,8941.3,8593.6,8244.5,7955.8,7665.4,7385.9,7095.6,6806.2
15799,15445,15084,14732,14373,14018,13663,13312,12958,12601,12247,11897,11544,11190,10837,10484,10135,9744.6,9414.9,9308.9,9221.1,9007.6,8663.5,8309,8009.3,7718.1,7437.6,7148.3,6861.8
15878,15517,15161,14804,14449,14092,13734,13385,13027,12673,12321,11968,11612,11257,10903,10555,10206,9815.8,9482.2,9375.2,9291.1,9078.6,8730.9,8378.3,8062.2,7770.7,7490.3,7200.9,6919
15953,15590,15237,14876,14524,14163,13807,13455,13100,12748,12392,12035,11683,11325,10975,10626,10272,9884.9,9552.7,9445.4,9357.6,9146.3,8795.5,8444.6,8114.9,7824.4,7543,7253.1,6973.2
16027,15668,15309,14951,14595,14237,13883,13529,13174,12817,12460,12107,11757,11397,11047,10693,10340,9950.9,9621.6,9515.2,9422.4,9210.9,8863.4,8509.2,8172.3,7877.8,7595.6,7307.7,7025.1
16105,15747,15387,15029,14671,14314,13959,13604,13246,12886,12534,12182,11824,11470,11120,10760,10412,10019,9686.8,9580.2,9493.7,9278.4,8933.3,8577,8231.5,7935.7,7648.3,7365.6,7076.7
16184,15825,15465,15107,14749,14391,14035,13674,13316,12961,12608,12250,11894,11542,11191,10833,10484,10090,9755.8,9648.4,9564,9349.3,9003.3,8646.7,8296.1,7992.4,7700.9,7419.9,7129
16258,15901,15544,15185,14827,14467,14106,13746,13392,13037,12682,12320,11967,11616,11258,10906,10556,10161,9826.1,9719.2,9635.1,9419.7,9073.2,8716.7,8361.3,8045.4,7756.5,7472.1,7184.9
16336,15975,15622,15263,14904,14538,14179,13822,13467,13112,12757,12394,12041,11690,11328,10978,10624,10232,9896.1,9790,9705.6,9489.7,9138.3,8786.6,8430.1,8100.7,7815.1,7528.3,7242.6
16415,16052,15702,15341,14981,14612,14256,13899,13542,13187,12832,12468,12115,11763,11401,11051,10691,10304,9967.4,9860.5,9776.4,9560.9,9203.3,8856.6,8499.6,8159.1,7873,7586.2,7296
16496,16133,15781,15420,15060,14690,14332,13974,13619,13263,12906,12543,12188,11836,11474,11122,10766,10375,10039,9931.6,9846.3,9631,9278.9,8926.5,8568.6,8223.5,7930.9,7640.1,7348.6
16576,16220,15861,15500,15138,14774,14409,14051,13694,13338,12981,12621,12263,11911,11547,11195,10843,10448,10110,10003,9917.2,9702.5,9354.4,8996.5,8638.5,8292.6,7986.1,7692.8,7405.2
16657,16303,15940,15578,15217,14857,14493,14128,13769,13413,13058,12701,12338,11984,11626,11268,10916,10520,10182,10073,9988.7,9774,9424.4,9066.4,8708.5,8362,8039,7750,7463.2
16744,16384,16019,15657,15295,14935,14574,14212,13847,13488,13132,12776,12412,12057,11704,11340,10988,10591,10255,10145,10060,9845.1,9494.3,9136.4,8781.4,8430.9,8095.9,7807.9,7521.1
16829,16464,16100,15736,15374,15011,14652,14292,13930,13566,13207,12851,12492,12132,11777,11415,11061,10664,10332,10222,10132,9917.5,9564.9,9210,8856.7,8500.5,8153.8,7865.8,7579
16910,16547,16178,15816,15452,15089,14728,14369,14009,13649,13285,12926,12571,12212,11850,11494,11137,10742,10406,10298,10203,9994.6,9639.2,9286,8928.3,8570.4,8222.5,7923.8,7636.9
16995,16633,16261,15902,15532,15173,14806,14451,14086,13728,13366,13005,12645,12289,11924,11569,11215,10818,10478,10371,10280,10069,9715.2,9357.6,8998.3,8643.6,8291.1,7982.9,7694.9
17082,16716,16348,15984,15618,15256,14891,14534,14167,13803,13445,13086,12724,12364,12001,11643,11289,10890,10553,10445,10357,10139,9788,9427.6,9072.7,8718.8,8364.9,8040.8,7752.8
17165,16797,16434,16064,15702,15335,14975,14612,14250,13885,13520,13162,12803,12442,12081,11720,11362,10967,10632,10522,10434,10214,9859.5,9502,9148.1,8794.1,8439.5,8099,7810.7
17249,16884,16520,16149,15788,15418,15059,14691,14333,13967,13602,13237,12885,12522,12160,11800,11440,11044,10709,10599,10511,10291,9935.7,9578.8,9223.4,8868.8,8509.4,8161.1,7868.7
17337,16973,16601,16235,15873,15503,15142,14775,14414,14050,13685,13318,12965,12603,12241,11879,11519,11123,10787,10676,10589,10368,10011,9655.7,9298.9,8938.7,8580.9,8230,7929
17426,17060,16685,16322,15959,15587,15227,14857,14491,14132,13766,13400,13040,12683,12321,11958,11598,11200,10858,10753,10664,10445,10088,9731,9375.6,9010.1,8655.7,8301.6,7992.2
17515,17147,16773,16409,16045,15672,15311,14941,14574,14215,13848,13481,13120,12764,12400,12037,11677,11279,10933,10831,10735,10524,10165,9806.7,9450.9,9085.5,8730,8376.1,8053.2
17603,17235,16859,16495,16130,15758,15397,15026,14658,14297,13930,13564,13207,12844,12480,12117,11755,11357,11018,10908,10815,10601,10242,9883.7,9526.8,9163,8805.4,8451.4,8111.5
17692,17323,16948,16582,16216,15844,15482,15110,14748,14381,14013,13646,13290,12925,12560,12197,11835,11436,11098,10987,10900,10678,10319,9960.7,9603.8,9243.7,8880.7,8525.8,8177.7
17781,17411,17042,16668,16303,15929,15567,15195,14834,14465,14096,13733,13370,13006,12641,12276,11914,11515,11177,11066,10977,10757,10396,10038,9679.9,9322.4,8956,8600.6,8246.5
17870,17500,17132,16755,16389,16021,15651,15284,14917,14549,14185,13820,13453,13086,12721,12356,11998,11594,11255,11144,11055,10841,10476,10115,9755.3,9398.3,9035,8674.7,8319.2
17964,17589,17221,16846,16476,16111,15737,15374,15002,14632,14271,13902,13537,13168,12803,12442,12082,11677,11334,11222,11134,10921,10559,10195,9831.7,9473.6,9115.7,8754,8394.3
18060,17681,17309,16940,16567,16197,15825,15458,15087,14721,14355,13988,13624,13252,12889,12527,12161,11761,11416,11304,11215,10999,10637,10278,9912.9,9550.3,9192,8834.7,8474.6
18150,17777,17400,17028,16661,16288,15917,15545,15177,14809,14444,14076,13709,13339,12973,12606,12243,11846,11500,11388,11298,11082,10716,10356,9995.4,9632.1,9267.3,8910.4,8553.4
18242,17874,17496,17120,16748,16380,16009,15637,15268,14898,14532,14160,13791,13425,13055,12690,12329,11929,11579,11473,11382,11166,10798,10433,10071,9712.9,9347.9,8986.1,8628.6
18339,17966,17591,17213,16839,16467,16101,15724,15359,14986,14615,14245,13877,13513,13140,12776,12413,12009,11660,11557,11467,11244,10882,10515,10149,9793.8,9430.4,9066.8,8703.5
18434,18055,17686,17308,16932,16558,16186,15811,15444,15071,14701,14333,13966,13602,13226,12862,12492,12091,11745,11636,11546,11323,10965,10598,10231,9875.9,9512.5,9147.5,8784.2
18532,18151,17781,17403,17025,16651,16275,15902,15531,15160,14790,14422,14054,13688,13313,12950,12577,12177,11830,11716,11626,11408,11049,10682,10314,9957.1,9593.2,9228.2,8864.9
18630,18247,17877,17498,17120,16744,16368,15995,15622,15251,14881,14511,14143,13777,13401,13037,12663,12261,11914,11800,11710,11492,11133,10765,10396,10040,9674.6,9309.6,8945.6
18727,18345,17974,17594,17214,16837,16461,16087,15713,15341,14970,14600,14233,13865,13488,13124,12749,12347,12000,11888,11795,11577,11216,10848,10480,10122,9757.1,9391.3,9026.3
18825,18441,18069,17689,17309,16931,16556,16185,15805,15434,15060,14691,14321,13954,13576,13211,12837,12433,12085,11979,11880,11661,11301,10931,10563,10205,9838.6,9472,9107
18923,18540,18166,17784,17405,17030,16656,16281,15901,15533,15153,14780,14410,14042,13664,13298,12930,12521,12171,12067,11969,11745,11385,11015,10649,10287,9919.4,9553.8,9190.9
19025,18644,18261,17883,17506,17129,16751,16374,15998,15625,15250,14872,14500,14130,13756,13385,13018,12613,12257,12151,12060,11835,11470,11102,10737,10370,10001,9640,9277
19128,18744,18359,17986,17604,17222,16844,16467,16091,15717,15342,14969,14592,14219,13849,13477,13106,12702,12348,12237,12147,11926,11554,11192,10820,10452,10088,9726.6,9359.1
19227,18842,18459,18081,17700,17321,16939,16560,16188,15808,15435,15061,14687,14311,13938,13570,13198,12789,12437,12324,12231,12011,11640,11277,10905,10541,10176,9808.1,9441.3
19330,18946,18563,18181,17801,17422,17035,16661,16287,15905,15532,15152,14778,14406,14030,13658,13289,12879,12523,12415,12323,12100,11730,11362,10993,10629,10259,9890.5,9528.7
19435,19047,18667,18283,17900,17518,17135,16761,16380,16002,15626,15249,14869,14500,14125,13748,13377,12971,12614,12506,12414,12191,11821,11452,11082,10711,10342,9978.3,9614.5
19534,19145,18768,18381,17997,17615,17237,16861,16475,16100,15718,15345,14964,14596,14219,13842,13467,13058,12706,12598,12506,12282,11911,11541,11166,10795,10430,10065,9695.5
19637,19251,18866,18481,18100,17717,17338,16955,16574,16198,15815,15442,15061,14686,14313,13936,13561,13146,12798,12686,12594,12372,12001,11632,11253,10884,10518,10153,9779.2
19743,19357,18970,18584,18202,17819,17440,17051,16673,16297,15912,15539,15157,14778,14410,14031,13655,13239,12890,12772,12680,12464,12091,11722,11342,10974,10607,10241,9866.6
19848,19462,19074,18688,18305,17922,17540,17151,16772,16396,16010,15637,15256,14874,14505,14125,13748,13333,12982,12864,12770,12554,12183,11812,11431,11063,10696,10329,9953.4
19960,19573,19178,18794,18407,18024,17641,17256,16873,16495,16109,15735,15352,14969,14600,14219,13842,13426,13075,12959,12863,12647,12274,11902,11521,11152,10784,10417,10041
20073,19681,19290,18905,18512,18125,17743,17362,16972,16594,16208,15832,15449,15066,14694,14314,13936,13523,13168,13058,12962,12739,12366,11992,11617,11242,10873,10505,10131
20180,19788,19399,19011,18621,18229,17846,17463,17072,16695,16313,15931,15550,15168,14791,14411,14031,13622,13262,13153,13058,12831,12458,12083,11711,11337,10962,10593,10224
20287,19895,19503,19115,18727,18338,17948,17565,17180,16794,16416,16029,15653,15269,14887,14506,14128,13716,13355,13245,13151,12923,12549,12174,11802,11431,11057,10682,10314
20394,20004,19615,19219,18832,18445,18055,17666,17285,16900,16515,16128,15753,15365,14986,14606,14228,13811,13454,13339,13243,13017,12644,12265,11893,11521,11151,10777,10402
20508,20115,19724,19328,18943,18548,18162,17773,17385,17004,16618,16233,15851,15466,15087,14706,14324,13905,13551,13432,13336,13115,12742,12361,11984,11613,11240,10870,10497
20622,20229,19830,19439,19050,18656,18264,17881,17491,17104,16725,16335,15955,15570,15185,14802,14421,14003,13644,13532,13436,13213,12834,12459,12080,11710,11332,10959,10589
20736,20339,19941,19551,19154,18767,18373,17989,17599,17209,16824,16434,16056,15668,15282,14902,14523,14104,13742,13631,13534,13312,12927,12557,12176,11802,11427,11050,10677
20851,20446,20055,19662,19265,18877,18481,18099,17706,17315,16927,16539,16153,15768,15385,15004,14623,14204,13843,13730,13634,13407,13026,12654,12274,11892,11523,11144,10767
20965,20560,20167,19775,19376,18988,18591,18207,17813,17423,17033,16644,16257,15873,15489,15107,14725,14304,13943,13830,13734,13501,13126,12746,12370,11989,11618,11239,10861
21080,20677,20280,19887,19486,19099,18701,18316,17921,17530,17139,16749,16363,15978,15592,15210,14828,14405,14043,13931,13834,13600,13225,12840,12467,12084,11714,11334,10957
21195,20800,20394,19999,19599,19209,18812,18427,18029,17637,17247,16855,16468,16081,15696,15312,14930,14508,14143,14031,13935,13700,13323,12938,12563,12180,11810,11429,11051
21311,20913,20508,20112,19714,19320,18921,18535,18139,17744,17353,16964,16577,16185,15799,15415,15031,14609,14245,14131,14035,13798,13423,13040,12661,12278,11906,11525,11146
21427,21027,20627,20226,19832,19431,19035,18644,18247,17854,17465,17077,16688,16293,15902,15518,15134,14709,14346,14231,14135,13900,13522,13143,12759,12374,12003,11620,11240
21551,21143,20745,20344,19946,19543,19152,18753,18360,17968,17576,17184,16793,16404,16009,15626,15236,14812,14446,14333,14235,14006,13622,13242,12857,12475,12100,11717,11341
21669,21266,20859,20463,20061,19660,19263,18863,18475,18078,17684,17292,16900,16510,16119,15735,15344,14914,14548,14434,14335,14108,13727,13342,12962,12579,12197,11820,11441
21786,21383,20978,20577,20181,19778,19377,18980,18585,18189,17795,17404,17006,16617,16226,15838,15452,15019,14656,14541,14439,14211,13829,13441,13065,12678,12294,11920,11537
21910,21500,21101,20695,20293,19896,19496,19097,18700,18303,17910,17515,17117,16728,16332,15944,15556,15127,14760,14646,14547,14317,13930,13543,13162,12776,12395,12017,11634
22033,21622,21223,20815,20409,20011,19607,19214,18815,18414,18018,17623,17231,16835,16442,16055,15662,15236,14862,14747,14656,14423,14035,13649,13263,12880,12497,12116,11736
22157,21745,21341,20936,20530,20126,19721,19326,18925,18524,18128,17734,17344,16943,16553,16160,15771,15345,14968,14853,14760,14530,14141,13753,13368,12984,12600,12219,11835
22281,21868,21457,21056,20650,20244,19841,19439,19039,18641,18244,17848,17457,17055,16666,16268,15880,15453,15077,14960,14861,14633,14247,13859,13474,13089,12704,12321,11931
22407,21992,21580,21180,20771,20365,19960,19556,19156,18756,18359,17963,17569,17167,16778,16378,15991,15564,15186,15068,14968,14736,14353,13965,13578,13192,12807,12424,12033
22531,22116,21707,21302,20891,20485,20078,19676,19273,18874,18473,18077,17683,17280,16889,16489,16101,15673,15294,15177,15076,14842,14461,14071,13681,13296,12911,12526,12135
22655,22240,21835,21425,21014,20604,20197,19796,19395,18989,18589,18194,17797,17394,17000,16601,16212,15782,15403,15286,15191,14952,14568,14178,13788,13400,13015,12629,12236
22781,22363,21958,21545,21134,20731,20324,19921,19518,19108,18706,18308,17912,17509,17114,16719,16323,15890,15512,15394,15304,15067,14676,14284,13894,13506,13118,12733,12341
22907,22495,22082,21667,21255,20856,20447,20042,19638,19232,18825,18424,18026,17628,17225,16834,16434,16000,15622,15503,15412,15178,14784,14390,14000,13611,13224,12837,12449
23032,22623,22210,21796,21382,20977,20566,20160,19755,19350,18947,18539,18140,17744,17338,16946,16546,16112,15738,15617,15521,15284,14890,14498,14106,13716,13328,12940,12555
23164,22747,22340,21925,21510,21097,20686,20279,19872,19470,19065,18660,18256,17859,17455,17060,16664,16224,15850,15730,15630,15393,14998,14607,14217,13822,13434,13046,12659
23299,22880,22463,22047,21631,21219,20812,20403,19997,19595,19183,18781,18376,17980,17576,17174,16776,16341,15961,15840,15747,15506,15111,14720,14328,13932,13546,13151,12767
23430,23012,22594,22175,21762,21348,20940,20530,20119,19714,19307,18898,18496,18097,17696,17293,16891,16454,16076,15956,15859,15620,15226,14828,14435,14044,13654,13260,12876
23556,23143,22725,22307,21890,21479,21067,20658,20238,19834,19431,19021,18618,18211,17812,17411,17009,16565,16193,16071,15969,15737,15341,14936,14545,14156,13758,13369,12980
23689,23268,22857,22439,22020,21607,21196,20780,20365,19960,19554,19142,18738,18334,17927,17530,17128,16682,16309,16188,16083,15852,15452,15051,14659,14268,13869,13480,13085
23823,23400,22989,22570,22151,21737,21324,20902,20493,20086,19673,19266,18853,18455,18046,17644,17246,16799,16422,16305,16200,15963,15561,15166,14774,14380,13981,13592,13194
23958,23535,23120,22702,22281,21868,21452,21029,20620,20211,19795,19390,18977,18577,18167,17760,17364,16918,16534,16421,16316,16074,15675,15280,14886,14490,14093,13704,13305
24095,23677,23255,22834,22413,21996,21582,21156,20747,20336,19918,19513,19101,18701,18288,17881,17485,17037,16652,16539,16433,16190,15792,15395,15001,14597,14205,13816,13415
24234,23813,23388,22964,22545,22127,21710,21288,20874,20462,20051,19637,19225,18822,18410,18002,17605,17154,16769,16656,16551,16308,15907,15510,15114,14714,14317,13926,13527
24374,23947,23521,23095,22676,22257,21840,21421,21001,20589,20180,19761,19355,18944,18533,18126,17724,17273,16887,16774,16668,16426,16023,15625,15228,14833,14431,14038,13639
24510,24082,23655,23230,22808,22388,21969,21552,21135,20716,20305,19889,19482,19067,18656,18254,17844,17393,17012,16891,16788,16549,16140,15744,15342,14948,14544,14150,13750
24646,24216,23796,23371,22940,22518,22101,21681,21267,20848,20432,20021,19606,19193,18782,18376,17965,17514,17134,17011,16913,16669,16263,15864,15458,15063,14663,14262,13863
24785,24354,23931,23505,23079,22656,22236,21811,21395,20981,20562,20147,19730,19323,18910,18497,18085,17640,17253,17131,17033,16788,16385,15983,15580,15175,14780,14374,13981
24929,24498,24067,23641,23217,22790,22368,21947,21525,21108,20696,20274,19858,19449,19031,18619,18209,17763,17378,17252,17153,16905,16502,16100,15699,15296,14893,14490,14095
25065,24640,24210,23783,23357,22924,22501,22080,21655,21242,20823,20399,19989,19573,19158,18745,18336,17883,17502,17377,17273,17025,16622,16217,15816,15415,15012,14610,14207
25205,24779,24347,23918,23490,23064,22641,22211,21792,21374,20953,20530,20116,19704,19288,18875,18464,18008,17623,17496,17395,17150,16746,16336,15936,15531,15133,14728,14327
25351,24917,24486,24055,23627,23201,22778,22348,21927,21503,21087,20664,20244,19832,19418,19005,18592,18135,17746,17618,17520,17277,16866,16460,16058,15650,15247,14848,14445
25494,25062,24628,24197,23768,23342,22915,22485,22064,21637,21221,20798,20375,19957,19547,19131,18714,18263,17871,17745,17644,17401,16986,16584,16173,15771,15365,14963,14564
25645,25204,24771,24338,23910,23481,23047,22623,22202,21774,21353,20932,20509,20090,19672,19253,18840,18392,17998,17872,17771,17526,17110,16707,16295,15894,15485,15079,14685
25791,25349,24914,24480,24051,23622,23186,22760,22339,21910,21481,21065,20642,20222,19802,19383,18968,18519,18126,17999,17897,17653,17234,16831,16419,16016,15606,15200,14803
25939,25497,25057,24624,24193,23761,23324,22900,22477,22046,21616,21199,20776,20353,19932,19513,19098,18648,18254,18125,18024,17780,17361,16955,16542,16138,15727,15321,14922
26086,25643,25205,24765,24334,23903,23464,23038,22615,22181,21755,21336,20910,20486,20064,19644,19228,18776,18381,18252,18152,17906,17487,17081,16665,16261,15849,15441,15042
26230,25792,25354,24910,24476,24044,23613,23177,22752,22319,21898,21470,21044,20618,20195,19777,19358,18904,18509,18381,18281,18033,17612,17205,16790,16385,15972,15562,15163
26379,25938,25498,25058,24618,24189,23755,23316,22892,22456,22036,21605,21178,20753,20330,19912,19493,19034,18638,18509,18408,18160,17739,17330,16918,16509,16096,15684,15284
26530,26089,25642,25204,24766,24334,23896,23459,23030,22597,22171,21743,21320,20893,20469,20050,19629,19165,18764,18638,18535,18287,17873,17457,17047,16632,16225,15813,15405
26681,26240,25793,25355,24910,24473,24042,23605,23167,22741,22309,21879,21458,21030,20604,20183,19759,19295,18895,18773,18664,18418,18003,17589,17172,16756,16351,15937,15526
26831,26392,25942,25503,25058,24621,24191,23752,23312,22881,22453,22021,21592,21164,20740,20318,19892,19430,19032,18905,18795,18551,18130,17718,17297,16886,16475,16060,15651
26987,26540,26092,25645,25210,24770,24334,23897,23460,23023,22593,22160,21726,21306,20880,20456,20023,19565,19165,19035,18932,18681,18265,17845,17423,17016,16599,16190,15778
27141,26697,26247,25803,25359,24915,24476,24041,23606,23170,22733,22299,21867,21444,21015,20590,20162,19696,19295,19170,19068,18811,18396,17976,17556,17140,16722,16317,15900
27298,26850,26400,25955,25506,25064,24626,24183,23750,23315,22879,22444,22011,21578,21151,20725,20302,19831,19432,19303,19201,18948,18523,18109,17690,17270,16852,16439,16024
27452,27004,26547,26102,25658,25213,24775,24330,23894,23459,23021,22588,22153,21720,21291,20864,20439,19970,19569,19434,19331,19079,18658,18236,17821,17401,16984,16567,16154
27611,27155,26707,26256,25812,25367,24923,24478,24036,23602,23165,22731,22297,21865,21435,21007,20573,20109,19706,19570,19466,19209,18792,18368,17949,17534,17115,16697,16284
27769,27310,26864,26411,25966,25521,25071,24627,24183,23751,23309,22874,22442,22009,21577,21145,20711,20247,19837,19707,19604,19345,18928,18502,18077,17667,17245,16830,16414
27932,27469,27015,26570,26116,25675,25219,24777,24335,23898,23456,23018,22585,22152,21719,21279,20851,20385,19972,19847,19743,19482,19065,18636,18213,17798,17378,16959,16544
28093,27631,27175,26721,26268,25827,25371,24930,24487,24046,23603,23161,22725,22292,21859,21420,20992,20517,20109,19985,19879,19619,19199,18771,18346,17931,17511,17092,16674
28250,27794,27334,26880,26425,25976,25522,25081,24632,24193,23751,23308,22869,22437,22002,21562,21132,20659,20246,20123,20017,19756,19336,18906,18480,18065,17645,17222,16804
28411,27957,27494,27043,26582,26128,25677,25233,24781,24342,23900,23456,23015,22584,22145,21703,21273,20805,20389,20263,20156,19895,19473,19043,18615,18200,17775,17356,16934
28578,28120,27656,27199,26742,26284,25833,25385,24934,24492,24051,23606,23165,22731,22289,21853,21416,20946,20537,20400,20295,20034,19610,19180,18754,18334,17909,17487,17066
28744,28280,27818,27357,26901,26445,25989,25541,25090,24643,24196,23757,23315,22876,22436,22000,21561,21086,20678,20544,20434,20178,19747,19317,18897,18468,18042,17620,17197
28912,28447,27979,27518,27058,26608,26148,25698,25247,24799,24351,23907,23461,23021,22584,22144,21705,21227,20818,20691,20581,20321,19886,19458,19031,18603,18175,17754,17333
29080,28613,28143,27683,27223,26769,26308,25851,25403,24955,24507,24055,23611,23172,22727,22290,21851,21372,20956,20829,20724,20460,20023,19600,19168,18743,18314,17892,17471
29252,28778,28310,27848,27385,26928,26470,26009,25558,25110,24661,24203,23767,23321,22873,22437,21997,21517,21102,20971,20865,20601,20169,19737,19305,18882,18454,18027,17602
29420,28943,28481,28013,27544,27087,26629,26168,25714,25262,24817,24359,23914,23468,23023,22587,22141,21663,21248,21117,21009,20742,20311,19881,19447,19019,18590,18163,17737
29591,29115,28648,28178,27708,27252,26786,26329,25872,25415,24969,24516,24067,23623,23175,22737,22291,21806,21391,21261,21154,20885,20451,20024,19591,19160,18731,18302,17876
29760,29289,28810,28340,27874,27415,26947,26493,26031,25573,25121,24675,24221,23775,23329,22885,22441,21954,21540,21407,21298,21034,20595,20163,19734,19303,18872,18442,18011
29932,29457,28985,28509,28043,27578,27112,26655,26190,25735,25278,24828,24373,23928,23477,23031,22588,22104,21689,21550,21448,21182,20741,20304,19872,19440,19013,18584,18148
30106,29626,29158,28681,28211,27745,27282,26818,26353,25900,25436,24982,24528,24080,23632,23185,22741,22252,21837,21696,21598,21325,20891,20448,20015,19579,19151,18719,18288
30286,29799,29325,28855,28379,27912,27447,26979,26515,26056,25598,25139,24686,24232,23790,23336,22895,22402,21984,21847,21744,21471,21038,20597,20165,19723,19289,18858,18430
30465,29977,29499,29022,28552,28079,27607,27143,26677,26214,25761,25300,24842,24387,23941,23487,23048,22554,22134,21999,21890,21621,21186,20745,20307,19872,19432,19001,18570
30641,30156,29676,29192,28726,28250,27775,27307,26844,26383,25922,25462,24998,24548,24093,23644,23197,22705,22286,22152,22039,21773,21334,20891,20451,20018,19579,19141,18710
30817,30331,29846,29369,28896,28423,27947,27476,27011,26547,26083,25622,25162,24711,24250,23799,23351,22854,22436,22304,22192,21923,21481,21037,20597,20157,19726,19285,18854
30997,30509,30024,29549,29069,28593,28114,27649,27178,26705,26245,25782,25320,24867,24411,23955,23508,23005,22588,22455,22341,22075,21625,21186,20743,20303,19868,19433,18994
31178,30693,30209,29724,29239,28765,28286,27815,27342,26878,26411,25941,25480,25024,24572,24115,23663,23159,22736,22603,22494,22226,21778,21338,20889,20452,20011,19576,19140
31363,30875,30390,29899,29414,28934,28461,27979,27509,27046,26576,26104,25647,25189,24733,24275,23817,23317,22887,22752,22648,22377,21932,21488,21041,20602,20157,19717,19289
31550,31056,30571,30075,29592,29112,28636,28155,27678,27211,26740,26271,25813,25351,24894,24433,23976,23475,23042,22913,22803,22532,22086,21639,21189,20755,20308,19869,19435
31733,31240,30750,30254,29774,29292,28811,28331,27851,27378,26909,26440,25976,25509,25052,24593,24135,23634,23202,23071,22958,22687,22235,21788,21340,20904,20457,20018,19578
31923,31427,30931,30440,29951,29466,28986,28504,28026,27547,27078,26609,26143,25677,25215,24750,24294,23794,23362,23226,23112,22841,22388,21938,21494,21052,20605,20161,19725
32113,31611,31117,30627,30133,29642,29164,28676,28201,27719,27247,26778,26312,25845,25378,24910,24457,23951,23519,23382,23265,22993,22547,22092,21648,21203,20754,20310,19876
32306,31799,31305,30809,30317,29827,29342,28851,28374,27894,27420,26947,26480,26008,25541,25073,24620,24113,23676,23539,23422,23152,22702,22249,21801,21356,20903,20459,20022
32500,31988,31494,30994,30502,30011,29519,29031,28553,28067,27591,27113,26645,26177,25705,25242,24783,24276,23833,23696,23584,23315,22855,22406,21953,21510,21056,20612,20170
32695,32182,31682,31183,30684,30194,29697,29210,28730,28242,27768,27285,26812,26349,25873,25410,24946,24439,23995,23854,23747,23473,23017,22557,22104,21661,21209,20764,20315
32889,32377,31871,31372,30872,30376,29880,29393,28907,28419,27945,27460,26982,26515,26039,25577,25106,24599,24158,24016,23910,23631,23175,22717,22261,21811,21361,20918,20464
33082,32569,32060,31560,31061,30560,30065,29573,29089,28596,28122,27637,27153,26682,26209,25743,25275,24763,24325,24180,24071,23793,23332,22880,22418,21966,21514,21069,20617
33281,32763,32254,31754,31248,30746,30251,29755,29271,28773,28296,27814,27330,26859,26380,25908,25445,24928,24489,24348,24230,23955,23490,23040,22579,22123,21671,21222,20773
33484,32962,32454,31944,31435,30938,30435,29942,29450,28954,28472,27991,27507,27033,26552,26075,25610,25093,24648,24513,24393,24120,23650,23201,22742,22282,21828,21379,20930
33680,33158,32650,32134,31625,31129,30624,30128,29634,29140,28650,28170,27682,27201,26728,26248,25778,25262,24817,24678,24559,24285,23815,23360,22902,22444,21986,21533,21086
33877,33355,32845,32327,31822,31319,30814,30315,29818,29325,28833,28351,27857,27377,26905,26424,25946,25433,24987,24843,24730,24449,23980,23523,23061,22603,22145,21687,21240
34083,33556,33041,32523,32018,31510,31003,30502,30002,29509,29020,28530,28039,27559,27077,26599,26121,25603,25155,25013,24901,24612,24145,23688,23221,22763,22304,21846,21393
34287,33761,33241,32723,32213,31706,31193,30692,30186,29694,29203,28708,28218,27738,27250,26772,26294,25771,25324,25180,25069,24780,24314,23853,23383,22927,22463,22005,21550
34493,33965,33447,32925,32407,31901,31387,30886,30376,29878,29385,28887,28397,27916,27426,26949,26466,25944,25491,25353,25236,24948,24482,24016,23546,23089,22628,22164,21709
34704,34171,33645,33128,32607,32095,31583,31078,30567,30065,29573,29071,28580,28094,27604,27127,26641,26116,25662,25526,25403,25119,24649,24183,23710,23254,22789,22324,21873
34917,34382,33847,33334,32809,32292,31779,31273,30759,30259,29763,29261,28764,28276,27787,27305,26819,26289,25835,25698,25575,25292,24817,24350,23877,23418,22952,22489,22034
35125,34590,34056,33536,33013,32490,31977,31464,30953,30451,29949,29447,28951,28457,27971,27480,26995,26466,26013,25871,25748,25461,24990,24516,24044,23580,23118,22650,22196
35334,34799,34266,33738,33215,32692,32177,31657,31147,30637,30136,29636,29140,28642,28151,27656,27172,26641,26187,26041,25924,25635,25161,24685,24216,23744,23285,22812,22357
35548,35012,34477,33940,33418,32895,32376,31857,31343,30833,30330,29823,29326,28828,28333,27838,27352,26820,26363,26214,26101,25812,25332,24857,24386,23912,23449,22978,22518
35763,35226,34687,34150,33625,33097,32578,32056,31540,31030,30520,30014,29512,29017,28520,28026,27532,27001,26539,26392,26275,25989,25506,25029,24557,24084,23616,23145,22683
35981,35440,34895,34359,33832,33301,32781,32258,31742,31227,30709,30205,29698,29204,28706,28213,27718,27184,26714,26572,26449,26164,25680,25200,24726,24257,23781,23316,22847
36198,35654,35113,34573,34042,33506,32980,32460,31941,31424,30907,30398,29894,29394,28890,28398,27903,27362,26892,26752,26624,26340,25855,25374,24897,24426,23949,23481,23013
36415,35869,35328,34786,34253,33715,33186,32658,32142,31619,31109,30594,30086,29583,29076,28584,28089,27540,27072,26932,26808,26519,26030,25551,25068,24594,24123,23647,23178
36634,36088,35542,34998,34465,33925,33398,32862,32344,31817,31304,30791,30274,29772,29267,28766,28273,27721,27257,27113,26993,26699,26210,25731,25242,24765,24292,23820,23347
36855,36304,35758,35210,34679,34133,33606,33071,32550,32024,31500,30984,30468,29963,29454,28954,28457,27905,27439,27297,27169,26880,26391,25908,25422,24943,24460,23991,23516
37080,36529,35976,35428,34889,34347,33815,33282,32753,32229,31704,31182,30669,30158,29646,29146,28643,28095,27621,27479,27351,27061,26572,26088,25598,25120,24634,24166,23689
37307,36751,36196,35648,35107,34561,34025,33488,32955,32432,31907,31383,30868,30356,29844,29339,28830,28283,27807,27661,27538,27244,26757,26264,25775,25292,24814,24339,23861
37533,36973,36420,35865,35323,34776,34239,33698,33167,32640,32111,31586,31066,30554,30041,29531,29022,28475,27994,27847,27725,27428,26939,26440,25955,25470,24990,24509,24034
37760,37199,36641,36085,35543,34993,34454,33908,33380,32847,32316,31790,31269,30752,30233,29724,29214,28667,28184,28034,27912,27610,27121,26622,26137,25652,25169,24683,24205
37986,37424,36862,36310,35763,35213,34669,34122,33589,33052,32522,31993,31472,30952,30431,29917,29408,28856,28376,28227,28100,27796,27302,26805,26319,25834,25344,24859,24376
38213,37648,37087,36531,35980,35433,34884,34342,33799,33263,32731,32197,31672,31154,30632,30114,29606,29049,28566,28419,28291,27986,27485,26992,26500,26015,25520,25039,24552
38441,37874,37310,36753,36202,35652,35103,34561,34010,33477,32942,32404,31877,31355,30831,30313,29800,29240,28757,28611,28484,28176,27673,27182,26683,26196,25702,25220,24729
38669,38101,37539,36980,36427,35870,35324,34777,34226,33692,33151,32613,32090,31562,31033,30517,30000,29435,28951,28801,28673,28364,27862,27372,26869,26375,25886,25398,24909
38901,38329,37771,37207,36651,36092,35540,34993,34447,33903,33360,32823,32299,31768,31241,30720,30202,29636,29145,28995,28870,28556,28055,27560,27057,26559,26070,25580,25089
39133,38558,38000,37433,36875,36316,35756,35214,34665,34114,33575,33037,32508,31971,31446,30920,30401,29835,29338,29188,29064,28750,28249,27749,27246,26746,26253,25763,25272
39365,38789,38227,37660,37099,36539,35982,35435,34884,34328,33790,33252,32717,32179,31650,31124,30600,30034,29537,29382,29258,28945,28442,27937,27434,26935,26436,25946,25452
39594,39021,38455,37888,37329,36761,36204,35656,35105,34548,34005,33467,32927,32388,31855,31331,30800,30233,29735,29579,29453,29144,28636,28125,27623,27123,26624,26128,25629
39827,39259,38686,38116,37558,36987,36431,35876,35326,34774,34222,33680,33137,32598,32068,31538,31003,30429,29932,29778,29650,29343,28833,28323,27817,27309,26812,26312,25814
40065,39494,38915,38348,37786,37218,36658,36097,35547,34995,34443,33894,33347,32808,32278,31742,31211,30628,30137,29982,29847,29540,29029,28518,28011,27500,26997,26498,26002
40298,39727,39147,38581,38013,37447,36886,36324,35769,35216,34663,34112,33562,33023,32488,31949,31420,30833,30341,30182,30049,29737,29227,28712,28203,27693,27185,26687,26191
40531,39960,39383,38814,38241,37678,37117,36551,35995,35438,34881,34334,33782,33240,32701,32159,31630,31042,30547,30391,30256,29940,29423,28904,28395,27888,27375,26878,26376
40774,40193,39621,39047,38473,37911,37340,36778,36222,35660,35102,34551,34003,33459,32916,32369,31843,31251,30754,30597,30464,30145,29622,29107,28590,28083,27566,27070,26565
41016,40429,39859,39284,38709,38139,37568,37008,36445,35886,35324,34771,34224,33677,33131,32584,32049,31461,30960,30801,30669,30350,29822,29307,28788,28278,27762,27259,26754
41251,40672,40093,39518,38942,38371,37801,37238,36667,36110,35546,34993,34441,33896,33347,32804,32261,31671,31168,31007,30873,30555,30028,29507,28988,28473,27961,27452,26944
41488,40914,40330,39751,39175,38604,38034,37468,36894,36337,35771,35215,34663,34112,33567,33020,32474,31883,31378,31216,31082,30763,30233,29709,29188,28673,28161,27647,27134
41730,41152,40568,39989,39410,38837,38267,37701,37125,36564,35998,35441,34889,34331,33785,33236,32689,32096,31588,31427,31291,30969,30437,29913,29388,28873,28360,27842,27329
41973,41386,40806,40227,39648,39070,38504,37931,37354,36793,36225,35673,35111,34555,34005,33453,32910,32307,31794,31639,31506,31178,30644,30118,29589,29072,28558,28037,27525
42214,41629,41044,40465,39886,39307,38732,38159,37586,37024,36453,35900,35334,34780,34227,33674,33129,32523,32009,31852,31717,31393,30859,30328,29794,29270,28758,28237,27724
42452,41871,41284,40703,40124,39545,38965,38392,37819,37253,36680,36124,35560,35002,34449,33896,33346,32745,32225,32063,31928,31604,31073,30535,30003,29477,28955,28442,27920
42692,42111,41526,40941,40362,39783,39203,38628,38055,37486,36913,36351,35784,35224,34667,34118,33565,32963,32446,32277,32139,31820,31284,30743,30213,29685,29158,28639,28116
42936,42349,41765,41180,40600,40021,39441,38862,38290,37719,37151,36578,36012,35449,34893,34338,33787,33179,32663,32496,32356,32036,31497,30954,30423,29887,29364,28835,28314
43183,42591,42008,41421,40834,40257,39680,39100,38523,37952,37386,36810,36245,35680,35120,34558,34009,33400,32879,32714,32577,32252,31710,31164,30634,30094,29573,29041,28515
43426,42834,42251,41664,41076,40492,39918,39338,38759,38190,37617,37039,36477,35910,35347,34785,34231,33618,33097,32931,32793,32469,31924,31376,30845,30304,29779,29247,28718
43669,43078,42490,41907,41319,40732,40160,39577,38997,38423,37847,37271,36706,36137,35570,35013,34456,33839,33317,33151,33013,32685,32137,31591,31056,30518,29989,29453,28924
43913,43325,42732,42150,41562,40974,40399,39815,39235,38661,38082,37504,36938,36368,35802,35241,34683,34065,33536,33369,33238,32903,32352,31808,31267,30733,30199,29659,29133
44158,43568,42975,42393,41802,41213,40635,40053,39474,38895,38319,37737,37167,36601,36035,35467,34908,34292,33758,33594,33460,33124,32572,32024,31480,30947,30406,29870,29343
44406,43811,43219,42636,42043,41456,40871,40296,39712,39132,38553,37971,37400,36834,36264,35691,35131,34516,33980,33821,33681,33344,32797,32241,31696,31158,30612,30080,29554
44652,44054,43463,42879,42286,41699,41111,40535,39950,39371,38791,38207,37633,37067,36492,35920,35357,34742,34204,34048,33900,33572,33021,32463,31913,31373,30829,30292,29762
44896,44298,43712,43122,42531,41942,41353,40777,40190,39609,39029,38448,37866,37300,36728,36154,35587,34970,34431,34272,34125,33797,33240,32685,32132,31589,31049,30505,29972
45139,44543,43963,43368,42778,42185,41593,41020,40432,39847,39268,38688,38104,37533,36962,36390,35820,35202,34659,34499,34352,34020,33461,32908,32354,31807,31262,30722,30183
45386,44791,44206,43614,43021,42428,41836,41260,40670,40086,39506,38927,38347,37766,37195,36618,36053,35431,34887,34726,34580,34244,33684,33130,32576,32024,31478,30936,30394
45633,45039,44450,43857,43264,42671,42079,41501,40909,40326,39744,39165,38582,38000,37428,36848,36286,35659,35116,34954,34808,34472,33910,33352,32799,32245,31696,31150,30606
45881,45291,44693,44100,43507,42916,42326,41744,41152,40569,39983,39403,38819,38235,37662,37086,36517,35887,35348,35182,35037,34700,34134,33580,33023,32467,31913,31367,30822
46129,45535,44938,44344,43756,43163,42573,41987,41395,40811,40221,39641,39057,38477,37895,37324,36749,36119,35581,35414,35270,34928,34360,33808,33249,32690,32136,31585,31039
46381,45778,45186,44591,44006,43411,42818,42231,41638,41050,40463,39880,39295,38716,38131,37557,36986,36352,35810,35647,35502,35157,34591,34031,33471,32916,32358,31804,31256
46628,46023,45433,44842,44252,43658,43062,42474,41881,41293,40703,40118,39534,38954,38371,37791,37219,36585,36043,35877,35731,35390,34824,34259,33694,33136,32581,32024,31474
46876,46272,45681,45089,44496,43903,43306,42717,42124,41532,40944,40357,39774,39192,38613,38028,37453,36821,36281,36105,35964,35623,35057,34487,33919,33358,32804,32244,31695
47123,46523,45932,45332,44739,44146,43553,42960,42368,41778,41187,40600,40017,39431,38851,38270,37688,37057,36519,36339,36198,35857,35288,34715,34149,33588,33032,32469,31913
47371,46771,46181,45576,44986,44389,43796,43206,42616,42026,41431,40843,40260,39669,39090,38510,37930,37291,36753,36575,36436,36090,35519,34947,34382,33817,33259,32695,32140
47618,47018,46428,45823,45233,44633,44043,43453,42863,42271,41678,41088,40503,39913,39333,38748,38169,37527,36986,36810,36669,36323,35752,35176,34613,34045,33482,32920,32367
47866,47268,46676,46074,45483,44881,44291,43700,43107,42514,41922,41334,40746,40159,39576,38987,38407,37769,37216,37047,36903,36557,35987,35409,34842,34273,33706,33148,32595
48114,47519,46924,46324,45734,45132,44540,43944,43351,42759,42165,41577,40989,40400,39815,39227,38641,38007,37455,37283,37136,36790,36224,35639,35071,34505,33934,33376,32819
48362,47771,47171,46571,45981,45381,44791,44187,43596,43006,42408,41821,41233,40640,40054,39470,38882,38246,37695,37525,37374,37024,36457,35871,35304,34738,34167,33602,33042
48613,48019,47419,46819,46229,45629,45039,44434,43844,43254,42654,42069,41473,40883,40296,39712,39125,38489,37936,37763,37612,37261,36690,36107,35537,34971,34400,33827,33266
48858,48264,47667,47066,46476,45876,45286,44683,44091,43498,42901,42312,41716,41126,40541,39951,39366,38723,38177,38001,37850,37500,36920,36343,35771,35202,34629,34057,33493
49104,48509,47918,47314,46724,46124,45534,44934,44343,43741,43149,42555,41964,41374,40787,40199,39605,38961,38415,38236,38091,37738,37158,36579,36005,35433,34865,34290,33724
49351,48756,48166,47563,46971,46371,45781,45181,44591,43986,43396,42799,42211,41618,41030,40442,39846,39206,38653,38477,38330,37979,37397,36817,36242,35666,35100,34523,33957
49599,49007,48414,47814,47219,46619,46029,45429,44836,44234,43644,43045,42459,41861,41274,40685,40093,39451,38888,38717,38566,38220,37639,37055,36477,35900,35333,34752,34190
49846,49256,48660,48061,47466,46866,46276,45676,45080,44486,43891,43296,42706,42106,41521,40926,40336,39694,39131,38958,38805,38460,37878,37294,36714,36135,35567,34986,34421
50094,49504,48904,48309,47712,47114,46524,45924,45324,44734,44137,43544,42951,42354,41765,41167,40579,39937,39374,39202,39048,38703,38117,37532,36952,36373,35800,35224,34650
50342,49751,49151,48558,47957,47361,46771,46171,45576,44981,44381,43791,43194,42601,42008,41411,40826,40180,39617,39443,39291,38946,38358,37771,37191,36611,36034,35462,34883
50593,49999,49399,48809,48208,47612,47017,46419,45827,45229,44629,44039,43439,42849,42251,41659,41071,40419,39864,39683,39535,39189,38601,38014,37429,36849,36270,35696,35121
50841,50245,49647,49056,48456,47863,47261,46666,46076,45476,44876,44286,43686,43096,42496,41906,41314,40662,40109,39926,39781,39428,38845,38257,37668,37088,36508,35930,35358
51089,50489,49898,49304,48704,48114,47509,46914,46323,45724,45124,44534,43934,43344,42744,42154,41559,40909,40350,40169,40026,39670,39088,38497,37908,37326,36747,36167,35592
51336,50736,50146,49551,48951,48361,47759,47163,46566,45968,45371,44781,44181,43591,42991,42401,41806,41153,40590,40412,40269,39913,39331,38738,38151,37565,36985,36405,35825
51580,50984,50392,49799,49199,48609,48009,47414,46814,46214,45619,45029,44429,43839,43239,42649,42049,41399,40834,40659,40514,40157,39574,38981,38394,37806,37224,36641,36059
51824,51231,50636,50043,49446,48856,48256,47661,47061,46462,45871,45276,44676,44086,43486,42896,42296,41646,41081,40906,40761,40401,39817,39225,38637,38049,37462,36877,36297
52069,51479,50880,50289,49693,49104,48504,47911,47309,46714,46119,45522,44924,44334,43734,43144,42544,41894,41329,41154,41009,40648,40057,39469,38880,38291,37701,37117,36540
52316,51726,51126,50536,49936,49348,48751,48160,47556,46965,46366,45766,45171,44581,43981,43391,42791,42141,41573,41400,41252,40892,40301,39716,39123,38531,37946,37361,36783
52561,51972,51374,50784,50184,49594,48998,48404,47808,47214,46614,46014,45419,44829,44229,43639,43039,42389,41819,41644,41492,41139,40547,39959,39366,38774,38194,37608,37023
52806,52216,51621,51028,50431,49840,49242,48648,48056,47460,46861,46265,45668,45076,44476,43886,43286,42636,42066,41891,41736,41386,40790,40206,39610,39017,38439,37847,37264
53054,52464,51866,51272,50679,50084,49489,48894,48304,47704,47109,46516,45919,45324,44724,44134,43534,42882,42314,42139,41984,41634,41034,40451,39853,39260,38681,38090,37507
53298,52709,52111,51516,50926,50331,49736,49142,48551,47951,47359,46766,46166,45568,44971,44381,43781,43126,42561,42386,42231,41880,41281,40694,40096,39503,38921,38333,37749
53542,52954,52359,51764,51174,50579,49984,49393,48799,48199,47609,47014,46414,45816,45219,44629,44029,43374,42809,42633,42479,42124,41525,40939,40344,39747,39164,38576,37988
53786,53201,52606,52011,51420,50826,50236,49638,49044,48446,47856,47258,46661,46067,45471,44876,44276,43621,43056,42876,42723,42371,41771,41186,40588,39991,39411,38819,38227
54030,53446,52852,52258,51664,51074,50481,49884,49289,48694,48104,47504,46910,46318,45719,45122,44524,43869,43304,43124,42969,42619,42019,41434,40834,40238,39655,39062,38470
54276,53690,53096,52502,51908,51321,50725,50131,49541,48941,48351,47751,47161,46566,45966,45366,44771,44116,43551,43371,43216,42866,42266,41678,41081,40482,39899,39306,38713
54523,53934,53340,52746,52152,51568,50969,50379,49789,49189,48599,47999,47409,46812,46215,45614,45022,44364,43795,43619,43464,43114,42514,41924,41329,40729,40144,39554,38956
54767,54178,53584,52990,52396,51812,51213,50626,50035,49436,48846,48246,47656,47056,46466,45861,45271,44611,44041,43866,43716,43361,42761,42171,41576,40976,40390,39797,39201
55008,54422,53828,53234,52644,52059,51459,50873,50279,49684,49091,48494,47904,47304,46714,46109,45519,44859,44291,44114,43967,43609,43009,42419,41820,41224,40634,40041,39448
55250,54666,54072,53481,52891,52305,51706,51117,50523,49931,49335,48741,48151,47551,46960,46357,45766,45109,44542,44361,44216,43856,43258,42666,42066,41473,40881,40286,39691
55494,54910,54316,53729,53139,52549,51950,51361,50769,50178,49579,48989,48399,47799,47203,46608,46011,45359,44794,44609,44464,44102,43510,42914,42314,41724,41129,40532,39939
55741,55156,54561,53976,53386,52793,52196,51605,51016,50422,49830,49239,48645,48046,47447,46859,46256,45606,45041,44856,44711,44346,43761,43161,42561,41971,41374,40776,40190
55987,55402,54809,54220,53631,53037,52443,51849,51264,50666,50079,49488,48889,48294,47694,47109,46504,45854,45289,45104,44955,44594,44009,43409,42809,42219,41619,41024,40439
56230,55642,55053,54461,53875,53281,52687,52096,51509,50911,50326,49732,49136,48541,47941,47356,46751,46101,45536,45356,45201,44845,44254,43656,43061,42466,41866,41271,40685
56471,55883,55294,54703,54119,53525,52934,52341,51754,51159,50570,49976,49382,48788,48189,47604,47002,46349,45784,45604,45450,45096,44499,43899,43312,42714,42114,41516,40928
56714,56125,55535,54947,54363,53769,53179,52585,52001,51403,50811,50221,49626,49032,48440,47849,47251,46596,46035,45851,45702,45345,44746,44146,43561,42961,42361,41763,41172
56958,56369,55776,55194,54604,54011,53423,52829,52245,51649,51054,50469,49870,49279,48689,48094,47499,46844,46284,46099,45953,45589,44994,44396,43808,43209,42609,42015,41419
57202,56613,56019,55440,54846,54252,53667,53077,52489,51897,51302,50717,50117,49527,48937,48342,47743,47092,46531,46347,46199,45837,45242,44648,44052,43453,42857,42266,41667
57446,56857,56263,55683,55090,54496,53911,53324,52733,52144,51549,50964,50364,49774,49184,48586,47989,47339,46774,46594,46443,46084,45490,44899,44299,43699,43104,42514,41914
57689,57100,56507,55924,55334,54742,54157,53571,52977,52388,51794,51210,50612,50017,49428,48833,48236,47587,47022,46842,46687,46333,45741,45147,44547,43947,43352,42762,42162
57929,57341,56751,56164,55578,54988,54404,53815,53221,52632,52038,51454,50859,50261,49672,49084,48480,47834,47267,47089,46934,46584,45989,45392,44794,44199,43602,43009,42409
58170,57582,56995,56405,55822,55233,54645,54057,53465,52876,52282,51698,51104,50505,49917,49332,48727,48080,47512,47337,47182,46832,46234,45637,45042,44450,43852,43256,42657
58411,57823,57239,56646,56066,55477,54886,54298,53709,53120,52526,51942,51349,50749,50164,49576,48976,48324,47759,47584,47429,47079,46479,45884,45292,44699,44099,43500,42904
58651,58067,57483,56889,56308,55721,55127,54538,53953,53362,52770,52186,51597,50997,50409,49820,49226,48572,48007,47831,47677,47326,46727,46135,45542,44946,44347,43750,43153
58892,58308,57725,57133,56548,55965,55374,54781,54197,53603,53014,52430,51841,51242,50653,50064,49470,48817,48254,48075,47927,47570,46974,46384,45788,45190,44594,44001,43404
59135,58549,57966,57377,56789,56206,55619,55025,54441,53847,53262,52674,52085,51487,50897,50312,49714,49062,48502,48322,48175,47817,47220,46632,46032,45437,44844,44252,43652
59379,58790,58206,57618,57030,56448,55863,55269,54685,54091,53507,52918,52329,51734,51141,50557,49958,49309,48749,48567,48419,48063,47464,46879,46279,45686,45094,44499,43899
59623,59033,58447,57860,57271,56692,56104,55513,54927,54337,53751,53162,52573,51979,51385,50801,50202,49557,48995,48812,48667,48307,47712,47124,46527,45937,45342,44744,44147
59862,59278,58688,58104,57515,56933,56347,55757,55168,54584,53991,53406,52817,52223,51629,51045,50449,49804,49238,49059,48912,48554,47959,47369,46774,46184,45586,44987,44394
60100,59522,58932,58348,57759,57175,56591,56002,55412,54825,54234,53650,53060,52467,51873,51292,50695,50052,49482,49307,49156,48802,48208,47617,47022,46432,45832,45232,44637
60341,59762,59174,58590,58003,57419,56835,56246,55654,55065,54478,53894,53301,52711,52119,51538,50939,50296,49729,49553,49400,49049,48459,47864,47269,46679,46079,45479,44887
60582,60001,59414,58831,58247,57663,57076,56487,55895,55306,54722,54134,53544,52955,52366,51782,51187,50539,49977,49797,49647,49297,48703,48109,47515,46927,46327,45729,45137
60822,60239,59651,59072,58488,57905,57316,56729,56139,55550,54969,54377,53789,53199,52610,52026,51432,50783,50224,50041,49894,49541,48947,48353,47759,47174,46574,45979,45384
61063,60479,59891,59310,58729,58145,57557,56973,56380,55794,55214,54621,54037,53443,52857,52270,51676,51023,50472,50287,50142,49783,49192,48597,48003,47419,46822,46227,45632
61304,60720,60132,59548,58970,58386,57798,57214,56623,56038,55454,54865,54281,53689,53103,52514,51920,51266,50717,50534,50389,50024,49439,48841,48251,47664,47069,46471,45882
61545,60961,60372,59789,59210,58627,58038,57455,56867,56282,55691,55109,54523,53935,53347,52758,52164,51510,50961,50778,50634,50268,49687,49087,48502,47912,47313,46717,46131
61785,61202,60616,60029,59449,58868,58279,57696,57111,56524,55932,55353,54764,54176,53588,52999,52408,51754,51205,51022,50878,50514,49934,49334,48749,48156,47559,46963,46374
62026,61442,60859,60271,59687,59112,58520,57936,57353,56764,56176,55597,55005,54416,53828,53241,52652,52002,51449,51266,51122,50761,50182,49582,48991,48400,47806,47207,46622
62267,61683,61099,60515,59931,59354,58760,58177,57593,57005,56417,55835,55247,54658,54069,53485,52896,52249,51693,51510,51366,51005,50426,49827,49233,48644,48050,47454,46869
62507,61924,61340,60757,60173,59593,59001,58417,57834,57246,56657,56074,55491,54902,54313,53729,53138,52496,51937,51754,51610,51252,50668,50072,49477,48892,48294,47702,47116
62745,62162,61581,60997,60414,59831,59246,58661,58075,57488,56899,56314,55735,55146,54557,53973,53379,52736,52181,51998,51854,51498,50908,50319,49724,49139,48539,47949,47360
62983,62400,61822,61238,60654,60068,59485,58904,58316,57732,57143,56562,55979,55390,54801,54217,53623,52979,52425,52242,52098,51742,51149,50564,49972,49386,48787,48197,47607
63220,62637,62059,61476,60895,60307,59723,59144,58560,57976,57387,56807,56222,55634,55045,54457,53869,53223,52668,52489,52340,51986,51392,50809,50219,49630,49034,48442,47853
63458,62877,62297,61715,61135,60547,59964,59385,58802,58218,57631,57051,56463,55875,55286,54698,54115,53467,52909,52735,52581,52228,51636,51057,50463,49870,49280,48686,48097
63697,63117,62534,61955,61373,60788,60204,59624,59042,58459,57875,57292,56704,56115,55528,54939,54355,53708,53152,52978,52825,52469,51880,51301,50707,50113,49524,48930,48344
63937,63354,62775,62196,61612,61029,60445,59862,59283,58699,58116,57533,56944,56356,55772,55183,54596,53950,53395,53219,53069,52713,52127,51545,50951,50357,49772,49177,48592
64178,63592,63014,62436,61853,61270,60686,60102,59521,58940,58355,57773,57185,56600,56016,55427,54838,54194,53635,53462,53314,52957,52373,51788,51195,50601,50014,49424,48839
64417,63830,63251,62673,62094,61510,60927,60343,59759,59180,58593,58014,57425,56842,56259,55670,55082,54438,53879,53706,53562,53202,52616,52028,51439,50845,50256,49671,49082
64655,64071,63489,62911,62332,61749,61167,60584,60000,59418,58836,58252,57666,57083,56499,55911,55322,54682,54123,53950,53803,53449,52857,52272,51681,51088,50499,49915,49323
64896,64312,63728,63148,62570,61987,61408,60824,60241,59657,59079,58490,57907,57323,56740,56151,55563,54926,54367,54194,54043,53691,53100,52516,51922,51332,50743,50159,49565
65135,64552,63969,63385,62807,62228,61649,61065,60482,59898,59319,58731,58147,57564,56980,56393,55804,55167,54608,54434,54284,53931,53344,52760,52166,51576,50987,50403,49809
65373,64789,64210,63626,63045,62467,61888,61306,60722,60139,59557,58974,58390,57805,57221,56637,56048,55405,54850,54672,54528,54172,53588,53000,52407,51820,51231,50647,50057
65613,65029,64449,63867,63283,62704,62126,61547,60963,60377,59796,59216,58634,58045,57462,56878,56290,55643,55094,54912,54770,54416,53832,53243,52649,52064,51475,50891,50302
65853,65269,64687,64108,63524,62942,62363,61785,61202,60615,60036,59454,58874,58289,57700,57117,56531,55883,55338,55155,55011,54658,54075,53487,52893,52308,51722,51135,50546
66090,65503,64927,64348,63765,63181,62601,62023,61440,60856,60274,59691,59113,58531,57939,57355,56771,56129,55580,55398,55251,54898,54315,53731,53139,52554,51968,51379,50790
66328,65740,65164,64588,64004,63422,62838,62260,61680,61097,60513,59929,59350,58772,58183,57595,57014,56376,55821,55639,55495,55139,54556,53972,53386,52801,52212,51623,51034
66566,65977,65399,64826,64238,63663,63079,62498,61919,61337,60754,60170,59588,59010,58427,57838,57258,56620,56061,55880,55739,55382,54796,54213,53630,53041,52453,51865,51277
66803,66215,65636,65063,64475,63900,63320,62736,62157,61578,60995,60411,59827,59247,58669,58082,57503,56858,56304,56121,55983,55626,55037,54453,53874,53282,52694,52106,51517
67041,66452,65874,65299,64713,64134,63560,62977,62394,61816,61235,60650,60068,59484,58906,58322,57744,57097,56547,56365,56224,55870,55281,54697,54116,53524,52934,52350,51758
67277,66690,66112,65534,64954,64372,63798,63217,62634,62054,61476,60888,60309,59725,59144,58563,57983,57337,56788,56606,56464,56111,55523,54940,54356,53768,53178,52592,52000
67512,66928,66349,65771,65192,64609,64035,63458,62874,62291,61713,61128,60547,59966,59382,58803,58220,57578,57026,56846,56705,56352,55764,55180,54593,54012,53420,52832,52244
67749,67168,66585,66008,65430,64847,64269,63695,63115,62531,61951,61369,60785,60207,59623,59040,58458,57818,57264,57083,56946,56593,56004,55421,54833,54253,53661,53073,52488
67985,67408,66820,66246,65668,65088,64506,63930,63353,62772,62189,61610,61026,60447,59864,59280,58697,58059,57505,57327,57186,56833,56245,55661,55074,54490,53906,53316,52735
68220,67642,67057,66484,65905,65327,64745,64166,63587,63013,62429,61847,61267,60686,60103,59521,58937,58300,57746,57571,57427,57075,56486,55902,55318,54730,54150,53560,52980
68457,67878,67295,66720,66143,65564,64986,64407,63825,63251,62670,62086,61507,60924,60341,59762,59178,58541,57986,57815,57664,57320,56726,56143,55559,54971,54394,53804,53221
68695,68116,67533,66955,66380,65802,65224,64645,64064,63489,62910,62327,61744,61161,60581,60002,59419,58781,58227,58052,57903,57560,56969,56383,55800,55212,54638,54045,53461
68932,68350,67773,67194,66618,66040,65461,64883,64304,63726,63148,62568,61984,61401,60820,60242,59659,59018,58468,58290,58144,57799,57214,56624,56040,55456,54879,54288,53702
69168,68585,68012,67434,66856,66277,65699,65120,64542,63964,63385,62807,62225,61641,61058,60480,59897,59256,58707,58527,58385,58036,57458,56865,56281,55700,55119,54532,53943
69402,68819,68246,67672,67097,66515,65936,65358,64781,64201,63623,63045,62466,61882,61298,60720,60136,59493,58944,58768,58624,58274,57696,57108,56523,55944,55360,54776,54186
69637,69057,68481,67910,67336,66751,66174,65596,65022,64439,63861,63282,62704,62123,61538,60959,60376,59734,59181,59008,58861,58513,57933,57351,56767,56188,55601,55017,54429
69871,69295,68716,68147,67573,66986,66412,65833,65260,64677,64098,63520,62941,62363,61775,61197,60614,59975,59421,59249,59098,58754,58171,57592,57008,56427,55841,55258,54670
70106,69533,68954,68381,67808,67223,66647,66071,65497,64915,64336,63757,63179,62601,62013,61434,60853,60215,59661,59490,59338,58998,58411,57830,57247,56665,56082,55498,54914
70344,69770,69192,68618,68042,67461,66882,66309,65735,65156,64573,63995,63417,62838,62252,61672,61094,60452,59902,59731,59579,59240,58652,58068,57485,56906,56323,55739,55156
70582,70008,69429,68855,68277,67698,67120,66546,65969,65392,64813,64234,63655,63076,62492,61909,61331,60690,60143,59971,59819,59480,58892,58309,57725,57144,56563,55980,55396
70820,70246,69667,69090,68511,67936,67357,66782,66205,65627,65053,64475,63896,63313,62733,62149,61569,60928,60383,60212,60060,59718,59133,58550,57966,57382,56804,56220,55637
71057,70484,69905,69324,68746,68174,67595,67016,66443,65865,65287,64713,64131,63553,62973,62390,61807,61169,60621,60451,60300,59958,59374,58790,58207,57623,57044,56461,55875
71295,70721,70143,69559,68980,68412,67833,67251,66678,66100,65524,64950,64366,63793,63210,62631,62047,61412,60858,60688,60537,60198,59615,59031,58447,57864,57283,56700,56113
71533,70959,70380,69794,69215,68649,68071,67485,66912,66335,65761,65188,64600,64027,63444,62869,62288,61654,61096,60926,60777,60435,59852,59272,58688,58104,57521,56937,56354
71771,71197,70618,70028,69449,68887,68308,67720,67147,66573,65999,65425,64837,64262,63680,63106,62529,61888,61333,61163,61018,60673,60091,59511,58929,58345,57762,57175,56592
72008,71434,70856,70263,69684,69125,68546,67954,67381,66810,66237,65663,65075,64496,63918,63340,62766,62125,61573,61401,61259,60910,60332,59749,59170,58586,58002,57416,56830
72246,71672,71094,70498,69918,69363,68784,68189,67616,67048,66474,65901,65312,64734,64155,63577,63002,62362,61814,61638,61497,61147,60569,59983,59406,58827,58243,57659,57071
72484,71910,71331,70732,70153,69600,69022,68423,67850,67285,66712,66138,65550,64971,64393,63815,63236,62600,62054,61876,61735,61385,60807,60220,59641,59067,58484,57900,57314
72722,72148,71569,70967,70387,69838,69259,68658,68085,67523,66949,66376,65787,65209,64631,64052,63474,62837,62291,62113,61972,61622,61044,60461,59878,59305,58725,58141,57557
72959,72385,71807,71202,70622,70076,69497,68892,68319,67761,67187,66613,66025,65447,64868,64290,63711,63075,62526,62351,62210,61860,61282,60702,60118,59540,58964,58382,57798
73197,72623,72045,71436,70856,70314,69735,69127,68554,67998,67425,66851,66263,65684,65106,64527,63949,63312,62763,62590,62446,62100,61519,60941,60359,59775,59202,58622,58039
73435,72861,72282,71671,71091,70551,69973,69361,68788,68236,67662,67089,66500,65922,65344,64765,64187,63550,63001,62831,62681,62341,61757,61179,60599,60016,59436,58859,58279
73672,73099,72520,71906,71325,70789,70210,69596,69023,68474,67900,67326,66738,66160,65581,65003,64424,63788,63238,63072,62915,62582,61994,61416,60838,60256,59673,59093,58520
73910,73336,72758,72140,71560,71027,70448,69830,69257,68711,68138,67564,66976,66397,65819,65240,64662,64025,63476,63313,63149,62822,62232,61653,61075,60497,59913,59331,58758
74148,73574,72996,72375,71794,71264,70686,70065,69492,68949,68375,67802,67213,66635,66056,65478,64900,64263,63713,63554,63384,63063,62469,61891,61313,60735,60154,59568,58993
74386,73812,73233,72610,72029,71502,70924,70299,69726,69186,68613,68039,67451,66872,66294,65716,65137,64500,63951,63795,63618,63304,62707,62128,61550,60972,60394,59806,59228
74623,74050,73471,72844,72263,71740,71161,70534,69961,69424,68850,68277,67688,67110,66532,65953,65375,64738,64188,64035,63852,63545,62944,62366,61788,61210,60631,60043,59465
74861,74287,73709,73079,72498,71978,71399,70768,70195,69662,69088,68514,67926,67348,66769,66191,65612,64976,64425,64276,64087,63786,63182,62603,62025,61447,60869,60281,59703
75099,74525,73947,73314,72732,72215,71637,71003,70429,69899,69326,68752,68164,67585,67007,66428,65850,65213,64663,64517,64321,64026,63419,62841,62263,61685,61106,60518,59940
75337,74763,74185,73549,72966,72452,71875,71238,70663,70136,69564,68990,68402,67822,67245,66665,66088,65450,64901,64758,64555,64266,63656,63079,62501,61923,61343,60755,60177
75575,75001,74423,73784,73200,72689,72113,71473,70897,70373,69802,69228,68640,68059,67483,66902,66326,65687,65139,64999,64789,64506,63893,63317,62739,62161,61580,60992,60414
75813,75239,74661,74019,73434,72926,72351,71708,71131,70610,70040,69466,68878,68296,67721,67139,66564,65924,65377,65240,65023,64746,64130,63555,62977,62399,61817,61229,60651
76051,75477,74899,74254,73668,73163,72589,71943,71365,70847,70278,69704,69116,68533,67959,67376,66802,66161,65615,65481,65257,64986,64367,63793,63215,62637,62054,61466,60888
76289,75715,75137,74489,73902,73400,72827,72178,71599,71084,70516,69942,69354,68770,68197,67613,67040,66398,65853,65722,65491,65226,64604,64031,63453,62875,62291,61703,61125
76527,75953,75375,74724,74136,73637,73065,72413,71833,71321,70754,70180,69592,69007,68435,67850,67278,66635,66091,65963,65725,65466,64841,64269,63691,63113,62528,61940,61362
76765,76191,75613,74959,74370,73874,73303,72648,72067,71558,70992,70418,69830,69244,68673,68087,67516,66872,66329,66204,65959,65706,65078,64507,63929,63351,62765,62177,61599
77003,76429,75851,75194,74604,74111,73541,72883,72301,71795,71230,70656,70068,69481,68911,68324,67754,67109,66567,66445,66193,65946,65315,64745,64167,63589,63002,62414,61836
77241,76667,76089,75429,74838,74348,73779,73118,72535,72032,71468,70894,70306,69718,69149,68561,67992,67346,66805,66686,66427,66186,65552,64983,64405,63827,63239,62651,62073
77479,76905,76327,75664,75072,74585,74017,73353,72769,72269,71706,71132,70544,69955,69387,68798,68230,67583,67043,66927,66661,66426,65789,65221,64643,64065,63476,62888,62310
77717,77143,76565,75899,75306,74822,74255,73588,73003,72506,71944,71370,70782,70192,69625,69035,68468,67820,67281,67168,66895,66666,66026,65459,64881,64303,63713,63125,62547
77955,77381,76803,76134,75540,75059,74493,73823,73237,72743,72182,71608,71020,70429,69863,69272,68706,68057,67519,67409,67129,66906,66263,65697,65119,64541,63950,63362,62784
78193,77619,77041,76369,75774,75296,74731,74058,73471,72980,72420,71846,71258,70666,70101,69509,68944,68294,67757,67650,67363,67146,66500,65935,65357,64779,64187,63599,63021
78431,77857,77279,76604,76008,75533,74969,74293,73705,73217,72658,72084,71496,70903,70339,69746,69182,68531,67995,67891,67597,67386,66737,66173,65595,65017,64424,63836,63258
78669,78095,77517,76839,76242,75770,75207,74528,73939,73454,72896,72322,71734,71140,70577,69983,69420,68768,68233,68132,67831,67626,66974,66411,65833,65255,64661,64073,63495
78907,78333,77755,77074,76476,76007,75445,74763,74173,73691,73134,72560,71972,71377,70815,70220,69658,69005,68471,68373,68065,67866,67211,66649,66071,65493,64898,64310,63732
79145,78571,77993,77309,76710,76244,75683,74998,74407,73928,73372,72798,72210,71614,71053,70457,69896,69242,68709,68614,68299,68106,67448,66887,66309,65731,65135,64547,63969
79383,78809,78231,77544,76944,76481,75921,75233,74641,74165,73610,73036,72448,71851,71291,70694,70134,69479,68947,68855,68533,68346,67685,67125,66547,65969,65372,64784,64206
79621,79047,78469,77779,77178,76718,76159,75468,74875,74402,73848,73274,72686,72088,71529,70931,70372,69716,69185,69096,68767,68586,67922,67363,66785,66207,65609,65021,64443
79859,79285,78707,78014,77412,76955,76397,75703,75109,74639,74086,73512,72924,72325,71767,71168,70610,69953,69423,69337,69001,68826,68159,67601,67023,66445,65846,65258,64680
80097,79523,78945,78249,77646,77192,76635,75938,75343,74876,74324,73750,73162,72562,72005,71405,70848,70190,69661,69578,69235,69066,68396,67839,67261,66683,66083,65495,64917
80335,79761,79183,78484,77880,77429,76873,76173,75577,75113,74562,73988,73400,72799,72243,71642,71086,70427,69899,69819,69469,69306,68633,68077,67499,66921,66320,65732,65154
80573,79999,79421,78719,78114,77666,77111,76408,75811,75350,74800,74226,73638,73036,72481,71879,71324,70664,70137,70060,69703,69546,68870,68315,67737,67159,66557,65969,65391
80811,80237,79659,78954,78348,77903,77349,76643,76045,75587,75038,74464,73876,73273,72719,72116,71562,70901,70375,70301,69937,69786,69107,68553,67975,67397,66794,66206,65628
81049,80475,79897,79189,78582,78140,77587,76878,76279,75824,75276,74702,74114,73510,72957,72353,71800,71138,70613,70542,70171,70026,69344,68791,68213,67635,67031,66443,65865
81287,80713,80135,79424,78816,78377,77825,77113,76513,76061,75514,74940,74352,73747,73195,72590,72038,71375,70851,70783,70405,70266,69581,69029,68451,67873,67268,66680,66102
81525,80951,80373,79659,79050,78614,78063,77348,76747,76298,75752,75178,74590,73984,73433,72827,72276,71612,71089,71024,70639,70506,69818,69267,68689,68111,67505,66917,66339
81763,81189,80611,79894,79284,78851,78301,77583,76981,76535,75990,75416,74828,74221,73671,73064,72514,71849,71327,71265,70873,70746,70055,69505,68927,68349,67742,67154,66576
82001,81427,80849,80129,79518,79088,78539,77818,77215,76772,76228,75654,75066,74458,73909,73301,72752,72086,71565,71506,71107,70986,70292,69743,69165,68587,67979,67391,66813
82239,81665,81087,80364,79752,79325,78777,78053,77449,77009,76466,75892,75304,74695,74147,73538,72990,72323,71803,71747,71341,71226,70529,69981,69403,68825,68216,67628,67050
82477,81903,81325,80599,79986,79562,79015,78288,77683,77246,76704,76130,75542,74932,74385,73775,73228,72560,72041,71988,71575,71466,70766,70219,69641,69063,68453,67865,67287
82715,82141,81563,80834,80220,79799,79253,78523,77917,77483,76942,76368,75780,75169,74623,74012,73466,72797,72279,72229,71809,71706,71003,70457,69879,69301,68690,68102,67524
82953,82379,81801,81069,80454,80036,79491,78758,78151,77720,77180,76606,76018,75406,74861,74249,73704,73034,72517,72470,72043,71946,71240,70695,70117,69539,68927,68339,67761
83191,82617,82039,81304,80688,80273,79729,78993,78385,77957,77418,76844,76256,75643,75099,74486,73942,73271,72755,72711,72277,72186,71477,70933,70355,69777,69164,68576,67998
83429,82855,82277,81539,80922,80510,79967,79228,78619,78194,77656,77082,76494,75880,75337,74723,74180,73508,72993,72952,72511,72426,71714,71171,70593,70015,69401,68813,68235
83667,83093,82515,81774,81156,80747,80205,79463,78853,78431,77894,77320,76732,76117,75575,74960,74418,73745,73231,73193,72745,72666,71951,71409,70831,70253,69638,69050,68472
83905,83331,82753,82009,81390,80984,80443,79698,79087,78668,78132,77558,76970,76354,75813,75197,74656,73982,73469,73434,72979,72906,72188,71647,71069,70491,69875,69287,68709
84143,83569,82991,82244,81624,81221,80681,79933,79321,78905,78370,77796,77208,76591,76051,75434,74894,74219,73707,73675,73213,73146,72425,71885,71307,70729,70112,69524,68946
84381,83807,83229,82479,81858,81458,80919,80168,79555,79142,78608,78034,77446,76828,76289,75671,75132,74456,73945,73916,73447,73386,72662,72123,71545,70967,70349,69761,69183
84619,84045,83467,82714,82092,81695,81157,80403,79789,79379,78846,78272,77684,77065,76527,75908,75370,74693,74183,74157,73681,73626,72899,72361,71783,71205,70586,69998,69420
84857,84283,83705,82949,82326,81932,81395,80638,80023,79616,79084,78510,77922,77302,76765,76145,75608,74930,74421,74398,73915,73866,73136,72599,72021,71443,70823,70235,69657
85095,84521,83943,83184,82560,82169,81633,80873,80257,79853,79322,78748,78160,77539,77003,76382,75846,75167,74659,74639,74149,74106,73373,72837,72259,71681,71060,70472,69894
85333,84759,84181,83419,82794,82406,81871,81108,80491,80090,79560,78986,78398,77776,77241,76619,76084,75404,74897,74880,74383,74346,73610,73075,72497,71919,71297,70709,70131
85571,84997,84419,83654,83028,82643,82109,81343,80725,80327,79798,79224,78636,78013,77479,76856,76322,75641,75135,75121,74617,74586,73847,73313,72735,72157,71534,70946,70368
85809,85235,84657,83889,83262,82880,82347,81578,80959,80564,80036,79462,78874,78250,77717,77093,76560,75878,75373,75362,74851,74826,74084,73551,72973,72395,71771,71183,70605
86047,85473,84895,84124,83496,83117,82585,81813,81193,80801,80274,79700,79112,78487,77955,77330,76798,76115,75611,75603,75085,75066,74321,73789,73211,72633,72008,71420,70842
86285,85711,85133,84359,83730,83354,82823,82048,81427,81038,80512,79938,79350,78724,78193,77567,77036,76352,75849,75844,75319,75306,74558,74027,73449,72871,72245,71657,71079
86523,85949,85371,84594,83964,83591,83061,82283,81661,81275,80750,80176,79588,78961,78431,77804,77274,76589,76087,76085,75553,75546,74795,74265,73687,73109,72482,71894,71316
86761,86187,85609,84829,84198,83828,83299,82518,81895,81512,80988,80414,79826,79198,78669,78041,77512,76826,76325,76326,75787,75786,75032,74503,73925,73347,72719,72131,71553
86999,86425,85847,85064,84432,84065,83537,82753,82129,81749,81226,80652,80064,79435,78907,78278,77750,77063,76563,76567,76021,76026,75269,74741,74163,73585,72956,72368,71790
87237,86663,86085,85299,84666,84302,83775,82988,82363,81986,81464,80890,80302,79672,79145,78515,77988,77300,76801,76808,76255,76266,75506,74979,74401,73823,73193,72605,72027
87475,86901,86323,85534,84900,84539,84013,83223,82597,82223,81702,81128,80540,79909,79383,78752,78226,77537,77039,77049,76489,76506,75743,75217,74639,74061,73430,72842,72264
87713,87139,86561,85769,85134,84776,84251,83458,82831,82460,81940,81366,80778,80146,79621,78989,78464,77774,77277,77290,76723,76746,75980,75455,74877,74299,73667,73079,72501
87951,87377,86799,86004,85368,85013,84489,83693,83065,82697,82178,81604,81016,80383,79859,79226,78702,78011,77515,77531,76957,76986,76217,75693,75115,74537,73904,73316,72738
88189,87615,87037,86239,85602,85250,84727,83928,83299,82934,82416,81842,81254,80620,80097,79463,78940,78248,77753,77772,77191,77226,76454,75931,75353,74775,74141,73553,72975
88427,87853,87275,86474,85836,85487,84965,84163,83533,83171,82654,82080,81492,80857,80335,79700,79178,78485,77991,78013,77425,77466,76691,76169,75591,75013,74378,73790,73212
88665,88091,87513,86709,86070,85724,85203,84398,83767,83408,82892,82318,81730,81094,80573,79937,79416,78722,78229,78254,77659,77706,76928,76407,75829,75251,74615,74027,73449
88903,88329,87751,86944,86304,85961,85441,84633,84001,83645,83130,82556,81968,81331,80811,80174,79654,78959,78467,78495,77893,77946,77165,76645,76067,75489,74852,74264,73686
89141,88567,87989,87179,86538,86198,85679,84868,84235,83882,83368,82794,82206,81568,81049,80411,79892,79196,78705,78736,78127,78186,77402,76883,76305,75727,75089,74501,73923
89379,88805,88227,87414,86772,86435,85917,85103,84469,84119,83606,83032,82444,81805,81287,80648,80130,79433,78943,78977,78361,78426,77639,77121,76543,75965,75326,74738,74160
89617,89043,88465,87649,87006,86672,86155,85338,84703,84356,83844,83270,82682,82042,81525,80885,80368,79670,79181,79218,78595,78666,77876,77359,76781,76203,75563,74975,74397
89855,89281,88703,87884,87240,86909,86393,85573,84937,84593,84082,83508,82920,82279,81763,81122,80606,79907,79419,79459,78829,78906,78113,77597,77019,76441,75800,75212,74634
90093,89519,88941,88119,87474,87146,86631,85808,85171,84830,84320,83746,83158,82516,82001,81359,80844,80144,79657,79700,79063,79146,78350,77835,77257,76679,76037,75449,74871
90331,89757,89179,88354,87708,87383,86869,86043,85405,85067,84558,83984,83396,82753,82239,81596,81082,80381,79895,79941,79297,79386,78587,78073,77495,76917,76274,75686,75108
90569,89995,89417,88589,87942,87620,87107,86278,85639,85304,84796,84222,83634,82990,82477,81833,81320,80618,80133,80182,79531,79626,78824,78311,77733,77155,76511,75923,75345
90807,90233,89655,88824,88176,87857,87345,86513,85873,85541,85034,84460,83872,83227,82715,82070,81558,80855,80371,80423,79765,79866,79061,78549,77971,77393,76748,76160,75582
91045,90471,89893,89059,88410,88094,87583,86748,86107,85778,85272,84698,84110,83464,82953,82307,81796,81092,80609,80664,79999,80106,79298,78787,78209,77631,76985,76397,75819
91283,90709,90131,89294,88644,88331,87821,86983,86341,86015,85510,84936,84348,83701,83191,82544,82034,81329,80847,80905,80233,80346,79535,79025,78447,77869,77222,76634,76056
91521,90947,90369,89529,88878,88568,88059,87218,86575,86252,85748,85174,84586,83938,83429,82781,82272,81566,81085,81146,80467,80586,79772,79263,78685,78107,77459,76871,76293
91759,91185,90607,89764,89112,88805,88297,87453,86809,86489,85986,85412,84824,84175,83667,83018,82510,81803,81323,81387,80701,80826,80009,79501,78923,78345,77696,77108,76530
91997,91423,90845,89999,89346,89042,88535,87688,87043,86726,86224,85650,85062,84412,83905,83255,82748,82040,81561,81628,80935,81066,80246,79739,79161,78583,77933,77345,76767
92235,91661,91083,90234,89580,89279,88773,87923,87277,86963,86462,85888,85300,84649,84143,83492,82986,82277,81799,81869,81169,81306,80483,79977,79399,78821,78170,77582,77004
92473,91899,91321,90469,89814,89516,89011,88158,87511,87200,86700,86126,85538,84886,84381,83729,83224,82514,82037,82110,81403,81546,80720,80215,79637,79059,78407,77819,77241
92711,92137,91559,90704,90048,89753,89249,88393,87745,87437,86938,86364,85776,85123,84619,83966,83462,82751,82275,82351,81637,81786,80957,80453,79875,79297,78644,78056,77478
92949,92375,91797,90939,90282,89990,89487,88628,87979,87674,87176,86602,86014,85360,84857,84203,83700,82988,82513,82592,81871,82026,81194,80691,80113,79535,78881,78293,77715
93187,92613,92035,91174,90516,90227,89725,88863,88213,87911,87414,86840,86252,85597,85095,84440,83938,83225,82751,82833,82105,82266,81431,80929,80351,79773,79118,78530,77952
93425,92851,92273,91409,90750,90464,89963,89098,88447,88148,87652,87078,86490,85834,85333,84677,84176,83462,82989,83074,82339,82506,81668,81167,80589,80011,79355,78767,78189
93663,93089,92511,91644,90984,90701,90201,89333,88681,88385,87890,87316,86728,86071,85571,84914,84414,83699,83227,83315,82573,82746,81905,81405,80827,80249,79592,79004,78426
93901,93327,92749,91879,91218,90938,90439,89568,88915,88622,88128,87554,86966,86308,85809,85151,84652,83936,83465,83556,82807,82986,82142,81643,81065,80487,79829,79241,78663
94139,93565,92987,92114,91452,91175,90677,89803,89149,88859,88366,87792,87204,86545,86047,85388,84890,84173,83703,83797,83041,83226,82379,81881,81303,80725,80066,79478,78900
94377,93803,93225,92349,91686,91412,90915,90038,89383,89096,88604,88030,87442,86782,86285,85625,85128,84410,83941,84038,83275,83466,82616,82119,81541,80963,80303,79715,79137
94615,94041,93463,92584,91920,91649,91153,90273,89617,89333,88842,88268,87680,87019,86523,85862,85366,84647,84179,84279,83509,83706,82853,82357,81779,81201,80540,79952,79374
94853,94279,93701,92819,92154,91886,91391,90508,89851,89570,89080,88506,87918,87256,86761,86099,85604,84884,84417,84520,83743,83946,83090,82595,82017,81439,80777,80189,79611
95091,94517,93939,93054,92388,92123,91629,90743,90085,89807,89318,88744,88156,87493,86999,86336,85842,85121,84655,84761,83977,84186,83327,82833,82255,81677,81014,80426,79848
95329,94755,94177,93289,92622,92360,91867,90978,90319,90044,89556,88982,88394,87730,87237,86573,86080,85358,84893,85002,84211,84426,83564,83071,82493,81915,81251,80663,80085
95567,94993,94415,93524,92856,92597,92105,91213,90553,90281,89794,89220,88632,87967,87475,86810,86318,85595,85131,85243,84445,84666,83801,83309,82731,82153,81488,80900,80322
95805,95231,94653,93759,93090,92834,92343,91448,90787,90518,90032,89458,88870,88204,87713,87047,86556,85832,85369,85484,84679,84906,84038,83547,82969,82391,81725,81137,80559
96043,95469,94891,93994,93324,93071,92581,91683,91021,90755,90270,89696,89108,88441,87951,87284,86794,86069,85607,85725,84913,85146,84275,83785,83207,82629,81962,81374,80796
96281,95707,95129,94229,93558,93308,92819,91918,91255,90992,90508,89934,89346,88678,88189,87521,87032,86306,85845,85966,85147,85386,84512,84023,83445,82867,82199,81611,81033
96519,95945,95367,94464,93792,93545,93057,92153,91489,91229,90746,90172,89584,88915,88427,87758,87270,86543,86083,86207,85381,85626,84749,84261,83683,83105,82436,81848,81270
96757,96183,95605,94699,94026,93782,93295,92388,91723,91466,90984,90410,89822,89152,88665,87995,87508,86780,86321,86448,85615,85866,84986,84499,83921,83343,82673,82085,81507
96995,96421,95843,94934,94260,94019,93533,92623,91957,91703,91222,90648,90060,89389,88903,88232,87746,87017,86559,86689,85849,86106,85223,84737,84159,83581,82910,82322,81744
97233,96659,96081,95169,94494,94256,93771,92858,92191,91940,91460,90886,90298,89626,89141,88469,87984,87254,86797,86930,86083,86346,85460,84975,84397,83819,83147,82559,81981
97471,96897,96319,95404,94728,94493,94009,93093,92425,92177,91698,91124,90536,89863,89379,88706,88222,87491,87035,87171,86317,86586,85697,85213,84635,84057,83384,82796,82218
97709,97135,96557,95639,94962,94730,94247,93328,92659,92414,91936,91362,90774,90100,89617,88943,88460,87728,87273,87412,86551,86826,85934,85451,84873,84295,83621,83033,82455
97947,97373,96795,95874,95196,94967,94485,93563,92893,92651,92174,91600,91012,90337,89855,89180,88698,87965,87511,87653,86785,87066,86171,85689,85111,84533,83858,83270,82692
98185,97611,97033,96109,95430,95204,94723,93798,93127,92888,92412,91838,91250,90574,90093,89417,88936,88202,87749,87894,87019,87306,86408,85927,85349,84771,84095,83507,82929
98423,97849,97271,96344,95664,95441,94961,94033,93361,93125,92650,92076,91488,90811,90331,89654,89174,88439,87987,88135,87253,87546,86645,86165,85587,85009,84332,83744,83166
98661,98087,97509,96579,95898,95678,95199,94268,93595,93362,92888,92314,91726,91048,90569,89891,89412,88676,88225,88376,87487,87786,86882,86403,85825,85247,84569,83981,83403
98899,98325,97747,96814,96132,95915,95437,94503,93829,93599,93126,92552,91964,91285,90807,90128,89650,88913,88463,88617,87721,88026,87119,86641,86063,85485,84806,84218,83640
99137,98563,97985,97049,96366,96152,95675,94738,94063,93836,93364,92790,92202,91522,91045,90365,89888,89150,88701,88858,87955,88266,87356,86879,86301,85723,85043,84455,83877
99375,98801,98223,97284,96600,96389,95913,94973,94297,94073,93602,93028,92440,91759,91283,90602,90126,89387,88939,89099,88189,88506,87593,87117,86539,85961,85280,84692,84114
99613,99039,98461,97519,96834,96626,96151,95208,94531,94310,93840,93266,92678,91996,91521,90839,90364,89624,89177,89340,88423,88746,87830,87355,86777,86199,85517,84929,84351
99851,99277,98699,97754,97068,96863,96389,95443,94765,94547,94078,93504,92916,92233,91759,91076,90602,89861,89415,89581,88657,88986,88067,87593,87015,86437,85754,85166,84588
100089,99515,98937,97989,97302,97100,96627,95678,94999,94784,94316,93742,93154,92470,91997,91313,90840,90098,89653,89822,88891,89226,88304,87831,87253,86675,85991,85403,84825
100327,99753,99175,98224,97536,97337,96865,95913,95233,95021,94554,93980,93392,92707,92235,91550,91078,90335,89891,90063,89125,89466,88541,88069,87491,86913,86228,85640,85062
100565,99991,99413,98459,97770,97574,97103,96148,95467,95258,94792,94218,93630,92944,92473,91787,91316,90572,90129,90304,89359,89706,88778,88307,87729,87151,86465,85877,85299
100803,100229,99651,98694,98004,97811,97341,96383,95701,95495,95030,94456,93868,93181,92711,92024,91554,90809,90367,90545,89593,89946,89015,88545,87967,87389,86702,86114,85536
101041,100467,99889,98929,98238,98048,97579,96618,95935,95732,95268,94694,94106,93418,92949,92261,91792,91046,90605,90786,89827,90186,89252,88783,88205,87627,86939,86351,85773
101279,100705,100127,99164,98472,98285,97817,96853,96169,95969,95506,94932,94344,93655,93187,92498,92030,91283,90843,91027,90061,90426,89489,89021,88443,87865,87176,86588,86010
101517,100943,100365,99399,98706,98522,98055,97088,96403,96206,95744,95170,94582,93892,93425,92735,92268,91520,91081,91268,90295,90666,89726,89259,88681,88103,87413,86825,86247
101755,101181,100603,99634,98940,98759,98293,97323,96637,96443,95982,95408,94820,94129,93663,92972,92506,91757,91319,91509,90529,90906,89963,89497,88919,88341,87650,87062,86484
101993,101419,100841,99869,99174,98996,98531,97558,96871,96680,96220,95646,95058,94366,93901,93209,92744,91994,91557,91750,90763,91146,90200,89735,89157,88579,87887,87299,86721
102231,101657,101079,100104,99408,99233,98769,97793,97105,96917,96458,95884,95296,94603,94139,93446,92982,92231,91795,91991,90997,91386,90437,89973,89395,88817,88124,87536,86958
102469,101895,101317,100339,99642,99470,99007,98028,97339,97154,96696,96122,95534,94840,94377,93683,93220,92468,92033,92232,91231,91626,90674,90211,89633,89055,88361,87773,87195
102707,102133,101555,100574,99876,99707,99245,98263,97573,97391,96934,96360,95772,95077,94615,93920,93458,92705,92271,92473,91465,91866,90911,90449,89871,89293,88598,88010,87432
102945,102371,101793,100809,100110,99944,99483,98498,97807,97628,97172,96598,96010,95314,94853,94157,93696,92942,92509,92714,91699,92106,91148,90687,90109,89531,88835,88247,87669
103183,102609,102031,101044,100344,100181,99721,98733,98041,97865,97410,96836,96248,95551,95091,94394,93934,93179,92747,92955,91933,92346,91385,90925,90347,89769,89072,88484,87906
103421,102847,102269,101279,100578,100418,99959,98968,98275,98102,97648,97074,96486,95788,95329,94631,94172,93416,92985,93196,92167,92586,91622,91163,90585,90007,89309,88721,88143
103659,103085,102507,101514,100812,100655,100197,99203,98509,98339,97886,97312,96724,96025,95567,94868,94410,93653,93223,93437,92401,92826,91859,91401,90823,90245,89546,88958,88380
103897,103323,102745,101749,101046,100892,100435,99438,98743,98576,98124,97550,96962,96262,95805,95105,94648,93890,93461,93678,92635,93066,92096,91639,91061,90483,89783,89195,88617
104135,103561,102983,101984,101280,101129,100673,99673,98977,98813,98362,97788,97200,96499,96043,95342,94886,94127,93699,93919,92869,93306,92333,91877,91299,90721,90020,89432,88854
104373,103799,103221,102219,101514,101366,100911,99908,99211,99050,98600,98026,97438,96736,96281,95579,95124,94364,93937,94160,93103,93546,92570,92115,91537,90959,90257,89669,89091
104611,104037,103459,102454,101748,101603,101149,100143,99445,99287,98838,98264,97676,96973,96519,95816,95362,94601,94175,94401,93337,93786,92807,92353,91775,91197,90494,89906,89328
104849,104275,103697,102689,101982,101840,101387,100378,99679,99524,99076,98502,97914,97210,96757,96053,95600,94838,94413,94642,93571,94026,93044,92591,92013,91435,90731,90143,89565
105087,104513,103935,102924,102216,102077,101625,100613,99913,99761,99314,98740,98152,97447,96995,96290,95838,95075,94651,94883,93805,94266,93281,92829,92251,91673,90968,90380,89802
105325,104751,104173,103159,102450,102314,101863,100848,100147,99998,99552,98978,98390,97684,97233,96527,96076,95312,94889,95124,94039,94506,93518,93067,92489,91911,91205,90617,90039
105563,104989,104411,103394,102684,102551,102101,101083,100381,100235,99790,99216,98628,97921,97471,96764,96314,95549,95127,95365,94273,94746,93755,93305,92727,92149,91442,90854,90276
105801,105227,104649,103629,102918,102788,102339,101318,100615,100472,100028,99454,98866,98158,97709,97001,96552,95786,95365,95606,94507,94986,93992,93543,92965,92387,91679,91091,90513
106039,105465,104887,103864,103152,103025,102577,101553,100849,100709,100266,99692,99104,98395,97947,97238,96790,96023,95603,95847,94741,95226,94229,93781,93203,92625,91916,91328,90750
106277,105703,105125,104099,103386,103262,102815,101788,101083,100946,100504,99930,99342,98632,98185,97475,97028,96260,95841,96088,94975,95466,94466,94019,93441,92863,92153,91565,90987
106515,105941,105363,104334,103620,103499,103053,102023,101317,101183,100742,100168,99580,98869,98423,97712,97266,96497,96079,96329,95209,95706,94703,94257,93679,93101,92390,91802,91224
